201403281646(201403281646)
1346666
3374050
10022323
1468975
1650129

201403281647(201403281647)
1348094
3374491
10022323
1469439
1650129

201403281648(201403281648)
1348338
3374491
10022323
1470362
1650129

201403281651(201403281651)
1351911
3383805
10072302
1476493
1650593

201403281654(201403281654)
1359519
3395360
10141113
1476862
1650593

201403281700(201403281700)
1363381
3422967
10163150
1480515
1656839

201403281701(201403281701)
1364432
3422967
10243295
1480515
1656839

201403281710(201403281710)
1370915
3467148
10243295
1489250
1664763

201403281711(201403281711)
1374198
3467148
10297702
1490345
1665886

201403281720(201403281720)
1388103
3499661
10391605
1501346
1672490

201403281721(201403281721)
1389120
3500192
10391605
1501983
1672490

201403281730(201403281730)
1394032
3509901
10391605
1517081
1682934

201403281731(201403281731)
1394812
3509901
10391605
1517081
1683068

201403281740(201403281740)
1409775
3562365
10403630
1529772
1697369

201403281741(201403281741)
1410050
3562365
10403630
1529772
1700528

201403281750(201403281750)
1428336
3587299
10512582
1545943
1719374

201403281751(201403281751)
1430765
3595695
10637943
1546712
1719567

201403281800(201403281800)
1448579
3629159
10771401
1560825
1729332

201403281801(201403281801)
1449018
3631058
10771401
1562141
1737178

201403281810(201403281810)
1467475
3658961
10890632
1579809
1745371

201403281811(201403281811)
1468503
3658961
10890632
1580612
1747563

201403281820(201403281820)
1478002
3708606
10890632
1597559
1770446

201403281821(201403281821)
1478659
3718726
10890632
1603890
1771701

201403281830(201403281830)
1493784
3763007
11010344
1813107

201403281831(201403281831)
1495015
3763007
11010344
1630887
1814578

201403281840(201403281840)
1504741
3793482
11134695
1658584
1844576

201403281841(201403281841)
1505862
3793482
11134695
1658700
1844576

201403281850(201403281850)
1519978
3809712
11134695
1668158
1863617

201403281851(201403281851)
1523615
3809712
11150174
1668315
1864700

201403281900(201403281900)
1531426
3851701
11257130
1680074
1885972

201403281901(201403281901)
1538526
3855151
11257130
1681874
1891829

201403281910(201403281910)
1545858
3908993
11447999
1706472
1918706

201403281911(201403281911)
1546865
3908993
11447999
1706472
1920506

201403281920(201403281920)
1571726
3908993
11545088
1727190
1934691

201403281921(201403281921)
1571922
3918036
11545088
1727263
1935397

201403281930(201403281930)
1588928
3966879
11953900
1751838
1960340

201403281931(201403281931)
1588928
3966879
11953900
1754088
1960340

201403281940(201403281940)
1603178
3980803
12009005
1774528
1977435

201403281941(201403281941)
1603178
3983016
12031848
1774528
1982061

201403281950(201403281950)
1621790
4033793
12424255
1803047
1993901

201403281951(201403281951)
1623127
4033793
12444709
1803898
1996092

201403282000(201403282000)
1650106
4081563
12536581
1816231
2028804

201403282001(201403282001)
1650106
4081563
12827323
1825012
2034389

201403282010(201403282010)
1663806
4106758
12928927
1858442
2057215

201403282011(201403282011)
1664328
4108621
12928927
1861427
2061349

201403282020(201403282020)
1690224
4150048
12928927
1877978
2084368

201403282021(201403282021)
1690635
4150048
12928927
1885894
2086555

201403282030(201403282030)
1718846
4227992
13126818
1899385
2118506

201403282031(201403282031)
1719554
4227992
13126818
1902750
2122807

201403282040(201403282040)
1744259
4241187
13126818
1916879
2162671

201403282041(201403282041)
1745859
4254451
13197808
1922899
2164678

201403282050(201403282050)
1774528
4308735
13566266
1953530
2187561

201403282051(201403282051)
1775393
4308735
13566266
1955081
2191643

201403282100(201403282100)
1797883
4333810
13582534
1971832
2196885

201403282101(201403282101)
1797883
4341136
13586642
1980539
2198103

201403282110(201403282110)
1818720
4398617
13693049
1990836
2226109

201403282111(201403282111)
1825012
4403616
13693049
1994334
2226109

201403282120(201403282120)
1864700
4460148
13911685
2024361
2261971

201403282121(201403282121)
1868862
4465880
13911685
2032908
2269633

201403282130(201403282130)
1910765
4485655
14216355
2069341
2297730

201403282131(201403282131)
1912188
4493976
14216355
2071336
2300390

201403282140(201403282140)
1933837
4600977
14246345
2112644
2346140

201403282141(201403282141)
1934995
4600977
14248228
2115276
2347310

201403282150(201403282150)
1956890
4676320
14367926
2166238
2380616

201403282151(201403282151)
1964190
4688151
14367926
2169237
2382131

201403282200(201403282200)
1981452
4786677
14521826
2202926
2454032

201403282201(201403282201)
1983238
4794634
14521826
2202926
2466228

201403282210(201403282210)
2010314
4848543
14539516
2230030
2501432

201403282211(201403282211)
2012490
4875840
14591852
2240424
2513524

201403282220(201403282220)
2052802
4933413
14670524
2273664
2546719

201403282221(201403282221)
2059453
4977636
14670524
2275476
2546719

201403282230(201403282230)
2093255
5024492
14823541
2317778
2595406

201403282231(201403282231)
2094682
5024492
14989164
2320835
2606494

201403282240(201403282240)
2136437
5060392
15327018
2366292
2644309

201403282241(201403282241)
2139626
5079774
15327018
2366292
2649994

201403282250(201403282250)
2167754
5148273
15558661
2388612
2690612

201403282251(201403282251)
2167754
5170106
15558661
2388612
2691260

201403282300(201403282300)
2215781
5252007
15660629
2430436
2724013

201403282301(201403282301)
2217966
5252007
15757483
2444123
2743242

201403282310(201403282310)
2233270
5399644
16119943
2476612
2783648

201403282311(201403282311)
2248736
5428704
16179325
2476612
2783648

201403282320(201403282320)
2284475
5470664
16180117
2533769
2841795

201403282321(201403282321)
2287931
5480093
16211979
2533769
2844809

201403282330(201403282330)
2331404
5555907
16416630
2588832
2889882

201403282331(201403282331)
2341045
16479896
2598703

201403282340(201403282340)
2360480
5624768
16818362
2638455
2929753

201403282341(201403282341)
2363138
5628096
16818362
2638455
2929753

201403282350(201403282350)
2410811
5708797
16986846
2658980
2966246

201403282351(201403282351)
2415458
5709779
16986846
2682169
2982006

201403290000(201403290000)
2463647
5756621
16986846
2737556
3021756

201403290001(201403290001)
2467958
5756621
16986846
2737556
3029810

