201403281646(201403281646)
1346666
3374050
10022323
1468975
1650129

201403281647(201403281647)
1348094
3374491
10022323
1469439
1650129

201403281648(201403281648)
1348338
3374491
10022323
1470362
1650129

201403281651(201403281651)
1351911
3383805
10072302
1476493
1650593

201403281654(201403281654)
1359519
3395360
10141113
1476862
1650593

201403281700(201403281700)
1363381
3422967
10163150
1480515
1656839

201403281701(201403281701)
1364432
3422967
10243295
1480515
1656839

201403281710(201403281710)
1370915
3467148
10243295
1489250
1664763

201403281711(201403281711)
1374198
3467148
10297702
1490345
1665886

201403281720(201403281720)
1388103
3499661
10391605
1501346
1672490

201403281721(201403281721)
1389120
3500192
10391605
1501983
1672490

201403281730(201403281730)
1394032
3509901
10391605
1517081
1682934

201403281731(201403281731)
1394812
3509901
10391605
1517081
1683068

201403281740(201403281740)
1409775
3562365
10403630
1529772
1697369

201403281741(201403281741)
1410050
3562365
10403630
1529772
1700528

201403281750(201403281750)
1428336
3587299
10512582
1545943
1719374

201403281751(201403281751)
1430765
3595695
10637943
1546712
1719567

201403281800(201403281800)
1448579
3629159
10771401
1560825
1729332

201403281801(201403281801)
1449018
3631058
10771401
1562141
1737178

201403281810(201403281810)
1467475
3658961
10890632
1579809
1745371

201403281811(201403281811)
1468503
3658961
10890632
1580612
1747563

201403281820(201403281820)
1478002
3708606
10890632
1597559
1770446

201403281821(201403281821)
1478659
3718726
10890632
1603890
1771701

201403281830(201403281830)
1493784
3763007
11010344
1813107

201403281831(201403281831)
1495015
3763007
11010344
1630887
1814578

201403281840(201403281840)
1504741
3793482
11134695
1658584
1844576

201403281841(201403281841)
1505862
3793482
11134695
1658700
1844576

201403281850(201403281850)
1519978
3809712
11134695
1668158
1863617

201403281851(201403281851)
1523615
3809712
11150174
1668315
1864700

201403281900(201403281900)
1531426
3851701
11257130
1680074
1885972

201403281901(201403281901)
1538526
3855151
11257130
1681874
1891829

201403281910(201403281910)
1545858
3908993
11447999
1706472
1918706

201403281911(201403281911)
1546865
3908993
11447999
1706472
1920506

201403281920(201403281920)
1571726
3908993
11545088
1727190
1934691

201403281921(201403281921)
1571922
3918036
11545088
1727263
1935397

201403281930(201403281930)
1588928
3966879
11953900
1751838
1960340

201403281931(201403281931)
1588928
3966879
11953900
1754088
1960340

201403281940(201403281940)
1603178
3980803
12009005
1774528
1977435

201403281941(201403281941)
1603178
3983016
12031848
1774528
1982061

201403281950(201403281950)
1621790
4033793
12424255
1803047
1993901

201403281951(201403281951)
1623127
4033793
12444709
1803898
1996092

201403282000(201403282000)
1650106
4081563
12536581
1816231
2028804

201403282001(201403282001)
1650106
4081563
12827323
1825012
2034389

201403282010(201403282010)
1663806
4106758
12928927
1858442
2057215

201403282011(201403282011)
1664328
4108621
12928927
1861427
2061349

201403282020(201403282020)
1690224
4150048
12928927
1877978
2084368

201403282021(201403282021)
1690635
4150048
12928927
1885894
2086555

201403282030(201403282030)
1718846
4227992
13126818
1899385
2118506

201403282031(201403282031)
1719554
4227992
13126818
1902750
2122807

201403282040(201403282040)
1744259
4241187
13126818
1916879
2162671

201403282041(201403282041)
1745859
4254451
13197808
1922899
2164678

201403282050(201403282050)
1774528
4308735
13566266
1953530
2187561

201403282051(201403282051)
1775393
4308735
13566266
1955081
2191643

201403282100(201403282100)
1797883
4333810
13582534
1971832
2196885

201403282101(201403282101)
1797883
4341136
13586642
1980539
2198103

201403282110(201403282110)
1818720
4398617
13693049
1990836
2226109

201403282111(201403282111)
1825012
4403616
13693049
1994334
2226109

201403282120(201403282120)
1864700
4460148
13911685
2024361
2261971

201403282121(201403282121)
1868862
4465880
13911685
2032908
2269633

201403282130(201403282130)
1910765
4485655
14216355
2069341
2297730

201403282131(201403282131)
1912188
4493976
14216355
2071336
2300390

201403282140(201403282140)
1933837
4600977
14246345
2112644
2346140

201403282141(201403282141)
1934995
4600977
14248228
2115276
2347310

201403282150(201403282150)
1956890
4676320
14367926
2166238
2380616

201403282151(201403282151)
1964190
4688151
14367926
2169237
2382131

201403282200(201403282200)
1981452
4786677
14521826
2202926
2454032

201403282201(201403282201)
1983238
4794634
14521826
2202926
2466228

201403282210(201403282210)
2010314
4848543
14539516
2230030
2501432

201403282211(201403282211)
2012490
4875840
14591852
2240424
2513524

201403282220(201403282220)
2052802
4933413
14670524
2273664
2546719

201403282221(201403282221)
2059453
4977636
14670524
2275476
2546719

201403282230(201403282230)
2093255
5024492
14823541
2317778
2595406

201403282231(201403282231)
2094682
5024492
14989164
2320835
2606494

201403282240(201403282240)
2136437
5060392
15327018
2366292
2644309

201403282241(201403282241)
2139626
5079774
15327018
2366292
2649994

201403282250(201403282250)
2167754
5148273
15558661
2388612
2690612

201403282251(201403282251)
2167754
5170106
15558661
2388612
2691260

201403282300(201403282300)
2215781
5252007
15660629
2430436
2724013

201403282301(201403282301)
2217966
5252007
15757483
2444123
2743242

201403282310(201403282310)
2233270
5399644
16119943
2476612
2783648

201403282311(201403282311)
2248736
5428704
16179325
2476612
2783648

201403282320(201403282320)
2284475
5470664
16180117
2533769
2841795

201403282321(201403282321)
2287931
5480093
16211979
2533769
2844809

201403282330(201403282330)
2331404
5555907
16416630
2588832
2889882

201403282331(201403282331)
2341045
16479896
2598703

201403282340(201403282340)
2360480
5624768
16818362
2638455
2929753

201403282341(201403282341)
2363138
5628096
16818362
2638455
2929753

201403282350(201403282350)
2410811
5708797
16986846
2658980
2966246

201403282351(201403282351)
2415458
5709779
16986846
2682169
2982006

201403290000(201403290000)
2463647
5756621
16986846
2737556
3021756

201403290001(201403290001)
2467958
5756621
16986846
2737556
3029810

201403290010(201403290010)
2495726
5881818
17040238
2754651
3074777

201403290011(201403290011)
2506602
5881818
17040238
2754651
3090253

201403290020(201403290020)
2540843
6018970
17193798
2776515
3121305

201403290021(201403290021)
2540843
6035573
17193798
2781464
3122895

201403290030(201403290030)
2559028
6136389
17384620
2815333
3153279

201403290031(201403290031)
2563726
6136389
17577626
2825352
3159070

201403290040(201403290040)
2598339
6215346
17577626
2860662
3194343

201403290041(201403290041)
2598981
6233309
17577626
2872855
3194554

201403290050(201403290050)
2639008
6262470
18087401
2928051
3269640

201403290051(201403290051)
2643716
6271259
18087401
2928051
3269640

201403290100(201403290100)
2644309
6295273
18130179
2951686
3309602

201403290101(201403290101)
2671171
6295273
18130179
2955404
3310100

201403290110(201403290110)
2702262
6337992
18130179
2990777
3350386

201403290111(201403290111)
2702830
6337992
18130179
2990777
3351581

201403290120(201403290120)
2717487
6375438
18130179
3019796
3396199

201403290121(201403290121)
2722050
6376952
18130179
3019796
3396199

201403290130(201403290130)
2753586
6421582
18438478
3029499
3446000

201403290131(201403290131)
2753586
6421582
18438478
3029499
3448542

201403290140(201403290140)
2762886
6537820
18457622
3066508
3478415

201403290141(201403290141)
2768768
6537820
18457622
3068416
3481291

201403290150(201403290150)
2786500
6602619
18457622
3114992
3499182

201403290151(201403290151)
2786500
6602619
18457622
3114992
3499334

201403290200(201403290200)
2806960
6642821
18457622
3128135
3529047

201403290201(201403290201)
2809768
6646231
18457622
3128135
3529047

201403290210(201403290210)
2831736
6674945
18545445
3140528
3547178

201403290211(201403290211)
2831736
6674945
18545445
3146505
3547178

201403290220(201403290220)
2839729
6695694
18744077
3168713
3562044

201403290221(201403290221)
2846146
6695694
18744213
3169282
3562660

201403290230(201403290230)
2858770
6752476
18801647
3186806
3580107

201403290231(201403290231)
2862392
6752476
18917375
3192985
3580107

201403290240(201403290240)
2879113
6783019
19054049
3203269
3584854

201403290241(201403290241)
2879113
6783019
19054049
3206696
3597276

201403290250(201403290250)
2900394
6823120
19054049
3220659
3600830

201403290251(201403290251)
2900457
6823120
19054049
3220659
3600830

201403290300(201403290300)
2906919
6829924
19176877
3220659
3630769

201403290301(201403290301)
2906919
6829924
19176877
3220659
3630769

201403290310(201403290310)
2919482
6830495
19176877
3241155
3639579

201403290311(201403290311)
2919482
6830495
19176877
3241155
3639579

201403290320(201403290320)
2936782
6842610
19176877
3265211
3647424

201403290321(201403290321)
2936782
6842610
19176877
3265211
3647696

201403290330(201403290330)
2950689
6849963
19176877
3266173
3651569

201403290331(201403290331)
2950689
6849963
19176877
3266173
3655091

201403290340(201403290340)
2953631
6849963
19176877
3282992
3662802

201403290341(201403290341)
2957742
6849963
19176877
3282992
3673423

201403290350(201403290350)
2960499
6864823
19176877
3283171
3687080

201403290351(201403290351)
2960499
6864823
19176877
3283941
3687080

201403290400(201403290400)
2974963
6911354
19176877
3288103
3688239

201403290401(201403290401)
2977615
6911354
19176877
3289557
3688239

201403290410(201403290410)
2986277
6931125
19176877
3300626
3712143

201403290411(201403290411)
2988928
6931125
19176877
3300626
3712686

201403290420(201403290420)
2990777
6933975
19176877
3311496
3731348

201403290421(201403290421)
2990777
6933975
19176877
3311496
3736842

201403290430(201403290430)
2994364
6939701
19179209
3346449
3741656

201403290431(201403290431)
2994364
6939701
19179209
3346449
3745719

201403290440(201403290440)
3012674
6939701
19179209
3358868
3752581

201403290441(201403290441)
3012674
6939701
19179209
3358868
3752581

201403290450(201403290450)
3012674
6939701
19179209
3362877
3755795

201403290451(201403290451)
3017471
6939701
19179209
3362877
3755795

201403290500(201403290500)
3020791
6939701
19179209
3382722
3755795

201403290501(201403290501)
3020791
6939701
19179209
3383846
3756186

201403290510(201403290510)
3020791
6939701
19179209
3386583
3764235

201403290511(201403290511)
3020791
6939701
19179209
3386583
3764856

201403290520(201403290520)
3022062
6948859
19179209
3396199
3770346

201403290521(201403290521)
3022062
6948859
19179209
3396199
3770346

201403290530(201403290530)
3024120
6949516
19179209
3399779
3777751

201403290531(201403290531)
3024120
6949516
19179209
3399779
3777751

201403290540(201403290540)
3024120
6951035
19389434
3399779
3777751

201403290541(201403290541)
3024120
6951035
19389434
3399779
3777751

201403290550(201403290550)
3024120
6951035
19389434
3403354
3781383

201403290551(201403290551)
3024120
6954426
19389434
3403354
3781723

201403290600(201403290600)
3033984
6957943
19531818
3403354
3781859

201403290601(201403290601)
3033984
6957943
19531818
3403354
3781859

201403290610(201403290610)
3042592
6996532
19532022
3408175
3787820

201403290611(201403290611)
3045151
6996532
19532022
3414037
3796950

201403290620(201403290620)
3060407
6996532
19534432
3433696
3798041

201403290621(201403290621)
3060407
6996532
19534568
3433696
3798041

201403290630(201403290630)
3062817
7018265
19582448
3440043
3800974

201403290631(201403290631)
3062817
7018265
19582448
3440043
3800974

201403290640(201403290640)
3092918
7018265
19638920
3449818
3809000

201403290641(201403290641)
3092918
7018265
19638920
3449818
3809000

201403290650(201403290650)
3097795
7028011
19638920
3478415
3820067

201403290651(201403290651)
3100140
7028011
19638920
3478415
3820067

201403290700(201403290700)
3111773
7034012
19860492
3482442
3844803

201403290701(201403290701)
3111773
7034012
19860492
3482713
3854921

201403290710(201403290710)
3116482
7037919
19860492
3498154
3868382

201403290711(201403290711)
3116482
7037919
19860492
3498154
3870674

201403290720(201403290720)
3121305
7037919
19860492
3499334
3878531

201403290721(201403290721)
3121305
7037919
19860492
3499334
3880342

201403290730(201403290730)
3131133
7043184
19860492
3506315
3892674

201403290731(201403290731)
3133488
7043184
19860492
3506315
3899485

201403290740(201403290740)
3146641
7097075
20031520
3527437
3922189

201403290741(201403290741)
3146641
7105723
20037366
3527437
3922189

201403290750(201403290750)
3170074
7119233
20037366
3538555
3924460

201403290751(201403290751)
3173113
7119233
20037366
3538555
3924460

201403290800(201403290800)
3179883
7130315
20037366
3559163
3924582

201403290801(201403290801)
3179883
7130315
20037366
3559163
3924582

201403290810(201403290810)
3189128
7165081
20037366
3565967
3959399

201403290811(201403290811)
3191115
7187155
20132274
3565967
3964691

201403290820(201403290820)
3215251
7211583
20132274
3580678
3976700

201403290821(201403290821)
3215251
7223541
20132274
3583503
3978088

201403290830(201403290830)
3228868
7293278
20132274
3601196
4001681

201403290831(201403290831)
3228868
7293278
20132274
3601196
4004201

201403290840(201403290840)
3228971
7332264
20132274
3612669
4012644

201403290841(201403290841)
3230537
7333668
20132274
3612669
4018649

201403290850(201403290850)
3230537
7372220
20132274
3623419
4026234

201403290851(201403290851)
3233336
7374474
20132274
3623419
4031393

201403290900(201403290900)
3235965
7403476
20368278
3623419
4047903

201403290901(201403290901)
3236428
7415410
20368278
3627466
4068199

201403290910(201403290910)
3268081
7417280
20369070
3627466
4079470

201403290911(201403290911)
3271320
7420960
20380923
3637748
4079470

201403290920(201403290920)
3273977
7430856
20440873
3651907
4099546

201403290921(201403290921)
3273977
7430856
20440873
3651907
4099730

201403290930(201403290930)
3301312
7434781
20440873
3657133
4117660

201403290931(201403290931)
3302244
7451507
20440873
3660390
4117987

201403290940(201403290940)
3302244
7474554
20440873
3666380
4121322

201403290941(201403290941)
3324247
7474554
20440873
3666380
4121322

201403290950(201403290950)
3349174
7531769
20440873
3696307
4130895

201403290951(201403290951)
3354462
7531980
20440873
3698185
4130895

201403291000(201403291000)
3377138
7545042
20711302
3737004
4156088

201403291001(201403291001)
3377138
7552216
20711302
3737004
4156088

201403291010(201403291010)
3401649
7607607
20726225
3764235
4207933

201403291011(201403291011)
3401649
7607607
20726225
3764235
4219581

201403291020(201403291020)
3404554
7655557
20726225
3775744
4265527

201403291021(201403291021)
3409375
7655557
20726225
3777288
4265527

201403291030(201403291030)
3427932
7688202
20734546
3808378
4295435

201403291031(201403291031)
3427932
7699766
20734546
3809034
4295435

201403291040(201403291040)
3444746
7804096
20734546
3830348
4315919

201403291041(201403291041)
3444746
7804096
20734546
3830348
4316055

201403291050(201403291050)
3489339
7816186
20839299
3860500
4339909

201403291051(201403291051)
3489339
7816186
20839299
3860500
4340954

201403291100(201403291100)
3491667
7822104
21036103
3880148
4349957

201403291101(201403291101)
3497391
7822565
21067524
3880148
4357040

201403291110(201403291110)
3517069
7857765
21172452
3895515
4389007

201403291111(201403291111)
3517069
7872801
21172452
3895515
4389007

201403291120(201403291120)
3565757
7901065
21172452
3938514
4416152

201403291121(201403291121)
3565885
7901065
21172452
3945790
4416152

201403291130(201403291130)
3578914
7962388
21172452
3953416
4460027

201403291131(201403291131)
3578914
7962388
21172452
3964691
4466241

201403291140(201403291140)
3588199
7994369
21172452
3976761
4494093

201403291141(201403291141)
3588199
7994369
21172452
3976761
4494093

201403291150(201403291150)
3627183
8014055
21428560
4014819
4508998

201403291151(201403291151)
3627183
8014055
21428560
4017434
4508998

201403291200(201403291200)
3628127
8052352
21516574
4031393
4517743

201403291201(201403291201)
3642147
8052352
21516574
4039084
4517743

201403291210(201403291210)
3652814
8087512
21516574
4070741
4601261

201403291211(201403291211)
3652814
8089896
21516574
4070741
4606705

201403291220(201403291220)
3675255
8201882
21634058
4105834
4618253

201403291221(201403291221)
3675255
8201882
21634058
4118779
4626174

201403291230(201403291230)
3707431
8228719
21634058
4145486
4635989

201403291231(201403291231)
3707431
8229018
21723031
4145486
4636605

201403291240(201403291240)
3725976
8291689
21840498
4154695
4648841

201403291241(201403291241)
3725976
8309609
21981661
4165361
4657898

201403291250(201403291250)
3749440
8428790
22178696
4187594
4667677

201403291251(201403291251)
3749440
8428851
22178696
4187594
4672710

201403291300(201403291300)
3750780
8548433
22344651
4196171
4701309

201403291301(201403291301)
3750780
8548433
22344651
4196171
4719267

201403291310(201403291310)
3800619
8630728
22344651
4251344
4778700

201403291311(201403291311)
3800619
8630728
22344651
4251344
4778700

201403291320(201403291320)
3843617
8685754
22344651
4277534
4829762

201403291321(201403291321)
3846261
8685754
22360097
4277534
4829762

201403291330(201403291330)
3871803
8807553
22628976
4343074
4855341

201403291331(201403291331)
3881281
8807553
22628976
4343634
4855341

201403291340(201403291340)
3886152
8813092
22784507
4348967
4876577

201403291341(201403291341)
3891937
8813092
22784507
4363815
4885585

201403291350(201403291350)
3914411
8839089
22816273
4388843
4898258

201403291351(201403291351)
3914411
8839089
22816273
4396097
4898258

201403291400(201403291400)
3935245
8941090
22816273
4423198
4930109

201403291401(201403291401)
3937104
8941090
22816273
4423198
4937070

201403291410(201403291410)
3982134
8944247
22816273
4446748
4967813

201403291411(201403291411)
3982134
8944247
22816273
4446996
4969400

201403291420(201403291420)
4005787
9005180
22816273
4461270
5007942

201403291421(201403291421)
4005787
9005180
22816273
4461270
5007942

201403291430(201403291430)
4013663
9074752
22816273
4475943
5042815

201403291431(201403291431)
4013663
9074752
22816273
4475943
5044142

201403291440(201403291440)
4043910
9112092
22978919
4511376
5066824

201403291441(201403291441)
4043910
9112092
22978919
4523523
5066824

201403291450(201403291450)
4072005
9169494
23001005
4577499
5080171

201403291451(201403291451)
4072005
9169494
23001005
4577499
5080171

201403291500(201403291500)
4089836
9223068
23001005
4608194
5127397

201403291501(201403291501)
4089836
9223068
23001005
4608194
5127397

201403291510(201403291510)
4109738
9242663
23185416
4639491
5153776

201403291511(201403291511)
4117236
9242663
23185416
4642696
5154252

201403291520(201403291520)
4149700
9311488
23218389
4657545
5196682

201403291521(201403291521)
4152129
9311488
23218389
4657545
5196682

201403291530(201403291530)
4168182
9355323
23365598
4680280
5213716

201403291531(201403291531)
4168182
9355323
23365598
4680280
5213716

201403291540(201403291540)
4185499
9355323
23457823
4699347
5246905

201403291541(201403291541)
4186104
9439466
23457823
4699347
5246905

201403291550(201403291550)
4188543
9473690
23457823
4703123
5293948

201403291551(201403291551)
4188543
9473690
23457823
4703123
5293948

201403291600(201403291600)
4221464
9553577
23457823
4739357
5322236

201403291601(201403291601)
4224235
9554054
23457823
4739357
5322236

201403291610(201403291610)
4233116
9643960
23497231
4763217
5341876

201403291611(201403291611)
4233116
9643960
23497231
4763217
5346765

201403291620(201403291620)
4254850
9724095
23611745
4784668
5391098

201403291621(201403291621)
4257822
9724095
23611745
4784668
5391098

201403291630(201403291630)
4296932
9783912
23782275
4785616
5410706

201403291631(201403291631)
4300144
9783912
23782275
4785616
5410706

201403291640(201403291640)
4330853
9839309
23793707
4817071
5441748

201403291641(201403291641)
4330853
9853277
23793707
4826111
5441748

201403291650(201403291650)
4363441
9928378
24162894
4864226
5470623

201403291651(201403291651)
4376502
9963909
24162894
4864226
5477725

201403291700(201403291700)
4397947
10027925
24265158
4927119
5523932

201403291701(201403291701)
4397947
10028265
24265158
4927119
5525794

201403291710(201403291710)
4440136
10038602
24273224
4944442
5559863

201403291711(201403291711)
4446280
10038602
24273224
4944442
5559863

201403291720(201403291720)
4469246
10071471
24273224
4984736
5562473

201403291721(201403291721)
4470451
10071471
24273224
4993014
5567538

201403291730(201403291730)
4498252
10134039
24273224
5042412
5623665

201403291731(201403291731)
4498252
10134039
24273224
5050493
5623869

201403291740(201403291740)
4523523
10173277
24483693
5056806
5632914

201403291741(201403291741)
4531624
10173277
24483693
5062842
5634676

201403291750(201403291750)
4551375
10188461
24508826
5097752
5654896

201403291751(201403291751)
4551375
10188461
24508826
5097752
5670312

201403291800(201403291800)
4567582
10285265
24508826
5127397
5723648

201403291801(201403291801)
4569214
10285265
24552098
5144832
5723648

201403291810(201403291810)
4588129
10303140
24806629
5163825
5767503

201403291811(201403291811)
4590618
10303140
24806629
5190436
5784793

201403291820(201403291820)
4636347
10317981
24903330
5208538
5810612

201403291821(201403291821)
4636347
10317981
25013890
5211729
5810612

201403291830(201403291830)
4650140
10341920
25279605
5215380
5845243

201403291831(201403291831)
4650140
10354467
25279605
5215380
5845243

201403291840(201403291840)
4671845
10450194
25325707
5216737
5855426

201403291841(201403291841)
4672844
10450194
25325707
5216737
5860935

201403291850(201403291850)
4674606
10490420
25723697
5279944
5909391

201403291851(201403291851)
4698349
10525971
25723697
5289232
5910654

201403291900(201403291900)
4703751
10619978
26225946
5351014
5920852

201403291901(201403291901)
4703751
10619978
26225946
5356878
5942803

201403291910(201403291910)
4736689
10673865
26258682
5366059
5971972

201403291911(201403291911)
4736689
10694464
26258682
5375866
5971972

201403291920(201403291920)
4741593
10808613
26401989
5398456
6012695

201403291921(201403291921)
4741593
10809824
26401989
5398456
6012695

201403291930(201403291930)
4758375
10815486
26401989
5447342
6054248

201403291931(201403291931)
4763171
10832242
26401989
5451250
6054248

201403291940(201403291940)
4794015
10874234
26491444
5475580
6091505

201403291941(201403291941)
4814359
10930624
26491444
5475580
6091505

201403291950(201403291950)
4841450
10936770
26491444
5479954
6114400

201403291951(201403291951)
4849825
10936770
26491444
5479954
6121467

201403292000(201403292000)
4891154
10958087
26625037
5493058
6146661

201403292001(201403292001)
4898848
10958087
26747339
5493058
6146661

201403292010(201403292010)
4905831
11046287
27071212
5508963
6207084

201403292011(201403292011)
4905831
11046287
27095704
5518209
6210059

201403292020(201403292020)
4968487
11083290
27095704
5543093
6211334

201403292021(201403292021)
4970798
11094028
27150934
5543093
6211334

201403292030(201403292030)
5010154
11187355
27173825
5599305
6227353

201403292031(201403292031)
5011676
11187355
27173825
5612982
6227353

201403292040(201403292040)
5052168
11223975
27173825
5649656
6227353

201403292041(201403292041)
5053971
11223975
27173825
5659937
6229548

201403292050(201403292050)
5069552
11302047
27259982
5731226
6305731

201403292051(201403292051)
5070964
11302047
27259982
5734821
6306788

201403292100(201403292100)
5094747
11356929
27259982
5780486
6333009

201403292101(201403292101)
5111794
11356929
27259982
5786522
6333921

201403292110(201403292110)
5176789
11505910
27680783
5816517
6428499

201403292111(201403292111)
5177450
11506494
27704554
5816762
6434014

201403292120(201403292120)
5194906
11604346
28259473
5845243
6508297

201403292121(201403292121)
5198291
11604346
28259473
5847422
6509075

201403292130(201403292130)
5248715
11690432
28482236
5909335
6591191

201403292131(201403292131)
5252188
11706230
28482236
5945092
6591191

201403292140(201403292140)
5351379
11804213
28499373
6013918
6690669

201403292141(201403292141)
5361999
11804213
28499373
6020600
6690669

201403292150(201403292150)
5416613
11933740
28664124
6053930
6748174

201403292151(201403292151)
5422768
12046812
28664396
6058093
6756064

201403292200(201403292200)
5474087
12199226
28944432
6121773
6840915

201403292201(201403292201)
5481426
12220817
28944432
6122343
6840915

201403292210(201403292210)
5562906
12330775
29527480
6211315
6883255

201403292211(201403292211)
5572559
12330775
29527480
6211951
6884283

201403292220(201403292220)
5573388
12421800
29709297
6233078
6927826

201403292221(201403292221)
5614250
12421800
29934104
6247266
6928279

201403292230(201403292230)
5651722
12493620
30034399
6278750
6947810

201403292231(201403292231)
5659198
12532727
30034399
6278750
6947810

201403292240(201403292240)
5663948
12595608
30034399
6317117
6988099

201403292241(201403292241)
5663948
12595608
30034399
6317117
6988099

201403292250(201403292250)
5704103
12651042
30079354
6355149
7046682

201403292251(201403292251)
5708853
12685536
30079354
6355149
7057897

201403292300(201403292300)
5788491
12789440
30079354
6397536
7120219

201403292301(201403292301)
5788491
12794628
30079354
6412407
7129999

201403292310(201403292310)
12918945
30120636
6446279
7187241

201403292311(201403292311)
5860011
12946912
30120636
6454274
7187241

201403292320(201403292320)
5974550
13018881
30195198
6549388
7263238

201403292321(201403292321)
5975342
13018881
30195198
6549388
7267686

201403292330(201403292330)
6032474
13166194
30334520
6589630
7324165

201403292331(201403292331)
6058760
13166194
30822057
6589630
7349004

201403292340(201403292340)
6105795
13339990
30822057
6672886
7433255

201403292341(201403292341)
6123473
13349982
30822057
6672886
7433255

201403292350(201403292350)
6166155
13413695
30822057
6782618
7533444

201403292351(201403292351)
6167750
13421483
30822057
6797150
7537919

201403300000(201403300000)
6213251
13458514
31021796
6883255
7655469

201403300001(201403300001)
6215376
13485597
31037962
6884283
7692387

201403300010(201403300010)
6278750
13492949
31038754
6969844
7758659

201403300011(201403300011)
6284001
13492949
31038754
6982332
7758659

201403300020(201403300020)
6355149
13570507
31086599
7057897
7817275

201403300021(201403300021)
6360580
13596444
31086599
7083564
7821636

201403300030(201403300030)
6403694
13697704
31391886
7109875
7898341

201403300031(201403300031)
6406087
13697704
31455383
7109875
7905810

201403300040(201403300040)
6435069
13742032
31510138
7184630
8014888

201403300041(201403300041)
6435069
13742032
31510138
7184630
8024907

201403300050(201403300050)
6471867
13868591
31550084
7235966
8096590

201403300051(201403300051)
6471867
13887247
31550084
7235966
8100607

201403300100(201403300100)
6526851
13948002
31632296
7300109
8135438

201403300101(201403300101)
6526851
13948002
31667158
7304610
8135438

201403300110(201403300110)
6580063
14031759
31992776
7310943
8162268

201403300111(201403300111)
6586662
14031759
31992776
7310943
8162268

201403300120(201403300120)
6593387
14137184
32032449
7378187
8217231

201403300121(201403300121)
6608484
14137184
32032449
7397776
8217428

201403300130(201403300130)
6634467
14257569
32150740
7433047
8255061

201403300131(201403300131)
6634467
14257569
32150740
7435111
8261553

201403300140(201403300140)
6668969
14312232
32262695
7464312
8273270

201403300141(201403300141)
6687235
14312232
32262695
7464312
8282292

201403300150(201403300150)
6706798
14353748
32262695
7532425
8317491

201403300151(201403300151)
6709371
14353748
32262695
7532425
8319056

201403300200(201403300200)
6712236
14368914
32388293
7562784
8348443

201403300201(201403300201)
6712236
14403998
32388293
7562784
8351952

201403300210(201403300210)
6764680
14403998
32394602
7572170
8388342

201403300211(201403300211)
6764680
14403998
32394602
7572170
8388342

201403300220(201403300220)
6825250
14450540
32394602
7584067
8391409

201403300221(201403300221)
6825250
14456927
32394602
7599128
8391409

201403300230(201403300230)
6846959
14510538
32394602
7624609
8399588

201403300231(201403300231)
6872494
14510538
32394602
7631464
8406941

201403300240(201403300240)
6917879
14592535
32590424
7691001
8449402

201403300241(201403300241)
6938891
14592535
32751597
7691001
8463525

201403300250(201403300250)
6945468
14623507
32751597
7712348
8483416

201403300251(201403300251)
6947136
14623507
32751597
7712348
8499208

201403300300(201403300300)
6968773
14647850
32751597
7778575
8504876

201403300301(201403300301)
6968773
14647850
32751597
7778575
8504876

201403300310(201403300310)
7022519
14657615
32751597
7808663
8532364

201403300311(201403300311)
7027432
14657615
32751597
7809375
8532364

201403300320(201403300320)
7038754
14657615
32751597
7814956
8561914

201403300321(201403300321)
7038754
14657615
32827156
7822700
8561914

201403300330(201403300330)
7062771
14669848
33118335
7865589
8572785

201403300331(201403300331)
7062771
14669848
33118335
7880822
8572785

201403300340(201403300340)
7094233
14669848
33118335
7881783
8594653

201403300341(201403300341)
7094233
14669848
33118335
7881783
8594653

201403300350(201403300350)
7097341
14673037
33121255
7885151
8601642

201403300351(201403300351)
7097341
14700272
33121255
7885151
8601642

201403300400(201403300400)
7103118
14710627
33121255
7903769
8601642

201403300401(201403300401)
7103118
14710627
33121255
7903769
8601642

201403300410(201403300410)
7113504
14728637
33121255
7905810
8605196

201403300411(201403300411)
7122598
14728637
33121255
7905810
8605196

201403300420(201403300420)
7140237
14786617
33121255
7911701
8608170

201403300421(201403300421)
7140237
14789429
33121255
7916702
8608170

201403300430(201403300430)
7141641
14863579
33121255
7939421
8627758

201403300431(201403300431)
7153960
14863579
33121255
7939421
8627758

201403300440(201403300440)
7159226
14863579
33121255
7939421
8629334

201403300441(201403300441)
7159226
14863579
33121255
7939421
8629334

201403300450(201403300450)
7161735
14897154
33121255
7978462
8664964

201403300451(201403300451)
7162211
14897154
33121255
7978462
8664964

201403300500(201403300500)
7176111
14946791
33121255
7978462
8685545

201403300501(201403300501)
7178356
14946791
33121255
7978462
8685545

201403300510(201403300510)
7205016
14946791
33121255
7978673
8685545

201403300511(201403300511)
7205016
14946791
33121255
7981809
8685545

201403300520(201403300520)
7215569
14946791
33121255
7981809
8691984

201403300521(201403300521)
7215569
14946791
33121255
7981809
8691984

201403300530(201403300530)
7222935
14946791
33338397
7988273
8707936

201403300531(201403300531)
7222935
14946791
33338397
7988273
8707936

201403300540(201403300540)
7222935
14946791
33338397
7988273
8713659

201403300541(201403300541)
7222935
14946791
33338397
7988273
8713659

201403300550(201403300550)
7222935
14985379
33338397
7988273
8725926

201403300551(201403300551)
7222935
14986459
33338397
7988273
8725926

201403300600(201403300600)
7227583
14986459
33338397
7994388
8737827

201403300601(201403300601)
7227583
14986459
33338397
7994388
8737827

201403300610(201403300610)
7233394
14988793
33338397
8004562
8737827

201403300611(201403300611)
7233394
14988793
33338397
8004562
8737959

201403300620(201403300620)
7233394
14988793
33338397
8004562
8768358

201403300621(201403300621)
7233394
14988793
33338397
8004562
8768358

201403300630(201403300630)
7242946
14991421
33338397
8016473
8768641

201403300631(201403300631)
7242946
15006754
33338397
8016473
8768641

201403300640(201403300640)
7268845
15016965
33338397
8022491
8768641

201403300641(201403300641)
7268845
15016965
33338397
8025908
8793754

201403300650(201403300650)
7286651
15021102
33338397
8031610
8815220

201403300651(201403300651)
7286651
15021102
33562947
8031610
8829102

201403300700(201403300700)
7302727
15116199
33666621
8047332
8855609

201403300701(201403300701)
7302727
15116199
33666621
8047332
8855609

201403300710(201403300710)
7312533
15116199
33666621
8057597
8856981

201403300711(201403300711)
7312533
15116199
33666621
8069660
8856981

201403300720(201403300720)
7331318
15116199
33666621
8078821
8863879

201403300721(201403300721)
7331318
15120585
33666621
8079369
8863879

201403300730(201403300730)
7343188
15133650
33666621
8124466
8865130

201403300731(201403300731)
7343188
15133650
33666621
8124466
8865130

201403300740(201403300740)
7348888
15177585
33667361
8160791
8875890

201403300741(201403300741)
7348888
15177585
33667361
8160791
8875890

201403300750(201403300750)
7351773
15189135
33667361
8160952
8887566

201403300751(201403300751)
7354792
15189135
33667361
8160952
8887566

201403300800(201403300800)
7376938
15193401
33667361
8182359
8946847

201403300801(201403300801)
7376938
15193401
33667361
8192804
8950760

201403300810(201403300810)
7404833
15241944
33667361
8204694
8982421

201403300811(201403300811)
7404833
15241944
33778348
8211501
8982421

201403300820(201403300820)
7421474
15254634
33778348
8217428
9021614

201403300821(201403300821)
7427494
15268806
33778348
8217428
9021614

201403300830(201403300830)
7446097
15366006
33778348
8232957
9033122

201403300831(201403300831)
7446124
15366808
33778348
8238895
9033122

201403300840(201403300840)
7464488
15423489
33870332
8261553
9122818

201403300841(201403300841)
7464488
15423489
33871260
8269905
9122818

201403300850(201403300850)
7525550
15458138
33878973
8300304
9187039

201403300851(201403300851)
7525550
15458138
33878973
8317491
9187039

201403300900(201403300900)
7561402
15546024
33878973
8336527
9235523

201403300901(201403300901)
7561402
15546024
33878973
8336527
9243698

201403300910(201403300910)
7608604
15590248
33878973
8353664
9293521

201403300911(201403300911)
7629336
15604470
33878973
8353664
9293521

201403300920(201403300920)
7629934
15668573
34123398
8360120
9338654

201403300921(201403300921)
7629934
15668573
34123398
8360120
9338654

201403300930(201403300930)
7635005
15741916
34299360
8396754
9397081

201403300931(201403300931)
7637284
15741916
34299360
8396754
9397081

201403300940(201403300940)
7678761
15767324
34299360
8401002
9425506

201403300941(201403300941)
7678761
15767324
34299360
8401002
9425506

201403300950(201403300950)
7695685
15772141
34654434
8422754
9465153

201403300951(201403300951)
7695685
15772141
34654434
8432936
9465153

201403301000(201403301000)
7732521
15862289
34654434
8452143
9524670

201403301001(201403301001)
7732730
15862289
34654434
8455500
9524670

201403301010(201403301010)
7776564
15893667
34654434
8504068
9524670

201403301011(201403301011)
7787435
15893667
34654434
8508599
9524670

201403301020(201403301020)
7814648
15922480
34654434
8527621
9550912

201403301021(201403301021)
7820039
15937302
34654434
8561914
9550912

201403301030(201403301030)
7848179
15940874
34778456
8589839
9587661

201403301031(201403301031)
7848912
15940874
34778456
8600695
9590650

201403301040(201403301040)
7886447
15950705
34778456
8627758
9601002

201403301041(201403301041)
7886447
15950705
34778456
8627758
9601002

201403301050(201403301050)
7908679
16003724
35000560
8660309
9625634

201403301051(201403301051)
7908679
16003724
35000560
8685545
9625634

201403301100(201403301100)
7911623
16076694
35327774
8696332
9644294

201403301101(201403301101)
7918540
16076694
35327774
8696332
9644294

201403301110(201403301110)
7982483
16076694
35327774
8742804
9721501

201403301111(201403301111)
7982483
16082713
35448773
8742804
9721649

201403301120(201403301120)
7991902
16198253
35449045
8828935
9801852

201403301121(201403301121)
7991902
16222283
35449045
8828935
9812793

201403301130(201403301130)
7998374
16348096
35449045
8856591
9859180

201403301131(201403301131)
7998374
16348096
35449045
8856591
9859180

201403301140(201403301140)
8035033
16389544
35449045
8866598
9878349

201403301141(201403301141)
8035033
16389544
35449045
8875422
9878349

201403301150(201403301150)
8077717
16473345
35570418
8937471
9917895

201403301151(201403301151)
8077717
16473345
35779923
8937471
9921803

201403301200(201403301200)
8100295
16544455
36191015
8951339
9948048

201403301201(201403301201)
9948048
16553227
36191355
8951339
9948048

201403301210(201403301210)
8153245
16784107
36307192
9030508
9993382

201403301211(201403301211)
8153245
16791399
36343677
9030508
9993382

201403301220(201403301220)
8164255
16859928
36713146
9041496
10037664

201403301221(201403301221)
8164255
16859928
36713146
9056536
10037664

201403301230(201403301230)
8179547
16908565
36713146
9109442
10052646

201403301231(201403301231)
8182359
16908905
36713146
9109442
10052646

201403301240(201403301240)
8205040
16950569
37110062
9189507
10130178

201403301241(201403301241)
8205040
16950569
37110062
9189507
10144258

201403301250(201403301250)
8261606
16983031
37110062
9285018
10272838

201403301251(201403301251)
8261606
16983031
37110062
9285018
10280195

201403301300(201403301300)
8294801
17019383
37299059
9377282
10390382

201403301301(201403301301)
8294801
17043307
37299987
9377282
10390382

201403301310(201403301310)
8344229
17071722
37590485
9426275
10432157

201403301311(201403301311)
8351608
17071722
37590485
9426275
10432157

201403301320(201403301320)
8372072
17206067
37590485
9455531
10489876

201403301321(201403301321)
8389596
17231464
37590485
9457300
10489876

201403301330(201403301330)
8433125
17246992
37885501
9509568
10566130

201403301331(201403301331)
8437202
17260392
37940781
9523001
10566130

201403301340(201403301340)
8467198
17284356
38023118
9530630
10601533

201403301341(201403301341)
8467198
17284356
38023118
9530630
10601533

201403301350(201403301350)
8492681
17308584
38023118
9594498
10661381

201403301351(201403301351)
8497020
17308584
38023118
9594498
10661381

201403301400(201403301400)
8527621
17428399
38705991
9613557
10691428

201403301401(201403301401)
8530734
17429002
38705991
9630535
10691428

201403301410(201403301410)
8594507
17498272
38705991
9667225
10734136

201403301411(201403301411)
8600242
17523239
38706263
9674038
10809254

201403301420(201403301420)
8649559
17560529
38798007
9799650
10845608

201403301421(201403301421)
8651550
17595925
38798007
9806554
10850059

201403301430(201403301430)
8744421
17677800
38798007
9911622
10867430

201403301431(201403301431)
8744421
17681438
38798007
9935429
10867430

201403301440(201403301440)
8772690
17705724
38798007
9978082
10882277

201403301441(201403301441)
8772690
17705724
38798007
10000791
10882277

201403301450(201403301450)
8798182
17811025
38933314
10003833
10924636

201403301451(201403301451)
8798182
17825195
38933314
10016491
10924636

201403301500(201403301500)
8828935
17860218
38933314
10045967
10940374

201403301501(201403301501)
8828935
17863551
38933314
10045967
10940374

201403301510(201403301510)
8850547
17874278
38933314
10072325
10973405

201403301511(201403301511)
8870231
17875858
38933314
10072325
10975704

201403301520(201403301520)
8915624
17928475
38933314
10131896
11009754

201403301521(201403301521)
8916416
17928475
38933314
10131896
11009754

201403301530(201403301530)
8927943
18025940
38933314
10227219
11091181

201403301531(201403301531)
8927943
18025940
38933314
10227219
11091181

201403301540(201403301540)
9007758
18069297
38933314
10271452
11125090

201403301541(201403301541)
9007758
18069297
38933314
10271452
11125090

201403301550(201403301550)
9014742
18191125
38933314
10311277
11143476

201403301551(201403301551)
9014742
18191125
38933314
10311277
11143476

201403301600(201403301600)
9053842
18191125
38933314
10319145
11205323

201403301601(201403301601)
9059234
18191125
38933314
10319350
11205323

201403301610(201403301610)
9085547
18293400
38933314
10374748
11218610

201403301611(201403301611)
9085547
18314407
39278506
10374748
11218610

201403301620(201403301620)
9124927
18342012
39460347
10385290
11282713

201403301621(201403301621)
9129953
18342012
39609993
10389829
11282713

201403301630(201403301630)
9150069
18367961
39609993
10425336
11350506

201403301631(201403301631)
9172961
18383127
39720531
10436549
11350506

201403301640(201403301640)
9217984
18429345
39813220
10466712
11449752

201403301641(201403301641)
9223204
18433996
39813220
10471518
11449752

201403301650(201403301650)
9271164
18465897
39813220
10539005
11457309

201403301651(201403301651)
9271164
18465897
39813220
10539005
11457309

201403301700(201403301700)
9340606
18538871
39984244
10550650
11512422

201403301701(201403301701)
9343157
18541123
39984244
10582614
11515164

201403301710(201403301710)
9343157
18568070
39984244
10585051
11545221

201403301711(201403301711)
9377414
18568070
39984244
10585051
11561357

201403301720(201403301720)
9403593
18604594
39984244
10623061
11626322

201403301721(201403301721)
9403593
18604594
39984244
10623061
11639005

201403301730(201403301730)
9446962
18658982
39984244
10685990
11639005

201403301731(201403301731)
9446962
18658982
39984244
10685990
11653324

201403301740(201403301740)
9570243
18763965
40682237
10743254
11683360

201403301741(201403301741)
9570243
18763965
40682237
10752003
11700206

201403301750(201403301750)
9626134
18806933
40682237
10769338
11704448

201403301751(201403301751)
9626134
18806933
40682237
10769338
11704448

201403301800(201403301800)
9626134
18901090
40684297
10810013
11793394

201403301801(201403301801)
9643679
18923610
40684297
10810013
11793394

201403301810(201403301810)
9732382
18923610
40684297
10830007
11804833

201403301811(201403301811)
9732382
18924171
40684297
10849381
11804833

201403301820(201403301820)
9823274
18975694
40708160
10851314
11872238

201403301821(201403301821)
9823274
18975694
40708160
10851314
11872238

201403301830(201403301830)
9887432
19099174
40819784
10874433
11958073

201403301831(201403301831)
9891528
19099174
40819784
10874433
11958073

201403301840(201403301840)
9912728
19148099
40819784
10878242
11978600

201403301841(201403301841)
9912728
19157849
40919853
10878242
11978600

201403301850(201403301850)
9921182
19222680
41263624
10912966
12033593

201403301851(201403301851)
9931597
19222680
41263624
10912966
12035034

201403301900(201403301900)
10001518
19338306
41429198
10975873
12201948

201403301901(201403301901)
10001518
19338306
41429198
10975873
12201948

201403301910(201403301910)
10072583
19420833
41429198
11027792
12213393

201403301911(201403301911)
10072583
19420833
41429198
11041021
12218592

201403301920(201403301920)
10082262
19420833
41596613
11059377
12280424

201403301921(201403301921)
10110784
19420833
41613440
11059377
12280424

201403301930(201403301930)
10180891
19498551
41613440
11151171
12330195

201403301931(201403301931)
10180891
19498551
41613440
11151171
12330195

201403301940(201403301940)
10196261
19556294
41826734
11227949
12425750

201403301941(201403301941)
10197189
19556294
41827526
11227959
12425750

201403301950(201403301950)
10198593
19609301
42043652
11265472
12515409

201403301951(201403301951)
10233103
19630416
42043652
11270737
12515409

201403302000(201403302000)
10276699
19697824
42043652
11324338
12572177

201403302001(201403302001)
10295791
19697824
42043652
11324338
12577251

201403302010(201403302010)
10430091
19849031
42242794
11385462
12630029

201403302011(201403302011)
10430091
19849031
42242794
11410862
12647687

201403302020(201403302020)
10471971
19881610
42299195
11466415
12731459

201403302021(201403302021)
10488426
19881610
42299195
11491408
12731459

201403302030(201403302030)
10514518
20036566
42493567
11501063
12788477

201403302031(201403302031)
10514518
20065625
42493567
11501063
12788477

201403302040(201403302040)
10617342
20095311
43478217
11591581
12833550

201403302041(201403302041)
10617342
20095311
43478217
11591581
12833550

201403302050(201403302050)
10669588
20178500
43478217
11641813
12889760

201403302051(201403302051)
10669588
20178500
43478217
11648491
12926173

201403302100(201403302100)
10770639
20355404
43530953
11723854
12970366

201403302101(201403302101)
10770639
20355404
43530953
11742435
13015699

201403302110(201403302110)
10827125
20447114
44081704
11806470
13098551

201403302111(201403302111)
10827125
20447114
44269831
11831820
13113424

201403302120(201403302120)
10849517
20556253
44269831
11913708
13213640

201403302121(201403302121)
10856724
20556253
44269831
11957380
13217572

201403302130(201403302130)
10906555
20744479
44327009
11990926
13341069

201403302131(201403302131)
10906555
20751166
44422332
11990926
13341069

201403302140(201403302140)
10945225
20928114
44721829
12106645
13370265

201403302141(201403302141)
10945225
20931058
44721829
12106762
13370265

201403302150(201403302150)
10979372
20968820
44805720
12150111
13489668

201403302151(201403302151)
10979372
20970834
44916280
12192567
13490116

201403302200(201403302200)
11042085
21162493
45374555
12233116
13528389

201403302201(201403302201)
11042475
21212089
45374555
12233116
13528666

201403302210(201403302210)
11067139
21370213
45397775
12308105
13610313

201403302211(201403302211)
11095473
21402487
45397775
12334461
13610313

201403302220(201403302220)
11184006
21720896
45648663
12396010
13783719

201403302221(201403302221)
11200558
21796743
45648663
12411211
13785829

201403302230(201403302230)
11330878
22046381
47043064

201403302231(201403302231)
11330878
22048437
47432144
12468009
13837573

201403302240(201403302240)
11405261
22325765
48111569
12753308
14016723

201403302241(201403302241)
11413991
22325765
48111569
12753308
14088792

201403302250(201403302250)
11505142
22605652
48476709
12900256
14234562

201403302251(201403302251)
11505142
22605652
48476709
12911952
14234562

201403302300(201403302300)
11519696
22830044
48630402
12963489
14384664

201403302301(201403302301)
11577364
22884473
48630402
12963489
14384664

201403302310(201403302310)
11648777
22957427
48782186
13069400
14463703

201403302311(201403302311)
11648777
22957427
48782186
13076797
14475638

201403302320(201403302320)
11725642
23230147
48833497
13232596
14624747

201403302321(201403302321)
11733480
23258857
48833497
13242649
14638963

201403302330(201403302330)
11806470
23590164
48833497
13327410
14704188

201403302331(201403302331)
11806470
23626924
48833497
13337382
14704188

201403302340(201403302340)
11934184
23790524
48833497
13472910
14772222

201403302341(201403302341)
11959398
23790524
48833497
13479286
14772222

201403302350(201403302350)
12020191
23848238
49165811
13549142
15040159

201403302351(201403302351)
12035805
23848238
49165811
13558589
15061828

201403310000(201403310000)
12113456
24216036
49818576
13638080
15090620

201403310001(201403310001)
12126687
24276083
49921466
13638080
15141126

201403310010(201403310010)
12150111
24526124
49921466
13679591
15197343

201403310011(201403310011)
12150111
24542111
49921466
13679591
15216622

201403310020(201403310020)
12225214
24623518
49921466
13710385
15278850

201403310021(201403310021)
12225214
24623518
49921466
13722473
15278850

201403310030(201403310030)
12253202
24716972
49921466
13782461
15324984

201403310031(201403310031)
12265787
24736957
49921466
13783719
15377063

201403310040(201403310040)
12315799
24775966
49921466
13833108
15475252

201403310041(201403310041)
12323493
24775966
49921466
13833108
15475252

201403310050(201403310050)
12350951
24790908
49921466
13866039
15487908

201403310051(201403310051)
12410891
24791700
49921466
13866039
15487908

201403310100(201403310100)
12443990
24814849
49921466
13957236
15503474

201403310101(201403310101)
12456453
24814849
49921466
13960773
15506136

201403310110(201403310110)
12462382
24869869
49921466
14104614
15590227

201403310111(201403310111)
12462382
24869869
49921466
14108958
15605213

201403310120(201403310120)
12526679
24927750
49921466
14118191
15630466

201403310121(201403310121)
12526679
24927750
49921466
14118191
15630466

201403310130(201403310130)
12587365
24927750
49921466
14138477
15662731

201403310131(201403310131)
12589043
24927750
49921466
14138477
15662731

201403310140(201403310140)
12619826
25005909
50018930
14157321
15723106

201403310141(201403310141)
12619826
25005909
50018930
14157321
15723106

201403310150(201403310150)
12631350
25069923
50018930
14233174
15737606

201403310151(201403310151)
12649709
25069923
50018930
14237755
15742814

201403310200(201403310200)
12649709
25087928
50018930
14237755
15761007

201403310201(201403310201)
12675500
25087928
50018930
14237755
15761007

201403310210(201403310210)
12768696
25151256
50018930
14292427
15769804

201403310211(201403310211)
12788477
25151256
50018930
14292427
15769804

201403310220(201403310220)
12827000
25168123
50018930
14312768
15818983

201403310221(201403310221)
12827000
25168123
50018930
14337137
15818983

201403310230(201403310230)
12878217
25242213
50018930
14535657
15940739

201403310231(201403310231)
12878217
25242213
50018930
14535657
15954780

201403310240(201403310240)
12878217
25305437
50018930
14555869
15988784

201403310241(201403310241)
12878217
25305437
50018930
14555869
15988784

201403310250(201403310250)
12881707
25307297
50018930
14613166
16000948

201403310251(201403310251)
12881707
25307297
50071782
14613166
16000948

201403310300(201403310300)
12922829
25368514
50390315
14613166
16009608

201403310301(201403310301)
12922829
25368514
50783210
14613166
16009608

201403310310(201403310310)
12930079
25380269
50785678
14616414
16012884

201403310311(201403310311)
12930079
25380269
50785678
14616414
16016827

201403310320(201403310320)
12976833
25399008
50785678
14616414
16039650

201403310321(201403310321)
12976833
25399008
50786470
14616414
16039650

201403310330(201403310330)
12987178
25399008
50820464
14616414
16039680

201403310331(201403310331)
12987178
25399008
50820464
14616414
16039680

201403310340(201403310340)
12987178
25399740
50820464
14628235
16039680

201403310341(201403310341)
12987178
25399740
50820464
14628235
16039680

201403310350(201403310350)
12987178
25399740
50820464
14628235
16091097

201403310351(201403310351)
12987310
25399740
50820464
14628235
16091097

201403310400(201403310400)
12987310
25399740
50820464
14628235
16108470

201403310401(201403310401)
12987310
25405698
50820464
14629436
16108470

201403310410(201403310410)
13005893
25405698
50820464
14629436
16108546

201403310411(201403310411)
13005893
25405698
50820464
14656389
16108546

201403310420(201403310420)
13005893
25405698
50820464
14656389
16108546

201403310421(201403310421)
13005893
25405698
50820464
14656389
16108546

201403310430(201403310430)
13038885
25405698
50820464
14656389
16108546

201403310431(201403310431)
13038885
25405698
50820464
14656389
16108546

201403310440(201403310440)
13038885
25405698
50820464
14661191
16108546

201403310441(201403310441)
13038885
25405698
50820464
14661191
16108546

201403310450(201403310450)
13067752
25405698
50820464
14661191
16108546

201403310451(201403310451)
13067752
25405698
50820464
14661191
16108546

201403310500(201403310500)
13128776
25407034
50820464
14662963
16147178

201403310501(201403310501)
13128776
25407034
50820464
14662963
16147178

201403310510(201403310510)
13128855
25407034
50820464
14706991
16171782

201403310511(201403310511)
13128855
25407034
50820464
14706991
16171782

201403310520(201403310520)
13128855
25410210
50820464
14706991
16171782

201403310521(201403310521)
13128855
25410210
50820464
14706991
16171782

201403310530(201403310530)
13128855
25410210
50820464
14706991
16171782

201403310531(201403310531)
13128855
25410210
50820464
14706991
16171782

201403310540(201403310540)
13133541
25410210
50820464
14707882
16175284

201403310541(201403310541)
13133541
25410210
50820464
14707882
16175284

201403310550(201403310550)
13133541
25410210
50820464
14712490
16235567

201403310551(201403310551)
13133541
25410210
50820464
14712490
16235567

201403310600(201403310600)
13177281
25485662
50820464
14712490
16235567

201403310601(201403310601)
13177281
25485662
50820464
14712490
16235567

201403310610(201403310610)
13193836
25485662
50875744
14763769
16235593

201403310611(201403310611)
13193836
25485662
50875744
14763769
16235593

201403310620(201403310620)
13193836
25485662
50875744
14799337
16236501

201403310621(201403310621)
13193836
25485662
50875744
14808027
16236501

201403310630(201403310630)
13193836
25485662
50875744
14812583
16242927

201403310631(201403310631)
13193836
25501123
50875744
14877415
16242927

201403310640(201403310640)
13257264
25551941
50875744
14907747
16263015

201403310641(201403310641)
13257264
25551941
50875744
14907747
16263015

201403310650(201403310650)
13257264
25551941
50875744
14924931
16310238

201403310651(201403310651)
13257264
25551941
50875744
14925067
16310238

201403310700(201403310700)
13257264
25551941
50875744
14937455
16368432

201403310701(201403310701)
13257264
25551941
50875744
14962645
16368432

201403310710(201403310710)
13257264
25554438
50876944
14985990
16375110

201403310711(201403310711)
13257264
25554438
50877736
14985990
16375110

201403310720(201403310720)
13274521
25585227
51054388
15007065
16382162

201403310721(201403310721)
13274521
25585227
51054524
15007065
16382162

201403310730(201403310730)
13307916
25634981
51055928
15021824
16382162

201403310731(201403310731)
13307916
25634981
51055928
15021824
16382162

201403310740(201403310740)
13307916
25653350
51055928
15079897
16382162

201403310741(201403310741)
13307916
25653350
51055928
15079897
16382162

201403310750(201403310750)
13307916
25653350
51055928
15079897
16409543

201403310751(201403310751)
13307916
25653350
51055928
15094770
16409543

201403310800(201403310800)
13324140
25679392
51055928
15129564
16421303

201403310801(201403310801)
13324140
25679392
51055928
15129564
16427817

201403310810(201403310810)
13339207
25705863
51055928
15139450
16460718

201403310811(201403310811)
13339207
25705863
51055928
15140582
16460718

201403310820(201403310820)
13394385
25705863
51055928
15237633
16475085

201403310821(201403310821)
13394385
25705863
51055928
15237633
16475085

201403310830(201403310830)
13394681
25711225
51055928
15237633
16511205

201403310831(201403310831)
13394681
25711225
51055928
15237633
16511205

201403310840(201403310840)
13459220
25712298
51055928
15242117
16561514

201403310841(201403310841)
13459220
25712298
51055928
15242117
16561514

201403310850(201403310850)
13459220
25712298
51055928
15242117
16561514

201403310851(201403310851)
13459220
25712298
51055928
15242117
16561514

201403310900(201403310900)
13474246
25712298
51055928
15242117
16590784

201403310901(201403310901)
13479513
25743225
51055928
15242117
16590784

201403310910(201403310910)
13527516
25745720
51055928
15242117
16631742

201403310911(201403310911)
13527516
25745720
51055928
15242117
16631742

201403310920(201403310920)
13554161
25745720
51055928
15242117
16633230

201403310921(201403310921)
13573957
25745720
51055928
15242117
16633230

201403310930(201403310930)
13573957
25768141
51055928
15274506
16633230

201403310931(201403310931)
13573957
25768141
51055928
15279593
16633230

201403310940(201403310940)
13590095
25768141
51055928
15279593
16633230

201403310941(201403310941)
13626996
25768141
51055928
15279593
16633230

201403310950(201403310950)
13655327
25861420
51055928
15299008
16744185

201403310951(201403310951)
13655327
25872326
51055928
15299008
16762855

201403311000(201403311000)
13683171
25876887
51055928
15387629
16775411

201403311001(201403311001)
13683171
25876887
51055928
15387629
16775411

201403311010(201403311010)
13695680
25876887
51055928
15428975
16804779

201403311011(201403311011)
13695680
25876887
51055928
15428975
16804779

201403311020(201403311020)
13695884
25912745
51055928
15446714
16849053

201403311021(201403311021)
13706317
25912745
51055928
15446714
16849053

201403311030(201403311030)
13710743
26031229
51055928
15475441
16865791

201403311031(201403311031)
13710743
26031229
51055928
15475441
16865791

201403311040(201403311040)
13714871
26039845
51315971
15482349
16887965

201403311041(201403311041)
13714871
26039845
51315971
15486659
16887965

201403311050(201403311050)
13730457
26073242
51315971
15486659
16887965

201403311051(201403311051)
13730457
26073242
51315971
15486659
16887965

201403311100(201403311100)
13759278
26184731
51315971
15486659
16908362

201403311101(201403311101)
13759278
26261743
51315971
15486659
16908362

201403311110(201403311110)
13784340
26301206
51315971
15486659
16908362

201403311111(201403311111)
13784340
26301206
51315971
15494369
16908362

201403311120(201403311120)
13785017
26345963
51315971
15494369
16966148

201403311121(201403311121)
13785017
26345963
51315971
15494369
16966148

201403311130(201403311130)
13809088
26399049
51315971
15494369
16994323

201403311131(201403311131)
13809088
26399049
51315971
15494369
16994323

201403311140(201403311140)
13813505
26399049
51315971
15523239
17007608

201403311141(201403311141)
13813505
26399185
51315971
15523239
17007608

201403311150(201403311150)
13816099
26426052
51315971
15536665
17007608

201403311151(201403311151)
13816099
26426052
51315971
15539350
17007608

201403311200(201403311200)
13816099
26426052
51315971
15619198
17051237

201403311201(201403311201)
13816099
26426052
51315971
15619198
17051237

201403311210(201403311210)
13833638
26449870
51315971
15624287
17058726

201403311211(201403311211)
13833638
26449870
51315971
15624287
17081532

201403311220(201403311220)
13902424
26543512
51371251
15624287
17119980

201403311221(201403311221)
13902424
26543512
51371251
15624287
17138230

201403311230(201403311230)
14003547
26543512
51522301
15728434
17175206

201403311231(201403311231)
14003547
26543512
51523297
15728434
17175206

201403311240(201403311240)
14042178
26543512
51693768
15785075
17220027

201403311241(201403311241)
14047319
26543512
51693768
15785075
17227419

201403311250(201403311250)
14128347
26545838
51693904
15785075
17238611

201403311251(201403311251)
14128347
26545838
51693904
15793755
17238611

201403311300(201403311300)
14164433
26643664
51697569
15804018
17300334

201403311301(201403311301)
14164433
26643664
51697569
15804018
17300334

201403311310(201403311310)
14190920
26661428
51907684
15804018
17313104

201403311311(201403311311)
14191260
26661428
51907684
15809390
17313104

201403311320(201403311320)
14201218
26699084
51907684
15842155
17356848

201403311321(201403311321)
14237238
26699084
51907684
15842155
17365308

201403311330(201403311330)
14278219
26726829
51907684
15863530
17365308

201403311331(201403311331)
14283770
26726829
51907684
15863530
17365308

201403311340(201403311340)
14290673
26726829
51907684
15863530
17435738

201403311341(201403311341)
14290673
26726829
51907684
15863530
17435738

201403311350(201403311350)
14325220
26726829
51907684
15863896
17490874

201403311351(201403311351)
14325220
26726829
51907684
15910908
17499871

201403311400(201403311400)
14325220
26726829
51907684
15910908
17534742

201403311401(201403311401)
14340015
26726829
51907684
15910908
17534742

201403311410(201403311410)
14340015
26726829
51907684
15916442
17534742

201403311411(201403311411)
14340015
26726829
51907684
15916442
17534742

201403311420(201403311420)
14378518
26776027
51907684
15950931
17542284

201403311421(201403311421)
14378518
26776027
51907684
15967015
17542284

201403311430(201403311430)
14382398
26818600
51907684
15967015
17550734

201403311431(201403311431)
14382398
26818600
51907684
15967015
17557065

201403311440(201403311440)
14382398
26842317
51907684
16024067
17557065

201403311441(201403311441)
14404118
26842317
51907684
16027786
17557065

201403311450(201403311450)
14425693
26877554
51907684
16035067
17618087

201403311451(201403311451)
14425693
26877554
51907684
16035067
17618087

201403311500(201403311500)
14454573
26982510
51907684
16035067
17618087

201403311501(201403311501)
14454573
26982510
51907684
16035067
17618087

201403311510(201403311510)
14454573
26982510
51948004
16053120
17655128

201403311511(201403311511)
14454573
26982510
51948004
16053120
17655128

201403311520(201403311520)
14493459
27018684
51948004
16097180
17664614

201403311521(201403311521)
14505870
27018684
51948004
16097180
17664614

201403311530(201403311530)
14541290
27034633
51948004
16106358
17747977

201403311531(201403311531)
14541290
27034633
51948004
16106358
17747977

201403311540(201403311540)
14543831
27034633
51948004
16206768
17754414

201403311541(201403311541)
14583375
27034633
51948004
16206768
17756215

