201406260149(201406260149)
704,850
2,144,739
9,877,848
795,192
895,573

201406260150(201406260150)
704,850
2,161,553
9,877,848
795,192
896,921

201406260151(201406260151)
705,632
2,162,464
9,877,848
803,168
899,441

201406260152(201406260152)
707,514
2,166,688
10,036,672
809,737
901,513

201406260159(201406260159)
727,774
2,189,216
10,190,828
821,921
933,369

201406260200(201406260200)
734,164
2,195,783
10,225,289
828,941
935,873

201406260201(201406260201)
734,164
2,195,783
10,225,289
828,941
939,073

201406260202(201406260202)
735,273
2,197,228
10,225,289
832,283
939,073

201406260209(201406260209)
748,727
2,245,963
10,253,065
845,414
948,159

201406260210(201406260210)
751,665
2,246,423
10,253,065
845,783
950,352

201406260211(201406260211)
752,199
2,246,423
10,265,526
847,049
952,489

201406260212(201406260212)
753,157
2,262,729
10,346,320
848,398
952,489

201406260219(201406260219)
768,091
2,326,617
10,484,492
858,319
978,737

201406260220(201406260220)
769,441
2,351,956
10,484,492
860,368
978,737

201406260221(201406260221)
770,892
2,351,956
10,484,492
860,678
979,165

201406260222(201406260222)
773,040
2,354,304
10,590,013
865,301
987,584

201406260229(201406260229)
790,656
2,383,424
10,608,541
878,178
998,095

201406260230(201406260230)
791,662
2,387,794
10,608,541
878,178
998,156

201406260231(201406260231)
791,763
2,387,794
10,608,541
879,992
1,003,745

201406260232(201406260232)
795,590
2,389,482
10,608,541
881,383
1,003,745

201406260239(201406260239)
806,125
2,411,860
10,754,024
888,718
1,022,842

201406260240(201406260240)
807,726
2,412,654
10,798,179
892,226
1,023,433

201406260241(201406260241)
807,919
2,422,844
10,798,179
893,418
1,025,296

201406260242(201406260242)
809,069
2,422,844
10,798,179
894,155
1,028,115

201406260249(201406260249)
812,089
2,437,012
10,880,538
900,400
1,036,083

201406260250(201406260250)
812,368
2,437,012
10,880,538
900,426
1,036,805

201406260251(201406260251)
812,368
2,437,012
10,888,361
900,426
1,038,782

201406260252(201406260252)
814,050
2,437,012
10,888,361
901,513
1,039,692

201406260259(201406260259)
821,854
2,489,977
11,309,257
909,752
1,049,932

201406260300(201406260300)
823,899
2,489,977
11,309,257
913,692
1,049,932

201406260301(201406260301)
823,899
2,492,822
11,309,257
914,119
1,049,932

201406260302(201406260302)
826,771
2,492,822
11,309,257
919,896
1,050,356

201406260309(201406260309)
832,559
2,522,083
11,490,784
933,753
1,066,358

201406260310(201406260310)
832,559
2,526,341
11,490,784
935,873
1,070,420

201406260311(201406260311)
833,306
2,526,593
11,490,784
935,873
1,071,943

201406260312(201406260312)
836,603
2,526,899
11,490,784
939,538
1,072,672

201406260319(201406260319)
842,404
2,539,607
11,490,784
953,472
1,092,544

201406260320(201406260320)
844,262
2,539,607
11,490,784
955,156
1,099,289

201406260321(201406260321)
844,262
2,539,607
11,490,784
955,156
1,100,885

201406260322(201406260322)
844,419
2,539,607
11,490,784
957,834
1,101,214

201406260329(201406260329)
845,512
2,548,206
11,530,320
961,535
1,108,597

201406260330(201406260330)
847,049
2,548,206
11,530,320
961,535
1,109,853

201406260331(201406260331)
847,049
2,549,582
11,530,320
961,535
1,110,779

201406260332(201406260332)
847,049
2,549,582
11,530,320
961,535
1,114,323

201406260339(201406260339)
853,899
2,611,482
11,530,320
969,550
1,115,061

201406260340(201406260340)
853,899
2,611,482
11,530,320
970,723
1,116,441

201406260341(201406260341)
854,342
2,612,408
11,530,320
971,922
1,118,553

201406260342(201406260342)
854,522
2,617,654
11,530,320
971,922
1,118,553

201406260349(201406260349)
858,319
2,636,284
11,530,320
987,755
1,124,595

201406260350(201406260350)
858,319
2,636,284
11,530,320
989,998
1,124,595

201406260351(201406260351)
859,200
2,643,690
11,530,320
989,998
1,124,595

201406260352(201406260352)
860,368
2,643,690
11,530,320
994,011
1,128,640

201406260359(201406260359)
863,631
2,687,259
11,551,195
1,003,745
1,146,313

201406260400(201406260400)
863,631
2,687,259
11,551,195
1,008,304
1,147,013

201406260401(201406260401)
866,183
2,687,259
11,551,195
1,010,360
1,147,113

201406260402(201406260402)
866,550
2,688,400
11,551,195
1,010,360
1,147,527

201406260409(201406260409)
873,612
2,703,487
11,605,142
1,010,875
1,153,209

201406260410(201406260410)
874,093
2,715,069
11,605,142
1,010,880
1,154,292

201406260411(201406260411)
874,093
2,715,069
11,605,142
1,010,880
1,155,238

201406260412(201406260412)
874,093
2,715,069
11,605,142
1,013,968
1,157,402

201406260419(201406260419)
880,166
2,739,636
11,605,142
1,017,808
1,160,603

201406260420(201406260420)
880,166
2,739,636
11,605,142
1,020,772
1,160,621

201406260421(201406260421)
882,895
2,739,636
11,631,141
1,021,200
1,160,970

201406260422(201406260422)
882,895
2,739,636
11,631,141
1,022,460
1,161,146

201406260429(201406260429)
883,710
2,747,711
11,631,141
1,025,296
1,174,933

201406260430(201406260430)
883,710
2,749,932
11,631,141
1,025,296
1,174,933

201406260431(201406260431)
884,332
2,749,932
11,631,141
1,025,296
1,174,933

201406260432(201406260432)
887,524
2,749,932
11,631,141
1,029,008
1,174,933

201406260439(201406260439)
890,615
2,749,932
11,631,141
1,036,083
1,185,878

201406260440(201406260440)
893,339
2,749,932
11,631,141
1,036,083
1,187,845

201406260441(201406260441)
893,339
2,749,932
11,631,141
1,036,083
1,187,845

201406260442(201406260442)
894,155
2,749,932
11,631,141
1,036,471
1,187,845

201406260449(201406260449)
898,197
2,749,932
11,657,597
1,036,833
1,202,278

201406260450(201406260450)
898,197
2,749,932
11,657,597
1,036,833
1,202,278

201406260451(201406260451)
899,441
2,754,529
11,657,597
1,038,712
1,203,854

201406260452(201406260452)
899,980
2,754,529
11,657,597
1,038,782
1,203,854

201406260459(201406260459)
914,119
2,774,412
11,657,597
1,044,020
1,203,854

201406260500(201406260500)
914,119
2,774,412
11,673,798
1,044,020
1,203,854

201406260501(201406260501)
915,605
2,774,412
11,673,798
1,044,020
1,207,457

201406260502(201406260502)
917,505
2,774,412
11,673,798
1,044,175
1,207,517

201406260509(201406260509)
922,223
2,794,062
11,875,838
1,048,734
1,211,436

201406260510(201406260510)
922,223
2,794,062
11,875,838
1,048,734
1,211,436

201406260511(201406260511)
922,223
2,794,062
11,875,838
1,049,932
1,211,711

201406260512(201406260512)
923,248
2,794,062
11,875,838
1,049,932
1,211,711

201406260519(201406260519)
924,893
2,794,062
11,875,838
1,053,696
1,218,044

201406260520(201406260520)
926,391
2,794,062
11,875,838
1,053,696
1,218,044

201406260521(201406260521)
926,391
2,818,215
11,875,838
1,053,696
1,218,044

201406260522(201406260522)
926,391
2,818,215
11,875,838
1,054,075
1,218,099

201406260529(201406260529)
939,073
2,826,514
11,875,838
1,065,446
1,222,447

201406260530(201406260530)
939,073
2,826,514
11,875,838
1,067,052
1,222,447

201406260531(201406260531)
939,638
2,826,514
11,875,838
1,067,052
1,222,447

201406260532(201406260532)
942,429
2,826,514
11,875,838
1,067,489
1,222,447

201406260539(201406260539)
944,469
2,833,245
11,875,838
1,070,420
1,232,244

201406260540(201406260540)
944,584
2,833,245
11,875,838
1,071,943
1,232,244

201406260541(201406260541)
944,788
2,833,245
11,875,838
1,071,943
1,233,019

201406260542(201406260542)
946,209
2,833,245
11,875,838
1,071,943
1,233,019

201406260549(201406260549)
951,577
2,844,724
11,914,528
1,075,799
1,236,768

201406260550(201406260550)
952,078
2,844,724
11,914,528
1,079,540
1,236,768

201406260551(201406260551)
952,078
2,844,724
11,914,528
1,087,904
1,237,315

201406260552(201406260552)
952,625
2,870,541
11,914,528
1,087,904
1,237,315

201406260559(201406260559)
954,835
2,918,341
12,010,752
1,092,920
1,241,614

201406260600(201406260600)
955,081
2,920,410
12,024,363
1,092,920
1,244,861

201406260601(201406260601)
955,081
2,920,410
12,024,363
1,092,920
1,250,095

201406260602(201406260602)
960,801
2,920,410
12,162,931
1,092,920
1,250,095

201406260609(201406260609)
967,343
2,927,785
12,194,554
1,099,289
1,252,890

201406260610(201406260610)
970,723
2,930,029
12,194,554
1,099,289
1,252,890

201406260611(201406260611)
970,723
2,930,029
12,194,554
1,101,214
1,252,890

201406260612(201406260612)
970,723
2,966,869
12,194,554
1,101,214
1,253,171

201406260619(201406260619)
977,907
2,996,923
12,194,554
1,111,942
1,263,034

201406260620(201406260620)
979,165
3,004,364
12,194,554
1,111,942
1,265,499

201406260621(201406260621)
980,041
3,012,168
12,194,554
1,111,942
1,265,747

201406260622(201406260622)
980,711
3,018,376
12,194,554
1,114,682
1,271,475

201406260629(201406260629)
994,011
3,045,470
12,194,554
1,128,640
1,277,135

201406260630(201406260630)
994,011
3,047,080
12,194,554
1,128,640
1,277,135

201406260631(201406260631)
997,519
3,052,920
12,194,554
1,129,284
1,278,265

201406260632(201406260632)
998,156
3,052,920
12,194,554
1,129,284
1,278,265

201406260639(201406260639)
1,010,849
3,144,312
12,327,563
1,139,123
1,291,259

201406260640(201406260640)
1,010,849
3,157,160
12,336,033
1,144,432
1,293,589

201406260641(201406260641)
1,010,849
3,157,160
12,336,033
1,144,432
1,295,905

201406260642(201406260642)
1,014,051
3,178,982
12,336,033
1,144,432
1,295,905

201406260649(201406260649)
1,017,808
3,186,068
12,622,136
1,150,400
1,298,729

201406260650(201406260650)
1,018,798
3,186,068
12,730,486
1,151,932
1,298,729

201406260651(201406260651)
1,021,200
3,186,068
12,730,486
1,151,932
1,298,729

201406260652(201406260652)
1,022,546
3,189,125
12,818,781
1,151,932
1,298,729

201406260659(201406260659)
1,032,852
3,199,992
13,050,269
1,155,529
1,303,810

201406260700(201406260700)
1,033,519
3,199,992
13,059,601
1,157,521
1,304,194

201406260701(201406260701)
1,036,083
3,210,465
13,059,601
1,157,521
1,304,434

201406260702(201406260702)
1,036,083
3,210,465
13,059,601
1,157,649
1,307,303

201406260709(201406260709)
1,043,589
3,277,303
13,135,327
1,171,350
1,318,171

201406260710(201406260710)
1,044,175
3,300,033
13,135,327
1,176,963
1,319,089

201406260711(201406260711)
1,044,175
3,300,033
13,135,327
1,176,963
1,321,183

201406260712(201406260712)
1,044,175
3,304,660
13,135,327
1,177,447
1,321,183

201406260719(201406260719)
1,054,356
3,377,562
13,344,895
1,193,043
1,345,954

201406260720(201406260720)
1,054,356
3,377,562
13,374,582
1,193,627
1,347,161

201406260721(201406260721)
1,054,356
3,377,562
13,374,582
1,194,285
1,351,469

201406260722(201406260722)
1,054,356
3,398,239
13,417,883
1,196,406
1,351,469

201406260729(201406260729)
1,067,052
3,409,792
13,417,883
1,211,436
1,371,955

201406260730(201406260730)
1,067,052
3,409,792
13,417,883
1,211,505
1,374,590

201406260731(201406260731)
1,069,075
3,416,503
13,417,883
1,213,332
1,377,009

201406260732(201406260732)
1,072,672
3,439,606
13,417,883
1,214,372
1,379,035

201406260739(201406260739)
1,095,750
3,464,243
13,485,727
1,237,026
1,388,239

201406260740(201406260740)
1,095,750
3,464,243
13,502,726
1,239,703
1,391,158

201406260741(201406260741)
1,099,316
3,464,243
13,502,726
1,241,526
1,393,708

201406260742(201406260742)
1,099,316
3,464,243
13,516,952
1,241,614
1,397,316

201406260749(201406260749)
1,105,441
3,492,914
13,587,937
1,256,337
1,425,656

201406260750(201406260750)
1,108,972
3,493,237
13,587,937
1,256,348
1,429,704

201406260751(201406260751)
1,114,682
3,506,462
13,587,937
1,257,437
1,433,241

201406260752(201406260752)
1,118,729
3,506,462
13,587,937
1,257,437
1,433,241

201406260759(201406260759)
1,129,225
3,527,462
13,613,652
1,261,126
1,438,535

201406260800(201406260800)
1,135,576
3,531,386
13,613,652
1,262,182
1,438,535

201406260801(201406260801)
1,135,869
3,531,386
13,613,652
1,269,939
1,438,876

201406260802(201406260802)
1,135,869
3,535,505
13,613,652
1,270,057
1,446,468

201406260809(201406260809)
1,147,113
3,576,398
13,648,058
1,284,451
1,462,784

201406260810(201406260810)
1,147,113
3,576,398
13,648,058
1,288,299
1,462,784

201406260811(201406260811)
1,147,113
3,596,001
13,648,058
1,290,533
1,467,579

201406260812(201406260812)
1,147,409
3,596,001
13,648,058
1,291,259
1,467,579

201406260819(201406260819)
1,157,649
3,618,610
13,712,603
1,297,997
1,486,027

201406260820(201406260820)
1,159,087
3,618,610
13,712,603
1,303,181
1,487,588

201406260821(201406260821)
1,160,603
3,618,610
13,774,144
1,304,194
1,487,588

201406260822(201406260822)
1,160,603
3,633,742
13,781,504
1,304,194
1,492,160

201406260829(201406260829)
1,171,350
3,640,691
13,802,061
1,316,835
1,504,541

201406260830(201406260830)
1,176,081
3,647,250
13,802,061
1,319,089
1,504,886

201406260831(201406260831)
1,178,223
3,647,250
13,802,061
1,319,274
1,507,129

201406260832(201406260832)
1,179,423
3,658,203
13,802,061
1,319,560
1,507,129

201406260839(201406260839)
1,188,783
3,678,486
13,867,041
1,330,303
1,525,072

201406260840(201406260840)
1,190,885
3,678,486
13,867,041
1,330,640
1,526,059

201406260841(201406260841)
1,194,231
3,678,486
13,867,041
1,331,950
1,526,635

201406260842(201406260842)
1,194,231
3,678,486
13,867,041
1,331,950
1,527,304

201406260849(201406260849)
1,209,975
3,701,307
13,982,002
1,341,930
1,536,036

201406260850(201406260850)
1,211,436
3,701,837
13,993,919
1,344,082
1,536,036

201406260851(201406260851)
1,211,505
3,701,837
13,993,919
1,345,781
1,536,996

201406260852(201406260852)
1,213,093
3,701,837
13,993,919
1,345,954
1,536,996

201406260859(201406260859)
1,224,680
3,734,657
13,993,919
1,357,252
1,544,718

201406260900(201406260900)
1,224,970
3,734,657
13,993,919
1,357,252
1,545,768

201406260901(201406260901)
1,225,357
3,737,114
13,993,919
1,358,625
1,545,768

201406260902(201406260902)
1,226,692
3,738,985
13,993,919
1,363,304
1,545,934

201406260909(201406260909)
1,236,485
3,800,925
14,087,238
1,378,745
1,559,834

201406260910(201406260910)
1,236,485
3,800,925
14,087,238
1,378,745
1,562,244

201406260911(201406260911)
1,236,735
3,800,925
14,087,238
1,381,783
1,562,244

201406260912(201406260912)
1,238,757
3,800,925
14,087,238
1,383,236
1,565,904

201406260919(201406260919)
1,245,715
3,801,563
14,139,643
1,394,500
1,575,145

201406260920(201406260920)
1,246,004
3,845,664
14,139,643
1,394,605
1,575,223

201406260921(201406260921)
1,249,604
3,845,664
14,139,643
1,394,605
1,575,223

201406260922(201406260922)
1,249,604
3,845,664
14,178,124
1,394,959
1,575,223

201406260929(201406260929)
1,259,559
3,845,664
14,239,006
1,420,505
1,583,817

201406260930(201406260930)
1,261,126
3,845,664
14,239,706
1,425,149
1,583,817

201406260931(201406260931)
1,265,747
3,848,501
14,240,356
1,426,284
1,584,467

201406260932(201406260932)
1,265,747
3,848,501
14,241,092
1,426,284
1,584,467

201406260939(201406260939)
1,272,940
3,902,876
14,325,448
1,437,962
1,603,331

201406260940(201406260940)
1,277,320
3,902,876
14,325,448
1,437,962
1,603,331

201406260941(201406260941)
1,277,320
3,902,876
14,325,448
1,439,822
1,603,331

201406260942(201406260942)
1,278,188
3,902,876
14,380,062
1,439,822
1,604,452

201406260949(201406260949)
1,289,194
3,916,987
14,709,060
1,453,479
1,625,387

201406260950(201406260950)
1,290,957
3,916,987
14,709,060
1,456,836
1,625,387

201406260951(201406260951)
1,292,894
3,916,987
14,709,060
1,456,836
1,625,387

201406260952(201406260952)
1,293,647
3,930,987
14,709,060
1,458,835
1,625,387

201406260959(201406260959)
1,305,483
3,968,076
14,856,392
1,469,746
1,636,163

201406261000(201406261000)
1,305,483
3,989,453
14,856,392
1,469,746
1,636,200

201406261001(201406261001)
1,306,554
3,991,202
14,856,392
1,469,746
1,640,555

201406261002(201406261002)
1,306,554
3,992,321
14,856,392
1,469,746
1,640,555

201406261009(201406261009)
1,312,840
4,021,770
14,960,932
1,476,635
1,650,871

201406261010(201406261010)
1,317,954
4,023,077
14,960,932
1,478,788
1,656,793

201406261011(201406261011)
1,317,954
4,023,077
14,960,932
1,481,483
1,658,941

201406261012(201406261012)
1,320,278
4,023,077
14,960,932
1,483,996
1,658,941

201406261019(201406261019)
1,326,778
4,068,861
15,077,187
1,495,012
1,684,233

201406261020(201406261020)
1,326,778
4,068,861
15,100,093
1,495,882
1,685,539

201406261021(201406261021)
1,327,610
4,068,861
15,100,093
1,500,406
1,687,073

201406261022(201406261022)
1,327,610
4,069,541
15,100,093
1,500,406
1,694,489

201406261029(201406261029)
1,334,270
4,096,673
15,355,484
1,501,546
1,701,226

201406261030(201406261030)
1,334,270
4,113,651
15,358,238
1,501,546
1,702,540

201406261031(201406261031)
1,334,270
4,118,996
15,358,238
1,501,546
1,702,540

201406261032(201406261032)
1,334,270
4,118,996
15,358,238
1,504,541
1,703,309

201406261039(201406261039)
1,347,161
4,136,790
15,358,238
1,512,984
1,713,756

201406261040(201406261040)
1,349,234
4,136,790
15,358,238
1,512,984
1,719,000

201406261041(201406261041)
1,352,299
4,136,790
15,358,238
1,512,984
1,719,000

201406261042(201406261042)
1,355,053
4,136,790
15,358,238
1,513,528
1,726,576

201406261049(201406261049)
1,371,955
4,142,346
15,358,238
1,526,059
1,736,601

201406261050(201406261050)
1,371,955
4,142,346
15,358,510
1,526,635
1,742,003

201406261051(201406261051)
1,373,667
4,142,346
15,358,714
1,526,635
1,745,796

201406261052(201406261052)
1,373,667
4,142,346
15,568,516
1,526,635
1,751,609

201406261059(201406261059)
1,382,181
4,211,079
15,790,103
1,528,177
1,764,197

201406261100(201406261100)
1,383,236
4,229,661
15,790,103
1,528,683
1,765,766

201406261101(201406261101)
1,383,694
4,229,661
15,790,103
1,537,936
1,769,324

201406261102(201406261102)
1,384,468
4,229,661
15,790,103
1,537,936
1,773,970

201406261109(201406261109)
1,401,678
4,268,562
15,790,103
1,549,953
1,776,746

201406261110(201406261110)
1,402,036
4,268,562
15,790,103
1,556,131
1,780,658

201406261111(201406261111)
1,402,963
4,273,369
15,790,103
1,562,961
1,780,658

201406261112(201406261112)
1,408,423
4,273,369
15,790,103
1,570,833
1,784,982

201406261119(201406261119)
1,420,062
4,335,474
15,790,103
1,575,223
1,814,875

201406261120(201406261120)
1,420,875
4,335,474
15,790,103
1,582,780
1,817,803

201406261121(201406261121)
1,421,078
4,337,353
15,892,840
1,583,329
1,817,803

201406261122(201406261122)
1,421,078
4,351,518
15,892,840
1,584,467
1,817,803

201406261129(201406261129)
1,446,757
4,370,498
16,138,057
1,601,211
1,832,404

201406261130(201406261130)
1,447,296
4,387,892
16,210,596
1,603,331
1,840,553

201406261131(201406261131)
1,447,422
4,425,850
16,210,596
1,604,537
1,840,553

201406261132(201406261132)
1,447,422
4,425,850
16,210,596
1,604,969
1,840,553

201406261139(201406261139)
1,458,835
4,462,494
16,210,596
1,614,230
1,848,496

201406261140(201406261140)
1,458,835
4,462,494
16,210,596
1,614,230
1,850,753

201406261141(201406261141)
1,458,835
4,484,641
16,237,628
1,614,230
1,852,025

201406261142(201406261142)
1,458,835
4,484,641
16,237,628
1,614,230
1,852,025

201406261149(201406261149)
1,468,559
4,528,606
16,289,373
1,621,057
1,853,221

201406261150(201406261150)
1,468,559
4,528,606
16,289,373
1,621,057
1,853,221

201406261151(201406261151)
1,472,602
4,528,606
16,303,773
1,621,057
1,854,060

201406261152(201406261152)
1,472,602
4,532,240
16,575,974
1,621,057
1,854,060

201406261159(201406261159)
1,486,561
4,567,870
16,925,398
1,638,850
1,860,332

201406261200(201406261200)
1,487,581
4,567,870
16,925,398
1,638,855
1,860,332

201406261201(201406261201)
1,487,588
4,635,806
16,925,398
1,638,855
1,861,154

201406261202(201406261202)
1,489,320
4,635,806
16,925,398
1,640,555
1,865,598

201406261209(201406261209)
1,499,734
4,665,046
16,969,960
1,666,989
1,873,015

201406261210(201406261210)
1,499,734
4,665,046
16,969,960
1,666,989
1,882,090

201406261211(201406261211)
1,501,546
4,675,105
16,969,960
1,674,366
1,882,090

201406261212(201406261212)
1,503,814
4,675,793
16,976,485
1,675,776
1,883,163

201406261219(201406261219)
1,517,198
4,757,085
17,086,576
1,693,517
1,907,900

201406261220(201406261220)
1,517,198
4,757,085
17,086,576
1,701,037
1,909,874

201406261221(201406261221)
1,517,198
4,757,085
17,086,576
1,702,428
1,911,669

201406261222(201406261222)
1,517,509
4,761,920
17,086,576
1,702,540
1,911,669

201406261229(201406261229)
1,524,774
4,834,394
17,176,439
1,729,762
1,938,693

201406261230(201406261230)
1,526,059
4,834,394
17,257,405
1,731,956
1,939,980

201406261231(201406261231)
1,527,581
4,834,394
17,257,405
1,731,956
1,939,980

201406261232(201406261232)
1,528,401
4,834,394
17,369,018
1,734,658
1,943,144

201406261239(201406261239)
1,555,431
4,847,816
17,568,902
1,758,558
1,982,465

201406261240(201406261240)
1,557,107
4,873,052
17,591,385
1,761,839
1,982,465

201406261241(201406261241)
1,571,514
4,905,186
17,591,385
1,765,105
1,982,870

201406261242(201406261242)
1,574,297
4,910,108
17,591,385
1,765,766
1,990,218

201406261249(201406261249)
1,593,399
4,948,935
17,790,132
1,779,142
2,011,222

201406261250(201406261250)
1,596,530
4,948,935
17,790,132
1,784,834
2,015,417

201406261251(201406261251)
1,598,097
4,948,958
17,790,132
1,790,868
2,015,417

201406261252(201406261252)
1,602,094
4,948,958
17,891,888
1,795,933
2,015,417

201406261259(201406261259)
1,616,996
4,960,773
18,027,162
1,817,270
2,043,529

201406261300(201406261300)
1,616,996
4,965,383
18,071,058
1,817,803
2,047,327

201406261301(201406261301)
1,616,996
4,987,790
18,104,483
1,819,546
2,048,593

201406261302(201406261302)
1,616,996
5,006,129
18,104,483
1,819,546
2,053,269

201406261309(201406261309)
1,636,200
5,045,233
18,107,162
1,834,747
2,073,382

201406261310(201406261310)
1,641,384
5,058,139
18,107,162
1,836,484
2,076,514

201406261311(201406261311)
1,641,384
5,080,664
18,107,162
1,836,515
2,076,514

201406261312(201406261312)
1,641,384
5,080,664
18,107,162
1,838,001
2,077,598

201406261319(201406261319)
1,651,404
5,137,867
18,143,991
1,841,853
2,092,889

201406261320(201406261320)
1,651,404
5,142,564
18,143,991
1,844,787
2,092,889

201406261321(201406261321)
1,651,404
5,144,768
18,143,991
1,845,144
2,092,889

201406261322(201406261322)
1,654,251
5,149,361
18,143,991
1,847,739
2,095,360

201406261329(201406261329)
1,658,198
5,157,352
18,188,661
1,852,593
2,115,016

201406261330(201406261330)
1,662,690
5,162,206
18,188,661
1,853,122
2,115,016

201406261331(201406261331)
1,662,690
5,162,206
18,189,001
1,853,122
2,115,016

201406261332(201406261332)
1,665,339
5,166,005
18,189,633
1,859,473
2,115,016

201406261339(201406261339)
1,674,451
5,193,750
18,291,160
1,867,736
2,126,340

201406261340(201406261340)
1,676,184
5,193,750
18,291,160
1,877,350
2,127,390

201406261341(201406261341)
1,682,514
5,193,750
18,291,160
1,878,652
2,133,533

201406261342(201406261342)
1,684,532
5,193,750
18,291,160
1,878,652
2,141,012

201406261349(201406261349)
1,696,021
5,206,967
18,506,374
1,882,090
2,149,972

201406261350(201406261350)
1,696,021
5,219,663
18,506,374
1,882,091
2,150,934

201406261351(201406261351)
1,696,021
5,233,939
18,506,374
1,882,091
2,150,934

201406261352(201406261352)
1,698,444
5,233,939
18,507,822
1,882,091
2,150,934

201406261359(201406261359)
1,710,890
5,282,902
18,562,467
1,895,052
2,161,625

201406261400(201406261400)
1,714,122
5,284,222
18,849,768
1,911,299
2,161,625

201406261401(201406261401)
1,719,311
5,298,887
18,849,768
1,911,299
2,168,255

201406261402(201406261402)
1,721,045
5,298,887
18,913,964
1,919,012
2,171,734

201406261409(201406261409)
1,729,762
5,298,887
18,913,964
1,937,323
2,176,235

201406261410(201406261410)
1,731,948
5,298,887
18,913,964
1,937,323
2,176,235

201406261411(201406261411)
1,734,751
5,330,674
18,913,964
1,937,323
2,176,235

201406261412(201406261412)
1,750,192
5,330,674
18,913,964
1,939,980
2,177,167

201406261419(201406261419)
1,770,683
5,376,929
18,940,059
1,946,262
2,194,183

201406261420(201406261420)
1,773,697
5,381,092
18,940,059
1,949,149
2,195,742

201406261421(201406261421)
1,773,697
5,381,328
18,940,059
1,954,926
2,195,742

201406261422(201406261422)
1,773,697
5,388,665
18,940,059
1,964,074
2,201,923

201406261429(201406261429)
1,781,308
5,475,428
18,961,741
1,966,984
2,220,159

201406261430(201406261430)
1,784,905
5,501,618
18,961,741
1,968,258
2,220,159

201406261431(201406261431)
1,786,797
5,513,826
18,961,741
1,969,050
2,220,159

201406261432(201406261432)
1,786,797
5,513,826
18,961,741
1,972,032
2,222,701

201406261439(201406261439)
1,803,662
5,543,541
19,042,608
1,998,221
2,240,966

201406261440(201406261440)
1,803,662
5,543,541
19,042,608
2,000,143
2,247,669

201406261441(201406261441)
1,803,662
5,554,429
19,042,608
2,010,107
2,249,137

201406261442(201406261442)
1,803,662
5,554,565
19,042,608
2,010,232
2,249,137

201406261449(201406261449)
1,813,229
5,608,545
19,059,096
2,012,034
2,284,339

201406261450(201406261450)
1,814,407
5,621,450
19,059,096
2,012,034
2,284,339

201406261451(201406261451)
1,814,407
5,621,450
19,059,096
2,012,034
2,284,339

201406261452(201406261452)
1,814,407
5,621,450
19,059,096
2,014,071
2,285,075

201406261459(201406261459)
1,817,803
5,672,656
19,283,726
2,039,315
2,289,569

201406261500(201406261500)
1,817,803
5,686,559
19,283,726
2,041,512
2,302,233

201406261501(201406261501)
1,817,803
5,695,944
19,415,702
2,041,512
2,305,618

201406261502(201406261502)
1,817,803
5,695,944
19,415,702
2,041,512
2,312,811

201406261509(201406261509)
1,828,455
5,696,801
19,598,765
2,052,422
2,326,991

201406261510(201406261510)
1,829,781
5,696,801
19,598,765
2,052,422
2,326,991

201406261511(201406261511)
1,835,230
5,706,268
19,598,765
2,052,422
2,326,991

201406261512(201406261512)
1,837,405
5,706,268
19,598,765
2,055,404
2,326,991

201406261519(201406261519)
1,838,879
5,722,369
19,616,669
2,068,572
2,339,159

201406261520(201406261520)
1,839,502
5,722,369
19,616,669
2,068,611
2,339,159

201406261521(201406261521)
1,839,751
5,722,369
19,616,669
2,068,611
2,339,159

201406261522(201406261522)
1,839,751
5,722,369
19,616,669
2,071,110
2,339,159

201406261529(201406261529)
1,847,739
5,751,940
20,251,754
2,073,382
2,351,343

201406261530(201406261530)
1,848,496
5,791,280
20,277,736
2,073,382
2,353,993

201406261531(201406261531)
1,848,496
5,791,280
20,379,447
2,079,905
2,354,129

201406261532(201406261532)
1,848,496
5,791,280
20,379,447
2,079,905
2,354,129

201406261539(201406261539)
1,854,659
5,840,257
20,779,292
2,102,835
2,367,406

201406261540(201406261540)
1,854,659
5,854,217
20,779,292
2,102,835
2,391,519

201406261541(201406261541)
1,855,472
5,854,217
20,779,292
2,102,835
2,391,564

201406261542(201406261542)
1,855,836
5,854,217
20,779,292
2,102,835
2,393,211

201406261549(201406261549)
1,869,650
5,905,709
20,805,951
2,115,906
2,403,636

201406261550(201406261550)
1,869,650
5,905,709
20,805,951
2,115,906
2,404,810

201406261551(201406261551)
1,869,650
5,938,377
20,805,951
2,115,906
2,405,776

201406261552(201406261552)
1,873,089
5,946,241
20,805,951
2,117,898
2,405,776

201406261559(201406261559)
1,881,339
6,058,739
20,805,951
2,122,694
2,424,513

201406261600(201406261600)
1,882,090
6,063,485
20,805,951
2,122,694
2,424,513

201406261601(201406261601)
1,882,091
6,063,485
20,805,951
2,123,416
2,424,513

201406261602(201406261602)
1,889,613
6,063,485
20,993,939
2,123,416
2,424,513

201406261609(201406261609)
1,900,624
6,117,716
20,993,939
2,127,390
2,425,624

201406261610(201406261610)
1,903,653
6,117,716
20,993,939
2,127,851
2,427,608

201406261611(201406261611)
1,912,815
6,119,908
20,993,939
2,132,652
2,437,596

201406261612(201406261612)
1,912,815
6,187,575
20,993,939
2,132,652
2,438,261

201406261619(201406261619)
1,925,029
6,198,980
20,993,939
2,135,870
2,451,251

201406261620(201406261620)
1,926,878
6,199,252
20,993,939
2,137,655
2,453,927

201406261621(201406261621)
1,927,784
6,207,354
20,993,939
2,137,655
2,453,927

201406261622(201406261622)
1,927,784
6,229,598
20,993,939
2,137,655
2,453,927

201406261629(201406261629)
1,939,980
6,236,512
21,062,442
2,148,141
2,471,105

201406261630(201406261630)
1,939,980
6,237,304
21,062,442
2,149,906
2,490,227

201406261631(201406261631)
1,939,980
6,255,463
21,062,442
2,158,506
2,492,822

201406261632(201406261632)
1,939,980
6,255,463
21,062,442
2,158,506
2,492,822

201406261639(201406261639)
1,954,497
6,307,433
21,086,118
2,172,833
2,520,557

201406261640(201406261640)
1,954,497
6,307,433
21,116,522
2,176,235
2,520,557

201406261641(201406261641)
1,958,453
6,312,404
21,116,522
2,176,235
2,520,557

201406261642(201406261642)
1,958,453
6,312,404
21,116,522
2,180,561
2,520,557

201406261649(201406261649)
1,964,041
6,316,601
21,354,371
2,196,122
2,550,068

201406261650(201406261650)
1,965,348
6,316,601
21,425,338
2,198,466
2,562,054

201406261651(201406261651)
1,965,348
6,316,601
21,425,338
2,209,877
2,563,237

201406261652(201406261652)
1,966,158
6,316,601
21,425,338
2,209,877
2,563,237

201406261659(201406261659)
1,979,581
6,318,967
21,515,652
2,230,627
2,575,056

201406261700(201406261700)
1,979,581
6,318,967
21,515,652
2,230,627
2,575,056

201406261701(201406261701)
1,979,581
6,318,967
21,515,652
2,234,150
2,575,056

201406261702(201406261702)
1,985,530
6,318,967
21,515,652
2,234,150
2,575,056

201406261709(201406261709)
2,011,368
6,330,424
21,528,610
2,256,273
2,598,884

201406261710(201406261710)
2,011,368
6,330,424
21,650,636
2,262,801
2,601,666

201406261711(201406261711)
2,012,167
6,367,299
21,650,636
2,268,334
2,604,645

201406261712(201406261712)
2,012,167
6,367,299
21,689,199
2,273,963
2,604,645

201406261719(201406261719)
2,018,481
6,370,015
21,962,295
2,305,618
2,642,908

201406261720(201406261720)
2,019,387
6,370,015
21,962,295
2,306,663
2,647,141

201406261721(201406261721)
2,022,980
6,374,161
21,968,754
2,308,156
2,647,141

201406261722(201406261722)
2,023,600
6,394,293
21,968,754
2,312,811
2,647,141

201406261729(201406261729)
2,055,404
6,411,067
21,968,754
2,320,824
2,658,003

201406261730(201406261730)
2,058,708
6,411,067
21,968,754
2,320,824
2,663,698

201406261731(201406261731)
2,058,847
6,411,067
21,968,754
2,327,475
2,670,036

201406261732(201406261732)
2,058,847
6,424,049
21,968,754
2,332,104
2,673,440

201406261739(201406261739)
2,071,888
6,499,492
22,063,251
2,339,159
2,705,721

201406261740(201406261740)
2,072,811
6,512,505
22,063,251
2,339,159
2,709,038

201406261741(201406261741)
2,072,811
6,512,505
22,131,751
2,340,086
2,709,038

201406261742(201406261742)
2,072,811
6,512,505
22,132,871
2,342,432
2,721,449

201406261749(201406261749)
2,087,173
6,532,995
22,361,107
2,367,128
2,739,243

201406261750(201406261750)
2,087,173
6,532,995
22,361,107
2,367,128
2,739,243

201406261751(201406261751)
2,088,600
6,557,784
22,361,107
2,369,847
2,740,949

201406261752(201406261752)
2,096,706
6,596,153
22,361,107
2,369,847
2,741,679

201406261759(201406261759)
2,117,990
6,596,153
22,361,107
2,371,141
2,749,780

201406261800(201406261800)
2,121,243
6,600,304
22,361,107
2,379,772
2,749,780

201406261801(201406261801)
2,121,243
6,600,304
22,361,107
2,384,606
2,749,780

201406261802(201406261802)
2,122,802
6,600,304
22,361,107
2,393,457
2,749,780

