201406261809(201406261809)
2,136,830
6,617,132
22,708,377
2,418,329
2,769,680

201406261810(201406261810)
2,136,830
6,617,132
22,708,377
2,422,703
2,769,680

201406261811(201406261811)
2,137,655
6,617,132
22,772,591
2,423,317
2,778,497

201406261812(201406261812)
2,142,531
6,617,132
22,772,591
2,423,317
2,778,497

201406261819(201406261819)
2,162,929
6,678,654
22,806,596
2,450,887
2,789,362

201406261820(201406261820)
2,162,929
6,678,654
22,806,596
2,451,731
2,796,913

201406261821(201406261821)
2,162,929
6,694,620
22,806,596
2,459,941
2,796,913

201406261822(201406261822)
2,162,929
6,711,616
22,969,443
2,462,665
2,816,834

201406261829(201406261829)
2,179,717
6,738,649
22,969,443
2,485,938
2,841,378

201406261830(201406261830)
2,180,509
6,738,989
23,068,864
2,487,079
2,843,447

201406261831(201406261831)
2,195,238
6,739,805
23,068,864
2,487,079
2,845,496

201406261832(201406261832)
2,195,238
6,740,281
23,093,887
2,487,079
2,852,635

201406261839(201406261839)
2,211,442
6,835,568
23,622,850
2,499,012
2,887,338

201406261840(201406261840)
2,211,793
6,890,922
23,622,850
2,507,354
2,887,338

201406261841(201406261841)
2,211,793
6,910,915
23,622,850
2,512,712
2,887,338

201406261842(201406261842)
2,215,215
6,910,915
23,622,850
2,512,712
2,887,338

201406261849(201406261849)
2,222,465
6,963,698
23,622,850
2,538,572
2,928,750

201406261850(201406261850)
2,230,160
6,971,455
23,622,850
2,538,572
2,930,127

201406261851(201406261851)
2,234,963
6,971,455
23,622,850
2,543,039
2,930,127

201406261852(201406261852)
2,235,490
6,985,863
23,622,850
2,553,325
2,940,164

201406261859(201406261859)
2,259,262
7,039,364
23,970,701
2,571,518
2,989,262

201406261900(201406261900)
2,266,868
7,056,239
23,970,701
2,575,759
2,990,936

201406261901(201406261901)
2,267,462
7,082,884
23,970,701
2,590,971
2,993,665

201406261902(201406261902)
2,270,189
7,082,884
23,970,701
2,596,451
2,997,714

201406261909(201406261909)
2,287,468
7,161,367
24,051,034
2,620,680
3,025,397

201406261910(201406261910)
2,287,468
7,191,313
24,051,034
2,623,023
3,045,899

201406261911(201406261911)
2,287,468
7,235,631
24,051,034
2,623,477
3,049,310

201406261912(201406261912)
2,289,569
7,235,631
24,051,034
2,623,477
3,053,158

201406261919(201406261919)
2,337,710
7,348,058
24,051,034
2,655,277
3,065,429

201406261920(201406261920)
2,337,710
7,352,675
24,051,034
2,663,698
3,066,777

201406261921(201406261921)
2,339,159
7,352,675
24,068,581
2,663,698
3,066,777

201406261922(201406261922)
2,339,159
7,352,675
24,068,581
2,663,698
3,067,385

201406261929(201406261929)
2,378,400
7,412,918
24,560,903
2,675,908
3,087,333

201406261930(201406261930)
2,380,322
7,425,339
24,560,903
2,681,109
3,087,333

201406261931(201406261931)
2,381,201
7,425,339
24,906,200
2,696,531
3,089,206

201406261932(201406261932)
2,381,201
7,425,339
24,906,200
2,711,814
3,089,206

201406261939(201406261939)
2,404,287
7,488,004
25,108,506
2,739,243
3,107,882

201406261940(201406261940)
2,404,810
7,543,624
25,108,506
2,744,118
3,117,362

201406261941(201406261941)
2,405,800
7,545,869
25,108,506
2,744,927
3,142,287

201406261942(201406261942)
2,414,379
7,574,125
25,108,506
2,749,085
3,146,948

201406261949(201406261949)
2,442,668
7,618,666
25,108,506
2,763,994
3,170,579

201406261950(201406261950)
2,447,481
7,618,666
25,108,506
2,776,659
3,180,699

201406261951(201406261951)
2,468,499
7,666,583
25,108,506
2,776,659
3,197,696

201406261952(201406261952)
2,479,903
7,671,299
25,108,506
2,776,659
3,202,284

201406261959(201406261959)
2,492,822
7,747,692
25,127,613
2,792,022
3,248,124

201406262000(201406262000)
2,497,494
7,779,412
25,127,613
2,795,456
3,255,245

201406262001(201406262001)
2,497,494
7,857,496
25,127,613
2,795,456
3,255,245

201406262002(201406262002)
2,498,078
7,872,529
25,127,613
2,808,994
3,255,245

201406262009(201406262009)
2,508,706
7,887,787
25,164,453
2,819,609
3,278,853

201406262010(201406262010)
2,511,123
7,887,787
25,164,453
2,831,346
3,285,001

201406262011(201406262011)
2,515,076
7,887,787
25,164,453
2,834,332
3,289,603

201406262012(201406262012)
2,515,076
7,887,787
25,164,453
2,835,665
3,289,603

201406262019(201406262019)
2,541,035
7,917,898
25,281,796
2,862,526
3,296,116

201406262020(201406262020)
2,541,035
7,917,898
25,332,448
2,864,842
3,296,116

201406262021(201406262021)
2,541,035
7,979,234
25,332,448
2,864,842
3,296,116

201406262022(201406262022)
2,542,105
7,979,234
25,338,218
2,869,247
3,303,274

201406262029(201406262029)
2,562,420
7,979,234
25,696,768
2,900,052
3,316,758

201406262030(201406262030)
2,562,420
8,046,422
25,734,709
2,906,609
3,321,195

201406262031(201406262031)
2,569,190
8,046,422
25,734,709
2,917,414
3,324,852

201406262032(201406262032)
2,573,838
8,046,422
25,734,709
2,917,414
3,325,311

201406262039(201406262039)
2,599,027
8,186,680
25,879,650
2,941,513
3,335,724

201406262040(201406262040)
2,604,043
8,187,582
25,917,286
2,945,524
3,342,351

201406262041(201406262041)
2,609,314
8,188,752
25,976,302
2,950,076
3,346,843

201406262042(201406262042)
2,623,023
8,214,338
25,976,302
2,965,035
3,354,784

201406262049(201406262049)
2,649,527
8,248,469
26,303,976
2,986,123
3,372,186

201406262050(201406262050)
2,649,527
8,266,375
26,303,976
2,988,746
3,376,084

201406262051(201406262051)
2,649,527
8,266,375
26,322,131
2,988,746
3,378,568

201406262052(201406262052)
2,652,359
8,311,969
26,322,131
2,989,262
3,384,759

201406262059(201406262059)
2,683,408
8,346,429
26,357,045
3,010,102
3,409,248

201406262100(201406262100)
2,692,770
8,346,429
26,357,045
3,011,960
3,409,248

201406262101(201406262101)
2,700,258
8,346,429
26,379,865
3,029,164
3,409,248

201406262102(201406262102)
2,711,814
8,369,993
26,564,408
3,057,365
3,412,322

201406262109(201406262109)
2,727,416
8,411,961
26,913,888
3,105,317
3,468,158

201406262110(201406262110)
2,727,416
8,411,961
26,969,209
3,114,503
3,477,570

201406262111(201406262111)
2,728,345
8,411,961
26,969,209
3,116,975
3,478,149

201406262112(201406262112)
2,731,736
8,428,604
26,969,209
3,117,838
3,489,751

201406262119(201406262119)
2,737,200
8,515,031
27,067,729
3,150,141
3,515,392

201406262120(201406262120)
2,739,243
8,542,653
27,117,505
3,161,257
3,519,394

201406262121(201406262121)
2,739,243
8,542,653
27,179,052
3,167,492
3,522,806

201406262122(201406262122)
2,739,243
8,542,653
27,179,052
3,167,492
3,527,170

201406262129(201406262129)
2,756,634
8,583,195
27,241,942
3,190,418
3,571,608

201406262130(201406262130)
2,774,733
8,583,195
27,249,608
3,193,196
3,573,409

201406262131(201406262131)
2,792,409
8,583,195
27,249,608
3,194,480
3,576,377

201406262132(201406262132)
2,793,198
8,645,450
27,442,073
3,200,343
3,579,198

201406262139(201406262139)
2,808,994
8,710,043
27,655,626
3,226,904
3,606,364

201406262140(201406262140)
2,821,782
8,716,985
27,655,626
3,228,700
3,606,364

201406262141(201406262141)
2,825,005
8,747,984
27,655,626
3,238,774
3,614,407

201406262142(201406262142)
2,825,005
8,747,984
27,655,626
3,243,363
3,614,762

201406262149(201406262149)
2,861,349
8,816,018
28,089,137
3,272,457
3,670,749

201406262150(201406262150)
2,861,349
8,822,284
28,127,054
3,276,565
3,674,193

201406262151(201406262151)
2,867,799
8,822,284
28,127,054
3,278,586
3,689,732

201406262152(201406262152)
2,867,799
8,822,284
28,127,054
3,284,437
3,692,847

201406262159(201406262159)
2,900,604
8,865,466
28,249,422
3,332,231
3,750,427

201406262200(201406262200)
2,902,606
8,895,939
28,249,422
3,332,231
3,750,427

201406262201(201406262201)
2,902,606
8,895,939
28,249,422
3,339,124
3,759,116

201406262202(201406262202)
2,915,731
8,926,499
28,335,872
3,339,124
3,773,774

201406262209(201406262209)
2,930,304
8,996,261
28,500,172
3,374,447
3,839,357

201406262210(201406262210)
2,935,687
8,996,261
28,656,894
3,378,979
3,839,990

201406262211(201406262211)
2,935,687
8,996,261
28,683,429
3,378,979
3,841,036

201406262212(201406262212)
2,935,687
8,997,865
28,683,429
3,380,280
3,842,579

201406262219(201406262219)
2,962,781
9,068,324
29,124,687
3,403,281
3,896,329

201406262220(201406262220)
2,973,932
9,157,904
29,124,687
3,403,294
3,896,329

201406262221(201406262221)
2,977,055
9,185,589
29,124,687
3,424,643
3,902,380

201406262222(201406262222)
2,983,628
9,208,889
29,124,687
3,426,345
3,906,229

201406262229(201406262229)
3,023,108
9,252,686
29,528,009
3,451,001
3,933,515

201406262230(201406262230)
3,023,108
9,252,686
29,559,879
3,462,328
3,947,296

201406262231(201406262231)
3,029,773
9,269,935
29,588,625
3,462,328
3,954,814

201406262232(201406262232)
3,042,750
9,269,935
29,619,718
3,464,173
3,954,814

201406262239(201406262239)
3,091,070
9,394,365
30,294,693
3,504,962
4,009,516

201406262240(201406262240)
3,094,234
9,394,365
30,294,693
3,506,600
4,009,516

201406262241(201406262241)
3,095,390
9,394,365
30,364,292
3,512,196
4,013,856

201406262242(201406262242)
3,112,330
9,429,677
30,364,292
3,512,196
4,022,078

201406262249(201406262249)
3,127,485
9,548,266
30,878,400
3,547,650
4,058,600

201406262250(201406262250)
3,137,139
9,621,119
30,878,536
3,554,940
4,060,661

201406262251(201406262251)
3,155,048
9,622,959
30,959,220
3,554,940
4,064,823

201406262252(201406262252)
3,155,048
9,643,024
30,959,220
3,565,516
4,064,823

201406262259(201406262259)
3,216,838
9,843,235
31,346,259
3,602,656
4,141,809

201406262300(201406262300)
3,216,838
9,878,287
31,346,259
3,606,184
4,147,254

201406262301(201406262301)
3,219,556
9,888,316
31,346,395
3,606,184
4,154,842

201406262302(201406262302)
3,222,713
9,888,316
31,346,531
3,607,853
4,155,400

201406262309(201406262309)
3,285,974
10,009,619
31,653,883
3,670,749
4,193,845

201406262310(201406262310)
3,292,535
10,009,619
31,653,883
3,681,397
4,193,845

201406262311(201406262311)
3,299,872
10,013,145
31,653,883
3,681,397
4,193,845

201406262312(201406262312)
3,299,872
10,033,739
31,653,883
3,688,835
4,196,540

201406262319(201406262319)
3,332,231
10,052,287
32,057,979
3,736,428
4,274,890

201406262320(201406262320)
3,332,231
10,072,408
32,057,979
3,736,428
4,274,890

201406262321(201406262321)
3,336,385
10,075,124
32,176,208
3,740,609
4,274,890

201406262322(201406262322)
3,339,124
10,075,124
32,176,208
3,740,609
4,274,890

201406262329(201406262329)
3,358,030
10,249,925
32,176,208
3,767,428
4,304,929

201406262330(201406262330)
3,358,843
10,249,925
32,176,208
3,771,673
4,315,819

201406262331(201406262331)
3,358,843
10,249,925
32,271,799
3,773,682
4,339,064

201406262332(201406262332)
3,365,264
10,252,647
32,344,145
3,773,682
4,342,000

201406262339(201406262339)
3,379,952
10,370,371
32,944,121
3,806,292
4,360,394

201406262340(201406262340)
3,388,774
10,413,032
32,944,121
3,806,292
4,375,517

201406262341(201406262341)
3,388,774
10,430,783
33,096,500
3,806,292
4,376,941

201406262342(201406262342)
3,391,104
10,430,811
33,331,042
3,807,486
4,376,941

201406262349(201406262349)
3,433,842
10,480,362
33,509,960
3,838,616
4,407,528

201406262350(201406262350)
3,433,842
10,567,426
33,509,960
3,839,357
4,413,699

201406262351(201406262351)
3,433,842
10,568,546
33,580,285
3,856,113
4,413,699

201406262352(201406262352)
3,433,842
10,568,546
33,580,285
3,863,928
4,413,699

201406262359(201406262359)
3,464,513
10,721,183
33,765,705
3,899,866
4,454,492

201406270000(201406270000)
3,464,513
10,721,183
33,833,316
3,915,878
4,454,492

201406270001(201406270001)
3,464,513
10,721,183
33,833,316
3,915,878
4,454,492

201406270002(201406270002)
3,472,168
10,721,183
33,833,316
3,915,878
4,454,492

201406270009(201406270009)
3,486,540
10,764,252
34,037,255
3,938,793
4,504,087

201406270010(201406270010)
3,486,540
10,764,252
34,037,255
3,961,397
4,504,087

201406270011(201406270011)
3,488,792
10,789,176
34,037,255
3,961,397
4,504,087

201406270012(201406270012)
3,496,254
10,789,176
34,037,255
3,984,150
4,504,087

201406270019(201406270019)
3,522,064
10,962,332
34,333,376
3,990,809
4,519,908

201406270020(201406270020)
3,522,064
10,977,173
34,353,277
3,993,342
4,527,261

201406270021(201406270021)
3,522,064
10,977,173
34,353,277
4,003,978
4,535,789

201406270022(201406270022)
3,530,915
10,977,173
34,353,277
4,003,978
4,535,789

201406270029(201406270029)
3,570,568
11,007,263
34,353,277
4,007,729
4,558,068

201406270030(201406270030)
3,571,072
11,007,263
34,353,277
4,007,729
4,571,234

201406270031(201406270031)
3,571,072
11,007,263
34,353,277
4,012,415
4,572,127

201406270032(201406270032)
3,571,533
11,007,263
34,389,719
4,013,571
4,573,827

201406270039(201406270039)
3,585,314
11,138,923
35,153,077
4,040,270
4,583,130

201406270040(201406270040)
3,585,314
11,140,531
35,153,077
4,040,666
4,583,130

201406270041(201406270041)
3,585,680
11,140,531
35,153,077
4,040,666
4,583,130

201406270042(201406270042)
3,585,680
11,140,531
35,153,077
4,040,666
4,583,357

201406270049(201406270049)
3,620,181
11,242,157
35,153,077
4,080,163
4,609,182

201406270050(201406270050)
3,620,181
11,242,157
35,448,335
4,087,675
4,609,182

201406270051(201406270051)
3,635,278
11,242,157
35,617,799
4,087,675
4,609,182

201406270052(201406270052)
3,635,278
11,242,157
35,617,799
4,087,675
4,609,182

201406270059(201406270059)
3,682,335
11,266,703
35,631,237
4,147,561
4,641,924

201406270100(201406270100)
3,688,835
11,266,703
35,631,237
4,162,015
4,651,984

201406270101(201406270101)
3,689,412
11,315,406
35,631,237
4,162,015
4,666,957

201406270102(201406270102)
3,689,412
11,315,406
35,815,992
4,162,015
4,666,957

201406270109(201406270109)
3,720,709
11,329,046
36,348,158
4,191,630
4,727,028

201406270110(201406270110)
3,726,291
11,329,046
36,581,866
4,195,688
4,727,028

201406270111(201406270111)
3,726,694
11,329,046
36,632,595
4,196,267
4,730,799

201406270112(201406270112)
3,726,694
11,329,046
36,632,595
4,196,540
4,740,398

201406270119(201406270119)
3,775,313
11,349,409
36,638,400
4,256,052
4,783,783

201406270120(201406270120)
3,775,313
11,349,409
36,697,550
4,256,052
4,792,520

201406270121(201406270121)
3,775,313
11,349,409
36,697,550
4,256,052
4,800,287

201406270122(201406270122)
3,775,313
11,349,409
36,697,550
4,266,683
4,803,218

201406270129(201406270129)
3,831,907
11,436,705
37,032,958
4,292,313
4,865,504

201406270130(201406270130)
3,831,907
11,436,705
37,032,958
4,293,259
4,877,927

201406270131(201406270131)
3,831,907
11,446,486
37,032,958
4,297,507
4,885,100

201406270132(201406270132)
3,832,768
11,471,585
37,032,958
4,301,574
4,892,425

201406270139(201406270139)
3,865,684
11,478,822
37,093,581
4,347,966
4,956,345

201406270140(201406270140)
3,865,684
11,478,822
37,093,581
4,353,080
4,958,901

201406270141(201406270141)
3,865,684
11,481,301
37,101,696
4,358,701
4,962,390

201406270142(201406270142)
3,865,684
11,481,301
37,371,991
4,358,701
4,962,390

201406270149(201406270149)
3,878,541
11,578,653
37,371,991
4,374,603
4,973,957

201406270150(201406270150)
3,878,541
11,582,843
37,371,991
4,376,941
4,977,958

201406270151(201406270151)
3,880,655
11,608,945
37,371,991
4,385,051
4,984,577

201406270152(201406270152)
3,885,071
11,650,179
37,371,991
4,395,713
4,994,565

201406270159(201406270159)
3,896,364
11,756,494
37,446,134
4,413,699
5,036,463

201406270200(201406270200)
3,896,364
11,774,299
37,446,134
4,427,439
5,036,463

201406270201(201406270201)
3,896,364
11,793,376
37,446,134
4,429,526
5,036,463

201406270202(201406270202)
3,896,364
11,809,446
37,446,134
4,429,526
5,036,463

201406270209(201406270209)
3,943,802
11,887,574
37,799,757
4,440,252
5,067,121

201406270210(201406270210)
3,943,802
11,887,574
37,799,757
4,440,252
5,067,121

201406270211(201406270211)
3,943,802
11,887,574
37,799,757
4,440,252
5,068,137

201406270212(201406270212)
3,943,802
11,891,830
37,799,757
4,440,252
5,068,137

201406270219(201406270219)
3,962,666
11,899,652
37,799,757
4,448,165
5,099,227

201406270220(201406270220)
3,977,830
11,922,369
37,799,757
4,453,588
5,099,227

201406270221(201406270221)
3,977,830
11,922,845
37,799,757
4,453,588
5,099,227

201406270222(201406270222)
3,977,830
11,934,802
37,799,757
4,463,461
5,104,419

201406270229(201406270229)
3,989,950
12,011,037
37,799,757
4,464,613
5,108,752

201406270230(201406270230)
3,989,950
12,011,037
37,799,757
4,465,913
5,108,752

201406270231(201406270231)
3,989,950
12,011,037
37,799,757
4,467,027
5,108,752

201406270232(201406270232)
3,989,950
12,011,037
37,799,757
4,469,739
5,108,752

201406270239(201406270239)
3,989,950
12,047,983
37,799,757
4,495,285
5,115,232

201406270240(201406270240)
3,993,148
12,047,983
37,799,757
4,495,285
5,115,232

201406270241(201406270241)
3,995,752
12,047,983
37,799,757
4,495,285
5,165,594

201406270242(201406270242)
3,995,752
12,047,983
37,799,757
4,495,957
5,165,594

201406270249(201406270249)
4,004,853
12,078,526
37,839,296
4,495,957
5,187,640

201406270250(201406270250)
4,004,853
12,078,526
37,913,055
4,495,957
5,187,640

201406270251(201406270251)
4,004,853
12,097,727
38,174,461
4,495,957
5,187,640

201406270252(201406270252)
4,004,853
12,112,373
38,716,785
4,495,957
5,187,640

201406270259(201406270259)
4,004,853
12,113,016
39,708,095
4,502,962
5,208,298

201406270300(201406270300)
4,006,164
12,113,016
39,708,095
4,502,962
5,208,298

201406270301(201406270301)
4,006,164
12,113,016
39,708,095
4,502,962
5,208,298

201406270302(201406270302)
4,006,164
12,113,016
39,708,095
4,504,087
5,208,298

201406270309(201406270309)
4,006,164
12,113,016
39,708,095
4,505,219
5,208,298

201406270310(201406270310)
4,007,527
12,139,836
39,708,095
4,516,106
5,223,413

201406270311(201406270311)
4,013,485
12,139,836
39,708,095
4,516,106
5,223,413

201406270312(201406270312)
4,013,485
12,139,836
39,708,095
4,516,106
5,223,413

201406270319(201406270319)
4,013,571
12,193,172
39,708,095
4,517,025
5,223,413

201406270320(201406270320)
4,013,571
12,193,172
39,708,095
4,517,025
5,223,413

201406270321(201406270321)
4,013,571
12,193,172
39,708,095
4,517,025
5,223,413

201406270322(201406270322)
4,013,856
12,193,172
39,708,095
4,519,908
5,224,797

201406270329(201406270329)
4,019,067
12,260,842
39,730,773
4,525,615
5,227,889

201406270330(201406270330)
4,019,067
12,260,842
39,730,773
4,525,615
5,227,889

201406270331(201406270331)
4,019,067
12,260,842
39,730,773
4,528,273
5,227,889

201406270332(201406270332)
4,019,067
12,287,216
39,730,773
4,535,789
5,227,889

201406270339(201406270339)
4,019,067
12,293,379
39,730,773
4,545,559
5,276,260

201406270340(201406270340)
4,019,067
12,293,379
39,730,773
4,546,357
5,276,260

201406270341(201406270341)
4,019,067
12,293,379
39,730,773
4,546,357
5,276,260

201406270342(201406270342)
4,019,067
12,294,545
39,730,773
4,546,357
5,276,260

201406270349(201406270349)
4,031,132
12,355,591
39,730,773
4,546,357
5,281,005

201406270350(201406270350)
4,031,132
12,355,591
39,730,773
4,547,280
5,281,005

201406270351(201406270351)
4,031,434
12,367,395
39,730,773
4,547,280
5,281,005

201406270352(201406270352)
4,038,658
12,367,395
39,730,773
4,547,280
5,281,005

201406270359(201406270359)
4,040,666
12,455,603
39,730,773
4,553,659
5,307,502

201406270400(201406270400)
4,040,666
12,455,603
39,730,773
4,553,659
5,307,502

201406270401(201406270401)
4,040,666
12,455,603
39,730,773
4,553,659
5,307,502

201406270402(201406270402)
4,040,666
12,455,603
39,730,773
4,553,659
5,307,502

201406270409(201406270409)
4,040,746
12,455,603
39,730,773
4,553,659
5,307,502

201406270410(201406270410)
4,040,746
12,455,603
39,730,773
4,553,659
5,307,502

201406270411(201406270411)
4,040,746
12,455,603
39,730,773
4,553,659
5,307,502

201406270412(201406270412)
4,040,746
12,455,603
39,730,773
4,553,659
5,307,502

201406270419(201406270419)
4,088,156
12,457,709
39,730,773
4,557,759
5,321,845

201406270420(201406270420)
4,088,156
12,457,709
39,730,773
4,557,759
5,321,845

201406270421(201406270421)
4,088,156
12,457,709
39,730,773
4,557,759
5,321,845

201406270422(201406270422)
4,088,156
12,457,709
39,730,773
4,557,759
5,326,978

201406270429(201406270429)
4,090,807
12,460,761
39,730,773
4,557,759
5,326,978

201406270430(201406270430)
4,090,807
12,460,761
39,730,773
4,557,759
5,326,978

201406270431(201406270431)
4,090,807
12,460,761
39,730,773
4,557,759
5,326,978

201406270432(201406270432)
4,090,807
12,460,761
39,730,773
4,557,772
5,326,978

201406270439(201406270439)
4,090,807
12,535,417
39,730,773
4,557,772
5,326,978

201406270440(201406270440)
4,090,807
12,535,417
39,730,773
4,557,772
5,326,978

201406270441(201406270441)
4,090,807
12,535,417
39,730,773
4,557,772
5,326,978

201406270442(201406270442)
4,090,807
12,535,417
39,730,773
4,557,772
5,326,978

201406270449(201406270449)
4,093,130
12,535,417
39,730,773
4,561,319
5,339,652

201406270450(201406270450)
4,094,446
12,535,417
39,730,773
4,561,319
5,339,652

201406270451(201406270451)
4,094,446
12,535,417
39,730,773
4,561,319
5,339,652

201406270452(201406270452)
4,094,446
12,535,417
39,730,773
4,561,319
5,339,652

201406270459(201406270459)
4,094,446
12,549,038
39,730,773
4,571,234
5,350,813

201406270500(201406270500)
4,094,446
12,549,038
39,730,773
4,571,234
5,351,724

201406270501(201406270501)
4,094,446
12,549,038
39,730,773
4,571,234
5,351,724

201406270502(201406270502)
4,095,351
12,549,038
39,730,773
4,573,827
5,351,724

201406270509(201406270509)
4,103,007
12,549,038
40,195,680
4,573,827
5,364,301

201406270510(201406270510)
4,103,007
12,549,038
40,195,680
4,573,827
5,370,735

201406270511(201406270511)
4,103,007
12,549,038
40,195,680
4,573,827
5,370,735

201406270512(201406270512)
4,103,007
12,549,038
40,195,680
4,574,358
5,370,735

201406270519(201406270519)
4,103,758
12,574,944
40,195,680
4,601,977
5,379,601

201406270520(201406270520)
4,103,758
12,574,944
40,195,680
4,601,977
5,381,319

201406270521(201406270521)
4,103,758
12,574,944
40,195,680
4,601,977
5,381,319

201406270522(201406270522)
4,107,575
12,574,944
40,195,680
4,601,977
5,381,319

201406270529(201406270529)
4,107,575
12,574,944
40,257,056
4,606,803
5,381,319

201406270530(201406270530)
4,107,575
12,574,944
40,257,056
4,606,803
5,384,365

201406270531(201406270531)
4,118,166
12,574,944
40,257,056
4,606,803
5,384,365

201406270532(201406270532)
4,126,531
12,574,944
40,257,056
4,606,803
5,384,365

201406270539(201406270539)
4,128,350
12,574,944
40,257,056
4,625,696
5,384,365

201406270540(201406270540)
4,128,350
12,574,944
40,257,056
4,625,696
5,384,365

201406270541(201406270541)
4,128,350
12,574,944
40,257,056
4,626,575
5,384,365

201406270542(201406270542)
4,128,350
12,574,944
40,257,056
4,626,575
5,384,365

201406270549(201406270549)
4,135,488
12,643,924
40,257,056
4,626,575
5,384,365

201406270550(201406270550)
4,135,488
12,643,924
40,257,056
4,626,926
5,384,718

201406270551(201406270551)
4,135,488
12,643,924
40,257,056
4,626,926
5,396,833

201406270552(201406270552)
4,135,488
12,643,924
40,257,056
4,626,926
5,396,833

201406270559(201406270559)
4,147,715
12,650,293
40,257,056
4,631,136
5,400,593

201406270600(201406270600)
4,150,983
12,650,293
40,257,056
4,633,822
5,400,593

201406270601(201406270601)
4,152,561
12,650,293
40,257,056
4,633,822
5,400,593

201406270602(201406270602)
4,152,561
12,650,293
40,257,056
4,633,822
5,415,904

201406270609(201406270609)
4,168,410
12,688,993
40,257,056
4,639,993
5,439,858

201406270610(201406270610)
4,168,410
12,688,993
40,257,056
4,639,993
5,439,858

201406270611(201406270611)
4,168,410
12,701,017
40,257,056
4,639,993
5,439,858

201406270612(201406270612)
4,168,410
12,724,451
40,257,056
4,639,993
5,439,858

201406270619(201406270619)
4,168,410
12,805,531
40,257,056
4,639,993
5,441,659

201406270620(201406270620)
4,168,410
12,805,531
40,257,056
4,640,623
5,441,659

201406270621(201406270621)
4,168,410
12,805,531
40,257,056
4,641,924
5,441,659

201406270622(201406270622)
4,168,410
12,805,531
40,257,056
4,641,924
5,441,659

201406270629(201406270629)
4,168,410
12,805,531
40,398,041
4,649,519
5,445,207

201406270630(201406270630)
4,180,053
12,805,531
40,398,041
4,649,519
5,449,867

201406270631(201406270631)
4,180,053
12,805,531
40,398,041
4,649,519
5,449,867

201406270632(201406270632)
4,184,717
12,805,531
40,398,041
4,649,519
5,449,867

201406270639(201406270639)
4,199,786
12,805,531
40,672,075
4,653,484
5,449,867

201406270640(201406270640)
4,199,786
12,805,531
40,672,075
4,656,842
5,449,867

201406270641(201406270641)
4,199,786
12,805,531
40,672,075
4,656,842
5,449,867

201406270642(201406270642)
4,199,786
12,805,531
40,672,075
4,656,842
5,449,867

201406270649(201406270649)
4,203,910
12,834,457
40,672,075
4,656,842
5,450,558

201406270650(201406270650)
4,203,910
12,834,457
40,672,075
4,656,842
5,450,558

201406270651(201406270651)
4,203,910
12,834,457
40,672,075
4,656,842
5,460,558

201406270652(201406270652)
4,212,043
12,845,673
40,672,075
4,656,842
5,471,597

201406270659(201406270659)
4,221,604
12,935,002
40,710,774
4,703,567
5,510,772

201406270700(201406270700)
4,221,604
12,935,002
40,710,774
4,707,824
5,515,022

201406270701(201406270701)
4,221,604
12,935,002
40,710,774
4,719,584
5,515,022

201406270702(201406270702)
4,221,604
12,935,002
40,710,774
4,719,584
5,516,027

201406270709(201406270709)
4,234,665
12,935,002
40,710,774
4,738,938
5,522,293

201406270710(201406270710)
4,234,665
12,997,190
40,710,774
4,738,938
5,522,293

201406270711(201406270711)
4,234,665
12,997,190
40,710,774
4,740,398
5,536,494

201406270712(201406270712)
4,241,039
12,997,190
40,710,774
4,740,398
5,540,432

201406270719(201406270719)
4,255,269
13,068,505
40,852,168
4,785,033
5,581,936

201406270720(201406270720)
4,266,683
13,068,505
40,852,168
4,785,033
5,581,936

201406270721(201406270721)
4,266,683
13,077,601
40,852,168
4,785,033
5,581,936

201406270722(201406270722)
4,268,083
13,077,601
40,852,168
4,785,033
5,581,936

201406270729(201406270729)
4,281,659
13,246,855
40,852,168
4,792,908
5,618,366

201406270730(201406270730)
4,281,659
13,246,855
40,852,168
4,792,908
5,623,732

201406270731(201406270731)
4,283,667
13,246,855
40,852,168
4,792,908
5,623,732

201406270732(201406270732)
4,288,448
13,246,855
40,852,168
4,803,218
5,623,732

201406270739(201406270739)
4,298,647
13,284,513
40,852,168
4,863,743
5,666,098

201406270740(201406270740)
4,298,647
13,284,513
40,852,168
4,863,743
5,666,098

201406270741(201406270741)
4,298,647
13,291,718
40,852,168
4,863,743
5,672,309

201406270742(201406270742)
4,298,647
13,399,915
40,852,168
4,865,259
5,672,309

201406270749(201406270749)
4,345,607
13,432,476
40,896,507
4,910,023
5,715,056

201406270750(201406270750)
4,345,607
13,495,070
40,896,507
4,910,725
5,715,056

201406270751(201406270751)
4,353,702
13,495,070
40,896,507
4,910,861
5,729,322

201406270752(201406270752)
4,353,702
13,495,070
40,896,507
4,911,201
5,735,508

201406270759(201406270759)
4,358,323
13,515,210
40,896,507
4,926,391
5,767,445

201406270800(201406270800)
4,358,323
13,515,210
40,896,507
4,926,391
5,797,562

201406270801(201406270801)
4,372,931
13,515,210
40,896,507
4,926,391
5,797,562

201406270802(201406270802)
4,375,918
13,515,210
41,036,165
4,926,391
5,797,562

201406270809(201406270809)
4,385,570
13,617,680
41,132,405
4,943,904
5,805,667

201406270810(201406270810)
4,385,570
13,617,680
41,132,405
4,943,904
5,820,730

201406270811(201406270811)
4,385,570
13,617,680
41,132,405
4,956,685
5,824,741

201406270812(201406270812)
4,385,570
13,617,680
41,132,405
4,958,901
5,824,741

201406270819(201406270819)
4,439,415
13,644,095
41,477,959
4,973,585
5,827,769

201406270820(201406270820)
4,447,091
13,644,095
41,477,959
4,973,585
5,827,769

201406270821(201406270821)
4,465,721
13,644,095
41,477,959
4,973,585
5,831,190

201406270822(201406270822)
4,469,739
13,644,095
41,477,959
4,990,263
5,831,190

201406270829(201406270829)
4,479,113
13,649,978
41,477,959
5,009,252
5,834,915

201406270830(201406270830)
4,479,113
13,711,963
41,477,959
5,009,252
5,834,915

201406270831(201406270831)
4,479,113
13,711,963
41,477,959
5,017,865
5,834,915

201406270832(201406270832)
4,479,720
13,711,963
41,477,959
5,023,263
5,834,915

201406270839(201406270839)
4,487,812
13,738,170
41,819,727
5,039,178
5,883,453

201406270840(201406270840)
4,493,581
13,744,147
41,819,727
5,046,720
5,883,453

201406270841(201406270841)
4,493,581
13,744,147
41,819,727
5,046,720
5,883,453

201406270842(201406270842)
4,493,978
13,744,147
41,819,727
5,046,720
5,883,453

201406270849(201406270849)
4,507,406
13,754,471
41,916,966
5,060,230
5,887,444

201406270850(201406270850)
4,507,406
13,754,471
41,916,966
5,060,230
5,887,444

201406270851(201406270851)
4,507,406
13,760,983
41,916,966
5,063,376
5,887,444

201406270852(201406270852)
4,507,406
13,786,383
41,916,966
5,063,376
5,887,444

201406270859(201406270859)
4,532,490
13,808,913
41,916,966
5,098,004
5,940,504

201406270900(201406270900)
4,532,490
13,808,913
41,916,966
5,098,004
5,941,902

201406270901(201406270901)
4,532,490
13,808,913
41,916,966
5,099,227
5,941,902

201406270902(201406270902)
4,532,490
13,808,913
41,916,966
5,099,227
5,997,554

201406270909(201406270909)
4,537,793
13,917,821
42,134,844
5,116,105
6,030,952

201406270910(201406270910)
4,537,793
13,917,821
42,134,844
5,116,105
6,031,088

201406270911(201406270911)
4,537,793
13,917,821
42,134,844
5,116,105
6,031,088

201406270912(201406270912)
4,537,793
13,917,821
42,134,844
5,116,105
6,032,145

201406270919(201406270919)
4,546,824
13,927,618
42,222,368
5,117,827
6,039,119

201406270920(201406270920)
4,546,824
13,929,973
42,222,368
5,123,525
6,039,119

201406270921(201406270921)
4,547,625
13,929,973
42,222,368
5,123,525
6,039,119

201406270922(201406270922)
4,547,625
13,929,973
42,222,368
5,123,525
6,039,282

201406270929(201406270929)
4,561,319
13,929,973
42,222,368
5,123,525
6,055,403

201406270930(201406270930)
4,561,319
13,929,973
42,222,368
5,123,525
6,055,403

201406270931(201406270931)
4,561,319
14,049,795
42,313,601
5,123,525
6,055,403

201406270932(201406270932)
4,561,319
14,049,795
42,313,601
5,123,525
6,056,176

201406270939(201406270939)
4,570,874
14,049,795
42,313,601
5,148,721
6,056,826

201406270940(201406270940)
4,575,278
14,067,824
42,317,872
5,162,995
6,059,915

201406270941(201406270941)
4,575,278
14,067,824
42,421,517
5,162,995
6,061,325

201406270942(201406270942)
4,575,278
14,067,824
42,421,517
5,163,590
6,061,325

201406270949(201406270949)
4,586,979
14,105,629
42,422,581
5,207,606
6,068,589

201406270950(201406270950)
4,588,320
14,154,108
42,423,713
5,207,606
6,068,589

201406270951(201406270951)
4,589,112
14,154,108
42,423,713
5,207,606
6,078,175

201406270952(201406270952)
4,589,248
14,154,108
42,423,713
5,207,606
6,096,797

201406270959(201406270959)
4,593,587
14,154,108
42,423,713
5,207,606
6,096,797

201406271000(201406271000)
4,593,587
14,154,108
42,423,713
5,208,298
6,097,589

201406271001(201406271001)
4,602,974
14,162,258
42,423,713
5,217,386
6,097,861

201406271002(201406271002)
4,603,766
14,162,258
42,423,713
5,217,386
6,098,200

201406271009(201406271009)
4,616,521
14,173,283
42,423,713
5,260,766
6,104,143

201406271010(201406271010)
4,616,521
14,173,283
42,423,713
5,276,245
6,104,143

201406271011(201406271011)
4,616,521
14,173,283
42,423,713
5,276,245
6,104,143

201406271012(201406271012)
4,618,573
14,173,283
42,423,713
5,298,485
6,120,116

201406271019(201406271019)
4,642,597
14,173,283
43,253,004
5,321,845
6,147,580

201406271020(201406271020)
4,642,597
14,173,283
43,253,004
5,335,418
6,147,580

201406271021(201406271021)
4,645,041
14,205,836
43,324,148
5,335,418
6,152,123

201406271022(201406271022)
4,646,792
14,205,836
43,324,148
5,335,418
6,161,435

201406271029(201406271029)
4,652,290
14,209,549
43,646,619
5,345,986
6,173,691

201406271030(201406271030)
4,652,290
14,209,549
43,646,619
5,356,060
6,173,691

201406271031(201406271031)
4,656,842
14,209,549
43,646,619
5,374,182
6,173,992

201406271032(201406271032)
4,656,988
14,209,549
43,646,619
5,374,182
6,173,992

201406271039(201406271039)
4,660,994
14,214,625
43,646,619
5,396,833
6,218,951

201406271040(201406271040)
4,674,072
14,227,644
43,646,619
5,396,833
6,218,951

201406271041(201406271041)
4,674,072
14,227,644
43,646,619
5,396,833
6,251,143

201406271042(201406271042)
4,674,072
14,227,644
43,646,619
5,396,833
6,251,143

201406271049(201406271049)
4,682,249
14,227,644
43,646,619
5,410,105
6,259,977

201406271050(201406271050)
4,682,249
14,227,644
43,646,619
5,410,105
6,272,242

201406271051(201406271051)
4,682,249
14,227,644
43,646,619
5,410,105
6,272,242

201406271052(201406271052)
4,682,249
14,227,644
43,646,619
5,410,105
6,272,242

201406271059(201406271059)
4,703,869
14,406,545
43,646,619
5,412,997
6,272,242

201406271100(201406271100)
4,703,869
14,406,545
43,646,619
5,412,997
6,272,242

201406271101(201406271101)
4,703,869
14,406,545
43,646,619
5,412,997
6,272,242

201406271102(201406271102)
4,703,869
14,406,545
43,646,619
5,412,997
6,272,242

201406271109(201406271109)
4,735,005
14,406,545
43,646,619
5,418,850
6,287,746

201406271110(201406271110)
4,735,005
14,406,545
43,646,619
5,425,550
6,287,746

201406271111(201406271111)
4,735,005
14,406,545
43,646,619
5,425,550
6,303,740

201406271112(201406271112)
4,754,938
14,406,545
43,646,619
5,425,550
6,317,628

201406271119(201406271119)
4,772,046
14,426,562
43,646,619
5,458,062
6,329,914

201406271120(201406271120)
4,774,371
14,426,562
43,646,619
5,458,062
6,357,453

201406271121(201406271121)
4,786,165
14,426,562
43,646,619
5,458,062
6,357,453

201406271122(201406271122)
4,786,165
14,426,562
43,646,619
5,458,062
6,357,453

201406271129(201406271129)
4,799,347
14,482,213
43,646,619
5,469,392
6,388,984

201406271130(201406271130)
4,799,347
14,482,213
43,646,619
5,469,392
6,388,984

201406271131(201406271131)
4,799,347
14,482,213
43,646,619
5,469,392
6,393,211

201406271132(201406271132)
4,799,347
14,482,213
43,646,619
5,469,392
6,394,703

201406271139(201406271139)
4,799,347
14,551,767
43,646,619
5,472,479
6,416,164

201406271140(201406271140)
4,799,347
14,551,767
43,715,060
5,472,479
6,429,139

201406271141(201406271141)
4,799,347
14,551,767
43,715,060
5,472,479
6,446,748

201406271142(201406271142)
4,803,218
14,551,767
43,715,060
5,477,869
6,450,892

201406271149(201406271149)
4,815,187
14,551,767
43,854,404
5,524,339
6,479,957

201406271150(201406271150)
4,815,821
14,551,767
43,991,510
5,524,339
6,479,957

201406271151(201406271151)
4,816,952
14,551,767
43,991,510
5,524,339
6,479,957

201406271152(201406271152)
4,817,650
14,555,018
43,991,510
5,531,862
6,479,957

201406271159(201406271159)
4,850,410
14,701,099
43,991,510
5,538,353
6,483,516

201406271200(201406271200)
4,858,718
14,769,397
43,991,510
5,553,188
6,483,516

201406271201(201406271201)
4,858,718
14,814,166
44,035,165
5,553,188
6,483,516

201406271202(201406271202)
4,858,718
14,814,166
44,035,781
5,553,188
6,483,516

201406271209(201406271209)
4,864,733
14,886,401
44,270,401
5,557,538
6,491,602

201406271210(201406271210)
4,864,733
14,886,401
44,270,401
5,561,330
6,491,602

201406271211(201406271211)
4,866,548
14,886,401
44,270,401
5,567,705
6,491,602

201406271212(201406271212)
4,873,839
14,886,401
44,270,401
5,569,151
6,491,602

201406271219(201406271219)
4,900,428
14,922,975
44,270,401
5,590,962
6,500,900

201406271220(201406271220)
4,900,428
14,922,975
44,270,401
5,590,962
6,500,900

201406271221(201406271221)
4,900,428
14,922,975
44,270,401
5,598,414
6,500,900

201406271222(201406271222)
4,900,504
14,922,975
44,270,401
5,617,427
6,500,900

201406271229(201406271229)
4,925,288
15,007,702
44,519,943
5,634,874
6,511,078

201406271230(201406271230)
4,928,188
15,007,702
44,519,943
5,638,336
6,511,078

201406271231(201406271231)
4,938,514
15,007,702
44,519,943
5,640,384
6,528,050

201406271232(201406271232)
4,944,186
15,019,339
44,519,943
5,640,384
6,551,421

201406271239(201406271239)
4,972,625
15,038,721
44,946,144
5,685,498
6,615,589

201406271240(201406271240)
4,973,585
15,077,511
44,946,144
5,705,330
6,615,589

201406271241(201406271241)
4,978,163
15,133,770
44,946,144
5,705,330
6,615,589

201406271242(201406271242)
4,978,163
15,172,395
44,946,144
5,721,318
6,631,321

201406271249(201406271249)
4,987,485
15,227,286
45,382,671
5,754,597
6,657,731

201406271250(201406271250)
4,987,485
15,227,286
45,382,671
5,757,036
6,657,731

201406271251(201406271251)
5,022,268
15,238,674
45,382,671
5,757,036
6,657,731

201406271252(201406271252)
5,022,268
15,312,574
45,382,671
5,775,029
6,657,731

201406271259(201406271259)
5,023,616
15,312,574
45,382,671
5,784,534
6,670,122

201406271300(201406271300)
5,027,961
15,312,574
45,382,671
5,784,648
6,670,122

201406271301(201406271301)
5,028,516
15,343,995
45,382,671
5,797,662
5,797,662

201406271302(201406271302)
5,028,516
5,028,516
5,028,516
5,028,516
5,028,516

201406271309(201406271309)
5,063,376
15,452,420
45,657,583
5,831,190
6,716,521

201406271310(201406271310)
5,063,376
15,452,420
45,657,583
5,831,190
6,716,521

201406271311(201406271311)
5,063,376
15,467,123
45,657,583
5,845,590
6,733,763

201406271312(201406271312)
5,063,962
15,467,123
45,657,583
5,845,590
6,736,568

201406271319(201406271319)
5,094,962
15,520,801
45,657,583
5,866,581
6,749,894

201406271320(201406271320)
5,094,962
15,527,426
45,657,583
5,866,581
6,769,049

201406271321(201406271321)
5,094,962
15,666,525
45,657,583
5,866,581
6,769,049

201406271322(201406271322)
5,094,962
15,666,525
45,657,583
5,869,769
6,772,104

201406271329(201406271329)
5,096,095
15,705,941
45,657,583
5,890,184
6,788,655

201406271330(201406271330)
5,096,095
15,705,941
45,759,880
5,890,184
6,788,655

201406271331(201406271331)
5,098,004
15,740,949
45,775,566
5,921,015
6,788,655

201406271332(201406271332)
5,098,004
15,740,949
45,956,677
5,921,015
6,788,655

201406271339(201406271339)
5,113,979
15,769,321
45,956,677
5,936,006
6,788,655

201406271340(201406271340)
5,113,979
15,769,321
45,956,677
5,936,006
6,788,655

201406271341(201406271341)
5,128,616
15,769,321
45,956,677
5,936,006
6,790,443

201406271342(201406271342)
5,130,505
15,769,321
45,956,677
5,936,006
6,791,068

201406271349(201406271349)
5,149,610
15,769,321
45,956,677
5,953,317
6,803,910

201406271350(201406271350)
5,149,610
15,769,321
45,956,677
5,965,668
6,803,910

201406271351(201406271351)
5,149,610
15,785,711
45,956,677
5,965,668
6,803,910

201406271352(201406271352)
5,149,610
15,785,711
45,956,677
5,965,668
6,803,910

201406271359(201406271359)
5,174,248
15,788,932
46,023,090
5,970,226
6,814,293

201406271400(201406271400)
5,177,603
15,790,253
46,024,154
5,970,226
6,814,293

201406271401(201406271401)
5,177,603
15,790,253
46,025,422
5,970,226
6,814,293

201406271402(201406271402)
5,177,603
15,790,253
46,025,422
5,970,226
6,824,259

201406271409(201406271409)
5,177,603
15,804,018
46,025,422
5,970,226
6,855,997

201406271410(201406271410)
5,206,742
15,804,018
46,025,422
5,970,226
6,855,997

201406271411(201406271411)
5,206,742
15,804,018
46,059,314
6,010,458
6,855,997

201406271412(201406271412)
5,206,742
15,804,018
46,164,306
6,010,458
6,857,791

201406271419(201406271419)
5,229,519
15,804,018
46,514,729
6,014,545
6,857,791

201406271420(201406271420)
5,229,519
15,804,018
46,514,729
6,021,064
6,857,791

201406271421(201406271421)
5,229,519
15,804,018
46,544,581
6,021,064
6,887,844

201406271422(201406271422)
5,229,519
15,804,018
46,709,117
6,021,064
6,887,844

201406271429(201406271429)
5,229,632
15,867,563
46,724,487
6,024,569
6,904,121

201406271430(201406271430)
5,229,632
15,881,149
46,724,487
6,027,047
6,904,121

201406271431(201406271431)
5,230,035
15,920,492
46,724,487
6,033,167
6,904,121

201406271432(201406271432)
5,230,035
15,920,492
46,739,502
6,033,167
6,904,121

201406271439(201406271439)
5,238,756
15,920,492
46,770,481
6,061,762
6,910,746

201406271440(201406271440)
5,238,756
15,946,975
46,770,481
6,072,110
6,910,746

201406271441(201406271441)
5,238,756
15,946,975
46,770,481
6,072,110
6,910,746

201406271442(201406271442)
5,238,956
15,946,975
46,819,859
6,075,927
6,910,746

201406271449(201406271449)
5,262,435
15,949,476
46,819,859
6,076,193
6,912,921

201406271450(201406271450)
5,262,435
15,949,476
46,819,859
6,076,193
6,912,921

201406271451(201406271451)
5,262,435
15,949,476
46,819,859
6,076,193
6,912,921

201406271452(201406271452)
5,264,321
15,972,983
46,819,859
6,076,193
6,912,921

201406271459(201406271459)
5,264,321
16,017,591
46,819,859
6,089,126
6,944,046

201406271500(201406271500)
5,264,321
16,017,591
46,819,859
6,096,459
6,944,046

201406271501(201406271501)
5,264,321
16,017,591
46,819,859
6,096,459
6,948,678

201406271502(201406271502)
5,264,321
16,017,591
46,819,859
6,117,774
6,948,678

201406271509(201406271509)
5,279,123
16,017,591
46,819,859
6,146,739
6,998,564

201406271510(201406271510)
5,279,123
16,017,591
46,819,859
6,146,739
6,998,564

201406271511(201406271511)
5,279,123
16,017,591
46,819,859
6,146,739
6,998,564

201406271512(201406271512)
5,279,123
16,017,591
46,819,859
6,146,739
6,998,564

201406271519(201406271519)
5,299,803
16,105,685
47,002,024
6,168,431
7,011,092

201406271520(201406271520)
5,299,803
16,115,306
47,002,024
6,168,566
7,011,092

201406271521(201406271521)
5,299,803
16,115,306
47,226,144
6,168,566
7,011,092

201406271522(201406271522)
5,299,803
16,115,306
47,226,144
6,168,566
7,011,092

201406271529(201406271529)
5,348,583
16,167,237
47,226,144
6,169,249
7,042,963

201406271530(201406271530)
5,348,583
16,189,814
47,226,144
6,173,823
7,055,933

201406271531(201406271531)
5,348,583
16,254,124
47,226,144
6,177,745
7,055,933

201406271532(201406271532)
5,348,583
16,254,124
47,226,144
6,179,893
7,055,933

201406271539(201406271539)
5,367,215
16,254,124
47,228,969
6,184,711
7,143,068

201406271540(201406271540)
5,367,215
16,263,741
47,228,969
6,184,711
7,154,330

201406271541(201406271541)
5,367,215
16,276,676
47,228,969
6,203,961
7,168,036

201406271542(201406271542)
5,367,215
16,279,207
47,228,969
6,203,961
7,168,036

201406271549(201406271549)
5,396,833
16,279,207
47,228,969
6,203,961
7,213,355

201406271550(201406271550)
5,396,833
16,279,207
47,228,969
6,203,961
7,213,355

201406271551(201406271551)
5,402,243
16,279,207
47,228,969
6,206,440
7,213,355

201406271552(201406271552)
5,402,243
16,279,207
47,228,969
6,206,440
7,213,355

201406271559(201406271559)
5,422,848
16,279,207
47,228,969
6,219,564
7,224,460

201406271600(201406271600)
5,422,848
16,279,207
47,228,969
6,219,564
7,224,460

201406271601(201406271601)
5,422,848
16,393,780
47,252,126
6,219,564
7,224,460

201406271602(201406271602)
5,422,848
16,393,916
47,252,126
6,219,564
7,224,460

201406271609(201406271609)
5,422,848
16,404,275
47,252,126
6,262,492
7,274,377

201406271610(201406271610)
5,422,848
16,404,275
47,252,126
6,273,360
7,274,377

201406271611(201406271611)
5,427,806
16,404,275
47,252,126
6,273,360
7,274,377

201406271612(201406271612)
5,427,806
16,404,275
47,261,786
6,277,112
7,274,377

201406271619(201406271619)
5,484,709
16,479,375
47,261,786
6,321,904
7,306,343

201406271620(201406271620)
5,488,509
16,479,375
47,261,786
6,321,904
7,306,343

201406271621(201406271621)
5,488,509
16,479,375
47,261,786
6,326,190
7,327,193

201406271622(201406271622)
5,488,509
16,479,375
47,261,786
6,337,700
7,327,193

201406271629(201406271629)
5,488,509
16,503,881
47,312,070
6,365,700
7,359,265

201406271630(201406271630)
5,488,509
16,503,881
47,408,303
6,372,451
7,359,265

201406271631(201406271631)
5,488,509
16,503,881
47,421,018
6,375,872
7,365,275

201406271632(201406271632)
5,488,509
16,503,881
47,421,018
6,388,984
7,365,275

201406271639(201406271639)
5,528,827
16,602,110
47,421,018
6,388,984
7,375,670

201406271640(201406271640)
5,528,827
16,602,110
47,421,018
6,388,984
7,388,119

201406271641(201406271641)
5,528,827
16,602,110
47,487,625
6,388,984
7,388,119

201406271642(201406271642)
5,528,827
16,602,110
47,487,625
6,388,984
7,388,119

201406271649(201406271649)
5,550,521
16,602,110
47,487,625
6,397,643
7,402,338

201406271650(201406271650)
5,550,521
16,602,110
47,487,625
6,397,643
7,410,465

201406271651(201406271651)
5,550,521
16,612,303
47,487,625
6,397,643
7,427,906

201406271652(201406271652)
5,550,521
16,612,303
47,487,625
6,397,643
7,427,906








