//urlƒ~ƒX‚Å1200,500,100,110,100


201406251729(201406251729)
6,322
16,568
88,580

201406251730(201406251730)
6,322
17,532
105,614
98,287
105,614

201406251731(201406251731)
6,768
17,532
110,214
98,287
119,429

201406251732(201406251732)
7,553
18,274
124,932
113,313
124,932

201406251739(201406251739)
10,379
26,489
177,816
161,001
177,816

201406251740(201406251740)
10,379
26,489
177,816
161,001
177,816

201406251741(201406251741)
11,540
29,497
186,854
176,037
186,854

201406251742(201406251742)
11,931
30,882
199,171
178,639
199,171

201406251749(201406251749)
15,648
40,316
274,398
237,619
274,398

201406251750(201406251750)
15,648
42,050
274,398
252,561
274,398

201406251751(201406251751)
16,324
42,050
288,104
259,660
280,153

201406251752(201406251752)
17,897
43,791
297,552
266,287
297,552

201406251759(201406251759)
20,717
53,211
363,795
340,941
363,795

201406251800(201406251800)
21,303
54,547
363,795
340,941
363,795

201406251801(201406251801)
56,523
395,907
345,603
395,907

201406251802(201406251802)
23,059
57,546
418,319
363,795
418,319

201406251809(201406251809)
27,286
69,978
508,602
458,622
508,602

201406251810(201406251810)
27,743
69,978
508,602
469,662
508,602

201406251811(201406251811)
28,526
73,843
526,540
469,662
526,540

201406251812(201406251812)
29,763
73,843
527,924
477,132
527,924

201406251819(201406251819)
34,024
90,706
617,992
579,277
617,992

201406251820(201406251820)
34,798
90,706
643,368
579,277
643,368

201406251821(201406251821)
34,798
93,600
699,900
586,766
699,900

201406251822(201406251822)
36,066
93,600
716,310
643,368
716,310

201406251829(201406251829)
41,302
108,037
800,571
712,596
800,571

201406251830(201406251830)
41,302
110,157
800,571
712,596
800,571

201406251831(201406251831)
42,383
115,450
883,115
754,851
883,115

201406251832(201406251832)
43,306
117,527
899,072
777,091
899,072

201406251839(201406251839)
48,665
131,917
1,008,780
884,017
1,008,780

201406251840(201406251840)
49,389
131,917
1,027,349
884,017
1,027,349

201406251841(201406251841)
50,526
133,735
1,031,527
900,414
1,031,527

201406251842(201406251842)
50,526
137,721
1,077,169
935,873
1,077,169

201406251849(201406251849)
57,385
155,676
1,227,294
1,079,361
1,227,294

201406251850(201406251850)
57,385
158,223
1,227,294
1,079,361
1,227,294

201406251851(201406251851)
58,263
162,076
1,231,431
1,102,162
1,255,992

201406251852(201406251852)
58,744
163,369
1,255,992
1,130,576
1,255,992

201406251859(201406251859)
64,097
176,701
1,351,447
1,278,223
1,351,447

201406251900(201406251900)
64,838
179,923
1,361,725
1,278,223
1,361,725

201406251901(201406251901)
65,224
184,717
1,393,357
1,278,223
1,393,357

201406251902(201406251902)
67,078
186,430
1,412,427
1,280,230
1,412,427

201406251909(201406251909)
72,369
218,863
1,488,004
1,379,809
1,488,004

201406251910(201406251910)
72,369
219,945
1,495,244
1,379,809
1,495,244

201406251911(201406251911)
73,187
224,371
1,551,937
1,399,710
1,551,937

201406251912(201406251912)
73,429
225,081
1,577,687
1,399,710
1,577,687

201406251919(201406251919)
78,792
244,425
1,761,844
1,507,617
1,761,844

201406251920(201406251920)
79,593
244,425
1,761,844
1,507,617
1,761,844

201406251921(201406251921)
80,377
246,640
1,761,844
1,507,617
1,761,844

201406251922(201406251922)
80,906
251,347
1,761,844
1,508,900
1,761,844

201406251929(201406251929)
89,417
271,695
2,030,998
1,703,864
2,030,998

201406251930(201406251930)
89,417
271,695
2,030,998
1,719,195
2,030,998

201406251931(201406251931)
90,863
276,091
2,032,245
1,752,943
2,032,245

201406251932(201406251932)
91,785
277,517
2,044,186
1,783,842
2,044,186

201406251939(201406251939)
92,428
279,259
2,215,187
2,002,635
2,215,187

201406251940(201406251940)
98,618
293,722
2,215,187
2,002,754
2,215,187

201406251941(201406251941)
100,257
300,456
2,252,992
2,014,941
2,252,992

201406251942(201406251942)
100,771
303,268
2,267,185
2,014,941
2,267,185

201406251949(201406251949)
108,710
330,648
2,387,160
2,129,717
2,387,160

201406251950(201406251950)
110,357
337,079
2,387,160
2,129,717
2,387,160

201406251951(201406251951)
111,694
337,079
2,387,160
2,137,308
2,387,160

201406251952(201406251952)
112,491
340,847
2,489,245
2,144,141
2,489,245

201406251959(201406251959)
118,392
364,038
2,504,171
2,220,040
2,504,171

201406252000(201406252000)
119,181
364,038
2,504,171
2,267,185
2,504,171

201406252001(201406252001)
120,614
371,920
2,504,171
2,267,185
2,504,171

201406252002(201406252002)
121,277
376,186
2,530,186
2,267,185
2,530,186

201406252009(201406252009)
127,988
401,350
2,554,659
2,339,356
2,554,659

201406252010(201406252010)
128,637
401,350
2,585,476
2,339,356
2,585,476

201406252011(201406252011)
130,729
401,350
2,585,476
2,339,626
2,585,476

201406252012(201406252012)
130,729
407,406
2,585,476
2,363,722
2,585,476

201406252019(201406252019)
132,204
441,316
2,711,268
2,504,171
2,711,268

201406252020(201406252020)
142,086
443,956
2,711,404
2,504,171
2,711,404

201406252021(201406252021)
143,014
448,382
2,711,800
2,504,171
2,711,800

201406252022(201406252022)
143,810
451,618
2,711,800
2,504,171
2,711,800

201406252029(201406252029)
152,328
476,193
2,826,153
2,585,476
2,826,153

201406252030(201406252030)
152,328
479,911
2,826,153
2,599,901
2,826,153

201406252031(201406252031)
153,738
484,495
2,844,613
2,614,517
2,844,613

201406252032(201406252032)
155,273
491,384
2,844,953
2,632,097
2,844,953

201406252039(201406252039)
164,784
515,055
2,918,691
2,779,248
2,918,691

201406252040(201406252040)
164,784
516,936
2,925,779
2,790,595
2,925,779

201406252041(201406252041)
168,322
518,379
2,925,779
2,790,595
2,925,779

201406252042(201406252042)
169,901
529,839
2,925,779
2,795,617
2,925,779

201406252049(201406252049)
183,755
571,900
3,078,965
2,884,801
3,078,965

201406252050(201406252050)
183,755
580,179
3,157,833
2,884,801
3,157,833

201406252051(201406252051)
185,130
582,528
3,202,822
2,918,775
3,202,822

201406252052(201406252052)
186,778
590,449
3,202,822
2,918,775
3,202,822

201406252059(201406252059)
195,881
611,735
3,250,318
2,927,410
3,250,318

201406252100(201406252100)
197,060
613,658
3,250,318
3,062,522
3,250,318

201406252101(201406252101)
200,089
615,169
3,250,318
3,063,226
3,250,318

201406252102(201406252102)
201,600
620,211
3,307,103
3,063,226
3,307,103

201406252109(201406252109)
211,875
638,310
3,343,608
3,160,016
3,343,608

201406252110(201406252110)
212,903
645,369
3,343,608
3,234,757
3,343,608

201406252111(201406252111)
215,617
652,627
3,439,256
3,250,318
3,439,256

201406252112(201406252112)
216,262
664,097
3,439,724
3,250,318
3,439,724

201406252119(201406252119)
229,889
693,210
3,617,342
3,343,608
3,648,421

201406252120(201406252120)
231,437
703,046
3,648,421
3,343,608
3,648,421

201406252121(201406252121)
232,713
711,423
3,648,421
3,343,608
3,648,421

201406252122(201406252122)
234,298
716,533
3,648,421
3,389,104
3,648,421

201406252129(201406252129)
244,930
743,205
3,835,686
3,554,553
3,835,686

201406252130(201406252130)
245,957
743,205
3,849,356
3,606,403
3,849,356

201406252131(201406252131)
246,957
754,423
3,886,308
3,606,403
3,886,308

201406252132(201406252132)
248,431
758,326
3,891,010
3,623,125
3,891,010

201406252139(201406252139)
258,794
801,375
4,085,638
3,845,822
4,085,638

201406252140(201406252140)
261,946
801,375
4,142,194
3,845,822
4,142,194

201406252141(201406252141)
263,997
806,389
4,153,388
3,845,822
4,153,388

201406252142(201406252142)
265,058
807,501
4,179,708
3,845,822
4,179,708

201406252149(201406252149)
276,505
840,906
4,253,852
3,919,567
4,253,852

201406252150(201406252150)
277,457
843,499
4,289,771
3,919,567
4,289,771

201406252151(201406252151)
278,364
864,302
4,290,221
3,919,567
4,290,221

201406252152(201406252152)
279,173
867,905
4,308,565
3,919,567
4,308,565

201406252159(201406252159)
287,711
918,114
4,572,850
3,924,731
4,572,850

201406252200(201406252200)
290,023
918,877
4,591,229
3,925,347
4,591,229

201406252201(201406252201)
292,267
920,712
4,591,589
3,979,057
4,591,589

201406252202(201406252202)
293,128
923,152
4,591,725
4,033,232
4,591,725

201406252209(201406252209)
304,265
957,301
4,753,702
4,279,376
4,753,702

201406252210(201406252210)
306,321
966,139
4,753,702
4,376,882
4,753,702

201406252211(201406252211)
308,503
966,781
4,753,702
4,436,061
4,753,702

201406252212(201406252212)
309,338
977,008
4,805,812
4,436,061
4,805,812

201406252219(201406252219)
323,260
1,023,208
4,920,886
4,499,415
4,920,886

201406252220(201406252220)
326,188
1,025,296
4,973,277
4,499,415
4,973,277

201406252221(201406252221)
328,687
1,034,455
4,973,277
4,650,638
4,973,277

201406252222(201406252222)
331,030
1,041,959
4,973,277
4,650,638
4,973,277

201406252229(201406252229)
345,655
1,072,672
5,106,149
4,770,237
5,106,149

201406252230(201406252230)
346,853
1,073,886
5,134,934
4,794,406
5,134,934

201406252231(201406252231)
347,952
1,082,830
5,134,934
4,817,862
5,134,934

201406252232(201406252232)
349,120
1,083,762
5,134,934
4,817,862
5,134,934

201406252239(201406252239)
358,889
1,139,794
5,394,406
4,981,491
5,394,406

201406252240(201406252240)
360,970
1,146,388
5,394,406
4,981,491
5,394,406

201406252241(201406252241)
360,970
1,160,248
5,394,406
5,000,755
5,394,406

201406252242(201406252242)
362,516
1,160,248
5,394,406
5,026,899
5,394,406

201406252249(201406252249)
373,005
1,205,920
5,511,933
5,184,854
5,511,933

201406252250(201406252250)
374,112
1,205,920
5,556,618
5,321,318
5,556,618

201406252251(201406252251)
375,031
1,214,531
5,556,618
5,359,244
5,556,618

201406252252(201406252252)
379,510
1,221,602
5,578,411
5,359,244
5,578,411

201406252259(201406252259)
392,084
1,258,446
5,801,415
5,425,453
5,801,415

201406252300(201406252300)
393,175
1,260,871
5,801,983
5,437,217
5,801,983

201406252301(201406252301)
396,719
1,263,457
5,847,000
5,437,217
5,847,000

201406252302(201406252302)
396,819
1,270,754
5,903,410
5,511,933
5,903,410

201406252309(201406252309)
411,322
1,280,443
6,070,900
5,578,411
6,070,900

201406252310(201406252310)
413,809
1,285,764
6,072,492
5,578,411
6,072,492

201406252311(201406252311)
415,935
1,293,128
6,076,872
5,578,411
6,076,872

201406252312(201406252312)
417,273
1,303,573
6,103,974
5,578,411
6,103,974

201406252319(201406252319)
423,983
1,336,047
6,280,485
5,847,000
6,280,485

201406252320(201406252320)
424,390
1,336,047
6,285,138
5,877,645
6,285,138

201406252321(201406252321)
428,266
1,343,672
6,303,045
5,877,645
6,303,045

201406252322(201406252322)
432,899
1,366,153
6,311,834
5,946,096
6,311,834

201406252329(201406252329)
446,905
1,393,940
6,484,990
6,060,903
6,484,990

201406252330(201406252330)
447,500
1,393,940
6,520,855
6,070,900
6,520,855

201406252331(201406252331)
450,545
1,402,405
6,554,903
6,076,872
6,554,903

201406252332(201406252332)
452,332
1,413,109
6,554,903
6,076,872
6,554,903

201406252339(201406252339)
464,838
1,454,555
6,703,319
6,269,337
6,703,319

201406252340(201406252340)
467,324
1,457,124
6,703,319
6,269,337
6,703,319

201406252341(201406252341)
468,506
1,459,566
6,703,319
6,280,485
6,703,319

201406252342(201406252342)
471,251
1,465,731
6,779,940
6,311,834
6,779,940

201406252349(201406252349)
487,751
1,492,405
6,976,067
6,554,903
6,976,067

201406252350(201406252350)
490,429
1,505,736
7,026,065
6,584,731
7,026,065

201406252351(201406252351)
490,659
1,517,408
7,026,065
6,584,731
7,026,065

201406252352(201406252352)
490,659
1,522,864
7,026,201
6,584,731
7,026,201

201406252359(201406252359)
504,624
1,606,341
7,285,295
6,835,220
7,285,295

201406260000(201406260000)
506,552
1,607,602
7,428,578
6,835,220
7,428,578

201406260001(201406260001)
508,841
1,607,602
7,438,933
6,835,220
7,438,933

201406260002(201406260002)
510,420
1,617,586
7,438,933
6,835,220
7,438,933

201406260009(201406260009)
518,882
1,640,257
7,495,078
6,885,722
7,495,078

201406260010(201406260010)
518,882
1,640,257
7,495,078
6,885,722
7,495,078

201406260011(201406260011)
519,389
1,646,013
7,495,078
6,934,317
7,495,078

201406260012(201406260012)
520,234
1,650,841
7,495,078
6,985,468
7,495,078

201406260019(201406260019)
527,854
1,684,191
7,599,052
7,093,952
7,599,052

201406260020(201406260020)
529,880
1,684,191
7,753,160
7,093,952
7,753,160

201406260021(201406260021)
531,072
1,684,191
7,753,160
7,093,952
7,753,160

201406260022(201406260022)
532,117
1,684,191
7,754,476
7,093,952
7,754,476

201406260029(201406260029)
548,145
1,700,284
7,949,081
7,192,360
7,949,081

201406260030(201406260030)
549,407
1,702,237
7,949,081
7,192,360
7,949,081

201406260031(201406260031)
553,434
1,705,044
7,949,081
7,192,360
7,949,081

201406260032(201406260032)
554,715
1,708,073
7,953,715
7,269,221
7,953,715

201406260039(201406260039)
569,763
1,763,744
8,169,174
7,475,079
8,169,174

201406260040(201406260040)
571,123
1,763,744
8,169,174
7,475,079
8,169,174

201406260041(201406260041)
571,374
1,775,918
8,169,174
7,475,079
8,169,174

201406260042(201406260042)
573,314
1,775,918
8,169,174
7,475,079
8,169,174

201406260049(201406260049)
586,917
1,848,501
8,187,977
7,625,034
8,187,977

201406260050(201406260050)
587,818
1,848,806
8,187,977
7,625,138
8,187,977

201406260051(201406260051)
591,490
1,857,614
8,187,977
7,715,060
8,187,977

201406260052(201406260052)
592,614
1,860,450
8,187,977
7,715,060
8,187,977

201406260059(201406260059)
608,684
1,913,389
8,387,123
7,954,847
8,387,123

201406260100(201406260100)
609,944
1,913,888
8,400,737
7,982,174
8,400,737

201406260101(201406260101)
609,944
1,922,468
8,420,774
7,982,174
8,420,774

201406260102(201406260102)
611,092
1,928,814
8,476,054
7,982,174
8,476,054

201406260109(201406260109)
621,206
1,960,571
8,485,657
8,170,285
8,485,657

201406260110(201406260110)
621,206
1,960,780
8,485,657
8,170,285
8,485,657

201406260111(201406260111)
621,912
1,966,957
8,485,657
8,171,213
8,485,657

201406260112(201406260112)
624,888
1,968,280
8,485,657
8,171,349
8,485,657

201406260119(201406260119)
633,882
2,007,462
8,709,736
8,202,583
8,709,736

201406260120(201406260120)
635,048
2,011,192
8,709,736
8,202,583
8,709,736

201406260121(201406260121)
639,473
2,028,962
8,709,736
8,202,583
8,709,736

201406260122(201406260122)
642,020
2,035,368
8,739,427
8,202,583
8,739,427

201406260129(201406260129)
661,979
2,094,826
8,739,427
8,354,939
8,739,427

201406260130(201406260130)
662,314
2,094,826
8,845,597
8,357,165
8,845,597

201406260131(201406260131)
669,348
2,099,300
9,029,814
8,387,123
9,029,814

201406260132(201406260132)
670,700
2,099,300
9,043,611
8,387,123
9,043,611

201406260139(201406260139)
682,825
2,124,326
9,277,687
8,739,427
9,277,687

201406260140(201406260140)
683,557
2,124,326
9,332,468
8,739,427
9,332,468

201406260141(201406260141)
684,822
2,128,105
9,380,800
8,962,071
9,380,800

201406260142(201406260142)
688,974
2,129,717
9,380,800
9,027,941
9,380,800