201406281709(201406281709)
10,744,948
30,090,139
79,769,200
12,545,282
14,377,366

201406281710(201406281710)
10,744,948
30,090,139
79,769,200
12,545,282
14,377,366

201406281711(201406281711)
10,744,948
30,171,857
79,769,200
12,545,282
14,377,366

201406281712(201406281712)
10,759,620
30,171,857
79,769,200
12,545,282
14,377,366

201406281719(201406281719)
10,844,513
30,171,857
79,865,289
12,568,825
14,420,266

201406281720(201406281720)
10,844,513
30,171,857
79,865,289
12,568,825
14,420,266

201406281721(201406281721)
10,844,513
30,171,857
79,865,289
12,568,825
14,420,266

201406281722(201406281722)
10,844,513
30,195,697
79,865,289
12,595,159
14,420,266

201406281729(201406281729)
10,898,003
30,233,541
79,865,289
12,629,859
14,434,176

201406281730(201406281730)
10,898,003
30,233,541
79,865,289
12,649,919
14,448,955

201406281731(201406281731)
10,898,003
30,256,626
79,955,751
12,649,919
14,448,955

201406281732(201406281732)
10,907,050
30,275,678
80,142,717
12,649,919
14,448,955

201406281739(201406281739)
10,918,243
30,275,678
80,410,155
12,666,485
14,503,810

201406281740(201406281740)
10,918,243
30,295,388
80,410,155
12,666,485
14,503,810

201406281741(201406281741)
10,920,210
30,295,388
80,410,155
12,666,485
14,504,135

201406281742(201406281742)
10,922,187
30,295,388
80,410,155
12,666,485
14,504,135

201406281749(201406281749)
10,968,645
30,334,723
80,410,155
12,734,784
14,622,930

201406281750(201406281750)
10,986,237
30,334,723
80,410,155
12,740,911
14,634,344

201406281751(201406281751)
11,005,403
30,334,723
80,410,155
12,767,840
14,634,344

201406281752(201406281752)
11,009,000
30,334,723
80,410,155
12,767,840
14,634,344

201406281759(201406281759)
11,060,309
30,428,274
80,441,937
12,811,634
14,660,545

201406281800(201406281800)
11,060,309
30,428,274
80,441,937
12,851,996
14,743,303

201406281801(201406281801)
11,080,824
30,428,274
80,441,937
12,856,207
14,743,303

201406281802(201406281802)
11,080,824
30,428,274
80,441,937
12,856,207
14,743,303

201406281809(201406281809)
11,123,948
30,428,274
80,441,937
12,888,818
14,840,615

201406281810(201406281810)
11,123,948
30,428,274
80,441,937
12,888,818
14,840,615

201406281811(201406281811)
11,123,948
30,428,274
80,441,937
12,889,299
14,840,615

201406281812(201406281812)
11,123,948
30,428,274
80,441,937
12,889,435
14,850,667

201406281819(201406281819)
11,141,360
30,469,328
80,441,937
13,010,900
14,881,837

201406281820(201406281820)
11,141,360
30,469,328
80,441,937
13,072,671
14,906,364

201406281821(201406281821)
11,173,376
30,469,328
80,441,937
13,072,671
14,940,444

201406281822(201406281822)
11,173,376
30,469,328
80,441,937
13,072,671
14,940,444

201406281829(201406281829)
11,236,447
30,592,772
80,706,445
13,112,604
15,001,694

201406281830(201406281830)
11,236,447
30,592,772
80,706,445
13,135,392
15,001,694

201406281831(201406281831)
11,236,447
30,601,604
80,706,445
13,135,392
15,040,555

201406281832(201406281832)
11,236,447
30,601,604
80,706,445
13,136,116
15,040,555

201406281839(201406281839)
11,249,215
30,693,604
81,121,620
13,168,306
15,059,363

201406281840(201406281840)
11,249,215
30,693,604
81,275,592
13,168,306
15,086,202

201406281841(201406281841)
11,249,215
30,693,604
81,275,592
13,168,306
15,086,202

201406281842(201406281842)
11,249,215
30,693,604
81,275,592
13,168,306
15,086,202

201406281849(201406281849)
11,279,876
30,723,941
81,275,592
13,213,821
15,091,882

201406281850(201406281850)
11,279,876
30,723,941
81,275,592
13,215,720
15,091,882

201406281851(201406281851)
11,279,876
30,723,941
81,275,592
13,215,720
15,091,882

201406281852(201406281852)
11,282,447
30,723,941
81,275,592
13,215,720
15,091,882

201406281859(201406281859)
11,282,447
30,723,941
81,425,622
13,220,124
15,091,882

201406281900(201406281900)
11,282,447
30,723,941
81,425,622
13,220,124
15,093,570

201406281901(201406281901)
11,282,447
30,723,941
81,425,622
13,220,124
15,093,570

201406281902(201406281902)
11,282,447
30,723,941
81,425,622
13,220,124
15,093,570

201406281909(201406281909)
11,282,447
30,731,741
81,425,622
13,244,176
15,174,059

201406281910(201406281910)
11,357,981
30,731,741
81,425,622
13,244,176
15,174,059

201406281911(201406281911)
11,372,755
30,731,741
81,425,622
13,244,176
15,174,059

201406281912(201406281912)
11,372,755
30,790,639
81,425,622
13,244,176
15,174,059

201406281919(201406281919)
11,446,774
30,862,102
81,425,622
13,279,003
15,203,486

201406281920(201406281920)
11,446,774
30,862,102
81,425,622
13,279,003
15,203,486

201406281921(201406281921)
11,466,673
30,862,102
81,425,622
13,279,003
15,203,486

201406281922(201406281922)
11,466,673
30,862,102
81,425,622
13,291,043
15,213,735

201406281929(201406281929)
11,469,647
31,015,080
81,728,941
13,340,142
15,304,804

201406281930(201406281930)
11,472,732
31,020,980
81,728,941
13,340,142
15,304,804

201406281931(201406281931)
11,503,863
31,020,980
81,728,941
13,340,142
15,359,983

201406281932(201406281932)
11,534,180
31,020,980
81,728,941
13,340,142
15,359,983

201406281939(201406281939)
11,602,691
31,022,118
81,728,941
13,342,349
15,436,495

201406281940(201406281940)
11,605,959
31,022,118
81,728,941
13,342,349
15,483,717

201406281941(201406281941)
11,651,855
31,022,118
81,728,941
13,342,349
15,483,717

201406281942(201406281942)
11,651,855
31,022,118
81,728,941
13,342,349
15,505,866

201406281949(201406281949)
11,680,196
31,022,118
81,792,266
13,351,509
15,560,355

201406281950(201406281950)
11,680,196
31,022,118
81,792,266
13,351,509
15,560,355

201406281951(201406281951)
11,680,196
31,022,118
81,792,266
13,351,509
15,593,549

201406281952(201406281952)
11,680,196
31,022,118
81,792,266
13,364,106
15,593,549

201406281959(201406281959)
11,706,612
31,053,043
81,792,266
13,422,948
15,684,009

201406282000(201406282000)
11,706,612
31,065,419
81,792,266
13,435,302
15,717,923

201406282001(201406282001)
11,706,612
31,065,419
81,792,266
13,435,302
15,717,923

201406282002(201406282002)
11,706,612
31,065,419
81,792,266
13,435,302
15,717,923

201406282009(201406282009)
11,706,612
31,227,983
81,837,490
13,475,150
15,747,029

201406282010(201406282010)
11,706,612
31,227,983
81,837,490
13,475,150
15,747,029

201406282011(201406282011)
11,708,675
31,250,142
81,837,490
13,475,150
15,747,029

201406282012(201406282012)
11,708,675
31,250,142
81,837,490
13,475,150
15,748,626

201406282019(201406282019)
11,726,260
31,468,244
81,837,490
13,541,128
15,782,173

201406282020(201406282020)
11,726,260
31,468,244
81,837,490
13,541,128
15,782,173

201406282021(201406282021)
11,726,260
31,468,244
81,837,490
13,549,778
15,788,312

201406282022(201406282022)
11,726,260
31,481,062
81,837,490
13,550,956
15,788,312

201406282029(201406282029)
11,780,032
31,597,719
81,942,074
13,578,737
15,813,441

201406282030(201406282030)
11,780,032
31,597,719
81,942,074
13,578,737
15,813,441

201406282031(201406282031)
11,780,032
31,597,719
81,942,074
13,581,768
15,813,441

201406282032(201406282032)
11,780,032
31,597,719
82,076,800
13,581,768
15,813,441

201406282039(201406282039)
11,853,965
31,630,412
82,167,111
13,619,822
15,916,425

201406282040(201406282040)
11,853,965
31,630,412
82,315,584
13,619,822
15,916,425

201406282041(201406282041)
11,853,965
31,630,412
82,315,584
13,619,822
15,916,425

201406282042(201406282042)
11,854,101
31,630,412
82,447,560
13,619,822
15,934,178

201406282049(201406282049)
11,929,298
31,737,894
82,678,790
13,724,140
15,983,349

201406282050(201406282050)
11,937,093
31,737,894
82,678,790
13,724,973
15,983,349

201406282051(201406282051)
11,937,093
31,781,031
82,678,790
13,724,973
15,983,349

201406282052(201406282052)
11,937,093
31,781,031
82,678,790
13,733,620
15,983,349

201406282059(201406282059)
11,937,093
31,874,422
82,941,181
13,740,573
16,155,039

201406282100(201406282100)
11,937,093
31,874,422
83,068,025
13,778,503
16,165,392

201406282101(201406282101)
11,937,093
31,874,422
83,158,392
13,778,503
16,165,392

201406282102(201406282102)
11,938,544
31,874,422
83,158,392
13,791,004
16,165,392

201406282109(201406282109)
11,956,272
32,019,091
83,172,295
13,823,657
16,175,277

201406282110(201406282110)
11,956,612
32,087,364
83,172,295
13,823,657
16,175,277

201406282111(201406282111)
11,961,985
32,087,364
83,172,295
13,853,687
16,175,277

201406282112(201406282112)
12,037,917
32,087,364
83,172,295
13,853,687
16,175,277

201406282119(201406282119)
12,049,998
32,087,364
83,617,337
13,892,868
16,295,798

201406282120(201406282120)
12,049,998
32,213,264
83,617,337
13,892,868
16,295,798

201406282121(201406282121)
12,049,998
32,213,264
83,617,337
13,892,868
16,338,468

201406282122(201406282122)
12,049,998
32,213,264
83,617,337
13,906,034
16,394,439

201406282129(201406282129)
12,059,074
32,257,657
83,617,337
13,983,427
16,433,054

201406282130(201406282130)
12,059,074
32,257,657
83,617,337
13,983,427
16,436,037

201406282131(201406282131)
12,059,074
32,257,657
83,713,154
13,983,427
16,495,759

201406282132(201406282132)
12,059,074
32,257,657
83,829,048
13,983,427
16,544,449

201406282139(201406282139)
12,079,858
32,344,197
84,044,513
13,996,336
16,639,358

201406282140(201406282140)
12,086,270
32,367,055
84,044,513
13,996,336
16,656,828

201406282141(201406282141)
12,086,270
32,367,055
84,044,513
13,996,336
16,656,828

201406282142(201406282142)
12,086,270
32,367,055
84,044,513
14,021,985
16,697,572

201406282149(201406282149)
12,086,270
32,498,440
84,044,513
14,021,985
16,712,169

201406282150(201406282150)
12,086,270
32,498,440
84,044,513
14,021,985
16,718,374

201406282151(201406282151)
12,096,272
32,498,440
84,044,513
14,088,214
16,718,374

201406282152(201406282152)
12,096,272
32,498,440
84,044,513
14,088,214
16,718,374

201406282159(201406282159)
12,120,004
32,548,458
84,091,218
14,130,415
16,727,927

201406282200(201406282200)
12,120,140
32,548,458
84,091,218
14,130,415
16,727,927

201406282201(201406282201)
12,127,585
32,548,458
84,091,218
14,130,415
16,727,927

201406282202(201406282202)
12,127,585
32,548,458
84,091,218
14,130,415
16,727,927

201406282209(201406282209)
12,198,266
32,968,363
84,344,172
14,232,610
16,812,573

201406282210(201406282210)
12,220,515
33,027,513
84,344,172
14,232,610
16,812,573

201406282211(201406282211)
12,220,515
33,027,513
84,344,172
14,232,610
16,812,573

201406282212(201406282212)
12,229,441
33,038,368
84,344,172
14,246,049
16,832,514

201406282219(201406282219)
12,267,386
33,039,533
84,344,172
14,286,741
16,886,667

201406282220(201406282220)
12,267,386
33,113,140
84,344,172
14,293,619
16,968,935

201406282221(201406282221)
12,286,816
33,228,619
84,344,172
14,293,619
16,968,935

201406282222(201406282222)
12,292,314
33,283,601
84,499,861
14,310,872
16,994,847

201406282229(201406282229)
12,418,195
33,432,064
84,831,467
14,341,367
17,050,100

201406282230(201406282230)
12,497,931
33,432,064
84,916,998
14,341,367
17,093,932

201406282231(201406282231)
12,497,931
33,487,410
85,148,906
14,358,993
17,093,932

201406282232(201406282232)
12,497,931
33,487,410
85,156,205
14,358,993
17,093,932

201406282239(201406282239)
12,569,923
33,784,593
85,384,414
14,530,826
17,151,466

201406282240(201406282240)
12,569,923
33,847,406
85,384,414
14,530,826
17,151,466

201406282241(201406282241)
12,571,078
33,847,406
85,384,414
14,561,884
17,194,001

201406282242(201406282242)
12,571,078
33,847,406
85,384,414
14,561,884
17,194,187

201406282249(201406282249)
12,713,316
33,980,390
85,609,776
14,611,092
17,377,206

201406282250(201406282250)
12,721,588
33,995,144
85,609,776
14,611,092
17,377,206

201406282251(201406282251)
12,721,588
34,061,462
85,642,859
14,680,859
17,377,206

201406282252(201406282252)
12,796,520
34,061,462
85,642,859
14,685,641
17,377,206

201406282259(201406282259)
12,933,928
34,301,082
85,894,839
14,711,198
17,385,539

201406282300(201406282300)
12,940,633
34,414,130
86,057,060
14,714,916
17,385,539

201406282301(201406282301)
12,950,830
34,414,130
86,149,880
14,714,916
17,385,539

201406282302(201406282302)
12,950,830
34,414,130
86,149,880
14,721,923
17,394,739

201406282309(201406282309)
12,986,825
34,726,593
86,220,570
14,899,657
17,494,778

201406282310(201406282310)
12,986,825
34,726,593
86,220,570
14,907,665
17,494,778

201406282311(201406282311)
13,009,308
34,726,593
86,220,570
14,907,665
17,494,778

201406282312(201406282312)
13,009,308
34,863,269
86,220,570
14,950,415
17,504,691

201406282319(201406282319)
13,076,391
35,001,759
86,684,811
15,002,744
17,641,083

201406282320(201406282320)
13,076,391
35,001,759
86,684,811
15,003,192
17,708,413

201406282321(201406282321)
13,076,391
35,001,759
86,684,811
15,037,609
17,708,413

201406282322(201406282322)
13,081,944
35,001,759
86,684,811
15,065,361
17,708,413

201406282329(201406282329)
13,172,024
35,243,818
86,931,613
15,206,240
17,889,534

201406282330(201406282330)
13,186,868
35,243,818
86,931,613
15,210,871
17,889,534

201406282331(201406282331)
13,186,868
35,243,818
86,931,613
15,212,272
17,895,355

201406282332(201406282332)
13,188,385
35,243,818
87,099,561
15,219,907
17,895,521

201406282339(201406282339)
13,269,614
35,575,175
87,100,489
15,350,993
17,988,047

201406282340(201406282340)
13,269,614
35,633,464
87,100,489
15,350,993
17,988,047

201406282341(201406282341)
13,269,614
35,642,427
87,151,360
15,395,269
17,988,047

201406282342(201406282342)
13,290,663
35,642,427
87,151,360
15,395,269
18,010,418

201406282349(201406282349)
13,312,901
35,789,980
87,151,360
15,462,659
18,096,133

201406282350(201406282350)
13,312,901
35,852,380
87,151,360
15,493,428
18,099,120

201406282351(201406282351)
13,312,901
35,852,380
87,151,360
15,493,428
18,106,112

201406282352(201406282352)
13,312,901
35,892,082
87,151,360
15,493,428
18,106,112

201406282359(201406282359)
13,342,349
36,160,159
87,249,498
15,622,810
18,133,557

201406290000(201406290000)
13,342,349
36,160,159
87,249,498
15,656,598
18,133,557

201406290001(201406290001)
13,370,627
36,160,159
87,249,498
15,668,534
18,133,557

201406290002(201406290002)
13,370,627
36,160,159
87,249,498
15,690,530
18,133,680

201406290009(201406290009)
13,406,061
36,160,159
87,511,742
15,752,751
18,192,650

201406290010(201406290010)
13,406,061
36,160,159
87,751,516
15,831,776
18,192,650

201406290011(201406290011)
13,434,312
36,160,159
87,828,684
15,831,776
18,192,650

201406290012(201406290012)
13,434,312
36,160,159
87,911,089
15,831,776
18,216,310

201406290019(201406290019)
13,445,394
36,191,869
88,160,439
15,891,773
18,354,704

201406290020(201406290020)
13,445,394
36,191,869
88,160,439
15,891,773
18,440,626

201406290021(201406290021)
13,446,416
36,191,869
88,160,439
15,891,773
18,440,626

201406290022(201406290022)
13,446,416
36,191,869
88,160,439
15,906,884
18,440,626

201406290029(201406290029)
13,536,985
36,395,355
88,258,227
15,913,597
18,584,122

201406290030(201406290030)
13,567,154
36,456,217
88,258,227
15,934,178
18,628,812

201406290031(201406290031)
13,567,154
36,456,217
88,258,227
15,934,178
18,652,776

201406290032(201406290032)
13,575,785
36,502,307
88,258,227
15,934,178
18,654,626

201406290039(201406290039)
13,619,822
36,749,548
88,258,227
16,099,194
18,750,509

201406290040(201406290040)
13,647,636
36,749,548
88,357,236
16,106,726
18,750,509

201406290041(201406290041)
13,690,284
36,791,005
88,357,236
16,106,726
18,750,509

201406290042(201406290042)
13,699,298
36,791,005
88,357,236
16,106,726
18,750,645

201406290049(201406290049)
13,754,074
36,896,877
88,357,236
16,106,726
18,797,166

201406290050(201406290050)
13,754,074
36,896,877
88,357,236
16,106,726
18,797,166

201406290051(201406290051)
13,775,036
36,896,877
88,357,236
16,106,726
18,910,011

201406290052(201406290052)
13,775,036
36,896,877
88,524,900
16,106,726
18,910,011

201406290059(201406290059)
13,776,467
37,072,956
88,873,487
16,106,726
18,981,145

201406290100(201406290100)
13,784,101
37,072,956
88,873,487
16,106,726
18,985,699

201406290101(201406290101)
13,784,101
37,088,529
88,937,503
16,106,726
18,986,344

201406290102(201406290102)
13,784,101
37,088,529
89,025,004
16,106,726
18,986,344

201406290109(201406290109)
13,807,881
37,497,063
89,025,004
16,118,849
19,011,158

201406290110(201406290110)
13,807,881
37,497,063
89,025,004
16,118,849
19,011,158

201406290111(201406290111)
13,807,881
37,497,063
89,025,004
16,118,849
19,011,158

201406290112(201406290112)
13,814,150
37,497,063
89,025,004
16,118,849
19,011,158

201406290119(201406290119)
13,814,150
37,562,495
89,025,004
16,249,485
19,011,158

201406290120(201406290120)
13,838,910
37,562,495
89,025,004
16,249,485
19,011,158

201406290121(201406290121)
13,838,910
37,562,495
89,025,004
16,257,863
19,011,158

201406290122(201406290122)
13,838,910
37,562,495
89,025,004
16,296,697
19,011,158

201406290129(201406290129)
13,875,983
37,751,508
89,025,004
16,340,944
19,089,893

201406290130(201406290130)
13,879,668
37,751,508
89,025,004
16,340,944
19,136,138

201406290131(201406290131)
13,879,668
37,777,905
89,025,004
16,340,944
19,136,138

201406290132(201406290132)
13,880,394
37,777,905
89,252,410
16,381,883
19,136,138

201406290139(201406290139)
13,937,333
37,995,771
89,515,356
16,419,619
19,154,089

201406290140(201406290140)
13,976,082
37,995,771
89,515,356
16,425,210
19,157,073

201406290141(201406290141)
13,983,566
37,995,771
89,515,356
16,425,210
19,157,073

201406290142(201406290142)
13,983,566
37,995,771
89,515,356
16,425,210
19,157,073

201406290149(201406290149)
14,025,322
38,058,647
90,122,252
16,425,210
19,179,515

201406290150(201406290150)
14,025,322
38,058,647
90,122,252
16,425,210
19,180,511

201406290151(201406290151)
14,042,005
38,058,647
90,122,252
16,425,210
19,238,835

201406290152(201406290152)
14,042,005
38,058,647
90,122,252
16,425,210
19,238,835

201406290159(201406290159)
14,049,281
38,108,601
90,230,317
16,477,105
19,238,835

201406290200(201406290200)
14,049,281
38,108,953
90,230,317
16,477,105
19,238,835

201406290201(201406290201)
14,067,872
38,108,953
90,230,317
16,560,101
19,238,835

201406290202(201406290202)
14,067,872
38,108,953
90,230,317
16,560,101
19,238,835

201406290209(201406290209)
14,118,225
38,199,574
90,344,063
16,560,101
19,297,085

201406290210(201406290210)
14,118,225
38,199,574
90,344,063
16,560,101
19,297,085

201406290211(201406290211)
14,119,153
38,199,574
90,344,063
16,562,814
19,297,085

201406290212(201406290212)
14,119,493
38,199,574
90,344,063
16,562,814
19,299,883

201406290219(201406290219)
14,185,544
38,207,630
90,344,063
16,562,814
19,355,702

201406290220(201406290220)
14,213,044
38,207,630
90,344,063
16,562,814
19,355,702

201406290221(201406290221)
14,213,044
38,207,630
90,344,991
16,562,814
19,375,291

201406290222(201406290222)
14,213,044
38,207,630
90,344,991
16,579,380
19,393,697

201406290229(201406290229)
14,239,087
38,253,750
90,344,991
16,594,880
19,461,226

201406290230(201406290230)
14,240,626
38,253,750
90,344,991
16,594,880
19,461,226

201406290231(201406290231)
14,240,626
38,253,750
90,444,914
16,594,880
19,483,699

201406290232(201406290232)
14,240,626
38,253,750
90,444,914
16,594,880
19,483,699

201406290239(201406290239)
14,303,673
38,296,911
90,493,464
16,644,634
19,509,501

201406290240(201406290240)
14,358,953
38,296,911
90,493,464
16,644,634
19,509,501

201406290241(201406290241)
14,358,953
38,296,911
90,493,464
16,644,634
19,509,501

201406290242(201406290242)
14,359,881
38,296,911
90,493,464
16,644,634
19,509,501

201406290249(201406290249)
14,361,053
38,426,368
90,493,464
16,660,982
19,579,606

201406290250(201406290250)
14,361,053
38,426,368
90,493,464
16,660,982
19,579,606

201406290251(201406290251)
14,369,263
38,426,368
90,493,464
16,660,982
19,579,606

201406290252(201406290252)
14,393,903
38,426,368
90,493,464
16,660,982
19,579,606

201406290259(201406290259)
14,395,367
38,549,614
90,548,254
16,700,160
19,591,226

201406290300(201406290300)
14,395,367
38,549,614
90,548,254
16,700,160
19,591,226

201406290301(201406290301)
14,395,367
38,549,614
90,548,254
16,700,160
19,591,226

201406290302(201406290302)
14,401,092
38,549,614
90,548,254
16,712,842
19,591,226

201406290309(201406290309)
14,401,092
38,549,614
90,604,118
16,712,842
19,592,273

201406290310(201406290310)
14,401,092
38,549,614
90,604,118
16,712,842
19,592,409

201406290311(201406290311)
14,401,092
38,549,614
90,604,118
16,712,842
19,593,405

201406290312(201406290312)
14,401,092
38,549,614
90,604,118
16,712,842
19,614,965

201406290319(201406290319)
14,401,092
38,550,746
90,604,118
16,712,995
19,634,617

201406290320(201406290320)
14,401,092
38,550,746
90,604,118
16,719,482
19,634,617

201406290321(201406290321)
14,401,092
38,550,746
90,604,118
16,719,482
19,634,617

201406290322(201406290322)
14,401,092
38,550,746
90,605,386
16,719,482
19,634,617

201406290329(201406290329)
14,425,947
38,550,746
90,605,386
16,723,484
19,634,617

201406290330(201406290330)
14,425,947
38,550,746
90,605,386
16,730,532
19,634,617

201406290331(201406290331)
14,425,947
38,550,746
90,605,386
16,730,532
19,634,617

201406290332(201406290332)
14,425,947
38,550,746
90,605,386
16,730,532
19,634,617

201406290339(201406290339)
14,451,081
38,550,746
90,605,386
16,811,892
19,634,617

201406290340(201406290340)
14,451,081
38,550,746
90,605,386
16,811,892
19,634,617

201406290341(201406290341)
14,451,081
38,550,746
90,605,386
16,811,892
19,634,617

201406290342(201406290342)
14,451,081
38,550,746
90,605,386
16,833,546
19,634,617

201406290349(201406290349)
14,476,499
38,550,746
90,605,386
16,833,546
19,634,617

201406290350(201406290350)
14,476,499
38,550,746
90,605,386
16,833,546
19,634,617

201406290351(201406290351)
14,476,499
38,550,746
90,605,386
16,833,546
19,634,617

201406290352(201406290352)
14,476,499
38,550,746
90,605,386
16,847,820
19,634,617

201406290359(201406290359)
14,480,191
38,610,656
90,605,386
16,847,820
19,639,138

201406290400(201406290400)
14,490,165
38,610,656
90,605,386
16,847,820
19,639,138

201406290401(201406290401)
14,490,165
38,610,656
90,605,386
16,847,820
19,639,138

201406290402(201406290402)
14,490,165
38,649,232
90,605,386
16,860,470
19,639,138

201406290409(201406290409)
14,505,079
38,844,186
90,605,386
16,860,470
19,640,624

201406290410(201406290410)
14,505,079
38,844,186
90,605,386
16,860,470
19,640,624

201406290411(201406290411)
14,505,079
38,844,186
90,605,386
16,860,470
19,653,475

201406290412(201406290412)
14,505,079
38,844,186
90,605,386
16,860,470
19,672,118

201406290419(201406290419)
14,511,648
38,844,186
90,605,386
16,860,470
19,686,112

201406290420(201406290420)
14,511,648
38,844,186
90,605,386
16,873,379
19,686,112

201406290421(201406290421)
14,511,648
38,844,186
90,605,386
16,873,379
19,686,112

201406290422(201406290422)
14,511,648
38,844,186
90,605,386
16,873,379
19,686,112

201406290429(201406290429)
14,530,826
38,844,186
91,117,698
16,873,379
19,686,112

201406290430(201406290430)
14,530,826
38,844,186
91,117,698
16,873,379
19,686,112

201406290431(201406290431)
14,530,826
38,844,186
91,117,698
16,873,379
19,686,112

201406290432(201406290432)
14,530,826
38,844,186
91,117,698
16,873,379
19,686,112

201406290439(201406290439)
14,533,742
38,913,626
91,117,698
16,873,379
19,686,112

201406290440(201406290440)
14,533,742
38,913,626
91,117,698
16,873,379
19,686,112

201406290441(201406290441)
14,533,742
38,913,626
91,117,698
16,873,379
19,686,112

201406290442(201406290442)
14,533,742
39,047,882
91,117,698
16,873,379
19,686,112

201406290449(201406290449)
14,533,742
39,059,113
91,117,698
16,873,379
19,721,311

201406290450(201406290450)
14,533,742
39,059,113
91,117,698
16,873,379
19,721,311

201406290451(201406290451)
14,533,742
39,059,113
91,117,698
16,873,379
19,721,311

201406290452(201406290452)
14,534,945
39,059,113
91,117,698
16,873,379
19,721,717

201406290459(201406290459)
14,534,945
39,240,817
91,117,698
16,874,089
19,850,351

201406290500(201406290500)
14,534,945
39,240,817
91,117,698
16,874,089
19,850,351

201406290501(201406290501)
14,534,945
39,240,817
91,117,698
16,874,089
19,850,351

201406290502(201406290502)
14,534,945
39,240,817
91,117,698
16,878,997
19,850,351

201406290509(201406290509)
14,534,945
39,240,817
91,117,698
16,878,997
19,850,351

201406290510(201406290510)
14,534,945
39,240,828
91,117,698
16,878,997
19,850,351

201406290511(201406290511)
14,534,945
39,240,828
91,117,698
16,878,997
19,850,351

201406290512(201406290512)
14,534,945
39,240,828
91,117,698
16,878,997
19,850,351

201406290519(201406290519)
14,572,289
39,240,828
91,117,698
16,891,109
19,850,351

201406290520(201406290520)
14,572,289
39,240,828
91,117,698
16,891,109
19,850,351

201406290521(201406290521)
14,572,289
39,240,828
91,117,698
16,891,109
19,850,351

201406290522(201406290522)
14,572,289
39,240,828
91,117,698
16,891,109
19,850,351

201406290529(201406290529)
14,572,289
39,240,828
91,118,490
16,891,109
19,875,596

201406290530(201406290530)
14,572,289
39,240,828
91,119,758
16,891,109
19,875,596

201406290531(201406290531)
14,572,289
39,240,828
91,119,758
16,891,109
19,875,596

201406290532(201406290532)
14,572,289
39,475,344
91,120,030
16,891,109
19,875,596

201406290539(201406290539)
14,647,518
39,475,344
91,592,101
16,891,109
19,875,596

201406290540(201406290540)
14,647,518
39,475,344
91,592,101
16,891,109
19,875,596

201406290541(201406290541)
14,647,518
39,475,344
91,592,101
16,891,109
19,875,596

201406290542(201406290542)
14,647,518
39,475,344
91,592,101
16,891,109
19,875,596

201406290549(201406290549)
14,674,521
39,475,344
91,592,101
16,891,109
19,889,131

201406290550(201406290550)
14,674,521
39,475,344
91,592,101
16,891,109
19,910,711

201406290551(201406290551)
14,674,521
39,475,344
91,592,101
16,891,109
19,910,711

201406290552(201406290552)
14,674,521
39,475,344
91,592,101
16,891,109
19,910,711

201406290559(201406290559)
14,674,521
39,475,344
91,592,101
16,937,617
19,910,711

201406290600(201406290600)
14,674,521
39,475,344
91,592,101
16,937,617
19,910,711

201406290601(201406290601)
14,674,521
39,475,344
91,592,101
16,937,617
19,910,711

201406290602(201406290602)
14,681,886
39,475,344
91,592,101
16,937,617
19,910,711

201406290609(201406290609)
14,681,886
39,475,344
91,597,866
17,009,185
19,911,503

201406290610(201406290610)
14,681,886
39,475,344
91,597,866
17,009,185
19,911,979

201406290611(201406290611)
14,689,180
39,475,344
91,597,866
17,009,185
19,912,771

201406290612(201406290612)
14,689,180
39,475,344
91,597,866
17,009,185
19,912,771

201406290619(201406290619)
14,689,180
39,475,344
91,597,866
17,009,185
19,928,905

201406290620(201406290620)
14,689,180
39,475,344
91,597,866
17,009,185
19,928,905

201406290621(201406290621)
14,689,180
39,475,344
91,597,866
17,009,185
19,928,905

201406290622(201406290622)
14,689,180
39,475,344
91,597,866
17,009,185
19,928,905

201406290629(201406290629)
14,689,180
39,673,736
91,597,866
17,009,185
19,928,905

201406290630(201406290630)
14,689,180
39,673,736
91,597,866
17,009,185
19,928,905

201406290631(201406290631)
14,689,180
39,673,736
91,597,866
17,009,185
19,928,905

201406290632(201406290632)
14,689,180
39,673,736
91,597,866
17,009,185
19,928,905

201406290639(201406290639)
14,690,741
39,716,481
91,597,866
17,083,354
19,990,756

201406290640(201406290640)
14,690,741
39,716,481
91,597,866
17,083,354
19,990,756

201406290641(201406290641)
14,690,741
39,716,481
91,597,866
17,083,354
19,990,756

201406290642(201406290642)
14,690,741
39,716,481
91,597,866
17,083,354
19,990,756

201406290649(201406290649)
14,690,741
39,716,481
91,622,245
17,097,648
19,990,756

201406290650(201406290650)
14,690,741
39,752,528
91,622,245
17,097,648
19,990,756

201406290651(201406290651)
14,690,741
39,752,528
91,622,245
17,097,648
19,990,756

201406290652(201406290652)
14,690,741
39,798,191
91,622,245
17,097,648
19,990,756

201406290659(201406290659)
14,765,354
39,798,191
91,763,414
17,097,648
19,990,756

201406290700(201406290700)
14,818,334
39,798,191
91,763,414
17,097,648
19,990,756

201406290701(201406290701)
14,818,334
39,798,191
91,763,414
17,097,648
19,990,756

201406290702(201406290702)
14,841,062
39,882,588
91,763,414
17,097,648
19,990,756

201406290709(201406290709)
14,841,062
39,893,244
91,763,414
17,134,416
19,990,756

201406290710(201406290710)
14,841,062
39,893,244
91,763,414
17,134,416
19,990,756

201406290711(201406290711)
14,841,062
39,893,244
91,763,414
17,134,416
19,990,756

201406290712(201406290712)
14,841,062
39,893,244
91,763,414
17,134,416
19,990,756

201406290719(201406290719)
14,841,062
39,893,244
91,763,414
17,143,754
19,995,745

201406290720(201406290720)
14,841,062
39,893,244
91,763,414
17,143,754
19,995,745

201406290721(201406290721)
14,841,062
39,893,244
91,763,414
17,143,754
19,995,745

201406290722(201406290722)
14,841,062
39,893,244
91,763,414
17,143,754
19,995,745

201406290729(201406290729)
14,843,267
39,898,180
91,763,414
17,147,573
19,995,745

201406290730(201406290730)
14,843,267
39,898,180
91,763,414
17,213,352
19,995,745

201406290731(201406290731)
14,843,267
39,898,180
91,763,414
17,213,352
19,995,745

201406290732(201406290732)
14,843,267
39,898,180
91,763,414
17,213,352
19,995,745

201406290739(201406290739)
14,862,819
39,930,495
91,763,414
17,221,876
19,999,809

201406290740(201406290740)
14,862,819
39,930,495
91,763,414
17,221,876
20,019,310

201406290741(201406290741)
14,862,819
39,983,085
91,763,414
17,221,876
20,048,109

201406290742(201406290742)
14,862,819
39,983,085
91,763,414
17,235,330
20,048,109

201406290749(201406290749)
14,877,415
39,983,085
91,763,414
17,282,938
20,048,109

201406290750(201406290750)
14,877,415
39,983,085
91,763,414
17,282,938
20,048,109

201406290751(201406290751)
14,877,415
39,983,085
91,763,414
17,282,938
20,048,109

201406290752(201406290752)
14,877,415
40,041,154
91,764,342
17,282,938
20,048,109

201406290759(201406290759)
14,885,117
40,041,154
91,764,682
17,312,736
20,048,109

201406290800(201406290800)
14,885,117
40,041,154
91,764,682
17,312,736
20,048,109

201406290801(201406290801)
14,885,117
40,041,154
91,764,682
17,312,736
20,048,109

201406290802(201406290802)
14,885,117
40,041,154
91,764,682
17,312,736
20,048,109

201406290809(201406290809)
14,886,778
40,041,154
91,764,682
17,343,542
20,128,837

201406290810(201406290810)
14,886,778
40,194,933
91,764,682
17,343,542
20,128,837

201406290811(201406290811)
14,886,778
40,214,741
91,764,682
17,343,542
20,128,837

201406290812(201406290812)
14,985,054
40,214,741
91,764,682
17,343,542
20,131,917

201406290819(201406290819)
15,006,979
40,214,741
91,764,682
17,343,542
20,150,289

201406290820(201406290820)
15,006,979
40,214,741
91,764,682
17,343,542
20,150,289

201406290821(201406290821)
15,006,979
40,214,741
91,764,682
17,343,542
20,158,946

201406290822(201406290822)
15,006,979
40,214,741
91,764,682
17,343,542
20,158,946

201406290829(201406290829)
15,026,594
40,214,741
91,955,177
17,343,542
20,161,982

201406290830(201406290830)
15,026,594
40,214,741
91,955,177
17,343,542
20,161,982

201406290831(201406290831)
15,026,730
40,214,741
91,955,177
17,343,542
20,161,982

201406290832(201406290832)
15,026,866
40,214,741
91,955,177
17,343,542
20,161,982

201406290839(201406290839)
15,074,807
40,329,659
91,955,177
17,343,542
20,230,909

201406290840(201406290840)
15,074,807
40,329,659
91,955,177
17,372,599
20,230,909

201406290841(201406290841)
15,074,807
40,329,659
91,955,177
17,372,599
20,230,909

201406290842(201406290842)
15,074,807
40,329,659
91,955,177
17,372,599
20,244,029

201406290849(201406290849)
15,120,042
40,329,659
91,955,177
17,372,599
20,311,984

201406290850(201406290850)
15,120,042
40,329,659
91,955,177
17,397,650
20,311,984

201406290851(201406290851)
15,120,042
40,329,659
91,955,177
17,397,650
20,311,984

201406290852(201406290852)
15,120,042
40,329,659
91,955,177
17,397,650
20,311,984

201406290859(201406290859)
15,137,157
40,467,788
91,955,177
17,397,650
20,329,724

201406290900(201406290900)
15,137,157
40,467,788
91,955,177
17,405,245
20,329,724

201406290901(201406290901)
15,137,157
40,467,788
91,955,177
17,405,245
20,329,724

201406290902(201406290902)
15,137,157
40,467,788
91,955,177
17,405,245
20,329,724

201406290909(201406290909)
15,137,157
40,467,788
91,955,177
17,478,134
20,400,081

201406290910(201406290910)
15,192,947
40,467,788
91,955,177
17,478,134
20,426,015

201406290911(201406290911)
15,192,947
40,467,788
91,955,177
17,478,134
20,426,015

201406290912(201406290912)
15,192,947
40,467,788
91,955,177
17,478,134
20,426,015

201406290919(201406290919)
15,192,947
40,543,384
91,955,177
17,478,134
20,426,015

201406290920(201406290920)
15,192,947
40,680,356
91,955,177
17,478,134
20,426,015

201406290921(201406290921)
15,192,947
40,680,356
91,955,177
17,504,575
20,426,015

201406290922(201406290922)
15,192,947
40,726,540
91,955,177
17,511,883
20,426,015

201406290929(201406290929)
15,192,947
40,761,522
91,955,177
17,511,883
20,445,521

201406290930(201406290930)
15,192,947
40,761,522
91,955,177
17,511,883
20,455,425

201406290931(201406290931)
15,192,947
40,761,522
91,955,177
17,566,438
20,456,690

201406290932(201406290932)
15,192,947
40,761,522
91,955,177
17,566,438
20,456,690

201406290939(201406290939)
15,201,189
40,774,285
92,091,873
17,568,817
20,483,014

201406290940(201406290940)
15,201,189
40,774,285
92,091,873
17,568,817
20,483,014

201406290941(201406290941)
15,201,189
40,774,285
92,091,873
17,568,817
20,483,014

201406290942(201406290942)
15,201,189
40,774,285
92,091,873
17,568,817
20,483,014

201406290949(201406290949)
15,217,193
40,774,285
92,091,873
17,715,284
20,569,498

201406290950(201406290950)
15,217,193
40,774,285
92,234,783
17,715,284
20,569,498

201406290951(201406290951)
15,217,193
40,810,450
92,234,783
17,715,284
20,569,498

201406290952(201406290952)
15,218,102
40,810,450
92,234,783
17,715,284
20,569,498

201406290959(201406290959)
15,259,272
40,810,450
92,457,493
17,715,284
20,578,073

201406291000(201406291000)
15,259,272
40,810,450
92,457,493
17,715,284
20,578,073

201406291001(201406291001)
15,272,980
40,810,450
92,457,493
17,715,284
20,578,073

201406291002(201406291002)
15,282,241
40,828,516
92,457,493
17,715,284
20,578,073

201406291009(201406291009)
15,295,745
41,058,115
92,512,266
17,918,538
20,594,164

201406291010(201406291010)
15,295,745
41,058,115
92,512,266
17,918,538
20,594,164

201406291011(201406291011)
15,295,745
41,058,115
92,672,018
18,026,027
20,594,164

201406291012(201406291012)
15,295,745
41,058,115
92,672,018
18,026,027
20,594,164

201406291019(201406291019)
15,295,745
41,073,535
92,750,680
18,026,027
20,673,730

201406291020(201406291020)
15,295,745
41,073,535
92,750,680
18,026,027
20,673,730

201406291021(201406291021)
15,295,745
41,073,535
92,750,680
18,026,027
20,673,730

201406291022(201406291022)
15,295,745
41,073,535
92,750,680
18,026,027
20,688,635

201406291029(201406291029)
15,348,616
41,073,535
92,750,680
18,069,944
20,826,993

201406291030(201406291030)
15,348,616
41,073,535
92,750,680
18,069,944
20,826,993

201406291031(201406291031)
15,348,616
41,073,535
92,750,680
18,092,825
20,830,392

201406291032(201406291032)
15,348,616
41,073,535
92,750,680
18,092,825
20,834,359

201406291039(201406291039)
15,419,995
41,233,006
92,750,680
18,158,275
20,916,305

201406291040(201406291040)
15,419,995
41,233,006
92,750,680
18,165,315
20,916,305

201406291041(201406291041)
15,419,995
41,233,006
92,750,680
18,165,315
20,916,305

201406291042(201406291042)
15,427,612
41,233,006
92,750,680
18,165,315
20,916,305

201406291049(201406291049)
15,572,094
41,233,006
93,037,702
18,181,161
20,958,900

201406291050(201406291050)
15,572,094
41,233,006
93,037,702
18,181,161
20,959,006

201406291051(201406291051)
15,590,918
41,233,006
93,037,702
18,181,161
20,959,006

201406291052(201406291052)
15,590,918
41,312,099
93,037,702
18,192,650
20,959,006

201406291059(201406291059)
15,611,840
41,657,112
93,208,171
18,325,611
20,971,834

201406291100(201406291100)
15,611,840
41,657,112
93,208,171
18,325,611
20,971,834

201406291101(201406291101)
15,611,840
41,657,112
93,208,171
18,325,611
20,971,834

201406291102(201406291102)
15,611,840
41,657,112
93,208,171
18,325,611
20,971,834

201406291109(201406291109)
15,615,635
41,770,371
93,549,109
18,325,611
21,016,640

201406291110(201406291110)
15,616,296
41,788,162
93,549,109
18,325,611
21,016,640

201406291111(201406291111)
15,616,296
41,788,162
93,549,109
18,325,611
21,016,640

201406291112(201406291112)
15,616,296
41,788,162
93,549,109
18,325,611
21,016,640

201406291119(201406291119)
15,616,296
41,968,281
93,549,109
18,325,611
21,026,179

201406291120(201406291120)
15,616,296
41,968,281
93,549,109
18,325,611
21,052,540

201406291121(201406291121)
15,616,296
41,968,281
93,549,109
18,325,611
21,052,540

201406291122(201406291122)
15,616,296
41,968,281
93,549,109
18,334,965
21,132,034

201406291129(201406291129)
15,654,050
42,115,883
93,549,109
18,383,185
21,164,756

201406291130(201406291130)
15,654,050
42,172,020
93,549,109
18,383,185
21,166,779

201406291131(201406291131)
15,654,050
42,172,020
93,549,109
18,383,185
21,166,779

201406291132(201406291132)
15,693,398
42,172,020
93,549,109
18,383,185
21,166,779

201406291139(201406291139)
15,752,557
42,172,020
93,549,109
18,383,185
21,275,105

201406291140(201406291140)
15,765,210
42,284,363
93,560,044
18,383,185
21,275,105

201406291141(201406291141)
15,800,968
42,284,363
93,560,044
18,383,185
21,275,105

201406291142(201406291142)
15,800,968
42,295,231
93,560,044
18,445,461
21,275,105

201406291149(201406291149)
15,946,974
42,515,150
93,560,044
18,474,365
21,275,105

201406291150(201406291150)
15,946,974
42,517,209
93,560,044
18,474,365
21,313,472

201406291151(201406291151)
15,946,974
42,517,209
93,560,044
18,474,365
21,313,472

201406291152(201406291152)
15,946,974
42,552,316
93,560,044
18,474,365
21,313,472

201406291159(201406291159)
15,946,974
42,552,316
93,560,044
18,837,211
21,315,899

201406291200(201406291200)
15,946,974
42,552,316
93,560,044
18,837,211
21,315,899

201406291201(201406291201)
15,946,974
42,552,316
93,560,044
18,837,211
21,315,899

201406291202(201406291202)
15,946,974
42,552,316
93,560,044
18,837,211
21,368,752

201406291209(201406291209)
15,962,182
42,552,316
93,797,551
18,883,433
21,368,888

201406291210(201406291210)
15,962,182
42,552,316
93,797,551
18,883,433
21,368,888

201406291211(201406291211)
15,962,182
42,552,316
94,066,483
18,887,582
21,368,888

201406291212(201406291212)
15,962,182
42,552,316
94,066,483
18,887,582
21,368,888

201406291219(201406291219)
16,023,675
42,609,976
94,066,483
18,898,172
21,501,015

201406291220(201406291220)
16,023,675
42,609,976
94,066,483
18,898,172
21,501,015

201406291221(201406291221)
16,023,675
42,609,976
94,066,483
18,898,172
21,501,015

201406291222(201406291222)
16,023,675
42,609,976
94,066,483
18,898,172
21,520,229

201406291229(201406291229)
16,023,675
42,609,976
94,066,483
18,938,008
21,560,629

201406291230(201406291230)
16,023,675
42,609,976
94,066,483
18,938,008
21,560,629

201406291231(201406291231)
16,023,675
42,609,976
94,066,483
18,938,008
21,560,629

201406291232(201406291232)
16,023,675
42,609,976
94,066,619
18,938,008
21,570,975

201406291239(201406291239)
16,023,675
42,626,055
94,527,869
19,049,972
21,637,569

201406291240(201406291240)
16,023,675
42,626,055
94,527,869
19,049,972
21,647,639

201406291241(201406291241)
16,023,675
42,626,055
94,527,869
19,049,972
21,647,639

201406291242(201406291242)
16,023,675
42,626,055
94,568,436
19,049,972
21,647,639

201406291249(201406291249)
16,049,810
42,684,895
94,568,436
19,049,972
21,647,639

201406291250(201406291250)
16,049,810
42,684,895
94,568,436
19,049,972
21,647,639

201406291251(201406291251)
16,049,810
42,684,895
94,568,436
19,049,972
21,647,639

201406291252(201406291252)
16,049,810
42,684,895
94,775,435
19,049,972
21,647,639

201406291259(201406291259)
16,064,588
42,847,480
95,490,985
19,109,238
21,648,975

201406291300(201406291300)
16,064,588
42,884,332
95,490,985
19,114,390
21,648,975

201406291301(201406291301)
16,064,588
42,884,332
95,490,985
19,114,390
21,648,975

201406291302(201406291302)
16,080,931
42,884,332
95,490,985
19,114,390
21,648,975

201406291309(201406291309)
16,093,144
43,020,739
95,490,985
19,136,138
21,713,585

201406291310(201406291310)
16,093,144
43,020,739
95,490,985
19,136,138
21,713,585

201406291311(201406291311)
16,093,144
43,020,739
95,490,985
19,136,138
21,813,249

201406291312(201406291312)
16,093,144
43,020,739
95,490,985
19,138,585
21,813,249

201406291319(201406291319)
16,155,514
43,020,739
95,490,985
19,138,585
21,875,597

201406291320(201406291320)
16,155,514
43,020,739
95,490,985
19,138,585
21,875,597

201406291321(201406291321)
16,155,514
43,020,739
95,490,985
19,138,585
21,875,597

201406291322(201406291322)
16,155,514
43,020,739
95,490,985
19,138,585
21,875,597

201406291329(201406291329)
16,181,685
43,046,539
95,490,985
19,244,119
21,875,597

201406291330(201406291330)
16,181,685
43,100,188
95,490,985
19,244,119
21,875,597

201406291331(201406291331)
16,181,685
43,100,188
95,490,985
19,244,119
21,875,597

201406291332(201406291332)
16,181,685
43,107,066
95,490,985
19,257,974
21,875,597

201406291339(201406291339)
16,283,691
43,162,208
95,490,985
19,295,270
21,924,340

201406291340(201406291340)
16,286,155
43,162,208
95,826,854
19,295,270
21,924,340

201406291341(201406291341)
16,286,155
43,162,208
95,826,854
19,295,270
21,924,340

201406291342(201406291342)
16,286,155
43,162,208
95,858,917
19,295,270
21,928,834

201406291349(201406291349)
16,332,854
43,165,202
95,858,917
19,297,085
21,947,975

201406291350(201406291350)
16,332,854
43,165,202
95,858,917
19,297,085
21,947,975

201406291351(201406291351)
16,332,854
43,203,275
95,858,917
19,297,085
21,947,975

201406291352(201406291352)
16,332,854
43,203,275
95,858,917
19,297,085
21,947,975

201406291359(201406291359)
16,353,648
43,203,275
95,858,917
19,321,643
22,035,412

201406291400(201406291400)
16,353,648
43,203,275
95,858,917
19,379,133
22,035,412

201406291401(201406291401)
16,357,282
43,203,275
95,858,917
19,379,133
22,035,412

201406291402(201406291402)
16,357,282
43,203,275
95,858,917
19,379,133
22,035,412

201406291409(201406291409)
16,450,654
43,203,275
96,191,010
19,520,363
22,055,297

201406291410(201406291410)
16,450,654
43,203,275
96,191,010
19,520,363
22,055,297

201406291411(201406291411)
16,450,654
43,244,677
96,191,010
19,520,363
22,055,297

201406291412(201406291412)
16,450,654
43,244,677
96,191,010
19,520,363
22,055,297

201406291419(201406291419)
16,461,378
43,244,677
96,667,503
19,584,942
22,055,297

201406291420(201406291420)
16,461,378
43,244,677
96,667,503
19,584,942
22,055,297

201406291421(201406291421)
16,461,378
43,244,677
96,667,503
19,584,942
22,055,297

201406291422(201406291422)
16,461,378
43,244,677
96,667,503
19,594,878
22,081,763

201406291429(201406291429)
16,461,378
43,370,491
96,667,503
19,649,817
22,293,623

201406291430(201406291430)
16,461,378
43,382,631
96,667,503
19,649,817
22,293,623

201406291431(201406291431)
16,461,378
43,382,631
96,667,503
19,654,341
22,293,623

201406291432(201406291432)
16,516,159
43,382,631
96,667,503
19,696,809
22,327,805

201406291439(201406291439)
16,587,053
43,567,864
96,667,503
19,719,014
22,420,008

201406291440(201406291440)
16,587,053
43,567,864
96,667,503
19,719,014
22,420,008

201406291441(201406291441)
16,587,053
43,567,864
96,676,893
19,719,014
22,420,008

201406291442(201406291442)
16,587,053
43,567,864
96,676,893
19,719,014
22,461,907

201406291449(201406291449)
16,605,063
43,764,564
96,952,422
19,726,669
22,461,907

201406291450(201406291450)
16,605,063
43,764,564
96,952,422
19,726,669
22,466,825

201406291451(201406291451)
16,605,063
43,764,564
96,952,422
19,726,669
22,466,825

201406291452(201406291452)
16,605,063
43,771,437
96,952,422
19,726,669
22,466,825

201406291459(201406291459)
16,605,063
43,771,437
97,230,259
19,840,761
22,478,414

201406291500(201406291500)
16,605,063
43,771,437
97,230,259
19,871,958
22,481,280

201406291501(201406291501)
16,633,108
43,771,437
97,230,259
19,871,958
22,481,280

201406291502(201406291502)
16,633,108
43,771,437
97,230,259
19,902,553
22,481,280

201406291509(201406291509)
16,633,108
43,932,616
97,230,259
19,927,463
22,488,588

201406291510(201406291510)
16,633,108
43,932,616
97,230,259
19,927,463
22,507,266

201406291511(201406291511)
16,633,108
43,932,616
97,230,259
19,927,463
22,507,266

201406291512(201406291512)
16,633,108
43,932,616
97,297,146
19,960,272
22,525,750

201406291519(201406291519)
16,685,225
44,174,997
98,052,141
19,971,763
22,606,259

201406291520(201406291520)
16,685,225
44,174,997
98,052,141
19,971,763
22,606,259

201406291521(201406291521)
16,685,225
44,174,997
98,052,141
19,971,763
22,606,259

201406291522(201406291522)
16,685,225
44,174,997
98,052,141
19,971,763
22,606,259

201406291529(201406291529)
16,755,506
44,190,138
98,052,141
19,981,578
22,621,154

201406291530(201406291530)
16,755,506
44,190,138
98,052,141
19,981,578
22,621,154

201406291531(201406291531)
16,755,506
44,190,138
98,052,141
19,981,578
22,621,154

201406291532(201406291532)
16,755,506
44,190,138
98,276,159
19,981,578
22,621,154

201406291539(201406291539)
16,819,713
44,272,642
98,479,622
20,092,765
22,621,154

201406291540(201406291540)
16,819,713
44,287,741
98,479,622
20,092,765
22,621,154

201406291541(201406291541)
16,819,713
44,287,741
98,479,622
20,092,765
22,621,154

201406291542(201406291542)
16,819,713
44,287,741
98,479,622
20,092,765
22,621,154

201406291549(201406291549)
16,828,519
44,364,540
98,851,824
20,092,765
22,646,033

201406291550(201406291550)
16,901,618
44,364,540
98,851,824
20,092,765
22,646,033

201406291551(201406291551)
16,901,618
44,364,540
98,851,824
20,092,765
22,646,033

201406291552(201406291552)
16,971,285
44,364,540
98,851,824
20,092,765
22,646,033

201406291559(201406291559)
16,981,867
44,593,687
98,852,956
20,092,765
22,685,937

201406291600(201406291600)
16,981,867
44,593,687
98,852,956
20,092,765
22,687,069

201406291601(201406291601)
16,981,867
44,593,687
98,852,956
20,092,765
22,688,201

201406291602(201406291602)
16,998,744
44,593,687
98,852,956
20,125,582
22,688,881

201406291609(201406291609)
17,009,185
44,815,154
98,852,956
20,156,612
22,716,157

201406291610(201406291610)
17,009,185
44,815,154
98,852,956
20,190,069
22,716,157

201406291611(201406291611)
17,009,185
44,815,154
98,852,956
20,190,069
22,716,157

201406291612(201406291612)
17,009,185
44,815,154
98,853,092
20,190,069
22,716,157

201406291619(201406291619)
17,033,947
45,052,329
98,853,092
20,236,763
22,902,277

201406291620(201406291620)
17,033,947
45,073,926
98,853,092
20,236,763
22,902,277

201406291621(201406291621)
17,033,947
45,073,926
98,853,092
20,248,648
22,902,277

201406291622(201406291622)
17,033,947
45,073,926
98,853,092
20,263,057
22,902,277

201406291629(201406291629)
17,054,869
45,160,818
98,853,092
20,283,578
22,972,470

201406291630(201406291630)
17,089,777
45,160,818
98,929,983
20,283,578
23,009,244

201406291631(201406291631)
17,089,777
45,160,818
98,929,983
20,311,984
23,009,244

201406291632(201406291632)
17,164,415
45,160,818
98,929,983
20,311,984
23,009,244

201406291639(201406291639)
17,164,415
45,160,818
99,149,943
20,329,724
23,124,091

201406291640(201406291640)
17,164,415
45,244,696
99,149,943
20,366,635
23,124,091

201406291641(201406291641)
17,164,415
45,244,696
99,149,943
20,366,635
23,124,091

201406291642(201406291642)
17,164,415
45,244,696
99,326,994
20,366,635
23,224,068

201406291649(201406291649)
17,186,335
45,244,696
99,327,130
20,392,284
23,224,068

201406291650(201406291650)
17,186,335
45,244,696
99,327,130
20,392,284
23,224,068

201406291651(201406291651)
17,186,335
45,244,696
99,327,130
20,392,284
23,224,741

201406291652(201406291652)
17,186,335
45,244,696
99,327,130
20,392,284
23,224,741

201406291659(201406291659)
17,224,828
45,269,599
99,598,034
20,486,614
23,240,290

201406291700(201406291700)
17,277,395
45,290,720
99,598,034
20,486,614
23,240,290

201406291701(201406291701)
17,277,395
45,420,910
99,598,034
20,486,614
23,240,290

201406291702(201406291702)
17,277,395
45,420,910
99,809,746
20,498,283
23,240,290

