201406301709(201406301709)
25,248,186
60,970,098
117,488,122
28,995,985
33,157,880

201406301710(201406301710)
25,248,186
60,970,098
117,488,122
28,995,985
33,157,880

201406301711(201406301711)
25,297,360
60,970,098
117,488,122
28,995,985
33,157,880

201406301712(201406301712)
25,297,360
60,970,098
117,488,122
28,995,985
33,157,880

201406301719(201406301719)
25,297,360
60,992,811
117,488,122
29,004,168
33,160,400

201406301720(201406301720)
25,297,360
60,992,811
117,488,122
29,004,168
33,160,400

201406301721(201406301721)
25,297,360
60,992,811
117,488,122
29,004,168
33,160,400

201406301722(201406301722)
25,297,360
60,992,811
117,488,122
29,004,168
33,160,400

201406301729(201406301729)
25,303,546
61,004,306
117,489,322
29,015,648
33,212,056

201406301730(201406301730)
25,303,546
61,004,306
117,489,322
29,015,648
33,212,056

201406301731(201406301731)
25,393,950
61,007,901
117,489,322
29,015,648
33,212,056

201406301732(201406301732)
25,393,950
61,198,565
117,489,322
29,015,648
33,212,056

201406301739(201406301739)
25,393,950
61,198,565
117,489,322
29,061,594
33,287,546

201406301740(201406301740)
25,393,950
61,198,565
117,489,322
29,061,594
33,287,546

201406301741(201406301741)
25,393,950
61,198,565
117,489,322
29,061,594
33,287,546

201406301742(201406301742)
25,393,950
61,198,565
117,489,322
29,061,594
33,287,546

201406301749(201406301749)
25,449,483
61,198,565
117,489,322
29,077,309
33,309,789

201406301750(201406301750)
25,449,483
61,198,565
117,489,322
29,077,309
33,309,789

201406301751(201406301751)
25,451,533
61,198,565
117,489,322
29,077,309
33,348,148

201406301752(201406301752)
25,451,533
61,198,565
117,489,322
29,077,309
33,376,341

201406301759(201406301759)
25,516,466
61,209,423
117,489,322
29,156,249
33,396,364

201406301800(201406301800)
25,516,466
61,209,423
117,489,322
29,185,856
33,396,364

201406301801(201406301801)
25,516,466
61,209,423
117,489,322
29,282,655
33,396,364

201406301802(201406301802)
25,606,694
61,209,423
117,489,322
29,282,655
33,400,112

201406301809(201406301809)
25,606,694
61,209,423
117,489,322
29,372,362
33,400,112

201406301810(201406301810)
25,626,061
61,209,423
117,489,322
29,372,362
33,400,112

201406301811(201406301811)
25,626,061
61,209,423
117,489,322
29,372,362
33,400,112

201406301812(201406301812)
25,654,641
61,209,423
117,489,322
29,372,362
33,400,112

201406301819(201406301819)
25,654,641
61,381,833
117,489,322
29,384,702
33,490,854

201406301820(201406301820)
25,654,641
61,381,833
117,489,322
29,384,702
33,490,854

201406301821(201406301821)
25,654,641
61,381,833
117,489,322
29,384,702
33,490,854

201406301822(201406301822)
25,654,641
61,381,833
117,489,322
29,384,702
33,490,854

201406301829(201406301829)
25,654,641
61,512,964
117,490,454
29,384,702
33,490,854

201406301830(201406301830)
25,654,641
61,512,964
117,490,454
29,384,702
33,490,854

201406301831(201406301831)
25,654,641
61,512,964
117,490,454
29,384,702
33,490,854

201406301832(201406301832)
25,654,641
61,512,964
117,490,454
29,384,702
33,516,529

201406301839(201406301839)
25,654,641
61,512,964
117,490,454
29,386,117
33,516,529

201406301840(201406301840)
25,654,641
61,512,964
117,490,454
29,386,117
33,516,529

201406301841(201406301841)
25,654,641
61,512,964
117,490,454
29,386,117
33,516,529

201406301842(201406301842)
25,654,641
61,512,964
117,490,454
29,386,117
33,516,529

201406301849(201406301849)
25,758,694
61,512,964
117,490,454
29,592,330
33,536,009

201406301850(201406301850)
25,786,095
61,512,964
117,490,454
29,592,330
33,536,009

201406301851(201406301851)
25,786,095
61,512,964
117,490,454
29,592,330
33,545,444

201406301852(201406301852)
25,786,095
61,512,964
117,490,454
29,592,330
33,545,444

201406301859(201406301859)
25,863,266
61,519,179
117,490,454
29,709,349
33,622,464

201406301900(201406301900)
25,863,266
61,519,179
117,490,454
29,712,779
33,622,464

201406301901(201406301901)
25,863,266
61,519,179
117,490,454
29,712,779
33,660,090

201406301902(201406301902)
25,863,266
61,519,179
117,490,454
29,712,779
33,660,090

201406301909(201406301909)
25,863,266
61,574,836
117,869,932
29,712,779
33,722,129

201406301910(201406301910)
25,863,266
61,575,832
118,169,628
29,712,779
33,722,129

201406301911(201406301911)
25,863,266
61,575,968
118,499,568
29,712,779
33,735,501

201406301912(201406301912)
25,863,266
61,575,968
118,499,568
29,712,779
33,735,501

201406301919(201406301919)
25,984,726
61,575,968
118,606,748
29,712,779
33,735,501

201406301920(201406301920)
25,984,726
61,575,968
118,606,748
29,712,779
33,735,501

201406301921(201406301921)
25,984,726
61,575,968
118,606,748
29,712,779
33,748,257

201406301922(201406301922)
25,984,726
61,586,270
118,606,748
29,712,779
33,748,257

201406301929(201406301929)
25,984,726
61,633,898
118,606,748
29,712,779
33,870,773

201406301930(201406301930)
25,984,726
61,633,898
118,606,748
29,712,779
33,870,773

201406301931(201406301931)
25,984,726
61,633,898
118,606,748
29,726,833
33,870,773

201406301932(201406301932)
25,984,726
61,639,677
118,606,748
29,726,833
33,870,773

201406301939(201406301939)
25,984,726
61,709,840
118,606,748
29,960,756
34,047,691

201406301940(201406301940)
25,984,726
61,709,840
118,606,748
29,960,756
34,047,691

201406301941(201406301941)
25,984,726
61,709,840
118,606,748
29,960,756
34,047,691

201406301942(201406301942)
25,984,726
61,709,840
118,606,748
29,960,756
34,047,691

201406301949(201406301949)
25,984,726
61,749,187
118,606,748
30,060,767
34,047,691

201406301950(201406301950)
25,984,726
61,749,187
118,606,748
30,060,767
34,047,691

201406301951(201406301951)
25,984,726
61,749,187
118,606,748
30,060,767
34,047,691

201406301952(201406301952)
25,984,726
62,056,170
118,606,748
30,060,767
34,047,691

201406301959(201406301959)
25,984,726
62,056,170
118,606,748
30,063,320
34,080,068

201406302000(201406302000)
25,984,726
62,056,170
118,606,748
30,063,320
34,080,068

201406302001(201406302001)
25,984,726
62,056,170
118,606,748
30,063,320
34,080,068

201406302002(201406302002)
25,984,726
62,056,170
118,606,748
30,063,320
34,080,068

201406302009(201406302009)
25,986,278
62,128,828
118,606,748
30,063,320
34,092,897

201406302010(201406302010)
25,986,278
62,128,828
118,606,748
30,063,320
34,092,897

201406302011(201406302011)
25,986,278
62,142,792
118,606,748
30,063,320
34,092,897

201406302012(201406302012)
25,986,278
62,142,792
118,606,748
30,063,320
34,092,897

201406302019(201406302019)
26,062,497
62,189,621
118,606,748
30,063,320
34,097,937

201406302020(201406302020)
26,062,497
62,189,621
118,606,748
30,063,320
34,124,440

201406302021(201406302021)
26,062,497
62,189,621
118,606,748
30,126,543
34,124,440

201406302022(201406302022)
26,062,497
62,189,621
118,606,748
30,126,543
34,124,440

201406302029(201406302029)
26,273,478
62,189,621
118,606,748
30,275,225
34,157,092

201406302030(201406302030)
26,273,478
62,189,621
118,606,748
30,275,225
34,157,092

201406302031(201406302031)
26,273,478
62,189,621
118,606,748
30,275,225
34,157,092

201406302032(201406302032)
26,273,478
62,189,621
118,606,748
30,275,225
34,157,092

201406302039(201406302039)
26,367,275
62,318,903
118,606,748
30,314,908
34,309,641

201406302040(201406302040)
26,367,275
62,318,903
118,606,748
30,314,908
34,309,641

201406302041(201406302041)
26,367,275
62,319,695
118,606,748
30,323,809
34,309,641

201406302042(201406302042)
26,367,275
62,418,528
118,606,748
30,323,809
34,309,641

201406302049(201406302049)
26,407,483
62,540,719
118,606,748
30,399,249
34,382,059

201406302050(201406302050)
26,407,483
62,540,719
118,606,748
30,399,385
34,382,853

201406302051(201406302051)
26,407,483
62,540,719
118,606,748
30,399,385
34,382,853

201406302052(201406302052)
26,407,483
62,540,719
118,606,748
30,399,385
34,382,853

201406302059(201406302059)
26,506,949
62,587,979
118,606,748
30,551,586
34,556,031

201406302100(201406302100)
26,506,949
62,587,979
118,606,748
30,652,983
34,556,031

201406302101(201406302101)
26,506,949
62,587,979
118,606,748
30,652,983
34,618,050

201406302102(201406302102)
26,506,949
62,587,979
118,606,748
30,652,983
34,618,050

201406302109(201406302109)
26,506,949
62,726,271
118,865,478
30,680,805
34,618,050

201406302110(201406302110)
26,552,555
62,726,271
119,295,818
30,680,805
34,618,050

201406302111(201406302111)
26,552,555
62,726,271
119,667,146
30,680,805
34,618,050

201406302112(201406302112)
26,552,555
62,726,271
119,906,353
30,680,805
34,618,050

201406302119(201406302119)
26,723,435
62,760,331
120,178,466
30,747,012
34,634,492

201406302120(201406302120)
26,723,435
62,760,331
120,178,466
30,765,798
34,634,492

201406302121(201406302121)
26,723,435
62,760,331
120,178,466
30,765,798
34,634,492

201406302122(201406302122)
26,739,521
62,768,875
120,178,466
30,765,798
34,634,492

201406302129(201406302129)
26,782,557
62,837,619
120,208,870
30,897,579
34,739,157

201406302130(201406302130)
26,801,804
62,837,619
120,208,870
30,897,579
34,753,083

201406302131(201406302131)
26,801,804
62,837,619
120,365,592
30,897,579
34,802,624

201406302132(201406302132)
26,862,039
62,841,221
120,365,592
30,897,579
34,822,962

201406302139(201406302139)
26,862,039
63,014,884
120,392,127
30,905,066
34,926,615

201406302140(201406302140)
26,872,428
63,159,971
120,415,898
30,918,153
34,926,615

201406302141(201406302141)
26,872,428
63,159,971
120,415,898
30,918,153
34,926,615

201406302142(201406302142)
26,923,820
63,159,971
120,415,898
30,918,153
34,926,615

201406302149(201406302149)
27,035,446
63,351,644
120,415,898
30,929,754
34,967,672

201406302150(201406302150)
27,035,446
63,507,618
120,415,898
30,929,754
35,018,710

201406302151(201406302151)
27,035,446
63,507,618
120,415,898
30,929,754
35,018,710

201406302152(201406302152)
27,035,446
63,507,618
120,591,866
30,929,754
35,018,710

201406302159(201406302159)
27,130,565
63,782,183
120,870,270
30,929,754
35,069,570

201406302200(201406302200)
27,130,565
63,782,183
120,957,444
30,931,295
35,069,570

201406302201(201406302201)
27,130,565
63,782,183
121,025,748
30,931,295
35,069,570

201406302202(201406302202)
27,130,565
63,782,183
121,025,748
30,931,295
35,221,401

201406302209(201406302209)
27,277,214
64,018,530
121,025,748
30,947,458
35,298,119

201406302210(201406302210)
27,277,214
64,018,530
121,025,748
30,947,458
35,298,119

201406302211(201406302211)
27,277,214
64,018,530
121,025,748
31,075,385
35,298,119

201406302212(201406302212)
27,277,214
64,018,530
121,025,748
31,075,385
35,298,119

201406302219(201406302219)
27,381,019
64,127,747
121,025,748
31,332,498
35,361,656

201406302220(201406302220)
27,381,019
64,127,747
121,025,748
31,348,648
35,361,656

201406302221(201406302221)
27,437,143
64,214,899
121,025,748
31,348,648
35,400,898

201406302222(201406302222)
27,441,969
64,230,192
121,025,748
31,366,315
35,507,558

201406302229(201406302229)
27,489,322
64,664,311
121,025,748
31,366,315
35,507,558

201406302230(201406302230)
27,489,322
64,980,029
121,025,748
31,472,617
35,507,558

201406302231(201406302231)
27,489,322
65,015,991
121,025,748
31,472,617
35,507,558

201406302232(201406302232)
27,489,322
65,015,991
121,025,748
31,570,829
35,507,558

201406302239(201406302239)
27,506,571
65,250,862
121,027,740
31,851,688
35,933,430

201406302240(201406302240)
27,508,276
65,309,244
121,027,740
31,851,688
35,933,430

201406302241(201406302241)
27,563,123
65,374,590
121,027,740
31,851,688
36,014,575

201406302242(201406302242)
27,563,979
65,374,590
121,027,740
31,892,544
36,014,575

201406302249(201406302249)
27,655,969
65,504,224
121,027,740
31,997,576
36,246,854

201406302250(201406302250)
27,668,210
65,520,956
121,027,740
32,052,759
36,246,854

201406302251(201406302251)
27,668,210
65,520,956
121,027,740
32,052,759
36,313,103

201406302252(201406302252)
27,782,853
65,520,956
121,027,740
32,052,759
36,313,103

201406302259(201406302259)
27,895,453
65,611,994
121,027,740
32,282,948
36,567,954

201406302300(201406302300)
27,895,453
65,613,457
121,027,740
32,324,277
36,567,954

201406302301(201406302301)
27,929,776
65,613,457
121,027,740
32,358,880
36,567,954

201406302302(201406302302)
27,946,966
65,613,457
121,027,740
32,381,960
36,567,954

201406302309(201406302309)
28,010,595
66,174,210
121,027,740
32,384,562
36,567,954

201406302310(201406302310)
28,010,595
66,223,659
121,027,740
32,458,077
36,567,954

201406302311(201406302311)
28,010,595
66,223,659
121,027,740
32,505,688
36,567,954

201406302312(201406302312)
28,010,595
66,335,753
121,027,740
32,505,688
36,567,954

201406302319(201406302319)
28,050,300
66,509,052
122,288,336
32,604,955
36,815,013

201406302320(201406302320)
28,050,300
66,509,052
122,478,188
32,609,576
36,933,242

201406302321(201406302321)
28,069,366
66,509,052
122,478,188
32,609,576
36,933,242

201406302322(201406302322)
28,069,366
66,509,052
122,478,188
32,609,576
36,933,242

201406302329(201406302329)
28,085,057
66,778,455
122,643,950
32,709,878
37,053,656

201406302330(201406302330)
28,085,057
66,778,455
122,736,232
32,711,168
37,093,392

201406302331(201406302331)
28,085,057
66,778,455
122,736,232
32,711,168
37,093,392

201406302332(201406302332)
28,085,057
66,789,267
122,736,232
32,711,168
37,093,392

201406302339(201406302339)
28,145,536
66,860,202
122,736,232
32,772,243
37,238,935

201406302340(201406302340)
28,145,536
66,860,202
122,736,232
32,772,243
37,317,633

201406302341(201406302341)
28,145,536
66,860,202
122,736,232
32,772,243
37,345,029

201406302342(201406302342)
28,145,536
66,860,202
122,736,232
32,773,240
37,345,029

201406302349(201406302349)
28,337,450
66,939,045
122,736,232
32,932,908
37,469,395

201406302350(201406302350)
28,337,450
66,939,045
122,736,232
32,932,908
37,469,395

201406302351(201406302351)
28,394,588
66,939,045
122,736,232
32,944,313
37,469,395

201406302352(201406302352)
28,394,588
66,939,045
122,736,232
32,944,313
37,476,451

201406302359(201406302359)
28,394,588
66,939,045
122,736,232
32,944,313
37,513,775

201407010000(201407010000)
28,394,588
66,939,045
122,736,232
32,944,313
37,542,259

201407010001(201407010001)
28,448,706
66,939,045
122,736,232
32,944,313
37,619,661

201407010002(201407010002)
28,454,036
66,939,045
122,736,232
32,944,313
37,619,661

201407010009(201407010009)
28,454,036
67,098,095
122,736,232
32,963,376
37,751,431

201407010010(201407010010)
28,454,036
67,098,095
122,736,232
32,963,376
37,751,431

201407010011(201407010011)
28,454,036
67,098,095
122,736,232
32,981,862
37,751,431

201407010012(201407010012)
28,454,036
67,098,095
122,736,232
32,981,862
37,751,431

201407010019(201407010019)
28,454,036
67,168,574
122,736,232
32,981,862
37,758,631

201407010020(201407010020)
28,454,036
67,168,574
122,736,232
32,981,862
37,758,631

201407010021(201407010021)
28,454,036
67,168,574
122,736,232
32,981,862
37,758,631

201407010022(201407010022)
28,454,036
67,168,574
122,736,232
32,992,611
37,758,631

201407010029(201407010029)
28,557,766
67,168,574
122,736,232
33,094,450
37,821,828

201407010030(201407010030)
28,557,766
67,168,574
122,736,232
33,094,450
37,862,783

201407010031(201407010031)
28,557,766
67,168,574
122,736,232
33,094,450
37,862,783

201407010032(201407010032)
28,557,766
67,188,259
122,736,232
33,094,450
37,862,783

201407010039(201407010039)
28,613,490
67,350,246
122,736,232
33,146,675
38,072,033

201407010040(201407010040)
28,688,514
67,350,246
122,736,232
33,146,675
38,072,033

201407010041(201407010041)
28,712,113
67,354,696
122,736,232
33,165,587
38,072,033

201407010042(201407010042)
28,722,891
67,354,696
122,736,232
33,165,587
38,072,033

201407010049(201407010049)
28,822,036
67,774,899
122,736,232
33,199,181
38,323,560

201407010050(201407010050)
28,844,183
67,791,114
122,736,232
33,251,839
38,323,560

201407010051(201407010051)
28,868,258
67,791,114
122,736,232
33,251,839
38,328,052

201407010052(201407010052)
28,868,258
67,808,535
122,736,232
33,328,996
38,343,272

201407010059(201407010059)
28,978,714
67,946,807
122,736,232
33,411,105
38,491,639

201407010100(201407010100)
28,978,714
67,946,807
122,736,232
33,611,300
38,491,775

201407010101(201407010101)
29,110,803
67,946,807
122,736,232
33,611,300
38,492,703

201407010102(201407010102)
29,110,803
68,048,083
122,736,232
33,635,783
38,493,631

201407010109(201407010109)
29,283,240
68,090,428
122,736,232
33,679,561
38,655,151

201407010110(201407010110)
29,283,240
68,090,428
122,736,232
33,746,621
38,702,874

201407010111(201407010111)
29,443,382
68,090,428
122,828,489
33,748,257
38,761,078

201407010112(201407010112)
29,446,388
68,090,428
123,053,948
33,748,257
38,766,575

201407010119(201407010119)
29,568,859
68,278,936
123,113,983
33,845,035
38,847,452

201407010120(201407010120)
29,568,859
68,278,936
123,113,983
33,845,035
38,847,452

201407010121(201407010121)
29,568,859
68,278,936
123,113,983
33,859,733
38,938,694

201407010122(201407010122)
29,582,598
68,278,936
123,113,983
33,867,559
38,968,212

201407010129(201407010129)
29,606,235
68,330,460
123,113,983
33,933,876
39,147,370

201407010130(201407010130)
29,606,235
68,330,460
123,113,983
33,933,876
39,147,370

201407010131(201407010131)
29,606,235
68,566,132
123,113,983
33,975,991
39,147,370

201407010132(201407010132)
29,721,144
68,882,355
123,113,983
33,975,991
39,147,370

201407010139(201407010139)
29,721,144
68,882,355
123,113,983
34,041,093
39,469,987

201407010140(201407010140)
29,721,144
68,882,355
123,113,983
34,041,093
39,469,987

201407010141(201407010141)
29,759,654
68,882,355
123,113,983
34,041,093
39,469,987

201407010142(201407010142)
29,759,654
68,882,355
123,113,983
34,057,499
39,469,987

201407010149(201407010149)
30,069,779
68,908,798
123,113,983
34,158,687
39,516,886

201407010150(201407010150)
30,069,779
68,908,798
123,113,983
34,158,687
39,516,886

201407010151(201407010151)
30,069,779
68,908,798
123,113,983
34,158,687
39,516,886

201407010152(201407010152)
30,069,779
68,908,798
123,113,983
34,204,470
39,528,161

201407010159(201407010159)
30,178,648
69,023,707
123,113,983
34,321,264
39,537,152

201407010200(201407010200)
30,178,648
69,037,100
123,113,983
34,321,264
39,554,582

201407010201(201407010201)
30,196,733
69,037,100
123,113,983
34,321,264
39,554,582

201407010202(201407010202)
30,196,733
69,037,100
123,113,983
34,391,624
39,607,253

201407010209(201407010209)
30,306,916
69,421,629
123,113,983
34,511,318
39,865,385

201407010210(201407010210)
30,346,510
69,637,576
123,113,983
34,511,318
39,865,385

201407010211(201407010211)
30,370,174
69,708,815
123,113,983
34,538,186
39,865,385

201407010212(201407010212)
30,370,174
69,708,815
123,113,983
34,538,186
39,865,385

201407010219(201407010219)
30,382,628
70,050,225
123,113,983
34,538,186
39,908,695

201407010220(201407010220)
30,405,134
70,050,225
123,113,983
34,538,186
39,908,695

201407010221(201407010221)
30,439,097
70,070,348
123,113,983
34,538,186
39,908,695

201407010222(201407010222)
30,439,097
70,070,348
123,113,983
34,538,186
39,908,695

201407010229(201407010229)
30,551,586
70,198,607
123,113,983
34,671,613
39,989,551

201407010230(201407010230)
30,551,586
70,198,607
123,113,983
34,684,294
40,067,070

201407010231(201407010231)
30,551,586
70,198,607
123,113,983
34,684,294
40,067,070

201407010232(201407010232)
30,603,385
70,198,607
123,113,983
34,684,294
40,072,144

201407010239(201407010239)
30,603,385
70,266,441
123,113,983
34,740,168
40,085,412

201407010240(201407010240)
30,603,385
70,266,441
123,113,983
34,815,652
40,085,412

201407010241(201407010241)
30,603,385
70,266,441
123,113,983
34,834,897
40,085,412

201407010242(201407010242)
30,713,799
70,275,406
123,113,983
34,865,129
40,085,412

201407010249(201407010249)
30,766,754
70,383,995
123,113,983
34,953,456
40,153,065

201407010250(201407010250)
30,766,754
70,462,372
123,113,983
34,953,456
40,153,065

201407010251(201407010251)
30,766,754
70,462,372
123,113,983
34,953,456
40,153,065

201407010252(201407010252)
30,834,320
70,527,205
123,113,983
35,100,878
40,153,065

201407010259(201407010259)
30,841,046
70,647,263
123,113,983
35,196,428
40,185,871

201407010300(201407010300)
30,841,046
70,721,003
123,113,983
35,196,428
40,203,452

201407010301(201407010301)
30,841,046
70,721,003
123,113,983
35,196,428
40,203,452

201407010302(201407010302)
30,841,046
70,721,003
123,113,983
35,196,428
40,203,452

201407010309(201407010309)
30,891,813
70,721,003
123,113,983
35,196,428
40,282,967

201407010310(201407010310)
30,891,813
70,721,003
123,113,983
35,196,428
40,335,325

201407010311(201407010311)
30,891,813
70,721,003
123,113,983
35,196,428
40,335,325

201407010312(201407010312)
30,891,813
70,721,003
123,113,983
35,196,428
40,335,325

201407010319(201407010319)
31,069,966
70,721,003
123,113,983
35,240,817
40,365,158

201407010320(201407010320)
31,069,966
70,729,545
123,113,983
35,266,380
40,365,158

201407010321(201407010321)
31,069,966
70,729,545
123,113,983
35,266,380
40,365,158

201407010322(201407010322)
31,069,966
70,729,545
123,113,983
35,266,380
40,365,158

201407010329(201407010329)
31,099,483
70,846,896
123,113,983
35,279,790
40,365,158

201407010330(201407010330)
31,139,545
70,846,896
123,113,983
35,279,790
40,365,158

201407010331(201407010331)
31,139,545
70,846,896
123,113,983
35,279,790
40,365,158

201407010332(201407010332)
31,139,545
70,846,896
123,276,305
35,279,790
40,365,158

201407010339(201407010339)
31,234,449
70,882,693
124,047,908
35,279,790
40,470,341

201407010340(201407010340)
31,235,274
70,882,693
124,207,379
35,279,790
40,470,341

201407010341(201407010341)
31,235,274
70,882,693
124,207,379
35,279,790
40,471,133

201407010342(201407010342)
31,235,274
70,882,693
124,207,379
35,346,688
40,471,133

201407010349(201407010349)
31,261,076
70,882,693
124,207,379
35,346,688
40,598,129

201407010350(201407010350)
31,261,076
70,882,693
124,207,379
35,346,688
40,598,129

201407010351(201407010351)
31,261,076
70,882,693
124,207,379
35,346,688
40,598,129

201407010352(201407010352)
31,261,076
70,882,693
124,207,379
35,346,688
40,613,273

201407010359(201407010359)
31,293,850
70,882,693
124,509,824
35,413,442
40,613,273

201407010400(201407010400)
31,293,850
70,882,693
124,509,824
35,413,442
40,613,273

201407010401(201407010401)
31,293,850
70,882,693
124,509,824
35,413,442
40,613,273

201407010402(201407010402)
31,293,850
70,882,693
124,509,824
35,413,442
40,613,273

201407010409(201407010409)
31,293,850
71,020,251
124,509,824
35,413,442
40,644,732

201407010410(201407010410)
31,293,850
71,020,251
124,509,824
35,413,442
40,644,732

201407010411(201407010411)
31,293,850
71,020,251
124,509,824
35,413,442
40,644,732

201407010412(201407010412)
31,293,850
71,020,251
124,509,824
35,413,442
40,644,732

201407010419(201407010419)
31,293,850
71,020,251
125,107,149
35,436,366
40,644,732

201407010420(201407010420)
31,325,952
71,020,251
125,314,584
35,436,366
40,644,732

201407010421(201407010421)
31,356,598
71,020,251
125,416,531
35,436,366
40,644,732

201407010422(201407010422)
31,363,278
71,020,251
125,416,531
35,436,366
40,644,732

201407010429(201407010429)
31,403,689
71,020,251
125,416,531
35,586,649
40,810,989

201407010430(201407010430)
31,403,689
71,020,251
125,416,531
35,586,649
40,810,989

201407010431(201407010431)
31,403,689
71,020,251
125,416,531
35,614,480
40,810,989

201407010432(201407010432)
31,403,689
71,020,251
125,416,531
35,614,480
40,810,989

201407010439(201407010439)
31,431,106
71,020,251
125,416,531
35,614,480
40,810,989

201407010440(201407010440)
31,482,244
71,020,251
125,416,531
35,614,480
40,810,989

201407010441(201407010441)
31,482,244
71,020,251
125,416,531
35,614,480
40,999,163

201407010442(201407010442)
31,482,244
71,020,251
125,416,531
35,614,480
40,999,163

201407010449(201407010449)
31,514,129
71,020,251
125,416,531
35,614,480
40,999,163

201407010450(201407010450)
31,514,921
71,020,251
125,416,531
35,637,728
40,999,163

201407010451(201407010451)
31,535,040
71,020,251
125,416,531
35,637,728
40,999,163

201407010452(201407010452)
31,535,040
71,020,251
125,416,531
35,637,728
40,999,163

201407010459(201407010459)
31,535,966
71,020,251
125,416,531
35,695,969
40,999,163

201407010500(201407010500)
31,535,966
71,020,251
125,416,531
35,695,969
40,999,163

201407010501(201407010501)
31,535,966
71,020,251
125,416,531
35,695,969
40,999,163

201407010502(201407010502)
31,535,966
71,020,251
125,416,531
35,695,969
40,999,163

201407010509(201407010509)
31,535,966
71,020,251
125,416,531
35,994,466
40,999,163

201407010510(201407010510)
31,535,966
71,020,251
125,416,531
35,994,466
40,999,163

201407010511(201407010511)
31,535,966
71,020,251
125,416,531
35,994,466
40,999,163

201407010512(201407010512)
31,535,966
71,020,251
125,416,531
35,994,466
40,999,163

201407010519(201407010519)
31,743,772
71,020,251
125,416,531
35,994,466
41,048,551

201407010520(201407010520)
31,743,772
71,020,251
125,416,531
35,994,466
41,048,551

201407010521(201407010521)
31,743,772
71,020,251
125,416,531
35,994,466
41,048,551

201407010522(201407010522)
31,743,772
71,020,251
125,416,531
35,994,466
41,048,551

201407010529(201407010529)
31,770,723
71,304,881
125,416,531
36,088,184
41,113,434

201407010530(201407010530)
31,839,564
71,304,881
125,416,531
36,088,184
41,113,434

201407010531(201407010531)
31,839,564
71,304,881
125,416,531
36,088,184
41,113,434

201407010532(201407010532)
31,839,564
71,304,881
125,416,531
36,088,184
41,113,434

201407010539(201407010539)
31,851,688
71,304,881
125,416,531
36,126,267
41,114,748

201407010540(201407010540)
31,851,688
71,350,651
125,416,531
36,126,267
41,114,748

201407010541(201407010541)
31,851,688
71,371,583
125,416,531
36,126,267
41,114,748

201407010542(201407010542)
31,851,688
71,371,583
125,416,531
36,126,267
41,114,748

201407010549(201407010549)
31,872,520
71,371,583
125,416,531
36,126,267
41,151,815

201407010550(201407010550)
31,872,520
71,371,583
125,416,531
36,158,480
41,151,815

201407010551(201407010551)
31,872,520
71,371,583
125,416,531
36,158,480
41,151,815

201407010552(201407010552)
31,872,520
71,371,583
125,416,531
36,158,480
41,151,815

201407010559(201407010559)
31,872,520
71,374,185
125,416,531
36,171,189
41,180,153

201407010600(201407010600)
31,881,114
71,374,185
125,416,531
36,171,189
41,180,153

201407010601(201407010601)
31,881,114
71,374,185
125,416,531
36,171,189
41,197,348

201407010602(201407010602)
31,881,114
71,374,185
125,416,531
36,171,189
41,197,348

201407010609(201407010609)
31,917,537
71,374,185
125,416,531
36,236,949
41,197,348

201407010610(201407010610)
31,917,537
71,374,185
125,416,531
36,246,854
41,197,348

201407010611(201407010611)
31,917,537
71,374,185
125,416,531
36,246,854
41,197,348

201407010612(201407010612)
31,917,537
71,374,185
125,416,531
36,246,854
41,197,348

201407010619(201407010619)
31,971,269
71,374,185
125,416,531
36,246,854
41,197,348

201407010620(201407010620)
31,971,269
71,374,185
125,416,531
36,246,854
41,197,348

201407010621(201407010621)
31,971,269
71,374,185
125,416,531
36,246,854
41,197,348

201407010622(201407010622)
31,971,269
71,374,185
125,416,531
36,246,854
41,197,348

201407010629(201407010629)
32,046,740
71,377,956
125,416,531
36,246,854
41,197,348

201407010630(201407010630)
32,046,740
71,377,956
125,416,531
36,246,854
41,197,348

201407010631(201407010631)
32,046,740
71,377,956
125,416,531
36,246,854
41,197,348

201407010632(201407010632)
32,046,740
71,377,956
125,416,531
36,246,854
41,197,348

201407010639(201407010639)
32,123,972
71,377,956
125,416,531
36,256,539
41,313,653

201407010640(201407010640)
32,123,972
71,377,956
125,416,531
36,333,722
41,313,653

201407010641(201407010641)
32,152,785
71,447,064
125,416,531
36,420,430
41,313,653

201407010642(201407010642)
32,152,785
71,447,064
125,416,531
36,420,430
41,313,653

201407010649(201407010649)
32,163,220
71,449,056
125,416,531
36,420,430
41,459,617

201407010650(201407010650)
32,163,220
71,454,850
125,416,531
36,420,430
41,459,617

201407010651(201407010651)
32,163,220
71,454,850
125,416,531
36,420,430
41,459,617

201407010652(201407010652)
32,163,220
71,454,850
125,416,531
36,420,430
41,459,617

201407010659(201407010659)
32,243,334
71,454,850
125,416,531
36,475,553
41,475,075

201407010700(201407010700)
32,243,334
71,454,850
125,416,531
36,475,553
41,475,075

201407010701(201407010701)
32,243,334
71,454,850
125,416,531
36,475,553
41,475,075

201407010702(201407010702)
32,243,334
71,454,850
125,710,375
36,475,553
41,475,075

201407010709(201407010709)
32,253,954
71,454,850
125,710,375
36,480,815
41,634,060

201407010710(201407010710)
32,261,447
71,454,850
125,710,375
36,480,815
41,634,060

201407010711(201407010711)
32,261,719
71,454,850
125,710,375
36,480,815
41,634,060

201407010712(201407010712)
32,262,647
71,454,850
125,710,375
36,480,815
41,634,060

201407010719(201407010719)
32,338,840
71,547,012
125,710,375
36,605,228
41,634,060

201407010720(201407010720)
32,338,840
71,547,012
125,710,375
36,607,183
41,634,060

201407010721(201407010721)
32,338,840
71,547,012
125,710,375
36,607,183
41,634,060

201407010722(201407010722)
32,338,840
71,547,012
125,710,375
36,607,183
41,764,284

201407010729(201407010729)
32,338,840
71,576,065
125,710,375
36,649,557
41,764,284

201407010730(201407010730)
32,338,840
71,576,065
125,710,375
36,732,265
41,764,284

201407010731(201407010731)
32,338,840
71,576,065
125,710,375
36,732,265
41,764,284

201407010732(201407010732)
32,338,840
71,576,065
125,710,375
36,732,265
41,800,192

201407010739(201407010739)
32,429,084
71,672,061
125,710,375
36,752,901
41,851,615

201407010740(201407010740)
32,429,084
71,672,061
125,710,375
36,752,901
41,851,615

201407010741(201407010741)
32,429,084
71,672,061
125,710,375
36,766,541
41,851,615

201407010742(201407010742)
32,429,084
71,672,061
125,710,375
36,793,821
41,870,716

201407010749(201407010749)
32,429,084
71,817,489
125,710,375
37,081,224
41,886,718

201407010750(201407010750)
32,429,084
71,817,489
125,710,375
37,081,224
42,042,548

201407010751(201407010751)
32,486,657
71,817,489
125,710,375
37,081,224
42,042,548

201407010752(201407010752)
32,486,657
71,817,489
125,710,375
37,081,224
42,042,548

201407010759(201407010759)
32,486,657
71,817,489
125,710,375
37,138,632
42,060,930

201407010800(201407010800)
32,486,657
71,817,489
125,710,375
37,138,632
42,060,930

201407010801(201407010801)
32,486,657
71,817,489
125,710,375
37,138,632
42,071,110

201407010802(201407010802)
32,486,657
71,817,489
125,710,375
37,138,632
42,071,110

201407010809(201407010809)
32,486,657
72,093,414
125,710,375
37,195,489
42,153,179

201407010810(201407010810)
32,600,273
72,093,414
125,710,375
37,195,489
42,153,179

201407010811(201407010811)
32,611,041
72,103,730
125,710,375
37,195,489
42,171,457

201407010812(201407010812)
32,611,041
72,103,730
125,710,375
37,195,489
42,171,457

201407010819(201407010819)
32,611,041
72,157,114
125,710,375
37,195,489
42,240,082

201407010820(201407010820)
32,611,041
72,157,114
125,710,375
37,195,489
42,240,082

201407010821(201407010821)
32,611,041
72,157,114
125,710,375
37,198,339
42,240,082

201407010822(201407010822)
32,611,041
72,157,114
125,710,375
37,198,339
42,240,082

201407010829(201407010829)
32,612,176
72,157,114
125,710,375
37,277,979
42,276,849

201407010830(201407010830)
32,612,176
72,157,114
125,710,375
37,277,979
42,276,849

201407010831(201407010831)
32,612,176
72,157,114
125,710,375
37,277,979
42,276,849

201407010832(201407010832)
32,612,176
72,157,114
125,900,091
37,277,979
42,276,849

201407010839(201407010839)
32,686,644
72,196,394
125,900,091
37,316,901
42,276,849

201407010840(201407010840)
32,686,644
72,196,394
125,900,091
37,355,165
42,276,849

201407010841(201407010841)
32,686,644
72,196,394
125,900,091
37,355,165
42,276,849

201407010842(201407010842)
32,686,644
72,196,394
125,900,091
37,355,165
42,276,849

201407010849(201407010849)
32,686,644
72,208,826
125,900,091
37,429,231
42,324,599

201407010850(201407010850)
32,686,644
72,208,826
125,900,091
37,490,010
42,324,599

201407010851(201407010851)
32,686,644
72,260,452
125,900,091
37,493,584
42,324,599

201407010852(201407010852)
32,709,878
72,260,452
125,900,091
37,493,584
42,324,599

201407010859(201407010859)
32,709,878
72,260,452
125,900,091
37,569,498
42,324,599

201407010900(201407010900)
32,709,878
72,260,452
125,900,091
37,569,498
42,324,599

201407010901(201407010901)
32,709,878
72,260,452
125,900,091
37,569,498
42,324,599

201407010902(201407010902)
32,709,878
72,260,452
125,900,091
37,569,498
42,324,599

201407010909(201407010909)
32,709,878
72,260,452
125,900,091
37,569,498
42,389,091

201407010910(201407010910)
32,709,878
72,260,452
125,900,091
37,569,498
42,413,591

201407010911(201407010911)
32,709,878
72,260,452
126,131,049
37,569,498
42,413,591

201407010912(201407010912)
32,709,878
72,315,500
126,131,049
37,569,498
42,413,591

201407010919(201407010919)
32,799,909
72,330,333
126,864,817
37,583,597
42,462,213

201407010920(201407010920)
32,799,909
72,330,333
126,864,817
37,583,597
42,462,213

201407010921(201407010921)
32,812,548
72,330,333
126,864,817
37,614,400
42,462,213

201407010922(201407010922)
32,812,548
72,330,333
126,864,817
37,614,400
42,480,540

201407010929(201407010929)
32,903,419
72,368,131
128,475,851
37,666,417
42,538,593

201407010930(201407010930)
32,903,419
72,475,774
128,475,851
37,666,417
42,538,593

201407010931(201407010931)
32,903,419
72,475,774
128,475,851
37,666,417
42,538,593

201407010932(201407010932)
32,903,419
72,475,774
128,475,851
37,666,417
42,538,593

201407010939(201407010939)
32,903,419
72,475,774
128,475,851
37,682,346
42,538,593

201407010940(201407010940)
32,903,419
72,475,774
128,475,851
37,682,346
42,538,593

201407010941(201407010941)
32,903,419
72,475,774
128,475,851
37,682,346
42,538,593

201407010942(201407010942)
32,903,419
72,475,774
128,475,851
37,682,346
42,538,593

201407010949(201407010949)
32,940,721
72,558,372
130,567,597
37,682,346
42,538,593

201407010950(201407010950)
32,940,721
72,558,372
130,567,597
37,682,346
42,538,593

201407010951(201407010951)
32,940,721
72,558,372
130,567,597
37,682,346
42,538,593

201407010952(201407010952)
32,957,037
72,558,372
130,567,597
37,682,346
42,538,593

201407010959(201407010959)
32,968,421
72,558,372
130,602,424
37,682,346
42,600,681

201407011000(201407011000)
32,984,142
72,558,372
130,602,424
37,775,211
42,601,745

201407011001(201407011001)
32,984,142
72,558,372
130,602,424
37,775,211
42,602,673

201407011002(201407011002)
32,984,142
72,558,372
130,602,424
37,775,211
42,602,673

201407011009(201407011009)
32,984,952
72,580,063
130,602,424
37,812,058
42,614,791

201407011010(201407011010)
32,984,952
72,580,063
130,602,424
37,812,058
42,640,237

201407011011(201407011011)
33,089,499
72,580,063
130,602,424
37,812,058
42,640,237

201407011012(201407011012)
33,089,499
72,580,063
130,602,424
37,814,161
42,640,237

201407011019(201407011019)
33,089,499
72,580,063
130,753,647
37,814,161
42,717,298

201407011020(201407011020)
33,089,499
72,580,063
130,753,647
37,814,161
42,717,298

201407011021(201407011021)
33,089,499
72,580,063
130,753,647
37,814,161
42,717,298

201407011022(201407011022)
33,089,499
72,580,063
130,753,647
37,831,183
42,717,298

201407011029(201407011029)
33,095,128
72,580,063
132,139,342
37,928,845
42,717,298

201407011030(201407011030)
33,095,128
72,580,063
132,139,342
37,928,845
42,717,298

201407011031(201407011031)
33,095,128
72,580,063
132,139,342
37,928,845
42,717,298

201407011032(201407011032)
33,095,128
72,580,063
132,139,342
37,928,845
42,717,298

