201406271719(201406271719)
5,574,271
16,835,538
47,567,964
6,450,799
7,580,674

201406271720(201406271720)
5,574,271
16,835,538
47,694,766
6,450,799
7,580,674

201406271721(201406271721)
5,574,271
16,835,538
47,694,766
6,450,799
7,580,674

201406271722(201406271722)
5,582,839
16,835,538
47,742,263
6,450,799
7,598,159

201406271729(201406271729)
5,594,405
16,835,538
47,798,849
6,494,514
7,598,159

201406271730(201406271730)
5,594,405
16,835,538
47,798,849
6,494,514
7,598,159

201406271731(201406271731)
5,598,414
16,835,538
47,798,849
6,494,514
7,598,159

201406271732(201406271732)
5,598,414
16,835,538
47,798,849
6,510,931
7,598,159

201406271739(201406271739)
5,636,986
16,835,538
47,798,849
6,514,558
7,665,031

201406271740(201406271740)
5,636,986
16,835,538
47,798,849
6,514,558
7,665,031

201406271741(201406271741)
5,636,986
16,844,949
47,798,849
6,516,993
7,668,841

201406271742(201406271742)
5,636,986
16,844,949
47,798,849
6,516,993
7,668,841

201406271749(201406271749)
5,662,006
17,010,432
47,810,509
6,539,429
7,674,286

201406271750(201406271750)
5,662,006
17,010,432
48,006,362
6,554,230
7,674,286

201406271751(201406271751)
5,662,006
17,010,432
48,126,131
6,554,230
7,685,864

201406271752(201406271752)
5,662,006
17,010,432
48,126,131
6,554,230
7,685,864

201406271759(201406271759)
5,704,298
17,010,432
48,335,452
6,560,438
7,692,847

201406271800(201406271800)
5,704,298
17,010,432
48,335,452
6,560,438
7,692,847

201406271801(201406271801)
5,704,298
17,019,329
48,335,452
6,571,770
7,692,847

201406271802(201406271802)
5,704,298
17,019,329
48,335,452
6,571,770
7,700,420

201406271809(201406271809)
5,709,994
17,020,316
49,035,793
6,572,694
7,708,564

201406271810(201406271810)
5,720,125
17,125,245
49,035,793
6,572,694
7,708,564

201406271811(201406271811)
5,720,125
17,142,413
49,035,793
6,572,694
7,708,564

201406271812(201406271812)
5,720,125
17,177,581
49,035,793
6,572,694
7,708,564

201406271819(201406271819)
5,797,662
17,254,069
49,535,389
6,628,616
7,746,159

201406271820(201406271820)
5,797,662
17,311,892
49,535,389
6,628,616
7,753,211

201406271821(201406271821)
5,797,662
17,355,486
49,535,389
6,631,379
7,753,211

201406271822(201406271822)
5,801,830
17,355,486
49,535,389
6,664,080
7,753,211

201406271829(201406271829)
5,822,547
17,383,980
49,535,389
6,737,404
7,758,917

201406271830(201406271830)
5,822,547
17,383,980
49,535,389
6,737,404
7,759,212

201406271831(201406271831)
5,831,190
17,383,980
49,535,389
6,759,427
7,759,212

201406271832(201406271832)
5,831,190
17,383,980
49,535,389
6,765,434
7,759,212

201406271839(201406271839)
5,856,513
17,460,562
49,535,389
6,814,995
7,773,124

201406271840(201406271840)
5,856,599
17,460,562
49,535,389
6,814,995
7,773,124

201406271841(201406271841)
5,864,428
17,460,562
49,535,389
6,814,995
7,773,124

201406271842(201406271842)
5,864,428
17,460,562
49,535,389
6,814,995
7,776,010

201406271849(201406271849)
5,926,176
17,580,329
49,715,331
6,817,978
7,802,817

201406271850(201406271850)
5,932,364
17,580,329
49,717,297
6,821,064
7,814,702

201406271851(201406271851)
5,932,364
17,580,329
50,028,538
6,830,084
7,840,825

201406271852(201406271852)
5,932,364
17,580,329
50,028,538
6,836,706
7,840,825

201406271859(201406271859)
5,944,304
17,741,777
50,029,466
6,852,798
7,848,355

201406271900(201406271900)
5,944,304
17,741,777
50,029,466
6,852,798
7,848,355

201406271901(201406271901)
5,953,556
17,741,777
50,029,466
6,852,798
7,848,355

201406271902(201406271902)
5,954,566
17,741,777
50,029,466
6,852,798
7,899,745

201406271909(201406271909)
5,954,566
5,954,566
50,029,466
50,029,466
50,029,466

201406271910(201406271910)
5,985,728
17,744,303
50,029,466
6,866,101
7,906,186

201406271911(201406271911)
5,985,728
17,744,303
50,029,466
6,879,784
7,906,186

201406271912(201406271912)
5,985,728
17,751,152
50,195,697
6,884,453
7,934,466

201406271919(201406271919)
6,006,724
17,751,152
50,502,780
6,916,138
7,943,822

201406271920(201406271920)
6,026,454
17,751,152
50,502,780
6,916,138
7,943,822

201406271921(201406271921)
6,026,454
17,771,100
50,502,780
6,916,138
7,952,246

201406271922(201406271922)
6,032,362
17,771,100
50,850,819
6,916,138
7,952,246

201406271929(201406271929)
6,038,964
17,784,689
51,079,489
6,916,251
7,960,302

201406271930(201406271930)
6,038,964
17,784,689
51,079,489
6,916,251
7,960,302

201406271931(201406271931)
6,038,964
17,823,288
51,079,489
6,935,971
7,960,302

201406271932(201406271932)
6,058,512
17,823,288
51,079,489
6,936,792
7,960,302

201406271939(201406271939)
6,122,876
17,874,839
51,079,489
6,949,769
8,014,723

201406271940(201406271940)
6,150,988
17,896,719
51,079,489
6,954,986
8,014,723

201406271941(201406271941)
6,150,988
17,896,719
51,079,489
6,994,144
8,014,723

201406271942(201406271942)
6,150,988
17,896,719
51,079,489
6,994,144
8,014,723

201406271949(201406271949)
6,176,774
17,971,529
51,079,489
7,042,403
8,047,785

201406271950(201406271950)
6,176,774
17,994,800
51,079,489
7,048,670
8,064,912

201406271951(201406271951)
6,176,774
17,994,800
51,079,489
7,048,670
8,065,521

201406271952(201406271952)
6,176,774
18,008,466
51,079,489
7,048,670
8,076,885

201406271959(201406271959)
6,180,532
18,110,580
51,079,489
7,080,876
8,132,847

201406272000(201406272000)
6,184,711
18,110,580
51,079,489
7,080,876
8,132,847

201406272001(201406272001)
6,184,711
18,146,897
51,079,489
7,080,876
8,132,847

201406272002(201406272002)
6,184,711
18,163,994
51,079,489
7,080,876
8,132,847

201406272009(201406272009)
6,222,147
18,246,296
51,353,345
7,103,771
8,182,823

201406272010(201406272010)
6,225,957
18,254,398
51,433,421
7,103,771
8,182,823

201406272011(201406272011)
6,225,957
18,348,820
51,433,421
7,103,771
8,182,823

201406272012(201406272012)
6,235,522
18,374,081
51,433,421
7,103,771
8,182,823

201406272019(201406272019)
6,252,293
18,374,081
51,433,421
7,133,706
8,281,922

201406272020(201406272020)
6,276,258
18,514,678
51,570,839
7,133,706
8,287,265

201406272021(201406272021)
6,280,240
18,514,678
52,040,040
7,151,069
8,288,975

201406272022(201406272022)
6,280,936
18,514,678
52,040,040
7,151,069
8,288,975

201406272029(201406272029)
6,348,344
18,641,259
52,980,103
7,207,625
8,317,038

201406272030(201406272030)
6,357,312
18,641,259
52,980,103
7,207,625
8,317,038

201406272031(201406272031)
6,358,510
18,641,259
52,980,103
7,207,625
8,317,038

201406272032(201406272032)
6,358,510
18,641,259
52,980,103
7,207,625
8,317,038

201406272039(201406272039)
6,370,838
18,730,656
52,980,103
7,272,580
8,327,279

201406272040(201406272040)
6,370,838
18,730,656
52,980,103
7,281,456
8,327,279

201406272041(201406272041)
6,370,838
18,730,656
52,980,103
7,306,826
8,327,279

201406272042(201406272042)
6,370,838
18,747,650
52,980,103
7,306,826
8,332,765

201406272049(201406272049)
6,370,838
18,940,115
52,980,103
7,317,353
8,404,822

201406272050(201406272050)
6,370,838
18,940,115
52,986,161
7,317,353
8,406,195

201406272051(201406272051)
6,370,838
18,940,115
53,220,589
7,344,837
8,406,195

201406272052(201406272052)
6,372,112
18,940,115
53,240,097
7,344,837
8,406,195

201406272059(201406272059)
6,383,644
19,102,311
53,747,527
7,391,651
8,433,506

201406272100(201406272100)
6,383,644
19,102,311
53,747,527
7,391,651
8,453,691

201406272101(201406272101)
6,383,644
19,102,311
53,747,527
7,391,651
8,461,481

201406272102(201406272102)
6,383,644
19,102,311
53,747,527
7,391,651
8,461,481

201406272109(201406272109)
6,397,643
19,228,394
53,874,133
7,411,151
8,508,907

201406272110(201406272110)
6,397,643
19,228,394
53,874,133
7,411,151
8,508,907

201406272111(201406272111)
6,397,643
19,228,394
53,874,133
7,426,910
8,508,907

201406272112(201406272112)
6,397,643
19,228,394
53,875,662
7,426,910
8,508,907

201406272119(201406272119)
6,428,771
19,240,009
53,982,090
7,440,852
8,575,452

201406272120(201406272120)
6,452,585
19,259,547
53,982,090
7,440,852
8,609,304

201406272121(201406272121)
6,452,585
19,259,748
54,026,617
7,440,852
8,613,184

201406272122(201406272122)
6,463,200
19,309,993
54,026,617
7,440,852
8,624,421

201406272129(201406272129)
6,484,893
19,410,403
54,806,348
7,470,474
8,709,210

201406272130(201406272130)
6,493,430
19,410,403
54,807,738
7,470,474
8,713,346

201406272131(201406272131)
6,493,430
19,410,403
54,807,738
7,470,474
8,715,166

201406272132(201406272132)
6,506,713
19,410,403
54,807,738
7,470,474
8,737,250

201406272139(201406272139)
6,548,813
19,565,040
54,807,738
7,533,096
8,783,167

201406272140(201406272140)
6,548,813
19,565,040
54,807,738
7,543,289
8,783,722

201406272141(201406272141)
6,548,813
19,565,040
54,807,738
7,543,289
8,784,443

201406272142(201406272142)
6,558,262
19,565,040
54,807,738
7,543,289
8,784,443

201406272149(201406272149)
6,612,264
19,714,406
54,807,738
7,599,427
8,795,222

201406272150(201406272150)
6,612,264
19,721,311
54,807,738
7,599,427
8,797,195

201406272151(201406272151)
6,612,264
19,733,197
54,836,765
7,599,427
8,797,506

201406272152(201406272152)
6,613,625
19,733,197
55,269,350
7,599,427
8,797,506

201406272159(201406272159)
6,691,114
19,800,577
55,806,357
7,668,799
8,824,566

201406272200(201406272200)
6,695,628
19,800,577
55,981,455
7,669,727
8,839,555

201406272201(201406272201)
6,695,628
19,817,079
55,981,455
7,669,999
8,839,555

201406272202(201406272202)
6,701,932
19,817,079
55,981,455
7,670,627
8,839,555

201406272209(201406272209)
6,739,940
20,006,331
56,528,939
7,691,027
8,931,504

201406272210(201406272210)
6,750,939
20,102,177
56,528,939
7,692,404
8,931,504

201406272211(201406272211)
6,750,939
20,102,177
56,528,939
7,693,494
8,931,504

201406272212(201406272212)
6,762,338
20,127,423
56,528,939
7,712,039
8,931,504

201406272219(201406272219)
6,784,351
20,230,680
57,269,034
7,749,370
9,077,308

201406272220(201406272220)
6,793,211
20,230,680
57,488,404
7,768,819
9,077,308

201406272221(201406272221)
6,793,211
20,247,744
57,621,980
7,773,124
9,077,308

201406272222(201406272222)
6,793,211
20,247,744
57,621,980
7,791,877
9,086,223

201406272229(201406272229)
6,817,515
20,334,020
57,720,384
7,867,083
9,108,006

201406272230(201406272230)
6,817,515
20,439,382
57,720,384
7,867,083
9,108,006

201406272231(201406272231)
6,817,515
20,439,382
57,902,748
7,903,635
9,108,006

201406272232(201406272232)
6,817,515
20,491,415
57,952,550
7,903,635
9,115,625

201406272239(201406272239)
6,900,792
20,675,351
58,772,327
7,934,451
9,164,487

201406272240(201406272240)
6,903,998
20,675,351
58,772,327
7,952,246
9,164,487

201406272241(201406272241)
6,904,735
20,675,351
58,772,327
7,960,317
9,175,294

201406272242(201406272242)
6,904,735
20,687,001
58,772,327
7,960,317
9,189,549

201406272249(201406272249)
6,961,459
20,764,065
59,105,153
8,021,109
9,235,763

201406272250(201406272250)
6,961,459
20,815,463
59,105,153
8,047,785
9,261,612

201406272251(201406272251)
6,961,459
20,846,824
59,105,153
8,047,785
9,337,906

201406272252(201406272252)
6,986,477
20,846,824
59,105,153
8,047,785
9,337,906

201406272259(201406272259)
7,023,816
20,964,747
59,516,856
8,182,823
9,389,709

201406272300(201406272300)
7,055,820
20,972,301
59,757,965
8,204,850
9,389,709

201406272301(201406272301)
7,064,001
20,972,301
59,757,965
8,204,850
9,396,833

201406272302(201406272302)
7,064,001
20,972,301
59,757,965
8,209,005
9,401,806

201406272309(201406272309)
7,090,553
21,152,742
60,510,898
8,210,061
9,478,627

201406272310(201406272310)
7,090,553
21,152,742
60,510,898
8,224,159
9,482,906

201406272311(201406272311)
7,090,553
21,190,366
60,510,898
8,224,159
9,534,280

201406272312(201406272312)
7,103,771
21,212,044
60,510,898
8,224,159
9,534,280

201406272319(201406272319)
7,215,909
21,251,889
60,510,898
8,260,544
9,616,928

201406272320(201406272320)
7,215,909
21,292,215
60,639,776
8,260,544
9,616,928

201406272321(201406272321)
7,229,757
21,320,913
60,966,604
8,260,544
9,616,928

201406272322(201406272322)
7,229,757
21,362,850
60,966,604
8,295,586
9,623,156

201406272329(201406272329)
7,246,561
21,463,139
62,085,683
8,371,094
9,680,561

201406272330(201406272330)
7,269,970
21,473,535
62,171,921
8,386,957
9,680,561

201406272331(201406272331)
7,287,394
21,555,976
62,402,879
8,435,815
9,720,962

201406272332(201406272332)
7,287,394
21,555,976
62,670,933
8,435,815
9,727,024

201406272339(201406272339)
7,306,607
21,812,390
63,021,686
8,497,571
9,802,247

201406272340(201406272340)
7,306,607
21,831,099
63,258,143
8,497,571
9,802,247

201406272341(201406272341)
7,306,607
21,843,442
63,258,143
8,497,571
9,804,517

201406272342(201406272342)
7,326,090
22,009,017
63,258,143
8,497,571
9,828,727

201406272349(201406272349)
7,337,480
22,089,452
63,258,143
8,552,520
9,837,808

201406272350(201406272350)
7,337,480
22,089,452
63,258,143
8,552,520
9,850,457

201406272351(201406272351)
7,355,068
22,089,452
63,258,143
8,552,520
9,869,737

201406272352(201406272352)
7,371,872
22,089,452
63,258,143
8,585,121
9,892,358

201406272359(201406272359)
7,429,224
22,399,703
63,390,161
8,636,479
9,973,900

201406280000(201406280000)
7,443,323
22,399,703
63,467,037
8,636,479
9,975,295

201406280001(201406280001)
7,457,546
22,399,703
63,467,037
8,645,059
9,982,673

201406280002(201406280002)
7,462,054
22,399,703
63,467,037
8,645,851
10,011,603

201406280009(201406280009)
7,496,482
22,489,378
63,847,582
8,709,767
10,071,426

201406280010(201406280010)
7,496,482
22,491,328
63,847,582
8,709,767
10,071,426

201406280011(201406280011)
7,510,182
22,611,399
63,847,582
8,727,161
10,071,426

201406280012(201406280012)
7,510,182
22,611,399
63,847,582
8,737,250
10,071,426

201406280019(201406280019)
7,527,592
22,693,603
64,187,418
8,784,443
10,102,331

201406280020(201406280020)
7,527,592
22,693,603
64,187,418
8,784,669
10,102,331

201406280021(201406280021)
7,536,167
22,706,438
64,187,418
8,784,669
10,102,331

201406280022(201406280022)
7,536,167
22,725,291
64,213,468
8,784,669
10,104,385

201406280029(201406280029)
7,547,573
22,842,796
64,700,067
8,804,834
10,153,777

201406280030(201406280030)
7,547,573
22,893,506
64,700,067
8,804,834
10,153,777

201406280031(201406280031)
7,577,778
22,943,256
64,700,067
8,804,834
10,154,399

201406280032(201406280032)
7,577,778
22,943,256
64,700,067
8,804,834
10,172,638

201406280039(201406280039)
7,619,319
23,000,311
64,881,057
8,870,314
10,255,656

201406280040(201406280040)
7,619,319
23,083,313
64,881,057
8,873,284
10,258,115

201406280041(201406280041)
7,619,319
23,083,313
64,881,057
8,873,890
10,263,687

201406280042(201406280042)
7,640,599
23,117,349
64,926,931
8,873,890
10,263,687

201406280049(201406280049)
7,662,831
23,312,711
65,852,855
8,917,943
10,319,412

201406280050(201406280050)
7,662,831
23,355,165
65,909,959
8,931,504
10,332,618

201406280051(201406280051)
7,662,831
23,382,718
65,909,959
8,931,504
10,332,618

201406280052(201406280052)
7,662,831
23,382,718
66,081,304
8,931,504
10,332,618

201406280059(201406280059)
7,697,942
23,501,240
66,351,181
8,994,191
10,354,367

201406280100(201406280100)
7,703,516
23,501,240
66,455,002
9,011,026
10,366,682

201406280101(201406280101)
7,703,516
23,567,861
66,455,002
9,011,026
10,366,682

201406280102(201406280102)
7,703,887
23,567,861
66,455,002
9,028,631
10,374,839

201406280109(201406280109)
7,745,483
23,605,951
66,818,171
9,048,944
10,379,534

201406280110(201406280110)
7,749,331
23,631,552
66,818,171
9,051,091
10,383,852

201406280111(201406280111)
7,756,751
23,656,694
66,818,171
9,051,091
10,396,863

201406280112(201406280112)
7,759,604
23,677,150
66,818,171
9,051,091
10,415,006

201406280119(201406280119)
7,788,115
23,890,440
66,818,171
9,069,468
10,464,563

201406280120(201406280120)
7,814,685
23,890,440
66,818,171
9,069,468
10,464,563

201406280121(201406280121)
7,815,137
23,890,440
66,895,577
9,069,468
10,464,563

201406280122(201406280122)
7,815,137
23,900,859
66,895,577
9,122,300
10,479,368

201406280129(201406280129)
7,867,982
23,908,941
66,895,577
9,174,453
10,485,503

201406280130(201406280130)
7,867,982
23,908,941
66,895,577
9,174,453
10,485,503

201406280131(201406280131)
7,867,982
23,908,941
66,895,577
9,174,453
10,485,503

201406280132(201406280132)
7,867,982
23,908,941
66,895,577
9,174,453
10,485,503

201406280139(201406280139)
7,869,715
23,963,728
66,895,577
9,175,294
10,492,203

201406280140(201406280140)
7,869,715
23,963,728
66,895,577
9,175,294
10,492,203

201406280141(201406280141)
7,869,715
23,963,728
66,895,577
9,178,409
10,492,203

201406280142(201406280142)
7,889,257
23,963,728
66,895,577
9,194,933
10,492,203

201406280149(201406280149)
7,898,725
24,121,421
67,312,632
9,270,182
10,545,864

201406280150(201406280150)
7,898,725
24,121,421
67,382,502
9,270,182
10,545,864

201406280151(201406280151)
7,898,725
24,165,372
67,382,502
9,281,357
10,545,864

201406280152(201406280152)
7,898,725
24,165,372
67,382,502
9,287,195
10,545,864

201406280159(201406280159)
7,906,819
24,167,666
67,405,144
9,337,906
10,600,118

201406280200(201406280200)
7,906,819
24,167,666
67,405,144
9,337,906
10,600,118

201406280201(201406280201)
7,906,819
24,167,666
67,405,144
9,337,906
10,600,118

201406280202(201406280202)
7,934,451
24,167,666
67,405,144
9,337,906
10,600,118

201406280209(201406280209)
7,964,769
24,277,236
67,405,144
9,361,551
10,659,066

201406280210(201406280210)
7,964,769
24,277,372
67,405,144
9,375,318
10,664,547

201406280211(201406280211)
7,969,905
24,328,589
67,405,144
9,375,318
10,664,547

201406280212(201406280212)
7,969,905
24,328,589
67,405,144
9,375,318
10,686,764

201406280219(201406280219)
8,021,109
24,421,998
67,405,144
9,389,709
10,712,724

201406280220(201406280220)
8,031,193
24,421,998
67,405,144
9,389,709
10,712,724

201406280221(201406280221)
8,031,193
24,421,998
67,405,144
9,389,709
10,712,724

201406280222(201406280222)
8,031,193
24,456,881
67,894,721
9,389,709
10,712,724

201406280229(201406280229)
8,068,967
24,695,508
67,894,721
9,430,833
10,804,718

201406280230(201406280230)
8,068,967
24,695,508
67,894,721
9,430,833
10,804,718

201406280231(201406280231)
8,068,967
24,695,508
67,894,721
9,430,833
10,806,216

201406280232(201406280232)
8,077,331
24,695,508
68,136,597
9,430,833
10,806,216

201406280239(201406280239)
8,077,331
24,791,268
68,506,257
9,443,109
10,861,366

201406280240(201406280240)
8,077,331
24,791,268
68,506,257
9,443,109
10,915,139

201406280241(201406280241)
8,077,331
24,791,268
68,506,257
9,443,109
10,915,139

201406280242(201406280242)
8,077,331
24,791,268
68,506,257
9,452,994
10,915,139

201406280249(201406280249)
8,077,331
24,804,071
69,158,613
9,456,380
11,024,016

201406280250(201406280250)
8,077,331
24,847,889
69,158,613
9,456,380
11,024,016

201406280251(201406280251)
8,077,331
24,847,889
69,158,613
9,456,380
11,035,416

201406280252(201406280252)
8,077,331
24,847,889
69,158,613
9,456,380
11,035,959

201406280259(201406280259)
8,139,311
24,965,701
69,493,927
9,499,935
11,038,065

201406280300(201406280300)
8,139,311
24,965,701
69,493,927
9,499,935
11,038,065

201406280301(201406280301)
8,139,311
24,965,701
69,493,927
9,499,935
11,038,065

201406280302(201406280302)
8,139,311
24,965,701
69,493,927
9,499,935
11,038,065

201406280309(201406280309)
8,149,827
24,965,701
69,493,927
9,499,935
11,038,065

201406280310(201406280310)
8,149,827
24,965,701
69,493,927
9,499,935
11,038,065

201406280311(201406280311)
8,149,827
24,965,701
69,493,927
9,516,448
11,038,065

201406280312(201406280312)
8,149,827
24,965,701
69,493,927
9,516,448
11,046,410

201406280319(201406280319)
8,220,006
25,116,781
69,493,927
9,543,029
11,072,518

201406280320(201406280320)
8,220,006
25,116,781
69,493,927
9,543,029
11,072,518

201406280321(201406280321)
8,220,006
25,116,781
69,493,927
9,543,029
11,072,518

201406280322(201406280322)
8,220,006
25,116,781
69,493,927
9,543,029
11,072,518

201406280329(201406280329)
8,233,945
25,127,984
69,493,927
9,543,029
11,112,891

201406280330(201406280330)
8,233,945
25,127,984
69,493,927
9,543,029
11,112,891

201406280331(201406280331)
8,242,384
25,127,984
69,493,927
9,543,029
11,128,856

201406280332(201406280332)
8,243,380
25,127,984
69,493,927
9,543,029
11,128,856

201406280339(201406280339)
8,261,380
25,127,984
70,526,429
9,543,029
11,128,856

201406280340(201406280340)
8,261,380
25,127,984
70,526,429
9,543,029
11,128,856

201406280341(201406280341)
8,261,380
25,127,984
70,526,429
9,543,029
11,128,856

201406280342(201406280342)
8,269,933
25,127,984
70,584,510
9,543,029
11,128,856

201406280349(201406280349)
8,293,106
25,127,984
70,763,312
9,548,069
11,135,631

201406280350(201406280350)
8,296,765
25,127,984
70,763,312
9,548,069
11,135,631

201406280351(201406280351)
8,296,765
25,127,984
70,763,312
9,568,968
11,135,631

201406280352(201406280352)
8,296,765
25,127,984
70,763,312
9,568,968
11,135,631

201406280359(201406280359)
8,302,706
25,127,984
70,898,540
9,568,977
11,169,414

201406280400(201406280400)
8,302,706
25,127,984
70,898,540
9,568,977
11,169,414

201406280401(201406280401)
8,302,706
25,127,984
70,898,540
9,568,977
11,169,414

201406280402(201406280402)
8,306,418
25,127,984
70,898,540
9,568,977
11,169,414

201406280409(201406280409)
8,318,218
25,127,984
70,898,540
9,568,977
11,169,414

201406280410(201406280410)
8,318,218
25,127,984
70,898,540
9,568,977
11,169,414

201406280411(201406280411)
8,318,218
25,127,984
70,898,540
9,568,977
11,181,328

201406280412(201406280412)
8,318,218
25,127,984
70,898,540
9,568,977
11,197,900

201406280419(201406280419)
8,318,218
25,127,984
70,898,540
9,568,977
11,210,397

201406280420(201406280420)
8,318,218
25,127,984
70,898,540
9,569,497
11,210,397

201406280421(201406280421)
8,318,218
25,127,984
70,898,540
9,569,497
11,210,397

201406280422(201406280422)
8,318,218
25,127,984
70,898,540
9,569,497
11,210,397

201406280429(201406280429)
8,337,740
25,127,984
70,898,540
9,569,497
11,210,397

201406280430(201406280430)
8,337,740
25,127,984
70,898,540
9,596,417
11,210,397

201406280431(201406280431)
8,337,740
25,127,984
70,898,540
9,596,417
11,273,409

201406280432(201406280432)
8,337,740
25,127,984
70,898,540
9,596,417
11,273,409

201406280439(201406280439)
8,337,740
25,244,059
70,898,540
9,606,277
11,296,205

201406280440(201406280440)
8,337,740
25,244,059
70,898,540
9,606,277
11,296,205

201406280441(201406280441)
8,337,740
25,244,059
70,898,540
9,606,277
11,304,397

201406280442(201406280442)
8,337,740
25,244,059
70,898,540
9,606,277
11,304,397

201406280449(201406280449)
8,337,740
25,244,059
70,898,540
9,619,743
11,338,520

201406280450(201406280450)
8,337,740
25,307,474
70,898,540
9,619,743
11,338,520

201406280451(201406280451)
8,337,740
25,307,474
70,898,540
9,619,743
11,338,520

201406280452(201406280452)
8,337,740
25,307,474
70,898,540
9,619,743
11,338,520

201406280459(201406280459)
8,337,740
25,349,800
70,898,540
9,629,197
11,338,520

201406280500(201406280500)
8,337,740
25,349,800
70,898,540
9,629,197
11,340,215

201406280501(201406280501)
8,337,740
25,349,800
70,898,540
9,629,197
11,340,215

201406280502(201406280502)
8,348,513
25,349,800
70,898,540
9,629,197
11,340,215

201406280509(201406280509)
8,365,369
25,349,800
70,898,540
9,663,206
11,340,215

201406280510(201406280510)
8,365,369
25,349,800
70,898,540
9,663,206
11,340,215

201406280511(201406280511)
8,365,369
25,349,800
70,898,540
9,663,206
11,340,215

201406280512(201406280512)
8,365,369
25,349,800
70,898,540
9,663,206
11,340,215

201406280519(201406280519)
8,390,353
25,375,103
70,898,540
9,663,206
11,356,360

201406280520(201406280520)
8,390,353
25,375,103
70,898,540
9,663,206
11,356,360

201406280521(201406280521)
8,390,353
25,375,103
70,898,540
9,663,206
11,356,360

201406280522(201406280522)
8,391,349
25,375,103
70,898,540
9,663,206
11,356,360

201406280529(201406280529)
8,408,812
25,375,103
70,898,540
9,663,206
11,358,033

201406280530(201406280530)
8,408,812
25,375,103
70,898,540
9,663,206
11,358,033

201406280531(201406280531)
8,408,812
25,375,103
70,898,540
9,664,451
11,358,033

201406280532(201406280532)
8,408,812
25,375,103
70,898,540
9,664,451
11,358,033

201406280539(201406280539)
8,408,812
25,375,103
71,129,158
9,664,451
11,358,269

201406280540(201406280540)
8,408,812
25,375,103
71,129,158
9,664,451
11,358,269

201406280541(201406280541)
8,408,812
25,375,103
71,129,158
9,664,451
11,358,269

201406280542(201406280542)
8,408,812
25,375,103
71,129,158
9,664,451
11,358,269

201406280549(201406280549)
8,425,050
25,375,103
71,129,158
9,700,846
11,358,740

201406280550(201406280550)
8,425,050
25,375,103
71,129,158
9,700,846
11,364,143

201406280551(201406280551)
8,425,050
25,428,392
71,129,158
9,700,846
11,364,143

201406280552(201406280552)
8,425,050
25,428,392
71,129,158
9,700,846
11,364,143

201406280559(201406280559)
8,433,587
25,428,392
71,129,158
9,700,846
11,391,233

201406280600(201406280600)
8,433,587
25,428,392
71,129,158
9,700,846
11,391,233

201406280601(201406280601)
8,433,587
25,462,118
71,129,158
9,700,846
11,391,233

201406280602(201406280602)
8,433,587
25,462,118
71,129,158
9,700,846
11,391,233

201406280609(201406280609)
8,449,140
25,462,118
71,129,158
9,705,014
11,395,444

201406280610(201406280610)
8,449,140
25,462,118
71,129,158
9,705,014
11,395,444

201406280611(201406280611)
8,449,140
25,462,118
71,129,158
9,705,014
11,399,244

201406280612(201406280612)
8,490,073
25,462,118
71,129,158
9,705,014
11,399,244

201406280619(201406280619)
8,490,073
25,477,784
71,129,158
9,705,014
11,399,934

201406280620(201406280620)
8,496,880
25,493,444
71,129,158
9,705,014
11,399,934

201406280621(201406280621)
8,496,880
25,493,444
71,129,158
9,705,014
11,399,934

201406280622(201406280622)
8,496,880
25,493,444
71,129,158
9,705,014
11,399,934

201406280629(201406280629)
8,497,571
25,548,566
71,129,158
9,802,247
11,432,127

201406280630(201406280630)
8,511,836
25,548,566
71,129,158
9,803,206
11,432,127

201406280631(201406280631)
8,511,836
25,548,566
71,129,158
9,826,075
11,432,680

201406280632(201406280632)
8,514,469
25,548,566
71,129,158
9,826,075
11,448,922

201406280639(201406280639)
8,561,532
25,548,566
71,129,158
9,834,173
11,488,339

201406280640(201406280640)
8,586,981
25,548,566
71,129,158
9,834,173
11,488,339

201406280641(201406280641)
8,586,981
25,548,566
71,129,158
9,834,173
11,488,339

201406280642(201406280642)
8,586,981
25,548,566
71,129,158
9,834,173
11,488,339

201406280649(201406280649)
8,589,018
25,592,625
71,231,537
9,840,323
11,492,079

201406280650(201406280650)
8,589,018
25,592,625
71,231,537
9,840,323
11,492,079

201406280651(201406280651)
8,602,040
25,592,625
71,231,537
9,840,323
11,492,079

201406280652(201406280652)
8,602,040
25,592,625
71,231,537
9,840,323
11,492,079

201406280659(201406280659)
8,602,040
25,592,625
71,231,537
9,882,197
11,493,415

201406280700(201406280700)
8,631,992
25,592,625
71,231,537
9,882,537
11,493,415

201406280701(201406280701)
8,631,992
25,592,625
71,231,537
9,883,465
11,493,415

201406280702(201406280702)
8,639,497
25,592,625
71,231,537
9,899,464
11,500,488

201406280709(201406280709)
8,681,096
25,676,451
71,293,541
9,967,421
11,503,594

201406280710(201406280710)
8,681,096
25,676,451
71,293,541
9,967,421
11,512,934

201406280711(201406280711)
8,681,096
25,676,451
71,293,541
9,967,421
11,512,934

201406280712(201406280712)
8,681,096
25,676,451
71,293,541
9,967,421
11,512,934

201406280719(201406280719)
8,693,081
25,676,451
71,293,541
9,967,421
11,559,059

201406280720(201406280720)
8,693,081
25,676,451
71,293,541
9,967,421
11,588,096

201406280721(201406280721)
8,693,081
25,676,451
71,293,541
9,967,421
11,588,096

201406280722(201406280722)
8,693,081
25,676,451
71,293,541
9,967,421
11,588,096

201406280729(201406280729)
8,716,424
25,736,976
71,293,541
9,982,456
11,642,373

201406280730(201406280730)
8,716,424
25,736,976
71,293,541
9,982,456
11,651,855

201406280731(201406280731)
8,716,424
25,771,930
71,293,541
9,982,456
11,651,855

201406280732(201406280732)
8,716,560
25,771,930
71,293,541
9,989,667
11,651,855

201406280739(201406280739)
8,769,386
25,771,930
71,293,541
9,990,482
11,667,589

201406280740(201406280740)
8,769,386
25,771,930
71,293,541
9,997,704
11,667,589

201406280741(201406280741)
8,769,386
25,771,930
71,293,541
9,997,704
11,667,589

201406280742(201406280742)
8,781,539
25,771,930
71,293,541
9,997,704
11,667,589

201406280749(201406280749)
8,781,848
25,771,930
71,293,541
10,014,003
11,680,995

201406280750(201406280750)
8,781,848
25,771,930
71,293,541
10,061,661
11,680,995

201406280751(201406280751)
8,781,848
25,771,930
71,293,541
10,063,871
11,680,995

201406280752(201406280752)
8,781,848
25,771,930
71,293,541
10,064,968
11,683,439

201406280759(201406280759)
8,799,570
25,771,930
71,293,541
10,080,769
11,698,177

201406280800(201406280800)
8,799,570
25,771,930
71,293,541
10,085,383
11,698,177

201406280801(201406280801)
8,799,570
25,771,930
71,293,541
10,085,383
11,698,177

201406280802(201406280802)
8,799,570
25,771,930
71,293,541
10,085,383
11,698,177

201406280809(201406280809)
8,808,719
25,783,037
71,504,273
10,155,682
11,707,611

201406280810(201406280810)
8,808,719
25,783,037
71,504,273
10,155,682
11,707,611

201406280811(201406280811)
8,808,719
25,811,553
71,504,273
10,155,682
11,707,611

201406280812(201406280812)
8,808,719
25,811,553
71,504,273
10,155,682
11,707,611

201406280819(201406280819)
8,845,587
25,909,478
71,504,273
10,176,713
11,711,442

201406280820(201406280820)
8,845,587
25,909,478
71,504,273
10,176,713
11,711,442

201406280821(201406280821)
8,845,587
25,909,478
71,504,273
10,176,713
11,726,429

201406280822(201406280822)
8,849,659
25,909,478
71,504,273
10,176,713
11,726,429

201406280829(201406280829)
8,849,659
25,951,934
72,007,326
10,181,865
11,751,783

201406280830(201406280830)
8,855,129
25,951,934
72,011,747
10,181,865
11,751,783

201406280831(201406280831)
8,855,129
25,951,934
72,011,747
10,181,865
11,757,426

201406280832(201406280832)
8,855,129
25,970,371
72,011,747
10,181,865
11,757,426

201406280839(201406280839)
8,906,310
26,068,579
72,476,115
10,209,686
11,768,385

201406280840(201406280840)
8,906,310
26,103,423
72,476,115
10,212,254
11,768,385

201406280841(201406280841)
8,906,310
26,103,423
72,476,115
10,227,883
11,776,859

201406280842(201406280842)
8,906,310
26,132,517
72,476,115
10,227,883
11,776,859

201406280849(201406280849)
8,915,409
26,216,110
72,476,115
10,269,953
11,791,806

201406280850(201406280850)
8,915,409
26,228,796
72,476,115
10,269,953
11,793,310

201406280851(201406280851)
8,915,409
26,228,796
72,476,115
10,282,215
11,793,310

201406280852(201406280852)
8,915,409
26,228,796
72,476,115
10,282,215
11,793,310

201406280859(201406280859)
8,919,391
26,343,864
72,476,115
10,287,121
11,860,587

201406280900(201406280900)
8,919,391
26,343,864
72,476,115
10,287,121
11,860,587

201406280901(201406280901)
8,919,391
26,391,129
72,476,115
10,287,121
11,860,587

201406280902(201406280902)
8,919,391
26,391,129
72,476,115
10,287,121
11,861,906

201406280909(201406280909)
8,919,391
26,524,779
72,476,115
10,287,121
11,919,134

201406280910(201406280910)
8,920,672
26,575,346
72,516,077
10,287,121
11,925,332

201406280911(201406280911)
8,920,672
26,575,346
72,516,077
10,287,121
11,943,575

201406280912(201406280912)
8,920,672
26,575,346
72,516,077
10,287,121
11,943,575

201406280919(201406280919)
8,920,672
26,575,346
72,516,077
10,304,740
11,959,740

201406280920(201406280920)
8,920,672
26,575,346
72,516,077
10,315,931
11,959,740

201406280921(201406280921)
8,920,672
26,597,802
72,516,077
10,316,338
11,973,186

201406280922(201406280922)
8,920,672
26,597,802
72,516,077
10,322,396
11,973,186

201406280929(201406280929)
8,946,985
26,597,802
72,516,077
10,322,532
12,011,859

201406280930(201406280930)
8,946,985
26,597,802
72,516,077
10,322,532
12,011,859

201406280931(201406280931)
8,946,985
26,597,802
72,516,077
10,322,532
12,011,859

201406280932(201406280932)
9,039,111
26,597,802
72,516,077
10,322,532
12,013,409

201406280939(201406280939)
9,049,784
26,603,475
72,516,077
10,322,532
12,067,607

201406280940(201406280940)
9,049,784
26,603,475
72,516,077
10,322,532
12,067,607

201406280941(201406280941)
9,049,784
26,603,475
72,516,077
10,327,950
12,067,607

201406280942(201406280942)
9,049,784
26,603,475
72,516,077
10,327,950
12,067,607

201406280949(201406280949)
9,052,544
26,749,277
72,516,077
10,384,801
12,069,991

201406280950(201406280950)
9,052,544
26,749,277
72,516,077
10,394,454
12,069,991

201406280951(201406280951)
9,052,544
26,781,379
72,516,077
10,394,454
12,069,991

201406280952(201406280952)
9,052,544
26,781,379
72,516,077
10,394,454
12,069,991

201406280959(201406280959)
9,144,966
26,959,893
72,543,424
10,493,763
12,103,075

201406281000(201406281000)
9,147,273
26,959,893
72,543,424
10,500,002
12,103,075

201406281001(201406281001)
9,147,273
26,959,893
72,543,424
10,500,002
12,118,398

201406281002(201406281002)
9,201,914
26,959,893
72,543,424
10,521,528
12,118,398

201406281009(201406281009)
9,206,298
26,980,553
72,720,956
10,548,368
12,175,343

201406281010(201406281010)
9,216,397
27,030,531
72,720,956
10,556,376
12,185,195

201406281011(201406281011)
9,245,956
27,074,490
73,247,662
10,557,786
12,188,628

201406281012(201406281012)
9,245,956
27,074,626
73,247,662
10,594,859
12,188,628

201406281019(201406281019)
9,277,411
27,082,184
73,247,662
10,613,140
12,194,142

201406281020(201406281020)
9,277,411
27,082,184
73,247,662
10,613,140
12,194,142

201406281021(201406281021)
9,277,411
27,082,184
73,247,662
10,645,975
12,194,142

201406281022(201406281022)
9,277,411
27,082,184
73,247,662
10,645,975
12,197,797

201406281029(201406281029)
9,298,317
27,111,776
73,247,662
10,665,745
12,280,402

201406281030(201406281030)
9,298,317
27,111,776
73,247,662
10,665,745
12,283,009

201406281031(201406281031)
9,298,317
27,111,776
73,247,662
10,665,745
12,296,813

201406281032(201406281032)
9,298,317
27,111,776
73,247,662
10,666,553
12,296,813

201406281039(201406281039)
9,315,418
27,140,875
74,018,328
10,697,079
12,322,891

201406281040(201406281040)
9,315,418
27,149,708
74,018,328
10,710,314
12,322,891

201406281041(201406281041)
9,315,418
27,149,708
74,085,899
10,752,321
12,322,891

201406281042(201406281042)
9,315,418
27,149,708
74,085,899
10,761,524
12,322,891

201406281049(201406281049)
9,317,828
27,149,708
74,085,899
10,774,096
12,380,087

201406281050(201406281050)
9,325,114
27,149,708
74,085,899
10,774,096
12,384,878

201406281051(201406281051)
9,325,114
27,153,018
74,085,899
10,774,096
12,402,556

201406281052(201406281052)
9,325,114
27,153,018
74,085,899
10,774,096
12,402,556

201406281059(201406281059)
9,329,597
27,153,018
74,236,457
10,806,216
12,424,244

201406281100(201406281100)
9,337,906
27,153,018
74,236,457
10,806,216
12,436,923

201406281101(201406281101)
9,389,709
27,153,018
74,236,457
10,806,216
12,436,923

201406281102(201406281102)
9,392,763
27,153,018
74,419,424
10,806,216
12,437,995

201406281109(201406281109)
9,392,763
27,204,766
74,419,424
10,840,038
12,484,633

201406281110(201406281110)
9,392,763
27,204,766
74,455,074
10,840,038
12,484,633

201406281111(201406281111)
9,392,763
27,259,158
74,455,074
10,840,038
12,484,633

201406281112(201406281112)
9,392,763
27,259,158
74,455,074
10,840,038
12,484,633

201406281119(201406281119)
9,405,294
27,259,158
74,455,074
10,859,408
12,489,488

201406281120(201406281120)
9,405,294
27,259,158
74,455,074
10,859,408
12,489,488

201406281121(201406281121)
9,405,294
27,259,158
74,455,074
10,863,246
12,489,488

201406281122(201406281122)
9,405,294
27,276,992
74,455,074
10,863,246
12,489,488

201406281129(201406281129)
9,432,351
27,395,311
74,631,156
10,925,158
12,489,488

201406281130(201406281130)
9,432,351
27,395,311
74,631,156
10,925,158
12,489,488

201406281131(201406281131)
9,432,351
27,400,720
74,631,156
10,941,893
12,493,172

201406281132(201406281132)
9,432,351
27,400,720
74,631,156
10,941,893
12,519,037

201406281139(201406281139)
9,437,300
27,462,565
74,631,156
11,058,693
12,551,481

201406281140(201406281140)
9,437,300
27,462,565
74,631,156
11,058,693
12,612,639

201406281141(201406281141)
9,437,300
27,462,565
74,631,156
11,063,239
12,620,465

201406281142(201406281142)
9,437,300
27,462,565
74,631,156
11,068,429
12,620,465

201406281149(201406281149)
9,459,575
27,476,808
74,631,156
11,152,621
12,659,062

201406281150(201406281150)
9,459,575
27,476,808
74,631,156
11,175,193
12,659,062

201406281151(201406281151)
9,459,575
27,476,808
74,631,156
11,175,193
12,659,062

201406281152(201406281152)
9,459,575
27,476,808
74,631,156
11,175,193
12,659,062

201406281159(201406281159)
9,483,007
27,691,919
74,631,156
11,260,214
12,661,527

201406281200(201406281200)
9,483,007
27,691,919
74,646,296
11,260,214
12,675,880

201406281201(201406281201)
9,489,043
27,691,919
74,710,545
11,282,447
12,691,334

201406281202(201406281202)
9,489,043
27,727,848
74,710,545
11,282,447
12,699,520

201406281209(201406281209)
9,489,043
27,738,589
75,080,718
11,320,957
12,751,358

201406281210(201406281210)
9,551,311
27,738,589
75,080,718
11,324,988
12,751,358

201406281211(201406281211)
9,551,711
27,738,589
75,080,718
11,324,988
12,751,358

201406281212(201406281212)
9,551,711
27,738,589
75,080,718
11,324,988
12,751,358

201406281219(201406281219)
9,551,711
27,748,139
75,080,718
11,335,013
12,784,510

201406281220(201406281220)
9,568,968
27,748,139
75,080,718
11,335,013
12,784,510

201406281221(201406281221)
9,568,968
27,748,139
75,080,718
11,335,013
12,784,510

201406281222(201406281222)
9,568,968
27,748,139
75,080,718
11,335,013
12,784,510

201406281229(201406281229)
9,589,299
27,857,963
75,081,510
11,335,013
12,796,470

201406281230(201406281230)
9,589,299
27,857,963
75,081,510
11,360,621
12,796,470

201406281231(201406281231)
9,589,299
27,857,963
75,081,510
11,360,621
12,796,470

201406281232(201406281232)
9,589,299
27,857,963
75,081,510
11,364,196
12,804,132

201406281239(201406281239)
9,683,058
27,966,971
75,421,902
11,424,260
12,899,682

201406281240(201406281240)
9,683,058
27,966,971
75,421,902
11,446,278
12,930,243

201406281241(201406281241)
9,683,058
27,966,971
75,421,902
11,446,278
12,930,243

201406281242(201406281242)
9,683,058
27,989,572
75,421,902
11,446,278
12,958,115

201406281249(201406281249)
9,762,100
28,053,531
76,185,194
11,503,863
12,986,406

201406281250(201406281250)
9,762,100
28,053,531
76,185,194
11,532,109
12,997,251

201406281251(201406281251)
9,762,100
28,053,531
76,185,194
11,532,109
12,997,251

201406281252(201406281252)
9,762,100
28,053,531
76,185,194
11,542,243
12,997,251

201406281259(201406281259)
9,837,770
28,053,531
76,185,986
11,545,335
13,019,163

201406281300(201406281300)
9,837,929
28,053,531
76,185,986
11,545,335
13,019,163

201406281301(201406281301)
9,867,346
28,053,531
76,185,986
11,545,335
13,019,163

201406281302(201406281302)
9,867,346
28,058,351
76,185,986
11,545,335
13,019,163

201406281309(201406281309)
9,969,407
28,124,593
76,279,442
11,549,420
13,064,992

201406281310(201406281310)
9,969,407
28,124,593
76,279,442
11,549,420
13,064,992

201406281311(201406281311)
9,969,407
28,126,735
76,279,442
11,549,420
13,081,024

201406281312(201406281312)
9,969,407
28,126,735
76,331,958
11,549,420
13,081,024

201406281319(201406281319)
9,987,765
28,210,881
76,331,958
11,583,092
13,087,956

201406281320(201406281320)
9,998,479
28,210,881
76,331,958
11,583,092
13,087,956

201406281321(201406281321)
10,009,293
28,210,881
76,331,958
11,583,092
13,087,956

201406281322(201406281322)
10,009,293
28,210,881
76,331,958
11,583,092
13,087,956

201406281329(201406281329)
10,022,614
28,374,278
76,331,958
11,610,444
13,089,308

201406281330(201406281330)
10,022,614
28,374,278
76,500,888
11,610,444
13,089,308

201406281331(201406281331)
10,022,614
28,374,278
76,500,888
11,610,444
13,094,292

201406281332(201406281332)
10,022,614
28,374,278
76,500,888
11,617,767
13,101,732

201406281339(201406281339)
10,046,492
28,406,246
76,500,888
11,620,031
13,110,324

201406281340(201406281340)
10,046,492
28,406,246
76,500,888
11,620,031
13,110,324

201406281341(201406281341)
10,046,492
28,406,246
76,915,668
11,620,031
13,110,324

201406281342(201406281342)
10,046,492
28,406,246
76,915,668
11,620,031
13,110,324

201406281349(201406281349)
10,054,545
28,500,416
76,915,668
11,665,724
13,151,246

201406281350(201406281350)
10,069,973
28,500,416
76,915,668
11,665,724
13,161,824

201406281351(201406281351)
10,102,567
28,500,416
76,915,668
11,675,311
13,161,824

201406281352(201406281352)
10,102,567
28,500,416
76,915,668
11,678,789
13,161,824

201406281359(201406281359)
10,119,241
28,565,565
76,915,668
11,707,611
13,207,735

201406281400(201406281400)
10,121,826
28,565,565
76,915,668
11,707,611
13,243,915

201406281401(201406281401)
10,137,210
28,578,204
76,915,668
11,707,611
13,243,915

201406281402(201406281402)
10,137,210
28,594,355
76,915,668
11,707,611
13,243,915

201406281409(201406281409)
10,139,095
28,675,497
77,170,369
11,719,142
13,300,933

201406281410(201406281410)
10,173,162
28,675,497
77,310,594
11,719,142
13,317,599

201406281411(201406281411)
10,173,162
28,675,497
77,310,594
11,740,037
13,317,599

201406281412(201406281412)
10,173,162
28,675,497
77,342,308
11,749,115
13,317,599

201406281419(201406281419)
10,181,210
28,723,390
77,388,404
11,844,606
13,446,416

201406281420(201406281420)
10,181,210
28,723,390
77,388,404
11,844,606
13,446,416

201406281421(201406281421)
10,181,210
28,832,136
77,388,404
11,844,606
13,474,065

201406281422(201406281422)
10,181,210
28,832,136
77,388,404
11,844,606
13,482,388

201406281429(201406281429)
10,207,306
28,832,136
77,388,404
11,866,865
13,482,388

201406281430(201406281430)
10,207,306
28,832,136
77,388,404
11,866,865
13,482,388

201406281431(201406281431)
10,207,306
28,832,136
77,388,404
11,866,865
13,489,770

201406281432(201406281432)
10,207,306
28,832,136
77,388,404
11,866,865
13,489,770

201406281439(201406281439)
10,221,196
28,989,425
77,562,404
11,931,500
13,511,642

201406281440(201406281440)
10,278,071
28,989,425
77,562,404
11,931,500
13,556,845

201406281441(201406281441)
10,278,071
28,989,425
77,562,404
11,934,440
13,556,845

201406281442(201406281442)
10,278,071
28,989,425
77,562,404
11,934,440
13,557,076

201406281449(201406281449)
10,282,215
29,043,432
77,562,404
11,954,728
13,571,480

201406281450(201406281450)
10,282,215
29,043,432
77,562,404
11,954,728
13,571,480

201406281451(201406281451)
10,282,215
29,043,432
77,562,404
11,954,728
13,571,480

201406281452(201406281452)
10,288,697
29,043,432
77,562,404
11,954,728
13,571,480

201406281459(201406281459)
10,291,717
29,105,886
77,562,404
12,007,906
13,611,837

201406281500(201406281500)
10,296,007
29,110,292
77,562,404
12,046,307
13,611,837

201406281501(201406281501)
10,296,007
29,110,292
77,562,404
12,046,307
13,611,837

201406281502(201406281502)
10,296,007
29,110,292
77,722,691
12,048,601
13,688,618

201406281509(201406281509)
10,335,785
29,151,819
77,722,827
12,056,088
13,770,339

201406281510(201406281510)
10,335,785
29,165,256
77,722,827
12,056,088
13,779,843

201406281511(201406281511)
10,340,430
29,165,256
77,722,827
12,056,088
13,784,910

201406281512(201406281512)
10,340,430
29,165,256
77,722,827
12,056,088
13,784,910

201406281519(201406281519)
10,354,367
29,190,172
77,722,827
12,076,190
13,799,433

201406281520(201406281520)
10,354,367
29,190,172
77,722,827
12,076,190
13,799,433

201406281521(201406281521)
10,354,367
29,468,856
77,722,827
12,076,190
13,799,433

201406281522(201406281522)
10,354,367
29,468,856
77,722,827
12,076,190
13,799,433

201406281529(201406281529)
10,445,518
29,598,811
77,722,827
12,076,190
13,849,024

201406281530(201406281530)
10,455,237
29,598,811
77,722,827
12,076,190
13,849,024

201406281531(201406281531)
10,457,643
29,598,811
77,722,827
12,092,143
13,849,024

201406281532(201406281532)
10,457,643
29,598,811
77,722,827
12,092,143
13,849,024

201406281539(201406281539)
10,517,408
29,598,811
77,735,623
12,126,785
13,903,328

201406281540(201406281540)
10,556,688
29,598,811
77,735,623
12,126,785
13,903,328

201406281541(201406281541)
10,556,688
29,598,811
77,735,623
12,126,785
13,903,328

201406281542(201406281542)
10,556,688
29,598,811
77,735,623
12,126,785
13,903,328

201406281549(201406281549)
10,573,947
29,686,031
77,908,842
12,151,174
13,910,337

201406281550(201406281550)
10,573,947
29,691,566
77,915,292
12,151,174
13,921,969

201406281551(201406281551)
10,573,947
29,691,566
78,026,099
12,151,174
13,921,969

201406281552(201406281552)
10,573,947
29,691,566
78,026,099
12,151,174
13,921,969

201406281559(201406281559)
10,607,772
29,691,566
78,026,099
12,184,054
13,968,235

201406281600(201406281600)
10,607,772
29,691,566
78,026,099
12,184,258
13,968,235

201406281601(201406281601)
10,607,772
29,691,566
78,026,099
12,184,258
13,968,235

201406281602(201406281602)
10,613,732
29,691,566
78,026,099
12,220,515
13,976,936

201406281609(201406281609)
10,616,022
29,753,908
78,026,099
12,307,846
14,051,611

201406281610(201406281610)
10,639,816
29,753,908
78,026,099
12,318,601
14,051,611

201406281611(201406281611)
10,639,816
29,753,908
78,026,099
12,318,601
14,051,611

201406281612(201406281612)
10,639,816
29,753,908
78,026,099
12,318,601
14,056,637

201406281619(201406281619)
10,666,553
29,753,908
78,516,201
12,339,415
14,070,519

201406281620(201406281620)
10,666,553
29,753,908
78,516,201
12,339,415
14,101,773

201406281621(201406281621)
10,666,553
29,753,908
78,516,201
12,359,833
14,125,737

201406281622(201406281622)
10,666,553
29,753,908
78,516,201
12,366,145
14,125,737

201406281629(201406281629)
10,672,521
29,883,913
78,516,201
12,430,933
14,130,397

201406281630(201406281630)
10,686,764
29,883,913
78,516,201
12,430,933
14,130,397

201406281631(201406281631)
10,686,764
29,884,477
78,516,201
12,430,933
14,130,397

201406281632(201406281632)
10,686,764
29,884,477
78,516,201
12,430,933
14,130,397

201406281639(201406281639)
10,688,945
29,884,477
78,516,201
12,465,715
14,236,765

201406281640(201406281640)
10,694,494
29,970,202
78,516,201
12,465,715
14,236,765

201406281641(201406281641)
10,694,494
29,970,202
78,516,201
12,465,715
14,236,765

201406281642(201406281642)
10,694,494
29,970,202
78,516,201
12,465,715
14,236,765

201406281649(201406281649)
10,699,272
30,003,771
78,928,870
12,497,678
14,274,405

201406281650(201406281650)
10,699,272
30,003,771
79,129,584
12,497,678
14,274,405

201406281651(201406281651)
10,699,272
30,025,958
79,372,365
12,497,678
14,274,405

201406281652(201406281652)
10,699,272
30,025,958
79,372,365
12,512,386
14,283,865

201406281659(201406281659)
10,699,272
30,025,958
79,372,365
12,520,667
14,283,865

201406281700(201406281700)
10,699,272
30,025,958
79,372,365
12,545,282
14,283,865

201406281701(201406281701)
10,699,272
30,025,958
79,372,365
12,545,282
14,283,865

201406281702(201406281702)
10,718,839
30,028,515
79,389,028
12,545,282
14,283,865

