201406101919(201406101919)
3,087,690
6,316,950
15,060,000
3,296,160
3,584,910

201406101920(201406101920)
3,087,690
6,316,950
15,060,000
3,296,160
3,584,910

201406101921(201406101921)
3,087,690
6,316,950
15,060,000
3,296,160
3,589,140

201406101922(201406101922)
3,087,690
6,316,950
15,060,000
3,297,330
3,589,140

201406101929(201406101929)
3,089,730
6,334,980
15,060,000
3,297,330
3,589,140

201406101930(201406101930)
3,093,000
6,338,430
15,060,000
3,299,550
3,589,140

201406101931(201406101931)
3,093,000
6,338,430
15,060,000
3,304,320
3,596,490

201406101932(201406101932)
3,093,000
6,338,430
15,060,000
3,304,320
3,608,790

201406101939(201406101939)
3,095,430
6,338,430
15,060,000
3,307,380
3,609,510

201406101940(201406101940)
3,095,430
6,338,430
15,060,000
3,307,410
3,609,510

201406101941(201406101941)
3,095,430
6,338,430
15,060,000
3,307,410
3,609,510

201406101942(201406101942)
3,095,430
6,338,430
15,060,000
3,307,410
3,609,510

201406101949(201406101949)
3,095,430
6,412,530
15,060,000
3,307,410
3,610,620

201406101950(201406101950)
3,095,430
6,412,530
15,060,000
3,307,410
3,610,620

201406101951(201406101951)
3,097,380
6,412,530
15,060,000
3,307,410
3,610,620

201406101952(201406101952)
3,097,380
6,412,530
15,060,000
3,307,410
3,611,670

201406101959(201406101959)
3,098,880
6,412,530
15,060,000
3,323,670
3,617,040

201406102000(201406102000)
3,098,880
6,412,530
15,060,000
3,323,670
3,617,040

201406102001(201406102001)
3,100,650
6,412,530
15,060,000
3,323,670
3,622,650

201406102002(201406102002)
3,100,650
6,412,530
15,060,000
3,323,670
3,622,650

201406102009(201406102009)
3,107,520
6,412,530
15,060,000
3,344,280
3,627,840

201406102010(201406102010)
3,108,750
6,412,530
15,060,000
3,344,280
3,636,930

201406102011(201406102011)
3,110,490
6,412,530
15,060,000
3,344,280
3,636,930

201406102012(201406102012)
3,110,490
6,412,530
15,060,000
3,344,280
3,638,700

201406102019(201406102019)
3,115,980
6,412,530
15,060,000
3,344,880
3,641,220

201406102020(201406102020)
3,117,120
6,412,530
15,060,000
3,344,880
3,641,220

201406102021(201406102021)
3,120,000
6,412,530
15,060,000
3,344,880
3,641,220

201406102022(201406102022)
3,120,000
6,412,530
15,060,000
3,344,880
3,641,220

201406102029(201406102029)
3,134,250
6,412,530
15,060,000
3,354,690
3,641,790

201406102030(201406102030)
3,134,250
6,412,530
15,060,000
3,354,690
3,641,790

201406102031(201406102031)
3,134,250
6,412,530
15,060,000
3,357,720
3,641,790

201406102032(201406102032)
3,134,250
6,415,800
15,060,000
3,357,720
3,641,790

201406102039(201406102039)
3,135,960
6,432,030
15,060,000
3,365,880
3,650,430

201406102040(201406102040)
3,135,960
6,435,900
15,060,000
3,365,880
3,650,430

201406102041(201406102041)
3,135,960
6,435,900
15,060,000
3,365,880
3,650,430

201406102042(201406102042)
3,135,960
6,435,900
15,060,000
3,369,030
3,650,430

201406102049(201406102049)
3,136,290
6,457,140
15,060,000
3,369,030
3,650,430

201406102050(201406102050)
3,146,370
6,457,140
15,060,000
3,369,030
3,650,430

201406102051(201406102051)
3,146,370
6,457,140
15,060,000
3,369,030
3,650,430

201406102052(201406102052)
3,146,370
6,457,140
15,060,000
3,369,030
3,650,430

201406102059(201406102059)
3,152,010
6,463,020
15,060,000
3,391,740
3,657,600

201406102100(201406102100)
3,152,010
6,463,020
15,060,000
3,391,740
3,658,170

201406102101(201406102101)
3,152,010
6,463,020
15,060,000
3,391,740
3,658,170

201406102102(201406102102)
3,152,370
6,463,020
15,060,000
3,391,740
3,658,170

201406102109(201406102109)
3,152,370
6,463,020
15,060,000
3,395,550
3,658,170

201406102110(201406102110)
3,155,550
6,463,020
15,060,000
3,396,570
3,658,170

201406102111(201406102111)
3,155,550
6,477,690
15,060,000
3,396,570
3,658,170

201406102112(201406102112)
3,155,550
6,477,690
15,060,000
3,398,340
3,658,170

201406102119(201406102119)
3,163,380
6,493,470
15,067,050
3,408,990
3,667,650

201406102120(201406102120)
3,163,380
6,493,470
15,067,050
3,409,200
3,667,650

201406102121(201406102121)
3,163,380
6,493,470
15,067,050
3,409,200
3,672,420

201406102122(201406102122)
3,163,380
6,493,470
15,067,050
3,409,200
3,677,220

201406102129(201406102129)
3,163,380
6,502,530
15,067,050
3,410,220
3,677,940

201406102130(201406102130)
3,163,380
6,502,530
15,067,050
3,410,220
3,680,700

201406102131(201406102131)
3,163,380
6,502,530
15,067,050
3,410,220
3,680,700

201406102132(201406102132)
3,163,380
6,502,530
15,067,050
3,411,240
3,684,000

201406102139(201406102139)
3,165,420
6,528,300
15,067,050
3,412,440
3,697,590

201406102140(201406102140)
3,165,420
6,531,030
15,067,050
3,412,440
3,698,430

201406102141(201406102141)
3,165,420
6,531,030
15,067,050
3,412,440
3,698,430

201406102142(201406102142)
3,165,420
6,536,490
15,067,050
3,412,440
3,698,430

201406102149(201406102149)
3,167,970
6,545,040
15,180,300
3,420,450
3,702,240

201406102150(201406102150)
3,167,970
6,545,040
15,203,610
3,420,960
3,702,240

201406102151(201406102151)
3,167,970
6,545,040
15,203,610
3,420,960
3,707,280

201406102152(201406102152)
3,167,970
6,545,040
15,203,610
3,423,330
3,707,280

201406102159(201406102159)
3,169,230
6,563,610
15,203,610
3,423,330
3,718,230

201406102200(201406102200)
3,170,370
6,563,610
15,203,610
3,423,330
3,718,230

201406102201(201406102201)
3,170,370
6,570,390
15,203,610
3,423,330
3,718,230

201406102202(201406102202)
3,170,370
6,570,390
15,203,610
3,424,080
3,718,230

201406102209(201406102209)
3,172,590
6,602,700
15,217,140
3,424,350
3,724,290

201406102210(201406102210)
3,172,590
6,602,700
15,217,140
3,424,350
3,724,290

201406102211(201406102211)
3,172,590
6,602,700
15,217,140
3,424,350
3,724,290

201406102212(201406102212)
3,172,590
6,602,700
15,217,140
3,424,350
3,724,290

201406102219(201406102219)
3,185,370
6,621,090
15,217,140
3,426,240
3,731,010

201406102220(201406102220)
3,185,370
6,621,090
15,217,140
3,426,240
3,731,010

201406102221(201406102221)
3,185,370
6,626,490
15,217,140
3,426,240
3,731,850

201406102222(201406102222)
3,185,370
6,626,490
15,217,140
3,426,240
3,732,780

201406102229(201406102229)
3,192,750
6,636,660
15,217,140
3,429,390
3,732,780

201406102230(201406102230)
3,192,750
6,636,660
15,217,140
3,432,540
3,732,780

201406102231(201406102231)
3,192,750
6,637,230
15,286,770
3,432,540
3,743,070

201406102232(201406102232)
3,192,750
6,637,230
15,286,770
3,432,540
3,753,000

201406102239(201406102239)
3,204,330
6,642,660
15,286,770
3,437,220
3,759,330

201406102240(201406102240)
3,204,420
6,645,000
15,286,770
3,437,220
3,762,330

201406102241(201406102241)
3,204,420
6,645,000
15,286,770
3,437,220
3,762,330

201406102242(201406102242)
3,207,660
6,645,000
15,286,770
3,437,220
3,762,330

201406102249(201406102249)
3,209,010
6,659,190
15,286,770
3,446,310
3,764,910

201406102250(201406102250)
3,215,670
6,680,160
15,296,340
3,446,310
3,764,910

201406102251(201406102251)
3,215,700
6,686,220
15,307,950
3,446,310
3,764,910

201406102252(201406102252)
3,215,700
6,686,220
15,307,950
3,446,310
3,764,910

201406102259(201406102259)
3,217,770
6,687,690
15,307,950
3,458,730
3,766,710

201406102300(201406102300)
3,217,770
6,687,690
15,307,950
3,458,730
3,775,680

201406102301(201406102301)
3,219,780
6,687,690
15,307,950
3,458,730
3,775,680

201406102302(201406102302)
3,219,780
6,687,690
15,307,950
3,459,150
3,775,680

201406102309(201406102309)
3,223,650
6,704,370
15,307,950
3,462,570
3,777,240

201406102310(201406102310)
3,223,650
6,704,370
15,307,950
3,462,570
3,779,280

201406102311(201406102311)
3,223,650
6,704,370
15,307,950
3,462,570
3,779,280

201406102312(201406102312)
3,223,650
6,704,370
15,307,950
3,462,570
3,779,280

201406102319(201406102319)
3,223,890
6,706,800
15,307,950
3,462,570
3,781,650

201406102320(201406102320)
3,227,340
6,706,800
15,307,950
3,462,570
3,781,650

201406102321(201406102321)
3,227,340
6,706,800
15,307,950
3,462,570
3,783,990

201406102322(201406102322)
3,227,340
6,706,800
15,307,950
3,462,570
3,783,990

201406102329(201406102329)
3,237,330
6,739,830
15,307,950
3,472,830
3,798,870

201406102330(201406102330)
3,237,330
6,739,830
15,307,950
3,472,830
3,798,870

201406102331(201406102331)
3,237,330
6,739,830
15,307,950
3,472,830
3,801,270

201406102332(201406102332)
3,237,330
6,739,830
15,307,950
3,472,830
3,801,270

201406102339(201406102339)
3,249,690
6,768,930
15,464,100
3,487,770
3,801,270

201406102340(201406102340)
3,251,490
6,768,930
15,464,100
3,487,770
3,801,270

201406102341(201406102341)
3,254,820
6,768,930
15,464,100
3,487,770
3,801,270

201406102342(201406102342)
3,254,820
6,768,930
15,464,100
3,487,770
3,801,270

201406102349(201406102349)
3,257,880
6,788,940
15,464,100
3,491,970
3,813,630

201406102350(201406102350)
3,257,880
6,788,940
15,464,100
3,491,970
3,813,630

201406102351(201406102351)
3,262,500
6,788,940
15,464,100
3,491,970
3,813,630

201406102352(201406102352)
3,262,500
6,797,190
15,464,100
3,491,970
3,813,630

201406102359(201406102359)
3,263,160
6,816,000
15,529,350
3,502,110
3,818,460

201406110000(201406110000)
3,263,160
6,816,000
15,529,350
3,502,110
3,818,460

201406110001(201406110001)
3,263,160
6,816,000
15,529,350
3,502,170
3,818,460

201406110002(201406110002)
3,263,160
6,816,000
15,529,350
3,502,170
3,818,460

201406110009(201406110009)
3,263,160
6,845,850
15,529,350
3,505,410
3,818,460

201406110010(201406110010)
3,263,160
6,859,710
15,529,350
3,505,410
3,823,260

201406110011(201406110011)
3,264,840
6,864,570
15,529,350
3,505,410
3,823,260

201406110012(201406110012)
3,264,840
6,864,570
15,529,350
3,505,410
3,823,260

201406110019(201406110019)
3,264,840
6,891,480
15,529,350
3,513,480
3,828,060

201406110020(201406110020)
3,264,840
6,891,480
15,529,350
3,513,480
3,828,060

201406110021(201406110021)
3,264,840
6,899,220
15,529,350
3,513,480
3,828,060

201406110022(201406110022)
3,264,840
6,899,220
15,529,350
3,513,480
3,513,480

201406110029(201406110029)
3,264,840
6,899,220
15,529,350
3,513,480
3,513,480

201406110030(201406110030)
3,264,840
6,899,220
15,529,350
3,513,480
3,513,480

201406110031(201406110031)
3,264,840
6,899,220
15,529,350
3,513,480
3,513,480

201406110032(201406110032)
3,264,840
6,899,220
15,529,350
3,513,480
3,513,480

201406110039(201406110039)
3,267,990
6,947,340
15,790,950
3,516,360
3,828,060

201406110040(201406110040)
3,267,990
6,947,340
15,790,950
3,516,360
3,828,060

201406110041(201406110041)
3,267,990
6,947,340
15,790,950
3,516,360
3,828,060

201406110042(201406110042)
3,267,990
6,947,340
15,790,950
3,516,360
3,828,060

201406110049(201406110049)
3,267,990
6,947,340
15,790,950
3,516,360
3,828,060

201406110050(201406110050)
3,267,990
6,947,340
15,790,950
3,516,360
3,828,060

201406110051(201406110051)
3,267,990
6,947,340
15,790,950
3,516,360
3,828,060

201406110052(201406110052)
3,267,990
6,947,340
15,790,950
3,516,360
3,828,060

201406110059(201406110059)
3,278,280
6,966,240
15,826,830
3,543,090
3,855,570

201406110100(201406110100)
3,278,280
6,966,240
15,826,830
3,543,090
3,855,570

201406110101(201406110101)
3,278,280
6,966,240
15,826,830
3,543,090
3,855,570

201406110102(201406110102)
3,278,280
6,966,240
15,826,830
3,543,090
3,855,570

201406110109(201406110109)
3,278,280
6,966,240
15,826,830
3,543,090
3,855,570

201406110110(201406110110)
3,278,280
6,966,240
15,826,830
3,543,090
3,855,570

201406110111(201406110111)
3,278,280
6,966,240
15,826,830
3,543,090
3,855,570

201406110112(201406110112)
3,278,280
6,966,240
15,826,830
3,543,090
3,855,570

201406110119(201406110119)
3,297,990
6,988,230
15,826,830
3,547,590
3,872,550

201406110120(201406110120)
3,297,990
6,988,230
15,826,830
3,547,590
3,872,550

201406110121(201406110121)
3,297,990
6,988,230
15,826,830
3,547,590
3,872,550

201406110122(201406110122)
3,297,990
6,988,230
15,826,830
3,547,590
3,872,550

201406110129(201406110129)
3,297,990
6,988,230
15,826,830
3,547,590
3,872,550

201406110130(201406110130)
3,297,990
6,988,230
15,826,830
3,547,590
3,872,550

201406110131(201406110131)
3,297,990
6,988,230
15,826,830
3,547,590
3,872,550

201406110132(201406110132)
3,297,990
6,988,230
15,826,830
3,547,590
3,872,550

201406110139(201406110139)
3,300,090
7,029,090
15,826,830
3,556,590
3,885,780

201406110140(201406110140)
3,300,090
7,029,090
15,826,830
3,556,590
3,885,780

201406110141(201406110141)
3,300,090
7,029,090
15,826,830
3,556,590
3,885,780

201406110142(201406110142)
3,300,090
7,029,090
15,826,830
3,556,590
3,885,780

201406110149(201406110149)
3,300,090
7,029,090
15,826,830
3,556,590
3,885,780

201406110150(201406110150)
3,300,090
7,029,090
15,826,830
3,556,590
3,885,780

201406110151(201406110151)
3,300,090
7,029,090
15,826,830
3,556,590
3,885,780

201406110152(201406110152)
3,300,090
7,029,090
15,826,830
3,556,590
3,885,780

201406110159(201406110159)
3,307,410
7,036,170
15,826,830
3,561,810
3,896,280

201406110200(201406110200)
3,307,410
7,036,170
15,826,830
3,561,810
3,896,280

201406110201(201406110201)
3,307,410
7,036,170
15,826,830
3,561,810
3,896,280

201406110202(201406110202)
3,307,410
7,036,170
15,826,830
3,561,810
3,896,280

201406110209(201406110209)
3,307,410
7,036,170
15,826,830
3,561,810
3,896,280

201406110210(201406110210)
3,307,410
7,036,170
15,826,830
3,561,810
3,896,280

201406110211(201406110211)
3,307,410
7,036,170
15,826,830
3,561,810
3,896,280

201406110212(201406110212)
3,307,410
7,036,170
15,826,830
3,561,810
3,896,280

201406110219(201406110219)
3,307,410
7,066,140
15,826,830
3,568,980
3,896,280

201406110220(201406110220)
3,307,410
7,066,140
15,826,830
3,568,980
3,896,280

201406110221(201406110221)
3,307,410
7,066,140
15,826,830
3,568,980
3,896,280

201406110222(201406110222)
3,307,410
7,066,140
15,826,830
3,568,980
3,896,280

201406110229(201406110229)
3,307,410
7,066,140
15,826,830
3,568,980
3,896,280

201406110230(201406110230)
3,307,410
7,066,140
15,826,830
3,568,980
3,896,280

201406110231(201406110231)
3,307,410
7,066,140
15,826,830
3,568,980
3,896,280

201406110232(201406110232)
3,307,410
7,066,140
15,826,830
3,568,980
3,896,280

201406110239(201406110239)
3,323,670
7,066,140
15,826,830
3,577,410
3,900,750

201406110240(201406110240)
3,323,670
7,066,140
15,826,830
3,577,410
3,900,750

201406110241(201406110241)
3,323,670
7,066,140
15,826,830
3,577,410
3,900,750

201406110242(201406110242)
3,323,670
7,066,140
15,826,830
3,577,410
3,900,750

201406110249(201406110249)
3,323,670
7,066,140
15,826,830
3,577,410
3,900,750

201406110250(201406110250)
3,323,670
7,066,140
15,826,830
3,577,410
3,900,750

201406110251(201406110251)
3,323,670
7,066,140
15,826,830
3,577,410
3,900,750

201406110252(201406110252)
3,323,670
7,066,140
15,826,830
3,577,410
3,900,750

201406110259(201406110259)
3,331,710
7,066,140
15,826,830
3,582,750
3,908,850

201406110300(201406110300)
3,331,710
7,066,140
15,826,830
3,582,750
3,908,850

201406110301(201406110301)
3,331,710
7,066,140
15,826,830
3,582,750
3,908,850

201406110302(201406110302)
3,331,710
7,066,140
15,826,830
3,582,750
3,908,850

201406110309(201406110309)
3,331,710
7,066,140
15,826,830
3,582,750
3,908,850

201406110310(201406110310)
3,331,710
7,066,140
15,826,830
3,582,750
3,908,850

201406110311(201406110311)
3,331,710
7,066,140
15,826,830
3,582,750
3,908,850

201406110312(201406110312)
3,331,710
7,066,140
15,826,830
3,582,750
3,908,850

201406110319(201406110319)
3,334,770
7,066,140
15,826,830
3,585,900
3,910,680

201406110320(201406110320)
3,334,770
7,066,140
15,826,830
3,585,900
3,910,680

201406110321(201406110321)
3,334,770
7,066,140
15,826,830
3,585,900
3,910,680

201406110322(201406110322)
3,334,770
7,066,140
15,826,830
3,585,900
3,910,680

201406110329(201406110329)
3,334,770
7,066,140
15,826,830
3,585,900
3,910,680

201406110330(201406110330)
3,334,770
7,066,140
15,826,830
3,585,900
3,910,680

201406110331(201406110331)
3,334,770
7,066,140
15,826,830
3,585,900
3,910,680

201406110332(201406110332)
3,334,770
7,066,140
15,826,830
3,585,900
3,910,680

201406110339(201406110339)
3,335,760
7,066,140
15,826,830
3,591,780
3,911,160

201406110340(201406110340)
3,335,760
7,066,140
15,826,830
3,591,780
3,911,160

201406110341(201406110341)
3,335,760
7,066,140
15,826,830
3,591,780
3,911,160

201406110342(201406110342)
3,335,760
7,066,140
15,826,830
3,591,780
3,911,160

201406110349(201406110349)
3,335,760
7,066,140
15,826,830
3,591,780
3,911,160

201406110350(201406110350)
3,335,760
7,066,140
15,826,830
3,591,780
3,911,160

201406110351(201406110351)
3,335,760
7,066,140
15,826,830
3,591,780
3,911,160

201406110352(201406110352)
3,335,760
7,066,140
15,826,830
3,591,780
3,911,160

201406110359(201406110359)
3,338,790
7,066,830
15,826,830
3,597,630
3,918,330

201406110400(201406110400)
3,338,790
7,066,830
15,826,830
3,597,630
3,918,330

201406110401(201406110401)
3,338,790
7,066,830
15,826,830
3,597,630
3,918,330

201406110402(201406110402)
3,338,790
7,066,830
15,826,830
3,597,630
3,918,330

201406110409(201406110409)
3,338,790
7,066,830
15,826,830
3,597,630
3,918,330

201406110410(201406110410)
3,338,790
7,066,830
15,826,830
3,597,630
3,918,330

201406110411(201406110411)
3,338,790
7,066,830
15,826,830
3,597,630
3,918,330

201406110412(201406110412)
3,338,790
7,066,830
15,826,830
3,597,630
3,918,330

201406110419(201406110419)
3,338,790
7,066,830
15,976,500
3,609,510
3,920,400

201406110420(201406110420)
3,338,790
7,066,830
15,976,500
3,609,510
3,920,400

201406110421(201406110421)
3,338,790
7,066,830
15,976,500
3,609,510
3,920,400

201406110422(201406110422)
3,338,790
7,066,830
15,976,500
3,609,510
3,920,400

201406110429(201406110429)
3,338,790
7,066,830
15,976,500
3,609,510
3,920,400

201406110430(201406110430)
3,338,790
7,066,830
15,976,500
3,609,510
3,920,400

201406110431(201406110431)
3,338,790
7,066,830
15,976,500
3,609,510
3,920,400

201406110432(201406110432)
3,338,790
7,066,830
15,976,500
3,609,510
3,920,400

201406110439(201406110439)
3,344,880
7,073,910
15,976,500
3,627,840
3,930,810

201406110440(201406110440)
3,344,880
7,073,910
15,976,500
3,627,840
3,930,810

201406110441(201406110441)
3,344,880
7,073,910
15,976,500
3,627,840
3,627,840

201406110442(201406110442)
3,344,880
7,073,910
15,976,500
3,627,840
3,627,840

201406110449(201406110449)
3,344,880
7,073,910
15,976,500
3,627,840
3,627,840

201406110450(201406110450)
3,344,880
7,073,910
15,976,500
3,627,840
3,627,840

201406110451(201406110451)
3,344,880
7,073,910
15,976,500
3,627,840
3,627,840

201406110452(201406110452)
3,344,880
7,073,910
15,976,500
3,627,840
3,627,840

201406110459(201406110459)
3,344,880
7,088,760
15,976,500
3,627,840
3,930,810

201406110500(201406110500)
3,344,880
7,088,760
15,976,500
3,627,840
3,930,810

201406110501(201406110501)
3,344,880
7,088,760
15,976,500
3,627,840
3,930,810

201406110502(201406110502)
3,344,880
7,088,760
15,976,500
3,627,840
3,930,810

201406110509(201406110509)
3,344,880
7,088,760
15,976,500
3,627,840
3,930,810

201406110510(201406110510)
3,344,880
7,088,760
15,976,500
3,627,840
3,930,810

201406110511(201406110511)
3,344,880
7,088,760
15,976,500
3,627,840
3,930,810

201406110512(201406110512)
3,344,880
7,088,760
15,976,500
3,627,840
3,930,810

201406110519(201406110519)
3,345,180
7,094,310
15,977,400
3,627,840
3,930,810

201406110520(201406110520)
3,345,180
7,094,310
15,977,400
3,627,840
3,930,810

201406110521(201406110521)
3,345,180
7,094,310
15,977,400
3,627,840
3,930,810

201406110522(201406110522)
3,345,180
7,094,310
15,977,400
3,627,840
3,930,810

201406110529(201406110529)
3,345,180
7,094,310
15,977,400
3,627,840
3,930,810

201406110530(201406110530)
3,345,180
7,094,310
15,977,400
3,627,840
3,930,810

201406110531(201406110531)
3,345,180
7,094,310
15,977,400
3,627,840
3,930,810

201406110532(201406110532)
3,345,180
7,094,310
15,977,400
3,627,840
3,930,810

201406110539(201406110539)
3,345,570
7,094,310
15,977,400
3,629,970
3,932,580

201406110540(201406110540)
3,345,570
7,094,310
15,977,400
3,629,970
3,932,580

201406110541(201406110541)
3,345,570
7,094,310
15,977,400
3,629,970
3,932,580

201406110542(201406110542)
3,345,570
7,094,310
15,977,400
3,629,970
3,932,580

201406110549(201406110549)
3,345,570
7,094,310
15,977,400
3,629,970
3,932,580

201406110550(201406110550)
3,345,570
7,094,310
15,977,400
3,629,970
3,932,580

201406110551(201406110551)
3,345,570
7,094,310
15,977,400
3,629,970
3,932,580

201406110552(201406110552)
3,345,570
7,094,310
15,977,400
3,629,970
3,932,580

201406110559(201406110559)
3,354,000
7,097,220
15,977,400
3,641,460
3,932,670

201406110600(201406110600)
3,354,000
7,097,220
15,977,400
3,641,460
3,932,670

201406110601(201406110601)
3,354,000
7,097,220
15,977,400
3,641,460
3,932,670

201406110602(201406110602)
3,354,000
7,097,220
15,977,400
3,641,460
3,932,670

201406110609(201406110609)
3,354,000
7,097,220
15,977,400
3,641,460
3,932,670

201406110610(201406110610)
3,354,000
7,097,220
15,977,400
3,641,460
3,932,670

201406110611(201406110611)
3,354,000
7,097,220
15,977,400
3,641,460
3,932,670

201406110612(201406110612)
3,354,000
7,097,220
15,977,400
3,641,460
3,932,670

201406110619(201406110619)
3,356,580
7,097,220
15,977,400
3,648,900
3,935,070

201406110620(201406110620)
3,356,580
7,097,220
15,977,400
3,648,900
3,935,070

201406110621(201406110621)
3,356,580
7,097,220
15,977,400
3,648,900
3,935,070

201406110622(201406110622)
3,356,580
7,097,220
15,977,400
3,648,900
3,935,070

201406110629(201406110629)
3,356,580
7,097,220
15,977,400
3,648,900
3,935,070

201406110630(201406110630)
3,356,580
7,097,220
15,977,400
3,648,900
3,935,070

201406110631(201406110631)
3,356,580
7,097,220
15,977,400
3,648,900
3,935,070

201406110632(201406110632)
3,356,580
7,097,220
15,977,400
3,648,900
3,935,070

201406110639(201406110639)
3,370,980
7,097,220
15,977,400
3,652,620
3,946,500

201406110640(201406110640)
3,370,980
7,097,220
15,977,400
3,652,620
3,946,500

201406110641(201406110641)
3,370,980
7,097,220
15,977,400
3,652,620
3,946,500

201406110642(201406110642)
3,370,980
7,097,220
15,977,400
3,652,620
3,946,500

201406110649(201406110649)
3,370,980
7,097,220
15,977,400
3,652,620
3,946,500

201406110650(201406110650)
3,370,980
7,097,220
15,977,400
3,652,620
3,946,500

201406110651(201406110651)
3,370,980
7,097,220
15,977,400
3,652,620
3,946,500

201406110652(201406110652)
3,370,980
7,097,220
15,977,400
3,652,620
3,946,500

201406110659(201406110659)
3,379,140
7,098,240
16,024,230
3,652,830
3,951,960

201406110700(201406110700)
3,379,140
7,098,240
16,024,230
3,652,830
3,951,960

201406110701(201406110701)
3,379,140
7,098,240
16,024,230
3,652,830
3,951,960

201406110702(201406110702)
3,379,140
7,098,240
16,024,230
3,652,830
3,951,960

201406110709(201406110709)
3,379,140
7,098,240
16,024,230
3,652,830
3,951,960

201406110710(201406110710)
3,379,140
7,098,240
16,024,230
3,652,830
3,951,960

201406110711(201406110711)
3,379,140
7,098,240
16,024,230
3,652,830
3,951,960

201406111631(201406111631)
3,525,990
7,394,070
16,736,550
3,843,000
4,191,930

201406111632(201406111632)
3,525,990
7,394,070
16,736,550
3,843,000
4,191,930

201406111639(201406111639)
3,539,700
7,394,070
16,736,550
3,843,000
4,195,320

201406111640(201406111640)
3,539,700
7,394,070
16,736,550
3,843,000
4,195,320

201406111641(201406111641)
3,539,700
7,394,070
16,736,550
3,843,000
4,195,320

201406111642(201406111642)
3,542,610
7,394,070
16,736,550
3,843,000
4,195,320

201406111649(201406111649)
3,545,310
7,394,070
16,757,550
3,850,440
4,195,320

201406111650(201406111650)
3,545,310
7,394,070
16,757,550
3,850,440
4,203,990

201406111651(201406111651)
3,545,310
7,394,070
16,757,550
3,850,440
4,203,990

201406111652(201406111652)
3,545,310
7,394,070
16,757,550
3,850,440
4,203,990

201406111659(201406111659)
3,545,310
7,394,070
16,757,550
3,850,440
4,205,280

201406111700(201406111700)
3,545,310
7,394,070
16,757,550
3,850,440
4,205,280

201406111701(201406111701)
3,545,310
7,394,070
16,757,550
3,850,440
4,205,280

201406111702(201406111702)
3,545,310
7,394,070
16,757,550
3,850,440
4,205,280

201406111709(201406111709)
3,553,560
7,411,230
16,757,550
3,851,340
4,213,680

201406111710(201406111710)
3,553,560
7,411,230
16,757,550
3,860,400
4,213,680

201406111711(201406111711)
3,556,590
7,411,230
16,757,550
3,860,400
4,219,860

201406111712(201406111712)
3,556,590
7,411,230
16,757,550
3,864,300
4,227,000

201406111719(201406111719)
3,578,550
7,418,190
16,757,550
3,869,820
4,246,380

201406111720(201406111720)
3,579,660
7,418,190
16,757,550
3,872,100
4,246,380

201406111721(201406111721)
3,579,660
7,418,190
16,757,550
3,872,100
4,246,380

201406111722(201406111722)
3,579,660
7,418,190
16,757,550
3,872,610
4,246,380

201406111729(201406111729)
3,587,280
7,436,880
16,787,640
3,882,570
4,248,330

201406111730(201406111730)
3,587,280
7,436,880
16,787,640
3,882,570
4,248,330

201406111731(201406111731)
3,587,280
7,448,130
16,787,640
3,882,570
4,248,330

201406111732(201406111732)
3,587,280
7,458,300
16,787,640
3,882,570
4,248,330

201406111739(201406111739)
3,587,280
7,459,260
16,819,770
3,896,670
4,268,010

201406111740(201406111740)
3,587,280
7,460,100
16,819,770
3,896,670
4,268,010

201406111741(201406111741)
3,587,280
7,470,060
16,819,770
3,896,670
4,268,010

201406111742(201406111742)
3,587,280
7,471,350
16,819,770
3,899,070
4,268,010

201406111749(201406111749)
3,588,180
7,492,470
16,929,780
3,899,070
4,275,300

201406111750(201406111750)
3,588,180
7,492,470
16,929,780
3,899,070
4,275,300

201406111751(201406111751)
3,588,840
7,494,030
16,929,780
3,899,070
4,275,300

201406111752(201406111752)
3,588,840
7,494,300
16,929,780
3,899,070
4,275,300

201406111759(201406111759)
3,588,840
7,494,300
16,929,780
3,899,070
4,275,300

201406111800(201406111800)
3,588,840
7,494,300
16,929,780
3,899,070
4,275,300

201406111801(201406111801)
3,588,840
7,494,300
16,929,780
3,899,070
4,281,060

201406111802(201406111802)
3,588,840
7,494,300
16,929,780
3,899,070
4,281,060

201406111809(201406111809)
3,589,200
7,494,300
16,999,200
3,912,360
4,298,850

201406111810(201406111810)
3,589,200
7,494,300
16,999,200
3,914,580
4,298,850

201406111811(201406111811)
3,589,200
7,494,300
16,999,200
3,914,580
4,298,850

201406111812(201406111812)
3,589,200
7,497,360
16,999,200
3,914,580
4,304,850

201406111819(201406111819)
3,606,000
7,512,990
17,047,590
3,916,770
4,317,840

201406111820(201406111820)
3,609,210
7,512,990
17,047,590
3,917,580
4,317,840

201406111821(201406111821)
3,609,210
7,512,990
17,047,590
3,917,580
4,317,840

201406111822(201406111822)
3,609,210
7,512,990
17,047,590
3,917,580
4,319,490

201406111829(201406111829)
3,610,290
7,541,550
17,072,280
3,920,400
4,319,490

201406111830(201406111830)
3,612,870
7,541,550
17,072,280
3,920,400
4,319,490

201406111831(201406111831)
3,612,870
7,541,550
17,072,280
3,922,890
4,319,490

201406111832(201406111832)
3,612,870
7,552,020
17,072,280
3,922,890
4,323,090

201406111839(201406111839)
3,620,970
7,578,300
17,072,280
3,922,890
4,323,090

201406111840(201406111840)
3,622,950
7,578,300
17,072,280
3,922,890
4,323,090

201406111841(201406111841)
3,627,870
7,578,300
17,072,280
3,922,890
4,323,090

201406111842(201406111842)
3,629,100
7,578,300
17,072,280
3,922,890
4,323,090

201406111849(201406111849)
3,641,820
7,609,950
17,072,280
3,932,670
4,331,010

201406111850(201406111850)
3,641,820
7,609,950
17,072,280
3,932,670
4,331,010

201406111851(201406111851)
3,651,720
7,610,010
17,099,670
3,932,880
4,331,010

201406111852(201406111852)
3,651,720
7,610,010
17,099,670
3,932,880
4,331,010

201406111859(201406111859)
3,651,720
7,656,450
17,099,670
3,932,880
4,351,080

201406111900(201406111900)
3,651,720
7,656,450
17,099,670
3,932,880
4,352,820

201406111901(201406111901)
3,651,720
7,656,450
17,099,670
3,932,880
4,352,820

201406111902(201406111902)
3,651,720
7,656,450
17,099,670
3,932,880
4,352,820

201406111909(201406111909)
3,655,830
7,666,350
17,099,670
3,940,530
4,352,820

201406111910(201406111910)
3,655,830
7,666,350
17,099,670
3,940,530
4,358,610

201406111911(201406111911)
3,655,830
7,666,350
17,099,670
3,940,530
4,374,870

201406111912(201406111912)
3,655,830
7,666,350
17,099,670
3,944,910
4,374,870

201406111919(201406111919)
3,658,170
7,666,350
17,101,200
3,944,910
4,381,020

201406111920(201406111920)
3,658,170
7,666,350
17,101,200
3,949,500
4,381,020

201406111921(201406111921)
3,658,680
7,666,350
17,101,200
3,949,500
4,381,020

201406111922(201406111922)
3,658,680
7,666,350
17,101,200
3,951,930
4,381,020

201406111929(201406111929)
3,665,550
7,743,030
17,101,200
3,961,140
4,396,770

201406111930(201406111930)
3,665,550
7,743,030
17,101,200
3,961,140
4,396,770

201406111931(201406111931)
3,665,550
7,743,030
17,101,200
3,961,140
4,396,770

201406111932(201406111932)
3,666,810
7,745,700
17,101,200
3,961,140
4,396,770

201406111939(201406111939)
3,666,810
7,761,360
17,296,260
3,971,580
4,402,290

201406111940(201406111940)
3,666,810
7,769,100
17,296,260
3,971,580
4,402,290

201406111941(201406111941)
3,666,810
7,779,720
17,296,260
3,979,260
4,402,290

201406111942(201406111942)
3,666,810
7,779,720
17,296,260
3,979,260
4,402,290

201406111949(201406111949)
3,666,810
7,805,160
17,442,780
3,979,260
4,407,900

201406111950(201406111950)
3,666,810
7,808,040
17,442,780
3,979,260
4,407,900

201406111951(201406111951)
3,668,190
7,816,710
17,442,780
3,979,260
4,417,170

201406111952(201406111952)
3,668,190
7,820,100
17,442,780
3,979,260
4,417,170

201406111959(201406111959)
3,677,820
7,820,100
17,442,780
3,981,750
4,430,130

201406112000(201406112000)
3,677,820
7,820,100
17,442,780
3,981,840
4,430,130

201406112001(201406112001)
3,681,990
7,820,100
17,442,780
3,981,840
4,430,130

201406112002(201406112002)
3,681,990
7,820,100
17,442,780
3,981,840
4,430,130

201406112009(201406112009)
3,690,210
7,836,840
17,442,780
3,987,300
4,443,810

201406112010(201406112010)
3,692,160
7,836,840
17,442,780
3,987,480
4,443,810

201406112011(201406112011)
3,692,160
7,873,440
17,442,780
3,997,590
4,447,650

201406112012(201406112012)
3,692,160
7,882,380
17,442,780
4,000,800
4,447,650

201406112019(201406112019)
3,711,360
7,885,560
17,487,180
4,012,590
4,458,180

201406112020(201406112020)
3,715,500
7,885,560
17,551,680
4,012,590
4,458,180

201406112021(201406112021)
3,715,500
7,885,560
17,551,680
4,026,720
4,470,660

201406112022(201406112022)
3,715,500
7,885,560
17,551,680
4,026,720
4,470,660

201406112029(201406112029)
3,717,540
7,890,450
17,575,380
4,028,550
4,471,260

201406112030(201406112030)
3,717,540
7,890,450
17,578,680
4,028,550
4,471,260

201406112031(201406112031)
3,717,540
7,890,450
17,578,680
4,028,550
4,471,260

201406112032(201406112032)
3,717,540
7,890,450
17,617,080
4,028,550
4,471,260

201406112039(201406112039)
3,721,890
7,900,590
17,694,060
4,049,670
4,479,990

201406112040(201406112040)
3,721,890
7,905,210
17,694,060
4,050,120
4,479,990

201406112041(201406112041)
3,721,890
7,905,210
17,694,060
4,050,120
4,479,990

201406112042(201406112042)
3,723,780
7,905,210
17,694,060
4,050,120
4,484,610

201406112049(201406112049)
3,726,090
7,920,450
17,694,060
4,057,950
4,495,320

201406112050(201406112050)
3,726,090
7,920,450
17,694,060
4,058,520
4,495,920

201406112051(201406112051)
3,726,090
7,924,950
17,694,060
4,058,520
4,496,400

201406112052(201406112052)
3,726,090
7,924,950
17,694,060
4,058,520
4,496,400

201406112059(201406112059)
3,726,090
7,947,360
17,694,060
4,060,080
4,507,230

201406112100(201406112100)
3,726,090
7,947,360
17,694,060
4,060,080
4,507,230

201406112101(201406112101)
3,726,090
7,947,360
17,694,060
4,060,080
4,507,230

201406112102(201406112102)
3,726,090
7,954,740
17,694,060
4,061,880
4,507,230

201406112109(201406112109)
3,730,620
7,962,120
17,694,060
4,081,920
4,530,150

201406112110(201406112110)
3,730,650
7,967,580
17,694,060
4,099,740
4,530,150

201406112111(201406112111)
3,731,610
7,970,040
17,694,060
4,099,740
4,538,310

201406112112(201406112112)
3,731,610
7,970,040
17,694,060
4,105,350
4,544,940

201406112119(201406112119)
3,732,030
7,998,000
17,759,160
4,114,380
4,568,730

201406112120(201406112120)
3,732,030
7,998,000
17,759,160
4,114,380
4,568,730

201406112121(201406112121)
3,733,380
7,998,000
17,759,160
4,114,380
4,573,620

201406112122(201406112122)
3,733,380
7,998,000
17,759,160
4,114,380
4,573,620

201406112129(201406112129)
3,770,130
8,011,230
17,759,160
4,128,090
4,573,620

201406112130(201406112130)
3,770,130
8,011,230
17,759,160
4,135,260
4,576,470

201406112131(201406112131)
3,770,130
8,011,230
17,759,160
4,135,260
4,576,470

201406112132(201406112132)
3,770,130
8,020,770
17,759,160
4,135,260
4,587,330

201406112139(201406112139)
3,780,480
8,030,160
17,811,480
4,141,260
4,587,330

201406112140(201406112140)
3,780,480
8,030,160
17,811,480
4,147,410
4,591,830

201406112141(201406112141)
3,780,480
8,030,160
17,811,480
4,147,410
4,591,830

201406112142(201406112142)
3,780,480
8,030,160
17,811,480
4,147,410
4,592,010

201406112149(201406112149)
3,780,570
8,071,590
17,811,480
4,151,820
4,620,960

201406112150(201406112150)
3,780,780
8,093,370
17,811,480
4,151,820
4,620,960

201406112151(201406112151)
3,780,780
8,093,370
17,882,400
4,151,820
4,620,960

201406112152(201406112152)
3,780,780
8,108,460
17,882,400
4,151,820
4,620,960

