201406091809(201406091809)
2,539,020
5,074,410
12,874,890
2,716,050
2,972,250

201406091810(201406091810)
2,539,020
5,074,410
12,874,890
2,716,050
2,973,270

201406091811(201406091811)
2,539,020
5,074,410
12,874,890
2,716,050
2,973,270

201406091812(201406091812)
2,539,020
5,074,410
12,874,890
2,717,340
2,973,270

201406091819(201406091819)
2,539,020
5,087,850
12,874,890
2,722,440
2,974,740

201406091820(201406091820)
2,539,020
5,087,850
12,874,890
2,723,250
2,974,740

201406091821(201406091821)
2,539,020
5,087,850
12,874,890
2,723,250
2,975,160

201406091822(201406091822)
2,539,020
5,087,850
12,874,890
2,723,250
2,975,160

201406091829(201406091829)
2,539,770
5,087,910
12,874,890
2,726,820
2,976,720

201406091830(201406091830)
2,539,770
5,097,690
12,874,890
2,726,820
2,980,620

201406091831(201406091831)
2,539,860
5,097,690
12,874,890
2,727,120
2,981,190

201406091832(201406091832)
2,539,860
5,097,690
12,874,890
2,727,120
2,981,190

201406091839(201406091839)
2,542,290
5,112,930
12,874,890
2,727,120
2,981,190

201406091840(201406091840)
2,542,290
5,121,690
12,874,890
2,727,120
2,981,190

201406091841(201406091841)
2,543,310
5,121,690
12,874,890
2,727,120
2,981,190

201406091842(201406091842)
2,543,850
5,121,690
12,874,890
2,730,390
2,981,190

201406091849(201406091849)
2,544,180
5,127,390
12,874,890
2,730,390
2,999,670

201406091850(201406091850)
2,544,180
5,127,390
12,874,890
2,732,310
2,999,670

201406091851(201406091851)
2,546,160
5,127,390
12,874,890
2,733,000
2,999,670

201406091852(201406091852)
2,546,160
5,135,370
12,874,890
2,740,350
2,999,670

201406091859(201406091859)
2,547,270
5,137,050
12,874,890
2,746,980
--

201406091900(201406091900)
2,547,300
5,144,490
12,874,890
2,746,980
--

201406091901(201406091901)
2,547,900
5,147,340
12,874,890
2,749,710
--

201406091902(201406091902)
2,547,900
5,147,340
12,874,890
2,749,710
--

201406091909(201406091909)
2,548,260
5,147,340
12,874,890
2,754,990
--

201406091910(201406091910)
2,548,260
5,147,340
12,874,890
2,754,990
--

201406091911(201406091911)
2,548,260
5,147,340
12,874,890
2,754,990
--

201406091912(201406091912)
2,549,040
5,147,340
12,874,890
2,754,990
--

201406091919(201406091919)
2,553,480
5,149,920
12,874,890
2,756,760
--

201406091920(201406091920)
2,553,480
5,149,920
12,874,890
2,756,760
--

201406091921(201406091921)
2,553,480
5,161,020
12,874,890
2,756,760
--

201406091922(201406091922)
2,553,480
5,167,980
12,887,190
2,756,760
--

201406091929(201406091929)
2,556,780
5,184,750
12,887,190
2,756,760
--

201406091930(201406091930)
2,556,780
5,184,750
12,887,190
2,756,760
--

201406091931(201406091931)
2,559,810
5,184,750
12,887,190
2,759,610
--

201406091932(201406091932)
2,559,810
5,184,750
12,887,190
2,774,640
--

201406091939(201406091939)
2,565,900
5,273,850
12,887,190
2,781,900
--

201406091940(201406091940)
2,565,900
5,273,850
12,887,190
2,782,890
--

201406091941(201406091941)
2,565,900
5,278,620
12,887,190
2,782,890
--

201406091942(201406091942)
2,567,430
5,285,340
12,887,190
2,783,640
--

201406091949(201406091949)
2,568,540
5,288,460
12,887,190
2,783,640
--

201406091950(201406091950)
2,568,840
5,289,120
12,896,190
2,783,640
--

201406091951(201406091951)
2,568,840
5,289,120
12,896,190
2,783,640
--

201406091952(201406091952)
2,570,490
5,289,120
12,896,190
2,783,640
--

201406091959(201406091959)
2,570,490
5,292,810
12,896,190
2,784,120
--

201406092000(201406092000)
2,570,490
5,292,810
12,896,190
2,784,120
--

201406092001(201406092001)
2,573,310
5,292,810
12,896,190
2,784,120
--

201406092002(201406092002)
2,575,950
5,292,810
12,969,270
2,784,120
--

201406092009(201406092009)
2,579,760
5,292,810
12,969,270
2,791,830
--

201406092010(201406092010)
2,579,760
5,292,810
12,969,270
2,791,830
--

201406092011(201406092011)
2,579,790
5,292,810
12,969,270
2,791,830
--

201406092012(201406092012)
2,579,790
5,294,130
12,969,270
2,794,920
--

201406092019(201406092019)
2,579,790
5,303,280
12,969,270
2,794,920
--

201406092020(201406092020)
2,581,440
5,311,770
12,969,270
2,794,920
--

201406092021(201406092021)
2,581,950
5,315,760
12,969,270
2,794,920
--

201406092022(201406092022)
2,581,950
5,315,760
12,969,270
2,796,840
--

201406092029(201406092029)
2,591,010
5,315,760
12,969,270
2,801,130
--

201406092030(201406092030)
2,591,010
5,315,760
12,969,270
2,805,450
--

201406092031(201406092031)
2,591,010
5,315,760
12,969,270
2,805,450
--

201406092032(201406092032)
2,592,990
5,315,760
12,969,270
2,805,450
--

201406092039(201406092039)
2,598,810
5,316,390
13,002,150
2,814,240
--

201406092040(201406092040)
2,601,690
5,316,390
13,002,150
2,814,240
--

201406092041(201406092041)
2,601,690
5,316,390
13,002,150
2,814,240
--

201406092042(201406092042)
2,601,690
5,316,390
13,002,150
2,814,240
--

201406092049(201406092049)
2,607,390
5,318,790
13,002,150
2,815,170
--

201406092050(201406092050)
2,609,250
5,327,670
13,002,150
2,815,170
--

201406092051(201406092051)
2,609,340
5,330,550
13,002,150
2,815,170
--

201406092052(201406092052)
2,609,340
5,332,950
13,002,150
2,815,170
--

201406092059(201406092059)
2,610,150
5,370,630
13,002,150
2,816,730
--

201406092100(201406092100)
2,611,590
5,370,630
13,002,150
2,816,730
--

201406092101(201406092101)
2,617,800
5,370,630
13,002,150
2,817,810
--

201406092102(201406092102)
2,617,800
5,370,630
13,002,150
2,817,810
--

201406092109(201406092109)
2,618,610
5,378,250
13,002,150
2,819,940
--

201406092110(201406092110)
2,618,610
5,378,250
13,002,150
2,820,210
--

201406092111(201406092111)
2,618,610
5,378,250
13,002,150
2,820,210
--

201406092112(201406092112)
2,623,800
5,378,250
13,002,150
2,820,210
--

201406092119(201406092119)
2,626,350
5,384,430
13,114,650
2,839,890
--

201406092120(201406092120)
2,627,820
5,384,430
13,114,650
2,839,890
--

201406092121(201406092121)
2,628,090
5,390,370
13,114,650
2,840,220
--

201406092122(201406092122)
2,628,090
5,390,370
13,114,650
2,840,220
--

201406092129(201406092129)
2,630,010
5,390,370
13,114,650
2,840,220
--

201406092130(201406092130)
2,634,930
5,390,370
13,114,650
2,840,220
--

201406092131(201406092131)
2,634,930
5,390,370
13,114,650
2,840,910
--

201406092132(201406092132)
2,634,960
5,396,370
13,114,650
2,841,750
--

201406092139(201406092139)
2,634,960
5,416,830
13,114,650
2,846,340
--

201406092140(201406092140)
2,646,570
5,416,830
13,114,650
2,846,340
--

201406092141(201406092141)
2,646,570
5,416,830
13,172,250
2,846,340
--

201406092142(201406092142)
2,646,570
5,416,830
13,173,150
2,846,340
--

201406092149(201406092149)
2,648,730
5,432,250
13,173,150
2,848,920
--

201406092150(201406092150)
2,649,330
5,432,250
13,173,150
2,848,920
--

201406092151(201406092151)
2,649,330
5,432,250
13,173,150
2,852,190
--

201406092152(201406092152)
2,649,330
5,432,250
13,173,150
2,852,190
--

201406092159(201406092159)
2,651,280
5,432,250
13,173,150
2,854,620
--

201406092200(201406092200)
2,651,280
5,432,250
13,173,150
2,854,620
--

201406092201(201406092201)
2,651,280
5,432,250
13,173,150
2,856,360
--

201406092202(201406092202)
2,651,280
5,432,250
13,173,150
2,856,360
--

201406092209(201406092209)
2,651,520
5,476,380
13,301,280
2,858,970
--

201406092210(201406092210)
2,651,520
5,476,380
13,352,550
2,858,970
--

201406092211(201406092211)
2,651,520
5,481,150
13,355,850
2,858,970
--

201406092212(201406092212)
2,651,520
5,481,150
13,355,850
2,858,970
--

201406092219(201406092219)
2,654,460
5,518,380
13,435,230
2,858,970
--

201406092220(201406092220)
2,654,460
5,518,380
13,435,230
2,862,720
--

201406092221(201406092221)
2,654,460
5,518,380
13,435,230
2,862,720
--

201406092222(201406092222)
2,654,460
5,518,380
13,435,230
2,862,720
--

201406092229(201406092229)
2,662,860
5,519,220
13,455,870
2,870,700
--

201406092230(201406092230)
2,662,860
5,526,840
13,455,870
2,870,700
--

201406092231(201406092231)
2,663,610
5,526,840
13,455,870
2,870,700
--

201406092232(201406092232)
2,663,610
5,526,840
13,455,870
2,871,930
--

201406092239(201406092239)
2,665,320
5,528,640
13,455,870
2,872,950
--

201406092240(201406092240)
2,667,090
5,536,380
13,455,870
2,873,370
--

201406092241(201406092241)
2,667,390
5,536,380
13,455,870
2,873,370
--

201406092242(201406092242)
2,667,390
5,536,380
13,455,870
2,873,370
--

201406092249(201406092249)
2,681,940
5,536,380
13,455,870
2,887,590
--

201406092250(201406092250)
2,681,940
5,536,380
13,455,870
2,887,590
--

201406092251(201406092251)
2,681,940
5,536,380
13,455,870
2,887,590
--

201406092252(201406092252)
2,681,940
5,536,380
13,455,870
2,887,590
--

201406092259(201406092259)
2,688,360
5,541,060
13,520,970
2,888,730
--

201406092300(201406092300)
2,691,150
5,541,060
13,520,970
2,888,730
--

201406092301(201406092301)
2,695,560
5,541,060
13,520,970
2,893,380
--

201406092302(201406092302)
2,696,730
5,541,060
13,520,970
2,900,040
--

201406092309(201406092309)
2,711,250
5,552,520
13,609,920
2,909,670
--

201406092310(201406092310)
2,714,280
5,552,520
13,609,920
2,909,670
--

201406092311(201406092311)
2,714,280
5,552,520
13,609,920
2,909,670
--

201406092312(201406092312)
2,714,280
5,552,520
13,609,920
2,909,790
--

201406092319(201406092319)
2,715,060
5,554,890
13,609,920
2,922,750
--

201406092320(201406092320)
2,715,300
5,554,890
13,609,920
2,926,980
--

201406092321(201406092321)
2,722,740
5,554,890
13,609,920
2,926,980
--

201406092322(201406092322)
2,722,740
5,554,890
13,609,920
2,926,980
--

201406092329(201406092329)
2,729,790
5,559,510
13,727,430
2,943,960
--

201406092330(201406092330)
2,730,390
5,559,510
13,727,430
2,943,960
--

201406092331(201406092331)
2,730,660
5,560,860
13,727,430
2,944,830
--

201406092332(201406092332)
2,730,660
5,570,040
13,727,430
2,944,830
--

201406092339(201406092339)
2,749,500
5,580,960
13,727,430
2,947,590
--

201406092340(201406092340)
2,749,500
5,580,960
13,727,430
2,954,460
--

201406092341(201406092341)
2,749,500
5,596,890
13,727,430
2,960,490
--

201406092342(201406092342)
2,753,580
5,596,890
13,727,430
2,960,490
--

201406092349(201406092349)
2,759,610
5,596,890
13,734,360
2,967,660
--

201406092350(201406092350)
2,759,610
5,596,890
13,734,360
2,972,490
--

201406092351(201406092351)
2,759,610
5,596,890
13,734,360
2,972,490
--

201406092352(201406092352)
2,759,760
5,596,890
13,734,360
2,972,490
--

201406092359(201406092359)
2,766,390
5,627,520
13,754,310
2,979,870
--

201406100000(201406100000)
2,767,980
5,636,040
13,754,310
2,979,870
--

201406100001(201406100001)
2,767,980
5,636,040
13,754,310
2,979,870
--

201406100002(201406100002)
2,768,790
5,636,040
13,754,310
2,980,110
--

201406100009(201406100009)
2,774,640
5,636,040
13,754,310
2,991,840
--

201406100010(201406100010)
2,774,640
5,636,040
13,754,310
2,991,840
--

201406100011(201406100011)
2,774,640
5,636,040
13,754,310
2,991,840
--

201406100012(201406100012)
2,777,850
5,636,040
13,754,310
2,991,840
--

201406100019(201406100019)
2,782,290
5,636,040
13,754,310
2,994,360
--

201406100020(201406100020)
2,782,290
5,636,040
13,754,310
3,003,600
--

201406100021(201406100021)
2,782,290
5,636,040
13,754,310
3,008,940
--

201406100022(201406100022)
2,782,290
5,636,040
13,754,310
3,008,940
--

201406100029(201406100029)
2,788,800
5,639,430
13,754,310
3,017,010
--

201406100030(201406100030)
2,788,800
5,639,430
13,754,310
3,020,040
--

201406100031(201406100031)
2,788,800
5,639,430
13,754,310
3,020,220
--

201406100032(201406100032)
2,788,800
5,639,430
13,754,310
3,020,220
--

201406100039(201406100039)
2,788,800
5,651,280
13,754,310
3,027,330
--

201406100040(201406100040)
2,788,800
5,651,280
13,754,310
3,027,330
--

201406100041(201406100041)
2,788,800
5,651,280
13,754,310
3,027,330
--

201406100042(201406100042)
2,788,830
5,651,280
13,754,310
3,027,330
--

201406100049(201406100049)
2,789,760
5,651,280
13,754,310
3,027,540
--

201406100050(201406100050)
2,789,760
5,671,500
13,754,310
3,027,540
--

201406100051(201406100051)
2,789,760
5,671,500
13,754,310
3,027,540
--

201406100052(201406100052)
2,789,760
5,671,500
13,754,310
3,027,540
--

201406100059(201406100059)
2,794,050
5,678,700
13,754,310
3,027,540
--

201406100100(201406100100)
2,798,220
5,678,700
13,754,310
3,027,540
--

201406100101(201406100101)
2,798,220
5,678,700
13,754,310
3,027,540
--

201406100102(201406100102)
2,798,220
5,678,700
13,754,310
3,027,540
--

201406100109(201406100109)
2,799,810
5,684,340
13,754,310
3,029,640
--

201406100110(201406100110)
2,799,810
5,688,030
13,754,310
3,029,640
--

201406100111(201406100111)
2,799,810
5,688,030
13,754,310
3,029,910
--

201406100112(201406100112)
2,801,610
5,697,090
13,754,310
3,029,910
--

201406100119(201406100119)
2,801,880
5,709,060
13,754,310
3,030,330
--

201406100120(201406100120)
2,801,880
5,709,060
13,754,310
3,030,330
--

201406100121(201406100121)
2,801,880
5,709,060
13,754,310
3,030,330
--

201406100122(201406100122)
2,801,880
5,724,720
13,754,310
3,030,330
--

201406100129(201406100129)
2,802,990
5,724,720
13,754,310
3,031,050
--

201406100130(201406100130)
2,803,950
5,728,140
13,754,310
3,031,620
--

201406100131(201406100131)
2,803,950
5,728,140
13,754,310
3,031,620
--

201406100132(201406100132)
2,803,950
5,728,140
13,793,880
3,038,220
--

201406100139(201406100139)
2,805,360
5,728,860
13,793,880
3,038,220
--

201406100140(201406100140)
2,805,360
5,728,860
13,793,880
3,038,220
--

201406100141(201406100141)
2,805,360
5,730,570
13,793,880
3,038,220
--

201406100142(201406100142)
2,809,110
5,730,570
13,793,880
3,038,220
--

201406100149(201406100149)
2,813,310
5,731,530
13,793,880
3,041,730
--

201406100150(201406100150)
2,813,310
5,731,530
13,793,880
3,041,730
--

201406100151(201406100151)
2,813,310
5,731,530
13,793,880
3,042,240
--

201406100152(201406100152)
2,816,340
5,731,530
13,793,880
3,042,240
--

201406100159(201406100159)
2,819,940
5,731,530
13,814,820
3,049,110
--

201406100200(201406100200)
2,819,940
5,731,530
13,814,820
3,049,110
--

201406100201(201406100201)
2,819,940
5,771,160
13,814,820
3,049,110
--

201406100202(201406100202)
2,819,940
5,771,160
13,814,820
3,049,110
--

201406100209(201406100209)
2,819,940
5,786,040
13,824,750
3,049,110
3,049,110

201406100210(201406100210)
2,819,940
5,786,040
13,824,750
3,049,110
3,049,110

201406100211(201406100211)
2,819,940
5,786,040
13,824,750
3,049,110
3,049,110

201406100212(201406100212)
2,819,940
5,786,040
13,824,750
3,050,160
3,050,160

201406100219(201406100219)
2,820,780
5,786,040
13,824,750
3,054,840
--

201406100220(201406100220)
2,820,780
5,786,040
13,824,750
3,061,140
--

201406100221(201406100221)
2,820,780
5,786,040
13,883,340
3,061,380
--

201406100222(201406100222)
2,820,780
5,786,040
13,970,340
3,061,380
--

201406100229(201406100229)
2,820,810
5,786,040
14,072,520
3,061,380
--

201406100230(201406100230)
2,820,810
5,786,040
14,072,520
3,061,380
--

201406100231(201406100231)
2,820,810
5,786,040
14,072,520
3,061,380
--

201406100232(201406100232)
2,820,810
5,786,040
14,072,520
3,061,380
--

201406100239(201406100239)
2,834,610
5,805,030
14,072,520
3,062,340
--

201406100240(201406100240)
2,834,610
5,805,030
14,072,520
3,062,340
--

201406100241(201406100241)
2,836,200
5,805,030
14,072,520
3,062,340
--

201406100242(201406100242)
2,836,200
5,805,030
14,072,520
3,062,340
--

201406100249(201406100249)
2,841,750
5,810,610
14,072,520
3,071,280
--

201406100250(201406100250)
2,841,750
5,810,610
14,072,520
3,071,280
--

201406100251(201406100251)
2,841,750
5,810,610
14,072,520
3,071,280
--

201406100252(201406100252)
2,841,750
5,810,610
14,072,520
3,071,280
--

201406100259(201406100259)
2,841,750
5,819,370
14,072,520
3,072,780
--

201406100300(201406100300)
2,841,750
5,819,370
14,072,520
3,072,780
--

201406100301(201406100301)
2,841,750
5,819,370
14,072,520
3,072,780
--

201406100302(201406100302)
2,841,750
5,819,370
14,072,520
3,072,780
--

201406100309(201406100309)
2,841,750
5,819,370
14,072,520
3,072,780
--

201406100310(201406100310)
2,841,750
5,819,370
14,072,520
3,072,780
--

201406100311(201406100311)
2,841,750
5,819,370
14,072,520
3,072,780
--

201406100312(201406100312)
2,841,750
5,819,370
14,072,520
3,072,780
--

201406100319(201406100319)
2,843,610
5,819,370
14,072,520
3,072,780
--

201406100320(201406100320)
2,843,610
5,819,370
14,072,520
3,072,780
--

201406100321(201406100321)
2,843,610
5,819,370
14,072,520
3,072,780
--

201406100322(201406100322)
2,846,340
5,819,370
14,072,520
3,072,780
--

201406100329(201406100329)
2,847,780
5,819,370
14,072,520
3,078,690
--

201406100330(201406100330)
2,847,780
5,819,370
14,072,520
3,078,690
--

201406100331(201406100331)
2,847,780
5,819,370
14,072,520
3,078,690
--

201406100332(201406100332)
2,847,780
5,819,370
14,072,520
3,078,690
--

201406100339(201406100339)
2,847,780
5,821,950
14,072,520
3,079,440
--

201406100340(201406100340)
2,847,780
5,821,950
14,072,520
3,079,440
--

201406100341(201406100341)
2,847,780
5,821,950
14,072,520
3,079,440
--

201406100342(201406100342)
2,847,780
5,821,950
14,072,520
3,079,440
--

201406100349(201406100349)
2,854,620
5,821,950
14,072,520
3,080,610
--

201406100350(201406100350)
2,854,620
5,821,950
14,072,520
3,080,610
--

201406100351(201406100351)
2,854,620
5,821,950
14,072,520
3,080,610
--

201406100352(201406100352)
2,854,620
5,821,950
14,072,520
3,080,610
--

201406100359(201406100359)
2,856,360
5,822,520
14,072,520
3,080,610
--

201406100400(201406100400)
2,856,360
5,837,610
14,072,520
3,080,610
--

201406100401(201406100401)
2,856,360
5,842,020
14,072,520
3,080,610
--

201406100402(201406100402)
2,856,360
5,842,020
14,072,520
3,080,610
--

201406100409(201406100409)
2,856,360
5,842,020
14,072,520
3,083,070
--

201406100410(201406100410)
2,856,360
5,842,020
14,072,520
3,083,070
--

201406100411(201406100411)
2,856,360
5,842,020
14,072,520
3,083,070
--

201406100412(201406100412)
2,856,360
5,842,020
14,072,520
3,083,070
--

201406100419(201406100419)
2,862,420
5,842,020
14,072,520
3,084,750
--

201406100420(201406100420)
2,862,420
5,842,020
14,072,520
3,084,750
--

201406100421(201406100421)
2,862,420
5,842,020
14,072,520
3,084,750
--

201406100422(201406100422)
2,862,420
5,842,020
14,072,520
3,084,750
--

201406100429(201406100429)
2,862,420
5,842,020
14,072,520
3,084,750
--

201406100430(201406100430)
2,862,420
5,842,020
14,072,520
3,084,750
--

201406100431(201406100431)
2,862,420
5,842,020
14,072,520
3,084,750
--

201406100432(201406100432)
2,862,420
5,845,860
14,072,520
3,084,750
--

201406100439(201406100439)
2,862,420
5,845,860
14,072,520
3,084,750
--

201406100440(201406100440)
2,862,420
5,845,860
14,072,520
3,084,750
--

201406100441(201406100441)
2,862,420
5,845,860
14,072,520
3,084,750
--

201406100442(201406100442)
2,862,420
5,845,860
14,072,520
3,084,750
--

201406100449(201406100449)
2,862,420
5,845,860
14,072,520
3,084,750
--

201406100450(201406100450)
2,862,420
5,845,860
14,072,520
3,084,750
--

201406100451(201406100451)
2,862,420
5,845,860
14,072,520
3,084,750
--

201406100452(201406100452)
2,862,720
5,846,340
14,072,520
3,084,750
--

201406100459(201406100459)
2,863,620
5,862,780
14,072,520
3,091,500
--

201406100500(201406100500)
2,863,620
5,862,780
14,072,520
3,091,500
--

201406100501(201406100501)
2,865,120
5,862,780
14,072,520
3,091,500
--

201406100502(201406100502)
2,865,120
5,862,780
14,072,520
3,091,500
--

201406100509(201406100509)
2,865,120
5,862,780
14,072,520
3,092,280
--

201406100510(201406100510)
2,865,120
5,862,780
14,072,520
3,092,280
--

201406100511(201406100511)
2,865,120
5,862,780
14,072,520
3,092,280
--

201406100512(201406100512)
2,865,120
5,862,780
14,072,520
3,092,280
--

201406100519(201406100519)
2,867,010
5,862,780
14,072,520
3,092,280
--

201406100520(201406100520)
2,867,010
5,862,780
14,072,520
3,092,280
--

201406100521(201406100521)
2,867,010
5,862,780
14,072,520
3,092,280
--

201406100522(201406100522)
2,867,010
5,862,780
14,072,520
3,092,280
--

201406100529(201406100529)
2,867,010
5,862,780
14,072,520
3,092,280
--

201406100530(201406100530)
2,867,010
5,862,780
14,072,520
3,092,280
--

201406100531(201406100531)
2,867,010
5,862,780
14,072,520
3,092,280
--

201406100532(201406100532)
2,867,010
5,862,780
14,072,520
3,092,280
--

201406100539(201406100539)
2,871,300
5,880,600
14,072,520
3,092,280
--

201406100540(201406100540)
2,872,590
5,880,600
14,072,520
3,092,280
--

201406100541(201406100541)
2,872,590
5,880,600
14,072,520
3,092,280
--

201406100542(201406100542)
2,872,590
5,880,600
14,072,520
3,092,280
--

201406100549(201406100549)
2,873,700
5,883,720
14,072,520
3,093,780
--

201406100550(201406100550)
2,873,700
5,883,720
14,072,520
3,093,780
--

201406100551(201406100551)
2,873,700
5,883,720
14,072,520
3,093,780
--

201406100552(201406100552)
2,873,700
5,883,720
14,072,520
3,094,200
--

201406100559(201406100559)
2,873,700
5,883,720
14,072,520
3,094,200
--
2,874,840
5,891,640
14,072,520
3,094,380
--

201406100600(201406100600)
2,874,840
5,891,640
14,072,520
3,094,380
--

201406100601(201406100601)
2,874,840
5,891,640
14,072,520
3,094,380
--

201406100602(201406100602)
2,874,840
5,891,640
14,072,520
3,094,380
--

201406100609(201406100609)
2,886,060
5,893,950
14,072,520
3,094,710
--

201406100610(201406100610)
2,886,060
5,893,950
14,072,520
3,094,710
--

201406100611(201406100611)
2,886,060
5,893,950
14,072,520
3,103,980
--

201406100612(201406100612)
2,886,060
5,893,950
14,072,520
3,103,980
--

201406100619(201406100619)
2,886,060
5,893,950
14,072,520
3,103,980
--

201406100620(201406100620)
2,886,060
5,893,950
14,072,520
3,103,980
--

201406100621(201406100621)
2,886,060
5,893,950
14,072,520
3,103,980
--

201406100622(201406100622)
2,886,420
5,893,950
14,072,520
3,103,980
--

201406100629(201406100629)
2,888,340
5,893,950
14,195,400
3,103,980
--

201406100630(201406100630)
2,889,660
5,893,950
14,195,400
3,103,980
--

201406100631(201406100631)
2,889,660
5,893,950
14,195,400
3,103,980
--

201406100632(201406100632)
2,889,660
5,893,950
14,195,400
3,105,510
--

201406100639(201406100639)
2,889,660
5,893,950
14,195,400
3,105,510
--

201406100640(201406100640)
2,889,660
5,893,950
14,195,400
3,105,510
--

201406100641(201406100641)
2,893,470
5,893,950
14,196,900
3,105,510
--

201406100642(201406100642)
2,893,470
5,893,950
14,196,900
3,105,510
--

201406100649(201406100649)
2,897,910
5,893,950
14,196,900
3,105,510
--

201406100650(201406100650)
2,897,910
5,893,950
14,196,900
3,105,510
--

201406100651(201406100651)
2,899,200
5,893,950
14,196,900
3,105,510
--

201406100652(201406100652)
2,899,200
5,893,950
14,196,900
3,105,570
--

201406100659(201406100659)
2,899,200
5,893,950
14,196,900
3,105,570
--

201406100700(201406100700)
2,900,760
5,893,950
14,196,900
3,105,570
--

201406100701(201406100701)
2,900,760
5,893,950
14,196,900
3,105,570
--

201406100702(201406100702)
2,900,760
5,893,950
14,196,900
3,105,570
--

201406100709(201406100709)
2,900,760
5,893,950
14,196,900
3,105,570
--

201406100710(201406100710)
2,900,760
5,893,950
14,196,900
3,105,570
--

201406100711(201406100711)
2,900,760
5,893,950
14,196,900
3,105,570
--

201406100712(201406100712)
2,900,760
5,893,950
14,196,900
3,105,570
--

201406100719(201406100719)
2,907,990
5,893,950
14,223,180
3,111,150
--

201406100720(201406100720)
2,907,990
5,893,950
14,279,490
3,111,780
--

201406100721(201406100721)
2,907,990
5,893,950
14,279,490
3,111,780
--

201406100722(201406100722)
2,907,990
5,893,950
14,279,490
3,111,780
--

201406100729(201406100729)
2,907,990
5,893,950
14,279,490
3,111,780
--

201406100730(201406100730)
2,907,990
5,893,950
14,279,490
3,111,780
--

201406100731(201406100731)
2,907,990
5,893,950
14,279,490
3,111,780
--

201406100732(201406100732)
2,907,990
5,893,950
14,279,490
3,111,780
--

201406100759(201406100759)
2,915,640
5,915,130
14,394,720
3,126,720
--

201406100800(201406100800)
2,915,640
5,915,130
14,394,720
3,126,720
--

201406100801(201406100801)
2,915,640
5,915,130
14,394,720
3,126,720
--

201406100802(201406100802)
2,915,640
5,915,130
14,394,720
3,126,720
--

201406100807(201406100807)
2,916,750
5,915,130
14,394,720
3,132,660
3,392,640

201406100811(201406100811)
2,916,810
5,915,130
14,394,720
3,134,250
3,399,180

201406100812(201406100812)
2,916,810
5,915,130
14,394,720
3,134,250
3,399,180

201406100816(201406100816)
2,916,810
5,940,690
14,394,720
3,134,940
3,399,180

201406100818(201406100818)
2,919,360
5,940,690
14,394,720
3,134,940
3,399,180

201406100819(201406100819)
2,919,360
5,940,690
14,394,720
3,137,370
3,399,180

201406100820(201406100820)
2,919,360
5,940,690
14,394,720
3,137,370
3,400,680

201406100821(201406100821)
2,919,360
5,940,690
14,394,720
3,137,370
3,404,310

201406100822(201406100822)
2,919,360
5,940,690
14,394,720
3,137,370
3,404,310

201406100829(201406100829)
2,919,360
5,940,690
14,395,680
3,137,370
3,405,120

201406100830(201406100830)
2,919,360
5,940,690
14,395,680
3,137,370
3,405,120

201406100831(201406100831)
2,919,360
5,940,690
14,395,680
3,137,370
3,405,120

201406100832(201406100832)
2,924,130
5,940,690
14,395,680
3,137,370
3,405,120

201406100839(201406100839)
2,925,600
5,940,690
14,395,680
3,137,580
3,409,920

201406100840(201406100840)
2,925,600
5,940,690
14,395,680
3,137,580
3,409,920

201406100841(201406100841)
2,925,600
5,940,690
14,395,680
3,144,750
3,409,920

201406100842(201406100842)
2,926,530
5,947,590
14,395,680
3,145,410
3,409,920

201406100849(201406100849)
2,926,530
5,947,590
14,395,680
3,146,370
3,416,400

201406100850(201406100850)
2,929,530
5,947,590
14,395,680
3,146,370
3,416,400

201406100851(201406100851)
2,929,530
5,947,590
14,395,680
3,146,370
3,416,400

201406100852(201406100852)
2,929,530
5,947,590
14,395,680
3,146,370
3,416,400

201406100859(201406100859)
2,929,560
5,947,590
14,395,680
3,146,370
--

201406100900(201406100900)
2,931,810
5,947,590
14,395,680
3,146,370
--

201406100901(201406100901)
2,932,200
5,947,590
14,395,680
3,146,370
--

201406100902(201406100902)
2,932,200
5,947,590
14,395,680
3,146,370
--

201406100909(201406100909)
2,932,200
5,947,590
14,395,680
3,148,830
--

201406100910(201406100910)
2,932,200
5,947,590
14,395,680
3,149,010
--

201406100911(201406100911)
2,932,200
5,961,030
14,395,680
3,150,660
3,419,250

201406100912(201406100912)
2,932,200
5,961,030
14,395,680
3,150,660
3,419,250

201406100913(201406100913)
2,932,200
5,961,030
14,395,680
3,150,660
3,419,250

201406100919(201406100919)
2,932,200
5,961,030
14,395,680
3,150,660
--

201406100920(201406100920)
2,932,200
5,961,030
14,395,680
3,150,660
--

201406100921(201406100921)
2,932,200
5,961,030
14,395,680
3,150,660
3,419,250

201406100923(201406100923)
2,932,200
5,961,030
14,395,680
3,150,660
3,419,250

201406100929(201406100929)
2,932,200
5,972,310
14,395,680
3,150,660
3,419,250

201406100930(201406100930)
2,932,200
5,972,310
14,395,680
3,150,660
3,419,250

201406100931(201406100931)
2,932,200
5,972,310
14,395,680
3,150,660
3,419,250

201406100932(201406100932)
2,932,530
5,972,310
14,395,680
3,150,660
3,419,250

201406100939(201406100939)
2,933,820
5,972,310
14,395,680
3,155,550
3,420,450

201406100940(201406100940)
2,933,820
5,972,310
14,395,680
3,155,550
3,420,450

201406100941(201406100941)
2,933,820
5,972,310
14,395,680
3,155,550
3,420,450

201406100942(201406100942)
2,933,820
5,972,310
14,395,680
3,155,550
3,420,450

201406100949(201406100949)
2,933,820
5,972,310
14,395,680
3,158,490
3,420,930

201406100950(201406100950)
2,937,060
5,972,310
14,395,680
3,158,490
3,420,930

201406100951(201406100951)
2,937,060
5,972,310
14,395,680
3,158,490
3,420,930

201406100952(201406100952)
2,940,720
5,972,310
14,395,680
3,158,490
3,420,930

201406100959(201406100959)
2,943,780
5,972,310
14,395,680
3,161,760
3,420,930

201406101000(201406101000)
2,943,780
5,972,310
14,395,680
3,161,760
3,422,970

201406101001(201406101001)
2,943,780
5,972,310
14,395,680
3,161,760
3,422,970

201406101002(201406101002)
2,943,780
5,972,310
14,395,680
3,161,760
3,423,690

201406101009(201406101009)
2,943,780
5,972,310
14,395,680
3,161,760
3,423,690

201406101010(201406101010)
2,943,780
5,972,310
14,395,680
3,161,760
3,423,690

201406101011(201406101011)
2,943,780
5,972,310
14,395,680
3,162,240
3,423,690

201406101012(201406101012)
2,943,780
5,972,310
14,395,680
3,162,240
3,423,690

201406101019(201406101019)
2,943,780
5,983,140
14,395,680
3,162,240
3,423,690

201406101020(201406101020)
2,943,960
5,983,140
14,395,680
3,162,240
3,423,690

201406101021(201406101021)
2,943,960
5,983,140
14,395,680
3,162,240
3,423,690

201406101022(201406101022)
2,943,960
5,983,140
14,395,680
3,162,240
3,423,690

201406101029(201406101029)
2,945,340
6,004,440
14,395,680
3,162,240
3,426,660

201406101030(201406101030)
2,945,340
6,004,440
14,395,680
3,162,240
3,426,660

201406101031(201406101031)
2,945,340
6,004,440
14,395,680
3,162,240
3,430,620

201406101032(201406101032)
2,945,340
6,004,440
14,395,680
3,162,240
3,430,620

201406101039(201406101039)
2,953,260
6,007,770
14,395,680
3,165,420
3,433,200

201406101040(201406101040)
2,954,460
6,007,770
14,395,680
3,167,070
3,433,200

201406101041(201406101041)
2,954,460
6,007,770
14,395,680
3,167,070
3,433,200

201406101042(201406101042)
2,954,460
6,007,770
14,395,680
3,167,070
3,433,200

201406101049(201406101049)
2,958,180
6,009,570
14,395,680
3,167,070
3,437,220

201406101050(201406101050)
2,958,180
6,009,570
14,395,680
3,167,070
3,437,220

201406101051(201406101051)
2,958,180
6,009,570
14,395,680
3,167,070
3,437,220

201406101052(201406101052)
2,958,180
6,009,570
14,395,680
3,167,070
3,437,220

201406101059(201406101059)
2,958,180
6,009,570
14,395,680
3,167,640
3,437,220

201406101100(201406101100)
2,958,180
6,009,570
14,395,680
3,167,640
3,437,220

201406101101(201406101101)
2,958,180
6,009,570
14,395,680
3,167,640
3,437,220

201406101102(201406101102)
2,958,180
6,009,570
14,395,680
3,167,640
3,437,220

201406101109(201406101109)
2,958,180
6,011,100
14,395,680
3,179,910
3,444,270

201406101110(201406101110)
2,958,180
6,011,100
14,395,680
3,179,910
3,444,270

201406101111(201406101111)
2,958,180
6,011,100
14,395,680
3,179,910
3,444,270

201406101112(201406101112)
2,958,180
6,011,100
14,395,680
3,179,910
3,444,270

201406101119(201406101119)
2,958,180
6,011,100
14,395,680
3,179,910
3,446,310

201406101120(201406101120)
2,958,180
6,011,100
14,395,680
3,179,910
3,446,310

201406101121(201406101121)
2,958,180
6,011,100
14,395,680
3,179,910
3,446,310

201406101122(201406101122)
2,958,180
6,015,840
14,395,680
3,179,910
3,446,310

201406101129(201406101129)
2,958,180
6,019,080
14,395,680
3,179,910
3,447,930

201406101130(201406101130)
2,958,180
6,019,080
14,395,680
3,179,910
3,447,930

201406101131(201406101131)
2,958,180
6,019,080
14,395,680
3,179,910
3,447,930

201406101132(201406101132)
2,958,180
6,019,080
14,395,680
3,182,100
3,447,930

201406101139(201406101139)
2,958,180
6,019,080
14,395,680
3,182,100
3,448,740

201406101140(201406101140)
2,958,180
6,019,080
14,395,680
3,182,100
3,448,740

201406101141(201406101141)
2,958,180
6,019,080
14,395,680
3,182,100
3,448,740

201406101142(201406101142)
2,958,180
6,020,040
14,395,680
3,182,100
3,448,740

201406101149(201406101149)
2,958,180
6,035,010
14,395,680
3,182,100
3,449,190

201406101150(201406101150)
2,958,180
6,035,010
14,395,680
3,182,100
3,449,190

201406101151(201406101151)
2,958,180
6,035,010
14,395,680
3,183,780
3,449,190

201406101152(201406101152)
2,958,180
6,035,010
14,395,680
3,183,780
3,449,190

201406101159(201406101159)
2,958,180
6,035,010
14,395,680
3,183,780
3,449,190

201406101200(201406101200)
2,958,180
6,035,010
14,395,680
3,183,780
3,449,190

201406101201(201406101201)
2,958,180
6,035,010
14,429,310
3,183,780
3,449,190

201406101202(201406101202)
2,958,180
6,035,010
14,430,090
3,183,780
3,449,190

201406101209(201406101209)
2,960,490
6,055,560
14,430,090
3,183,780
3,449,190

201406101210(201406101210)
2,960,490
6,055,560
14,430,090
3,183,780
3,449,190

201406101211(201406101211)
2,960,490
6,060,990
14,430,090
3,183,780
3,449,190

201406101212(201406101212)
2,960,490
6,060,990
14,430,090
3,183,780
3,449,190

201406101219(201406101219)
2,965,530
6,060,990
14,430,090
3,189,870
3,453,510

201406101220(201406101220)
2,965,530
6,060,990
14,430,090
3,189,870
3,453,510

201406101221(201406101221)
2,966,730
6,060,990
14,430,090
3,189,870
3,453,510

201406101222(201406101222)
2,967,720
6,060,990
14,430,090
3,189,870
3,453,510

201406101229(201406101229)
2,976,030
6,060,990
14,470,830
3,195,150
3,453,510

201406101230(201406101230)
2,976,030
6,060,990
14,470,830
3,195,150
3,453,510
2,976,030
6,073,890
14,470,830
3,195,150
3,453,510

201406101231(201406101231)
2,977,260
6,073,890
14,470,830
3,204,420
3,453,510

201406101232(201406101232)
2,985,000
6,099,240
14,470,830
3,204,420
3,453,510

201406101239(201406101239)
2,991,120
6,107,040
14,470,830
3,205,410
3,459,720

201406101240(201406101240)
2,991,120
6,112,440
14,470,830
3,205,410
3,459,720

201406101241(201406101241)
2,994,360
6,113,280
14,470,830
3,209,790
3,462,630

201406101242(201406101242)
2,994,360
6,113,280
14,470,830
3,209,790
3,464,640

201406101249(201406101249)
2,995,470
6,120,780
14,470,830
3,215,670
3,465,390

201406101250(201406101250)
2,995,470
6,124,410
14,470,830
3,215,670
3,469,440

201406101251(201406101251)
2,995,470
6,124,410
14,470,830
3,215,670
3,469,440

201406101252(201406101252)
2,995,470
6,124,410
14,470,830
3,215,670
3,469,440

201406101259(201406101259)
2,995,470
6,131,010
14,470,830
3,215,670
3,469,440

201406101300(201406101300)
3,003,600
6,131,010
14,470,830
3,217,200
3,469,440

201406101301(201406101301)
3,003,600
6,131,010
14,470,830
3,217,200
3,470,910

201406101302(201406101302)
3,003,600
6,131,010
14,470,830
3,217,200
3,470,910

201406101309(201406101309)
3,006,840
6,131,010
14,470,830
3,217,200
3,487,770

201406101310(201406101310)
3,006,990
6,131,010
14,470,830
3,217,200
3,487,770

201406101311(201406101311)
3,006,990
6,131,010
14,470,830
3,219,150
3,487,770

201406101312(201406101312)
3,006,990
6,131,010
14,470,830
3,219,150
3,496,890

201406101319(201406101319)
3,021,120
6,131,010
14,470,830
3,222,840
3,510,000

201406101320(201406101320)
3,021,120
6,131,010
14,470,830
3,222,840
3,510,000

201406101321(201406101321)
3,021,120
6,131,010
14,470,830
3,222,840
3,510,000

201406101322(201406101322)
3,021,120
6,131,010
14,470,830
3,222,840
3,511,650

201406101329(201406101329)
3,021,120
6,131,010
14,470,830
3,222,840
3,511,650

201406101330(201406101330)
3,021,120
6,131,010
14,470,830
3,222,840
3,511,650

201406101331(201406101331)
3,021,120
6,131,010
14,470,830
3,224,940
3,511,650

201406101332(201406101332)
3,021,120
6,131,010
14,470,830
3,224,940
3,511,650

201406101339(201406101339)
3,021,120
6,131,010
14,470,830
3,224,940
3,512,610

201406101340(201406101340)
3,021,750
6,131,010
14,470,830
3,224,940
3,512,610

201406101341(201406101341)
3,021,750
6,131,010
14,470,830
3,224,940
3,512,610

201406101342(201406101342)
3,021,750
6,131,010
14,470,830
3,224,940
3,512,610

201406101349(201406101349)
3,021,750
6,131,010
14,598,090
3,232,050
3,512,610

201406101350(201406101350)
3,021,750
6,131,010
14,598,090
3,232,050
3,512,610

201406101351(201406101351)
3,021,750
6,131,010
14,598,090
3,232,050
3,512,610

201406101352(201406101352)
3,021,750
6,142,980
14,598,090
3,232,050
3,512,610

201406101359(201406101359)
3,021,750
6,142,980
14,693,280
3,232,050
3,512,760

201406101400(201406101400)
3,021,750
6,142,980
14,693,280
3,232,050
3,512,760

201406101401(201406101401)
3,021,750
6,142,980
14,693,280
3,232,050
3,512,760

201406101402(201406101402)
3,021,750
6,142,980
14,693,280
3,232,050
3,512,760

201406101409(201406101409)
3,027,330
6,142,980
14,693,280
3,232,050
3,512,760

201406101410(201406101410)
3,027,330
6,142,980
14,693,280
3,232,050
3,512,760

201406101411(201406101411)
3,027,330
6,142,980
14,693,280
3,232,050
3,512,760

201406101412(201406101412)
3,027,330
6,142,980
14,693,280
3,232,050
3,512,760

201406101419(201406101419)
3,027,330
6,142,980
14,693,280
3,232,050
3,512,760

201406101420(201406101420)
3,027,330
6,142,980
14,693,280
3,232,050
3,512,760

201406101421(201406101421)
3,027,330
6,142,980
14,693,280
3,232,050
3,512,760

201406101422(201406101422)
3,027,330
6,142,980
14,693,280
3,232,050
3,512,760

201406101429(201406101429)
3,027,330
6,142,980
14,693,280
3,232,050
3,512,760

201406101430(201406101430)
3,027,330
6,142,980
14,693,280
3,232,050
3,512,760

201406101431(201406101431)
3,027,330
6,142,980
14,693,280
3,232,050
3,512,760

201406101432(201406101432)
3,027,330
6,142,980
14,693,280
3,234,330
3,517,230

201406101439(201406101439)
3,027,330
6,145,440
14,693,280
3,234,330
3,517,230

201406101440(201406101440)
3,027,330
6,145,440
14,757,030
3,234,330
3,517,230

201406101441(201406101441)
3,027,330
6,145,440
14,757,030
3,234,330
3,517,230

201406101442(201406101442)
3,027,330
6,145,440
14,757,030
3,234,330
3,517,230

201406101449(201406101449)
3,029,190
6,164,520
14,757,030
3,234,330
3,517,230

201406101450(201406101450)
3,029,640
6,164,520
14,757,030
3,234,330
3,517,230

201406101451(201406101451)
3,029,640
6,190,620
14,757,030
3,240,390
3,517,230

201406101452(201406101452)
3,029,640
6,190,620
14,757,030
3,240,390
3,517,230

201406101459(201406101459)
3,029,640
6,197,580
14,757,030
3,240,390
3,522,900

201406101500(201406101500)
3,029,640
6,197,580
14,757,030
3,243,570
3,522,900

201406101501(201406101501)
3,029,640
6,197,580
14,757,030
3,243,570
3,522,900

201406101502(201406101502)
3,029,640
6,197,580
14,757,030
3,243,570
3,522,900

201406101509(201406101509)
3,031,710
6,197,580
14,757,030
3,251,280
3,527,040

201406101510(201406101510)
3,031,710
6,197,580
14,757,030
3,251,280
3,527,040

201406101511(201406101511)
3,031,710
6,197,580
14,757,030
3,251,280
3,527,040

201406101512(201406101512)
3,031,710
6,197,580
14,757,030
3,251,280
3,527,040

201406101519(201406101519)
3,031,710
6,197,580
14,757,780
3,251,280
3,527,820

201406101520(201406101520)
3,031,710
6,197,580
14,777,730
3,251,280
3,527,820

201406101521(201406101521)
3,031,710
6,197,580
14,778,630
3,251,280
3,527,820

201406101522(201406101522)
3,032,190
6,197,580
14,778,630
3,251,280
3,527,820

201406101529(201406101529)
3,032,250
6,198,360
14,778,630
3,251,280
3,527,820

201406101530(201406101530)
3,032,250
6,198,360
14,778,630
3,251,280
3,527,820

201406101531(201406101531)
3,032,250
6,198,360
14,778,630
3,251,280
3,527,820

201406101532(201406101532)
3,032,250
6,198,360
14,778,630
3,251,280
3,527,820

201406101539(201406101539)
3,040,530
6,215,100
14,778,630
3,252,990
3,528,750

201406101540(201406101540)
3,040,530
6,215,100
14,778,630
3,252,990
3,528,750

201406101541(201406101541)
3,041,670
6,215,100
14,778,630
3,252,990
3,528,750

201406101542(201406101542)
3,041,670
6,215,100
14,778,630
3,252,990
3,528,750

201406101549(201406101549)
3,041,670
6,218,700
14,778,630
3,252,990
3,528,750

201406101550(201406101550)
3,041,670
6,218,700
14,778,630
3,252,990
3,528,750

201406101551(201406101551)
3,041,670
6,218,700
14,778,630
3,252,990
3,528,750

201406101552(201406101552)
3,041,670
6,218,700
14,778,630
3,252,990
3,528,750

201406101559(201406101559)
6,218,700
14,778,630
3,259,590
3,536,790

201406101600(201406101600)
6,218,700
14,778,630
3,259,590
3,536,790

201406101601(201406101601)
6,218,700
14,778,630
3,259,590
3,536,790

201406101602(201406101602)
6,218,700
14,778,630
3,259,590
3,536,790

201406101609(201406101609)
6,218,700
14,778,630
3,259,590
3,536,790

201406101610(201406101610)
6,218,700
14,778,630
3,259,590
3,536,790

201406101611(201406101611)
6,218,700
14,778,630
3,259,590
3,536,790

201406101612(201406101612)
6,218,700
14,778,630
3,259,590
3,536,790

201406101619(201406101619)
3,045,720
6,224,340
14,800,560
3,264,000
3,543,840

201406101620(201406101620)
3,045,720
6,224,340
14,800,560
3,264,000
3,543,840

201406101621(201406101621)
3,045,720
6,224,340
14,800,560
3,264,000
3,543,840

201406101622(201406101622)
3,045,720
6,224,340
14,800,560
3,264,000
3,553,650

201406101629(201406101629)
3,046,830
6,231,900
14,800,560
3,265,800
3,553,650

201406101630(201406101630)
3,046,830
6,231,900
14,800,560
3,265,800
3,553,650

201406101631(201406101631)
3,046,830
6,231,900
14,800,560
3,265,800
3,553,650

201406101632(201406101632)
3,046,830
6,231,900
14,800,560
3,265,800
3,553,650

201406101639(201406101639)
3,046,830
6,231,900
14,800,560
3,265,800
3,553,650

201406101640(201406101640)
3,046,830
6,231,900
14,800,560
3,265,800
3,553,650

201406101641(201406101641)
3,046,830
6,231,900
14,800,560
3,265,800
3,553,650

201406101642(201406101642)
3,050,490
6,231,900
14,800,560
3,265,800
3,553,650

201406101649(201406101649)
3,050,490
6,231,900
14,800,560
3,268,530
3,553,650

201406101650(201406101650)
3,050,490
6,231,900
14,800,560
3,268,530
3,553,650

201406101651(201406101651)
3,050,490
6,231,900
14,800,560
3,268,530
3,553,650

201406101652(201406101652)
3,050,490
6,231,900
14,800,560
3,268,530
3,553,650

201406101659(201406101659)
3,051,330
6,258,690
14,800,560
3,268,530
3,553,680

201406101700(201406101700)
3,051,330
6,258,690
14,800,560
3,268,530
3,553,680

201406101701(201406101701)
3,051,330
6,258,690
14,800,560
3,268,530
3,553,680

201406101702(201406101702)
3,051,330
6,258,690
14,800,560
3,268,530
3,554,550

201406101709(201406101709)
3,053,160
6,258,690
14,800,560
3,271,890
3,555,120

201406101710(201406101710)
3,053,160
6,258,690
14,885,850
3,271,890
3,555,120

201406101711(201406101711)
3,053,160
6,258,690
14,960,910
3,272,910
3,555,120

201406101712(201406101712)
3,053,160
6,258,690
14,960,910
3,272,910
3,555,120

201406101719(201406101719)
3,053,160
6,264,540
14,960,910
3,272,910
3,558,750

201406101720(201406101720)
3,053,160
6,264,540
14,960,910
3,272,910
3,560,250

201406101721(201406101721)
3,053,160
6,264,540
14,960,910
3,272,910
3,560,250

201406101722(201406101722)
3,053,160
6,264,540
14,960,910
3,272,910
3,560,250

201406101729(201406101729)
3,054,840
6,264,540
14,960,910
3,272,910
3,560,250

201406101730(201406101730)
3,054,840
6,264,540
14,960,910
3,272,910
3,561,900

201406101731(201406101731)
3,054,840
6,264,540
14,960,910
3,272,910
3,565,020

201406101732(201406101732)
3,055,290
6,264,540
14,960,910
3,272,910
3,565,020

201406101739(201406101739)
3,055,290
6,264,540
14,960,910
3,278,790
3,565,080

201406101740(201406101740)
3,055,290
6,264,540
14,960,910
3,278,790
3,567,660

201406101741(201406101741)
3,055,290
6,264,540
14,960,910
3,278,790
3,567,660

201406101742(201406101742)
3,055,290
6,264,540
14,960,910
3,278,790
3,567,660

201406101749(201406101749)
3,056,160
6,284,940
14,960,910
3,278,790
3,567,660

201406101750(201406101750)
3,056,160
6,284,940
14,960,910
3,281,400
3,567,660

201406101751(201406101751)
3,056,160
6,284,940
14,960,910
3,281,430
3,567,660

201406101752(201406101752)
3,056,160
6,284,940
14,960,910
3,281,430
3,567,660

201406101759(201406101759)
3,061,890
6,284,940
14,960,910
3,281,430
3,567,660

201406101800(201406101800)
3,061,890
6,284,940
14,960,910
3,281,430
3,567,660

201406101801(201406101801)
3,062,040
6,284,940
14,960,910
3,284,520
3,567,660

201406101802(201406101802)
3,062,040
6,284,940
14,960,910
3,284,940
3,567,660

201406101809(201406101809)
3,062,040
6,284,940
14,960,910
3,284,940
3,575,790

201406101810(201406101810)
3,062,040
6,284,940
14,960,910
3,284,940
3,575,790

201406101811(201406101811)
3,062,040
6,284,940
14,960,910
3,284,940
3,575,790

201406101812(201406101812)
3,062,040
6,284,940
14,960,910
3,284,940
3,575,790

201406101819(201406101819)
3,069,630
6,284,940
14,960,910
3,287,520
3,575,790

201406101820(201406101820)
3,069,630
6,305,820
14,960,910
3,287,520
3,575,790

201406101821(201406101821)
3,070,470
6,305,820
14,960,910
3,287,520
3,575,790

201406101822(201406101822)
3,070,470
6,305,820
14,960,910
3,289,050
3,575,790

201406101829(201406101829)
3,073,080
6,305,820
14,960,910
3,289,050
3,578,280

201406101830(201406101830)
3,073,080
6,305,820
14,960,910
3,289,050
3,578,280

201406101831(201406101831)
3,073,080
6,305,820
14,960,910
3,289,050
3,578,280

201406101832(201406101832)
3,073,080
6,305,820
14,960,910
3,289,050
3,578,280

201406101839(201406101839)
3,073,080
6,305,820
14,960,910
3,289,050
3,578,280

201406101840(201406101840)
3,073,080
6,305,820
14,960,910
3,289,050
3,578,280

201406101841(201406101841)
3,073,080
6,305,820
14,960,910
3,289,050
3,578,280

201406101842(201406101842)
3,073,080
6,307,320
14,960,910
3,289,050
3,578,280

201406101849(201406101849)
3,080,310
6,307,320
15,060,000
3,292,110
3,578,280

201406101850(201406101850)
3,080,310
6,307,320
15,060,000
3,292,110
3,578,280

201406101851(201406101851)
3,080,310
6,307,320
15,060,000
3,292,110
3,582,150

201406101852(201406101852)
3,080,940
6,307,320
15,060,000
3,292,110
3,582,150

201406101859(201406101859)
3,080,940
6,307,320
15,060,000
3,292,110
3,583,830

201406101900(201406101900)
3,082,110
6,307,320
15,060,000
3,292,110
3,583,830

201406101901(201406101901)
3,082,110
6,307,320
15,060,000
3,292,110
3,583,830

201406101902(201406101902)
3,082,110
6,307,320
15,060,000
3,292,110
3,583,830

201406101909(201406101909)
3,082,530
6,311,040
15,060,000
3,295,110
3,583,830

201406101910(201406101910)
3,082,530
6,312,060
15,060,000
3,295,110
3,583,830

201406101911(201406101911)
3,084,720
6,312,060
15,060,000
3,295,110
3,583,830

201406101912(201406101912)
3,084,720
6,312,060
15,060,000
3,296,160
3,584,910

