201406081919(201406081919)
2,052,240
3,976,170
10,935,000
2,211,990
2,376,690

201406081920(201406081920)
2,052,240
3,976,170
10,935,000
2,211,990
2,376,690

201406081921(201406081921)
2,052,240
3,976,170
10,935,000
2,211,990
2,377,770

201406081922(201406081922)
2,052,240
3,976,170
10,935,000
2,211,990
2,378,190

201406081929(201406081929)
2,054,580
3,976,170
10,935,000
2,216,640
2,381,220

201406081930(201406081930)
2,054,580
3,976,170
10,935,000
2,216,640
2,381,220

201406081931(201406081931)
2,054,580
3,976,170
10,935,000
2,216,640
2,381,370

201406081932(201406081932)
2,054,580
3,976,170
10,935,000
2,216,640
2,381,370

201406081939(201406081939)
2,060,610
4,000,920
11,013,540
2,216,850
2,384,730

201406081940(201406081940)
2,061,840
4,000,920
11,013,540
2,216,850
2,384,730

201406081941(201406081941)
2,061,840
4,015,410
11,013,540
2,217,120
2,384,730

201406081942(201406081942)
2,061,840
4,015,410
11,013,540
2,217,120
2,388,720

201406081949(201406081949)
2,067,360
4,016,250
11,013,540
2,222,520
2,388,720

201406081950(201406081950)
2,067,420
4,016,250
11,013,540
2,222,520
2,390,220

201406081951(201406081951)
2,067,420
4,016,250
11,013,540
2,222,520
2,390,220

201406081952(201406081952)
2,067,420
4,016,250
11,013,540
2,222,520
2,390,220

201406081959(201406081959)
2,068,410
4,018,890
11,043,600
2,222,610
2,390,520

201406082000(201406082000)
2,068,410
4,018,890
11,043,600
2,222,610
2,390,520

201406082001(201406082001)
2,068,410
4,018,890
11,043,600
2,222,610
2,390,520

201406082002(201406082002)
2,079,330
4,018,890
11,043,600
2,225,700
2,390,520

201406082009(201406082009)
2,083,890
4,028,670
11,043,600
2,232,390
2,393,070

201406082010(201406082010)
2,083,890
4,028,670
11,043,600
2,232,390
2,393,070

201406082011(201406082011)
2,083,890
4,028,670
11,043,600
2,232,390
2,393,070

201406082012(201406082012)
2,083,890
4,028,670
11,043,600
2,232,390
2,393,070

201406082019(201406082019)
2,083,890
4,034,370
11,043,600
2,232,390
2,399,100

201406082020(201406082020)
2,083,890
4,034,370
11,043,600
2,232,390
2,399,100

201406082021(201406082021)
2,083,890
4,034,370
11,043,600
2,234,460
2,399,100

201406082022(201406082022)
2,084,640
4,034,370
11,043,600
2,237,160
2,399,100

201406082029(201406082029)
2,085,150
4,041,180
11,043,600
2,237,160
2,400,480

201406082030(201406082030)
2,085,150
4,041,180
11,043,600
2,237,160
2,400,480

201406082031(201406082031)
2,085,780
4,042,530
11,043,600
2,240,940
2,400,480

201406082032(201406082032)
2,090,040
4,051,380
11,043,600
2,241,570
2,400,480

201406082039(201406082039)
2,091,270
4,079,070
11,043,600
2,241,750
2,403,030

201406082040(201406082040)
2,091,420
4,079,070
11,043,600
2,241,750
2,404,560

201406082041(201406082041)
2,091,420
4,079,070
11,043,600
2,241,750
2,404,560

201406082042(201406082042)
2,091,420
4,079,070
11,043,600
2,241,750
2,404,560

201406091659(201406091659)
2,521,920
4,976,850
12,874,890
2,691,900
2,914,440

201406091700(201406091700)
2,521,920
4,976,850
12,874,890
2,691,900
2,914,440

201406091700(201406091700)
2,521,920
4,976,850
12,874,890
2,691,900
2,914,440

201406091701(201406091701)
2,521,920
4,976,850
12,874,890
2,691,900
2,914,440

201406091702(201406091702)
2,521,920
4,976,850
12,874,890
2,691,900
2,914,440

201406091709(201406091709)
2,521,920
4,989,900
12,874,890
2,691,900
2,914,440

201406091710(201406091710)
2,521,920
4,989,900
12,874,890
2,694,630
2,914,440

201406091711(201406091711)
2,521,920
4,989,900
12,874,890
2,694,630
2,914,440

201406091712(201406091712)
2,521,920
4,989,900
12,874,890
2,694,630
2,922,750

201406091719(201406091719)
2,524,800
4,995,330
12,874,890
2,697,990
2,936,580

201406091720(201406091720)
2,524,800
4,995,330
12,874,890
2,697,990
2,936,580

201406091721(201406091721)
2,524,800
4,995,330
12,874,890
2,697,990
2,936,580

201406091722(201406091722)
2,524,800
4,995,330
12,874,890
2,697,990
2,936,580

201406091729(201406091729)
2,524,800
5,001,720
12,874,890
2,697,990
2,936,580

201406091730(201406091730)
2,524,800
5,001,720
12,874,890
2,697,990
2,940,600

201406091731(201406091731)
2,524,800
5,001,720
12,874,890
2,697,990
2,943,720

201406091732(201406091732)
2,524,800
5,001,720
12,874,890
2,697,990
2,943,720

201406091739(201406091739)
2,525,610
5,007,780
12,874,890
2,709,360
2,953,500

201406091740(201406091740)
2,525,610
5,007,780
12,874,890
2,709,360
2,953,500

201406091741(201406091741)
2,525,610
5,007,780
12,874,890
2,709,360
2,953,500

201406091742(201406091742)
2,526,090
5,007,780
12,874,890
2,709,360
2,953,500

201406091749(201406091749)
2,536,350
5,021,460
12,874,890
2,709,660
2,961,930

201406091750(201406091750)
2,536,350
5,021,460
12,874,890
2,711,130
2,961,930

201406091751(201406091751)
2,536,830
5,021,460
12,874,890
2,711,130
2,961,930

201406091752(201406091752)
2,536,830
5,021,460
12,874,890
2,711,130
2,961,930

201406091759(201406091759)
2,536,830
5,021,460
12,874,890
2,711,130
159,840

201406091800(201406091800)
2,536,830
5,021,460
12,874,890
2,711,280
159,840

201406091801(201406091801)
2,536,830
5,021,460
12,874,890
2,711,280
159,840

201406091802(201406091802)
2,536,830
5,022,930
12,874,890
2,711,280
159,840

