
201406121800(201406121800)
4,459,710
9,651,390
19,109,820
4,865,910
5,423,220

201406121801(201406121801)
4,459,710
9,651,390
19,109,820
4,865,910
5,423,220

201406121802(201406121802)
4,459,710
9,668,370
19,109,820
4,865,910
5,423,220

201406121809(201406121809)
4,459,710
9,668,370
19,109,820
4,865,910
5,423,220

201406121810(201406121810)
4,459,710
9,668,370
19,109,820
4,865,910
5,423,220

201406121811(201406121811)
4,459,710
9,668,370
19,109,820
4,874,100
5,423,220

201406121812(201406121812)
4,463,610
9,668,370
19,109,820
4,874,100
5,423,220

201406121819(201406121819)
4,474,980
9,668,370
19,109,820
4,888,410
5,426,310

201406121820(201406121820)
4,474,980
9,668,370
19,109,820
4,888,410
5,426,310

201406121821(201406121821)
4,474,980
9,668,370
19,109,820
4,888,410
5,426,310

201406121822(201406121822)
4,474,980
9,668,370
19,109,820
4,888,410
5,426,310

201406121829(201406121829)
4,474,980
9,685,080
19,268,340
4,888,890
5,443,200

201406121830(201406121830)
4,474,980
9,685,080
19,268,340
4,895,280
5,443,200

201406121831(201406121831)
4,474,980
9,685,080
19,268,340
4,900,980
5,443,200

201406121832(201406121832)
4,474,980
9,685,080
19,268,340
4,900,980
5,443,200

201406121839(201406121839)
4,475,460
9,685,080
19,268,340
4,915,050
5,443,200

201406121840(201406121840)
4,475,460
9,685,080
4,915,050
5,443,200

201406121841(201406121841)
4,475,460
9,685,080
4,915,050
5,450,310

201406121842(201406121842)
4,475,460
9,685,080
4,915,050
5,450,310

201406121849(201406121849)
4,475,460
9,749,190
4,915,050
5,466,450

201406121850(201406121850)
4,478,850
9,749,190
4,915,050
5,466,450

201406121851(201406121851)
4,478,850
9,749,190
4,915,050
5,476,260

201406121852(201406121852)
4,478,850
9,749,190
4,915,050
5,476,260

201406121859(201406121859)
4,478,850
9,771,060
19,268,340
4,919,160
5,499,630

201406121900(201406121900)
4,478,850
9,771,060
19,268,340
4,919,160
5,499,630

201406121901(201406121901)
4,478,850
9,771,060
19,268,340
4,919,160
5,499,630

201406121902(201406121902)
4,478,850
9,771,060
19,268,340
4,919,160
5,499,630

201406121909(201406121909)
4,484,100
9,771,060
19,268,340
4,919,160
5,499,630

201406121910(201406121910)
4,484,100
9,786,810
19,268,340
4,919,160
5,499,630

201406121911(201406121911)
4,484,100
9,786,810
19,268,340
4,927,680
5,499,630

201406121912(201406121912)
4,484,100
9,786,810
19,268,340
4,932,690
5,499,630

201406121919(201406121919)
4,488,690
9,798,690
19,268,340
4,932,780
5,511,300

201406121920(201406121920)
4,488,690
9,798,690
19,268,340
4,932,780
5,513,940

201406121921(201406121921)
4,488,690
9,798,690
19,268,340
4,932,780
5,513,940

201406121922(201406121922)
4,503,060
9,798,690
19,268,340
4,932,780
5,513,940

201406121929(201406121929)
4,511,970
9,798,690
19,268,340
4,937,580
5,522,550

201406121930(201406121930)
4,511,970
9,798,690
19,268,340
4,937,580
5,522,550

201406121931(201406121931)
4,511,970
9,821,490
19,268,340
4,937,580
5,522,550

201406121932(201406121932)
4,511,970
9,821,490
19,268,340
4,937,580
5,522,550

201406121939(201406121939)
4,511,970
9,821,490
19,268,340
4,941,450
5,538,030

201406121940(201406121940)
4,511,970
9,821,490
19,268,340
4,941,450
5,538,030

201406121941(201406121941)
4,511,970
9,821,490
19,268,340
4,941,450
5,538,030

201406121942(201406121942)
4,511,970
9,821,490
19,268,340
4,941,450
5,538,030

201406121949(201406121949)
4,527,390
9,856,740
19,268,340
4,950,750
5,544,960

201406121950(201406121950)
4,536,600
9,856,740
19,268,340
4,950,750
5,544,960

201406121951(201406121951)
4,536,600
9,856,740
19,268,340
4,950,750
5,544,960

201406121952(201406121952)
4,536,600
9,856,740
19,268,340
4,950,750
5,546,820

201406121959(201406121959)
4,536,900
9,856,740
19,268,340
4,955,820
5,558,130

201406122000(201406122000)
4,537,380
9,856,740
19,268,340
4,955,820
5,561,220

201406122001(201406122001)
4,537,380
9,856,740
19,268,340
4,955,820
5,561,220

201406122002(201406122002)
4,538,820
9,856,740
19,268,340
4,955,820
5,561,220

201406122009(201406122009)
4,539,450
9,879,960
19,268,340
4,960,140
5,561,220

201406122010(201406122010)
4,539,450
9,879,960
19,268,340
4,960,140
5,561,220

201406122011(201406122011)
4,539,450
9,879,960
19,268,340
4,960,140
5,561,220

201406122012(201406122012)
4,539,450
9,879,960
19,268,340
4,960,140
5,561,220

201406122019(201406122019)
4,550,520
9,890,280
19,268,340
4,982,310
5,570,040

201406122020(201406122020)
4,550,520
9,896,610
19,268,340
4,982,310
5,575,950

201406122021(201406122021)
4,558,290
9,896,610
19,268,340
4,982,310
5,584,020

201406122022(201406122022)
4,558,290
9,896,610
19,268,340
4,988,340
5,585,940

201406122029(201406122029)
4,558,290
9,896,610
19,268,340
4,988,340
5,585,940
9,896,610
19,268,340
4,988,340
5,585,940

201406122030(201406122030)
4,560,570
9,896,610
19,363,770
5,006,730
5,655,150

201406122031(201406122031)
4,561,320
9,896,610
19,369,770
5,006,730
5,655,150

201406122032(201406122032)
4,561,320
9,896,610
19,372,470
5,006,730
5,659,110

201406122040(201406122040)
4,565,070
9,918,240
19,394,160
5,006,730
5,667,330

201406122040(201406122040)
4,567,200
9,971,340
19,394,160
5,006,730
5,675,730

201406122041(201406122041)
4,567,200
9,971,340
19,394,160
5,006,730
5,675,730

201406122042(201406122042)
4,567,200
9,971,340
19,394,160
5,010,150
5,675,730

201406122049(201406122049)
4,591,260
9,981,270
19,394,160
5,032,260
5,683,380

201406122050(201406122050)
4,593,930
9,981,270
19,394,160
5,032,260
5,683,380

201406122051(201406122051)
4,593,930
9,981,270
19,394,160
5,032,260
5,683,380

201406122052(201406122052)
4,593,930
9,981,270
19,394,160
5,032,260
5,693,820

201406122100(201406122100)
--
9,993,630
19,394,160
5,048,400
5,693,820

201406122101(201406122101)
--
9,993,630
19,394,160
5,064,360
5,693,820

201406122101(201406122101)
4,604,760
9,993,630
19,394,160
5,066,910
5,693,820

201406122102(201406122102)
--
9,993,630
19,394,160
5,066,910
5,693,820

201406122109(201406122109)
--
9,993,630
19,489,350
5,104,710
5,715,870

201406122110(201406122110)
4,642,980
9,993,630
19,491,360
5,129,430
5,724,030

201406122111(201406122111)
4,642,980
9,997,020
19,491,360
5,129,430
5,724,030

201406122112(201406122112)
4,642,980
9,997,020
19,491,360
5,129,430
5,724,030

201406122119(201406122119)
4,656,720
10,021,740
19,491,360
5,132,820
5,753,940

201406122120(201406122120)
4,656,720
10,021,740
19,491,360
5,132,820
5,757,900

201406122121(201406122121)
10,021,740
19,491,360
5,132,820
5,757,900

201406122122(201406122122)
4,656,720
10,021,740
19,491,360
5,132,820
5,758,230

201406122129(201406122129)
4,656,720
10,021,740
19,491,360
5,132,820
5,132,820

201406122130(201406122130)
4,657,290
10,024,890
19,491,360
5,148,090
5,758,230

201406122131(201406122131)
4,657,290
10,024,890
19,491,360
5,153,910
5,758,230

201406122132(201406122132)
4,657,290
10,024,890
19,491,360
5,160,780
5,758,230

201406122139(201406122139)
--
10,052,400
19,491,360
5,164,920
5,775,150

201406122140(201406122140)
4,657,290
10,055,430
19,491,360
5,164,920
5,790,150

201406122141(201406122141)
4,657,290
10,063,110
19,491,360
5,164,920
5,790,150

201406122142(201406122142)
4,657,290
10,063,110
19,491,360
5,164,920
5,790,150

201406122149(201406122149)
--
10,063,110
19,491,360
5,164,920
5,790,150

201406122151(201406122151)
--
10,063,110
--
5,164,920
5,164,920

201406122152(201406122152)
4,669,560
10,068,570
19,491,360
5,183,280
5,796,660

201406122152(201406122152)
4,669,560
10,068,570
19,491,360
5,183,280
5,796,660

201406122159(201406122159)
4,684,530
10,136,430
19,634,730
5,190,870
5,811,840

201406122200(201406122200)
4,684,530
10,142,520
19,634,730
5,190,870
5,811,840

201406122201(201406122201)
4,687,290
10,142,520
19,634,730
5,195,700
5,811,840

201406122202(201406122202)
4,687,290
10,142,520
19,634,730
5,195,700
5,814,930

201406122210(201406122210)
10,150,800
19,634,730
5,211,480
5,828,190

201406122210(201406122210)
10,150,800
19,634,730
5,211,480
5,830,260

201406122211(201406122211)
4,691,760
10,150,800
19,634,730
5,211,480
5,830,260

201406122212(201406122212)
4,691,760
10,150,800
19,634,730
5,213,400
5,835,000

201406122219(201406122219)
4,701,690
10,150,800
19,634,730
5,218,200
5,843,970

201406122220(201406122220)
4,703,490
10,150,800
19,634,730
5,264,880
5,843,970

201406122221(201406122221)
4,703,490
10,150,800
19,634,730
5,269,470
5,843,970

201406122222(201406122222)
4,703,490
10,160,640
19,634,730
5,269,470
5,843,970

201406122229(201406122229)
4,703,490
10,160,640
19,634,730
5,269,470
5,843,970

201406122231(201406122231)
--
10,213,710
19,634,730
5,275,530
5,872,410

201406122232(201406122232)
--
10,213,710
19,653,450
5,275,530
5,874,300

201406122232(201406122232)
--
10,213,710
19,653,450
5,275,530
5,874,300

201406122239(201406122239)
--
10,255,260
19,663,770
5,287,260
5,876,100

201406122240(201406122240)
4,717,710
10,255,260
19,663,770
5,290,770
5,876,100

201406122241(201406122241)
4,717,710
10,260,210
19,663,770
5,290,770
5,876,100

201406122242(201406122242)
4,726,380
10,260,210
19,663,770
5,290,770
5,876,100

201406122250(201406122250)
--
10,260,210
19,663,770
5,290,770
5,876,100

201406122251(201406122251)
4,726,380
10,260,210
19,663,770
5,290,770
5,876,100

201406122252(201406122252)
--
10,260,210
19,663,770
5,293,200
5,889,780

201406122253(201406122253)
4,735,140
10,260,210
19,663,770
5,293,200
5,889,780

201406122259(201406122259)
4,735,140
10,260,210
19,663,770
5,315,010
5,906,880

201406122300(201406122300)
4,735,140
10,260,210
19,663,770
5,315,010
5,906,880

201406122301(201406122301)
4,740,030
10,260,210
19,663,770
5,317,230
5,906,880

201406122302(201406122302)
4,740,030
10,260,210
19,663,770
5,320,410
5,906,880

201406122309(201406122309)
4,744,380
10,287,090
19,747,920
5,321,010
5,918,400

201406122310(201406122310)
4,744,380
10,287,090
19,747,920
5,321,010
5,918,400

201406122311(201406122311)
4,744,380
10,287,090
19,747,920
5,321,010
5,918,400

201406122312(201406122312)
4,744,380
10,287,090
19,747,920
5,325,630
5,918,400

201406122319(201406122319)
4,755,330
10,287,090
19,747,920
5,336,220
5,933,700

201406122320(201406122320)
4,755,330
10,287,090
19,747,920
5,336,220
5,936,070

201406122321(201406122321)
4,755,330
10,287,090
19,747,920
5,336,220
5,937,420

201406122322(201406122322)
4,755,330
10,287,090
19,747,920
5,336,220
5,937,420

201406122330(201406122330)
4,759,050
10,291,770
19,747,920
5,336,940
5,953,710

201406122330(201406122330)
4,759,050
10,291,770
19,747,920
5,336,940
5,953,710

201406122331(201406122331)
10,291,770
19,957,410
5,336,940
5,953,710

201406122332(201406122332)
10,291,770
19,957,410
5,336,940
5,953,710
10,291,770
19,957,410
5,336,940
5,953,710

201406122339(201406122339)
4,772,430
10,373,070
19,957,410
5,347,140
5,953,710

201406122340(201406122340)
4,772,430
10,373,070
19,961,640
5,347,140
5,953,710

201406122341(201406122341)
4,772,430
10,381,920
19,961,640
5,347,140
5,953,710

201406122342(201406122342)
4,785,180
10,381,920
19,961,640
5,360,340
5,956,350

201406122349(201406122349)
10,381,920
19,961,640
5,360,340
5,956,350

201406122350(201406122350)
5,381,670
5,957,850

201406122352(201406122352)
10,392,990
19,964,040
5,381,670
5,957,850

201406122352(201406122352)
4,787,640
10,392,990
19,964,040
5,381,670
5,957,850

201406130000(201406130000)
10,392,990
19,964,040
5,382,810
5,976,240

201406130000(201406130000)
4,792,830
10,392,990
19,964,040
5,382,810
5,976,240

201406130001(201406130001)
4,792,830
10,392,990
19,964,040
5,382,810
5,976,240

201406130002(201406130002)
4,794,060
10,392,990
19,964,040
5,382,810
5,983,200

201406130009(201406130009)
10,392,990
19,964,040
5,388,750
5,983,200

201406130010(201406130010)
4,813,800
10,392,990
19,982,550
5,393,250
5,983,200

201406130011(201406130011)
4,813,800
10,392,990
19,982,550
5,395,020
5,983,200

201406130012(201406130012)
4,813,800
10,392,990
19,982,550
5,395,140
5,983,200

201406130019(201406130019)
4,846,290
10,451,970
19,982,550
5,407,410
5,993,070

201406130020(201406130020)
4,857,390
10,453,920
19,982,550
5,407,410
5,993,070

201406130021(201406130021)
4,857,390
10,453,920
19,982,550
5,410,500
5,993,070

201406130022(201406130022)
4,857,390
10,453,920
19,982,550
5,410,500
5,993,070

201406130029(201406130029)
4,857,390
10,453,920
19,982,550
5,410,500
5,993,070

201406130030(201406130030)
10,477,530
19,982,550
5,417,220
5,997,960

201406130031(201406130031)
4,865,520
10,479,780
19,982,550
5,420,100
5,997,960

201406130032(201406130032)
4,865,520
10,479,780
19,982,550
5,420,550
6,002,040

201406130039(201406130039)
4,873,560
10,490,310
20,111,460
5,435,250
6,020,190

201406130040(201406130040)
4,897,860
10,490,310
20,111,460
5,435,250
6,032,280

201406130041(201406130041)
4,897,860
10,490,310
20,111,460
5,440,560
6,056,250

201406130042(201406130042)
4,897,860
10,495,110
20,111,460
5,443,110
6,058,410

201406130049(201406130049)
4,897,860
10,531,830
20,111,460
5,445,450
6,069,900

201406130050(201406130050)
4,897,860
10,531,830
20,111,460
5,445,450
6,071,910

201406130051(201406130051)
--
10,531,830
20,111,460
5,447,730
6,071,910

201406130052(201406130052)
4,897,860
10,578,000
20,111,460
5,454,060
6,071,910

201406130059(201406130059)
4,900,110
10,578,000
20,111,460
5,456,040
6,090,990

201406130100(201406130100)
4,907,730
10,578,000
20,111,460
5,456,040
6,096,090

201406130101(201406130101)
4,908,540
10,578,000
20,111,460
5,456,040
6,096,090

201406130102(201406130102)
4,908,540
10,578,000
20,111,460
5,456,040
6,096,090

201406130109(201406130109)
4,912,290
10,616,910
20,111,640
5,456,040
6,096,090

201406130110(201406130110)
4,912,290
10,616,910
20,111,640
5,456,040
6,096,090

201406130111(201406130111)
4,912,290
10,616,910
20,111,640
5,456,040
6,096,090

201406130112(201406130112)
4,912,290
10,616,910
20,111,640
5,456,040
6,096,090

201406130119(201406130119)
4,912,290
10,635,240
20,143,470
5,458,260
6,120,180

201406130120(201406130120)
4,912,290
10,635,240
20,143,470
5,458,260
6,120,180

201406130121(201406130121)
4,912,290
10,635,240
20,143,470
5,458,260
6,120,180

201406130122(201406130122)
4,936,530
10,635,240
20,143,470
5,458,260
6,120,180

201406130129(201406130129)
--
10,635,240
20,143,470
5,458,260
6,127,200

201406130130(201406130130)
4,950,810
10,635,240
20,143,470
5,458,260
6,127,200

201406130131(201406130131)
4,950,810
10,635,240
20,143,470
5,458,260
6,127,200

201406130132(201406130132)
4,950,810
10,635,240
20,143,470
5,459,400
6,127,200

201406130139(201406130139)
4,955,820
10,635,240
20,143,470
5,492,700
6,146,670

201406130140(201406130140)
4,955,820
10,635,240
20,143,470
5,492,700
6,146,670

201406130141(201406130141)
4,955,820
10,635,240
20,143,470
5,495,490
6,146,670

201406130142(201406130142)
4,955,820
10,635,240
20,143,470
5,499,630
6,151,080

201406130149(201406130149)
4,955,820
10,635,240
20,143,470
5,499,630
6,151,080

201406130150(201406130150)
4,955,820
10,638,630
20,143,470
5,511,300
6,166,860

201406130151(201406130151)
4,955,820
10,638,630
20,143,470
5,511,300
6,166,860
10,638,630
20,143,470
5,511,300
6,166,860

201406130152(201406130152)
4,955,820
10,638,630
20,143,470
5,511,300
6,166,860

201406130200(201406130200)
10,638,630
20,143,470
5,515,380
6,171,840

201406130201(201406130201)
4,976,490
10,638,630
20,143,470
5,515,380
6,171,840

201406130202(201406130202)
10,638,630
20,143,470
5,518,590
6,173,520

201406130203(201406130203)
4,976,490
10,638,630
20,143,470
5,518,590
6,173,520

201406130210(201406130210)
4,988,340
10,640,940
20,143,470
5,518,590
6,175,890

201406130210(201406130210)
4,988,340
10,640,940
20,143,470
5,518,590
6,175,890

201406130211(201406130211)
4,988,340
10,640,940
20,143,470
5,525,610
6,180,180

201406130212(201406130212)
4,988,340
10,640,940
20,143,470
5,525,610
6,180,180

201406130509(201406130509)
5,111,430
10,841,460
20,235,420
5,665,710
6,292,020

201406130510(201406130510)
5,111,430
10,841,460
20,235,420
5,670,690
6,292,020

201406130511(201406130511)
5,111,430
10,841,460
20,235,420
5,670,690
6,292,020

201406130512(201406130512)
5,111,430
10,841,460
20,235,420
5,670,690
6,292,020

201406130519(201406130519)
5,111,430
10,841,460
20,235,420
5,670,690
6,292,020

201406130520(201406130520)
5,111,430
10,841,460
20,235,420
5,670,690
6,295,650

201406130521(201406130521)
5,111,430
10,841,460
20,235,420
5,670,690
6,295,650

201406130522(201406130522)
5,111,430
10,841,460
20,235,420
5,670,690
6,295,650

201406130529(201406130529)
5,127,690
10,841,460
20,235,420
5,670,690
6,295,650

201406130530(201406130530)
5,127,690
10,841,460
20,235,420
5,670,690
6,295,650

201406130531(201406130531)
5,127,690
10,841,460
20,235,420
5,670,690
6,295,650

201406130532(201406130532)
5,127,690
10,841,460
20,235,420
5,677,920
6,295,650

201406130539(201406130539)
5,127,690
10,841,460
20,235,420
5,687,580
6,310,410

201406130540(201406130540)
5,127,690
10,841,460
20,235,420
5,687,580
6,310,410

201406130541(201406130541)
5,127,690
10,841,460
20,235,420
5,687,580
6,310,410

201406130542(201406130542)
5,127,690
10,841,460
20,235,420
5,687,580
6,310,410

201406130549(201406130549)
5,127,690
10,842,900
20,235,420
5,687,580
6,310,410

201406130550(201406130550)
5,127,690
10,842,900
20,235,420
5,687,580
6,316,950

201406130551(201406130551)
5,127,690
10,842,900
20,235,420
5,687,580
6,316,950

201406130552(201406130552)
5,127,690
10,842,900
20,235,420
5,687,580
6,316,950

201406130559(201406130559)
5,130,000
10,842,900
20,235,420
5,687,580
6,320,400

201406130600(201406130600)
5,130,000
10,842,900
20,235,420
5,687,580
6,320,400

201406130601(201406130601)
5,130,000
10,842,900
20,235,420
5,687,580
6,320,400

201406130602(201406130602)
5,130,000
10,842,900
20,235,420
5,687,580
6,320,400

201406130609(201406130609)
5,132,820
10,842,900
20,235,420
5,687,700
6,323,490

201406130610(201406130610)
5,132,820
10,842,900
20,235,420
5,687,700
6,323,490

201406130611(201406130611)
5,132,820
10,842,900
20,235,420
5,687,700
6,323,490

201406130612(201406130612)
5,132,820
10,842,900
20,235,420
5,687,700
6,323,490

201406130619(201406130619)
5,142,690
10,842,900
20,235,420
5,695,020
6,324,090

201406130620(201406130620)
5,142,690
10,845,150
20,235,420
5,695,020
6,324,090

201406130621(201406130621)
5,142,690
10,845,150
20,235,420
5,695,020
6,324,090

201406130622(201406130622)
5,142,690
10,845,150
20,235,420
5,695,020
6,324,090

201406130629(201406130629)
5,142,690
10,845,150
20,235,420
5,696,820
6,324,090

201406130630(201406130630)
5,142,690
10,845,150
20,235,420
5,696,820
6,324,090

201406130631(201406130631)
5,142,690
10,845,150
20,235,420
5,696,820
6,324,090

201406130632(201406130632)
5,142,690
10,845,150
20,235,420
5,696,820
6,324,090

201406130639(201406130639)
5,144,400
10,845,150
20,235,420
5,696,820
6,324,090

201406130640(201406130640)
5,144,400
10,845,150
20,235,420
5,696,820
6,324,090

201406130641(201406130641)
5,144,400
10,845,150
20,235,420
5,696,820
6,324,090

201406130642(201406130642)
5,144,400
10,845,150
20,235,420
5,696,820
6,324,090

201406130649(201406130649)
5,159,610
10,845,150
20,235,420
5,696,820
6,324,090

201406130650(201406130650)
5,159,610
10,845,150
20,235,420
5,696,820
6,324,090

201406130651(201406130651)
5,159,610
10,845,150
20,235,420
5,696,820
6,324,090

201406130652(201406130652)
5,159,610
10,845,150
20,235,420
5,696,820
6,324,090

201406130659(201406130659)
5,160,780
10,850,460
20,235,420
5,707,830
6,325,830

201406130700(201406130700)
5,160,780
10,850,460
20,235,420
5,707,830
6,325,830

201406130701(201406130701)
5,160,780
10,850,460
20,235,420
5,707,830
6,325,830

201406130702(201406130702)
5,160,780
10,850,460
20,235,420
5,712,600
6,325,830

201406130709(201406130709)
5,160,780
10,856,520
20,235,420
5,712,600
6,328,890

201406130710(201406130710)
5,160,780
10,856,520
20,235,420
5,712,600
6,328,890

201406130711(201406130711)
5,160,780
10,856,520
20,235,420
5,712,600
6,328,890

201406130712(201406130712)
5,160,780
10,856,520
20,235,420
5,712,600
6,328,890

201406130719(201406130719)
5,163,300
10,856,520
20,235,420
5,712,600
6,334,890

201406130720(201406130720)
5,163,300
10,856,520
20,235,420
5,712,600
6,334,890

201406130721(201406130721)
5,163,300
10,856,520
20,235,420
5,712,600
6,334,890

201406130722(201406130722)
5,163,300
10,856,520
20,235,420
5,712,600
6,334,890

201406130729(201406130729)
5,169,480
10,868,850
20,235,420
5,712,600
6,334,890

201406130730(201406130730)
5,169,480
10,868,850
20,235,420
5,712,600
6,334,890

201406130731(201406130731)
5,169,480
10,868,850
20,235,420
5,712,600
6,334,890

201406130732(201406130732)
5,169,480
10,868,850
20,235,420
5,712,600
6,334,890

201406130739(201406130739)
5,169,480
10,868,850
20,235,420
5,714,130
6,337,920

201406130740(201406130740)
5,169,480
10,868,850
20,235,420
5,714,130
6,337,920

201406130741(201406130741)
5,169,480
10,871,010
20,235,420
5,714,130
6,338,580

201406130742(201406130742)
5,169,480
10,871,010
20,235,420
5,714,130
6,338,580

201406130749(201406130749)
5,183,280
10,871,010
20,331,330
5,721,270
6,338,580

201406130750(201406130750)
5,183,280
10,871,010
20,331,330
5,724,030
6,338,580

201406130751(201406130751)
5,183,280
10,871,010
20,331,330
5,724,030
6,338,580

201406130752(201406130752)
5,186,370
10,871,010
20,331,330
5,724,030
6,347,100

201406130800(201406130800)
5,186,370
10,871,010
20,331,330
5,724,030
6,347,100
10,908,000
20,331,330
5,724,030
6,347,100

201406130800(201406130800)
5,189,580
10,908,000
20,331,330
5,724,030
6,347,100

201406130801(201406130801)
5,189,580
10,909,710
20,390,070
5,724,030
6,347,100

201406130802(201406130802)
5,189,580
10,920,150
20,390,070
5,724,030
6,347,100

201406130809(201406130809)
10,950,360
10,950,360
20,390,070
5,756,010
6,355,080

201406130810(201406130810)
5,195,910
10,950,360
20,390,070
5,756,010
6,355,080

201406130811(201406130811)
5,195,910
10,950,360
20,390,070
5,756,010
6,355,080

201406130812(201406130812)
5,195,910
10,950,360
20,390,070
5,756,010
6,355,080

201406130819(201406130819)
5,202,360
10,950,360
20,394,840
5,759,100
6,358,500

201406130820(201406130820)
5,203,260
10,950,360
20,394,840
5,759,100
6,358,500

201406130821(201406130821)
5,218,530
10,950,360
20,394,840
5,763,210
6,358,500

201406130822(201406130822)
5,226,330
10,950,360
20,394,840
5,763,210
6,361,140

201406130829(201406130829)
5,226,330
10,950,360
20,441,370
5,781,720
6,384,930

201406130830(201406130830)
5,226,330
10,950,360
20,441,370
5,781,720
6,384,930

201406130831(201406130831)
--
10,950,360
20,441,370
5,781,720
6,387,420

201406130832(201406130832)
--
10,950,360
20,444,970
5,781,720
6,387,420

201406130839(201406130839)
--
10,950,360
20,476,080
5,796,720
6,387,420

201406130840(201406130840)
5,232,000
10,950,360
20,476,080
5,796,720
6,387,420

201406130841(201406130841)
5,232,000
10,950,360
20,476,080
5,796,720
6,389,130

201406130842(201406130842)
5,232,270
10,950,360
20,476,080
5,796,720
6,389,130

201406130850(201406130850)
--
10,950,360
20,476,080
5,796,720
6,389,130

201406130851(201406130851)
--
--
20,476,080
--
6,389,130

201406130852(201406130852)
5,232,270
10,950,360
20,476,080
5,796,720
6,389,130

201406130853(201406130853)
--
10,950,360
20,476,080
5,796,720
6,389,130

201406130859(201406130859)
5,249,910
10,950,360
20,476,080
5,822,610
6,397,500

201406130900(201406130900)
5,249,910
10,950,360
20,476,080
5,822,610
6,405,000

201406130901(201406130901)
5,249,910
10,950,360
20,476,080
5,822,610
6,405,000

201406130902(201406130902)
5,249,910
10,950,360
20,476,080
5,822,610
6,405,000

201406130909(201406130909)
5,249,910
10,950,360
20,476,080
5,822,610
6,405,000

201406130910(201406130910)
5,249,910
10,950,360
20,476,080
5,822,610
6,415,170

201406130911(201406130911)
5,249,910
10,950,360
20,476,080
5,822,610
6,415,170

201406130912(201406130912)
5,256,450
10,950,360
20,476,080
5,822,610
6,415,170

201406130919(201406130919)
5,281,560
10,954,140
20,476,080
5,843,160
6,415,170

201406130920(201406130920)
5,289,660
10,954,140
20,476,080
5,843,160
6,418,140

201406130921(201406130921)
5,289,660
10,954,140
20,476,080
5,843,160
6,418,140

201406130922(201406130922)
5,290,800
10,954,140
20,476,080
5,843,160
6,418,140

201406130929(201406130929)
5,290,800
10,983,870
20,476,080
5,862,900
6,421,890

201406130930(201406130930)
5,290,800
10,983,870
20,476,080
5,862,900
6,421,890

201406130931(201406130931)
5,290,800
10,983,870
20,476,080
5,862,900
6,421,890

201406130932(201406130932)
5,290,800
10,983,870
20,476,080
5,862,900
6,421,890

201406130939(201406130939)
5,290,800
11,004,060
20,476,080
5,862,900
6,422,070

201406130940(201406130940)
5,290,800
11,004,060
20,476,080
5,862,900
6,422,070

201406130941(201406130941)
5,290,800
11,004,060
20,476,080
5,862,900
6,422,070

201406130942(201406130942)
5,290,800
11,004,060
20,476,080
5,862,900
6,422,070

201406130949(201406130949)
5,290,800
11,004,060
20,476,080
5,874,480
6,422,070

201406130950(201406130950)
5,290,800
11,004,060
20,476,080
5,874,480
6,422,070

201406130951(201406130951)
5,290,800
11,004,060
20,476,080
5,874,480
6,422,070

201406130952(201406130952)
5,290,800
11,004,060
20,476,080
5,874,480
6,422,070

201406130959(201406130959)
5,290,800
11,010,810
20,476,080
5,875,050
6,437,640

201406131000(201406131000)
--
11,010,810
20,476,080
5,875,050
6,437,640

201406131001(201406131001)
5,290,800
11,010,810
20,476,080
5,875,050
6,437,640

201406131002(201406131002)
5,290,800
11,010,810
20,476,080
5,889,780
6,437,640

201406131009(201406131009)
5,290,800
11,010,810
20,476,080
5,889,780
6,437,640

201406131011(201406131011)
11,010,810
20,476,080
5,889,780
6,437,640

201406131012(201406131012)
11,010,810
20,476,080
5,889,780
6,437,640
20,476,080
5,911,980
6,450,720

201406131013(201406131013)
--
11,010,810
20,476,080
5,911,980
6,450,720

201406131019(201406131019)
5,300,520
11,010,810
20,541,390
5,911,980
6,450,720

201406131020(201406131020)
5,300,520
11,010,810
20,541,390
5,911,980
6,456,600

201406131021(201406131021)
5,300,520
11,010,810
20,541,390
5,911,980
6,456,600

201406131022(201406131022)
5,300,520
11,010,810
20,541,390
5,911,980
6,456,600

201406131030(201406131030)
--
11,010,810
20,541,390
5,923,020
6,471,270

201406131030(201406131030)
5,300,520
11,010,810
20,541,390
5,923,020
6,471,270

201406131031(201406131031)
5,300,520
11,010,810
20,541,390
5,923,020
6,471,270

201406131032(201406131032)
11,010,810
20,541,390
5,923,020
6,471,270

201406131039(201406131039)
5,300,520
11,010,810
20,541,390
5,923,020
6,471,270

201406131040(201406131040)
5,300,520
11,010,810
20,541,390
5,923,020
6,471,270

201406131041(201406131041)
5,302,980
11,012,580
20,541,390
5,923,020
6,471,270

201406131042(201406131042)
5,302,980
11,012,580
20,541,390
5,923,020
6,471,270

201406131049(201406131049)
5,302,980
11,012,580
20,541,390
5,923,020
6,471,270

201406131051(201406131051)
20,570,700
5,944,500
6,476,430

201406131052(201406131052)
5,308,050
11,012,580
20,570,700
5,944,500
6,476,430

201406131052(201406131052)
--
11,012,580
20,570,700
5,959,920
6,476,430

201406131059(201406131059)
5,324,430
11,012,580
20,570,700
5,959,920
6,489,180

201406131100(201406131100)
5,324,430
11,012,580
20,570,700
5,959,920
6,489,180

201406131101(201406131101)
5,324,430
11,013,660
20,570,700
5,959,920
6,489,180

201406131102(201406131102)
5,324,430
11,013,660
20,570,700
5,959,920
6,489,180

201406131110(201406131110)
--
--
20,570,700
5,959,920
6,489,180

201406131112(201406131112)
--
--
20,570,700
5,959,920
6,489,180

201406131114(201406131114)
--
11,013,660
--
--
5,959,920

201406131116(201406131116)
--
--
20,570,700
--
6,489,180

201406131119(201406131119)
5,324,910
11,028,600
20,642,880
5,959,920
6,495,120

201406131120(201406131120)
5,324,910
11,028,600
20,642,880
5,959,920
6,495,120

201406131121(201406131121)
5,324,910
11,028,600
20,642,880
5,959,920
6,495,120

201406131122(201406131122)
5,324,910
11,028,600
20,642,880
5,959,920
6,495,120

201406131129(201406131129)
5,324,910
11,028,600
20,642,880
5,959,920
6,495,120

201406131130(201406131130)
5,330,430
11,028,600
20,642,880
5,959,920
6,495,120

201406131131(201406131131)
--
11,028,600
20,642,880
5,959,920
6,495,120

201406131132(201406131132)
--
11,028,600
20,642,880
5,959,920
6,495,120

201406131139(201406131139)
5,341,740
11,035,860
20,642,880
5,959,920
6,495,120

201406131140(201406131140)
5,341,740
11,035,860
20,642,880
5,959,920
6,495,120

201406131141(201406131141)
5,341,740
11,035,860
20,642,880
5,959,920
6,495,120

201406131142(201406131142)
5,341,740
11,035,860
20,642,880
5,959,920
6,495,120

201406131149(201406131149)
5,341,740
11,035,860
20,642,880
5,959,920
6,495,120

201406131150(201406131150)
--
11,035,860
20,702,700
5,961,720
6,495,120

201406131151(201406131151)
--
11,035,860
20,702,700
5,961,720
6,495,120

201406131152(201406131152)
5,341,740
11,035,860
20,702,700
5,961,720
6,495,150

201406131200(201406131200)
5,351,340
11,035,860
20,702,700
5,961,720
6,497,490

201406131200(201406131200)
11,035,860
20,702,700
5,961,720
6,497,490

201406131201(201406131201)
5,351,340
11,035,860
20,702,700
5,961,720
6,497,490

201406131202(201406131202)
5,351,340
11,035,860
20,702,700
5,961,720
6,497,490

201406131209(201406131209)
5,351,340
11,035,860
20,702,700
5,961,720
6,497,490

201406131211(201406131211)
5,357,610
11,035,860
20,702,700
5,973,060
6,497,490

201406131212(201406131212)
5,357,610
11,035,860
20,702,700
5,973,060
6,497,490

201406131219(201406131219)
--
11,035,860
20,702,700
5,982,720
6,497,490

201406131220(201406131220)
5,368,050
11,035,860
20,702,700
5,982,720
6,499,500

201406131221(201406131221)
5,368,050
11,035,860
20,702,700
5,982,720
6,499,500

201406131222(201406131222)
5,368,050
11,035,860
20,702,700
5,982,720
6,499,500

201406131229(201406131229)
5,368,050
11,035,860
20,702,700
5,982,720
6,499,500

201406131230(201406131230)
--
11,050,080
20,702,700
5,985,990
6,504,210

201406131231(201406131231)
5,369,940
11,050,080
20,702,700
5,985,990
6,504,210

201406131232(201406131232)
5,369,940
--
20,702,700
5,990,010
6,507,930

201406131239(201406131239)
5,380,890
11,060,850
20,702,700
6,000,510
6,527,100

201406131240(201406131240)
5,380,890
11,060,850
20,702,700
6,005,400
6,539,970

201406131241(201406131241)
5,380,890
11,060,850
20,702,700
6,005,400
6,539,970

201406131242(201406131242)
5,380,890
11,060,850
20,702,700
6,005,400
6,544,500

201406131250(201406131250)
--
11,066,370
20,702,700
6,018,570
6,557,880

201406131250(201406131250)
5,380,890
11,066,370
20,702,700
6,018,570
6,557,880

201406131251(201406131251)
5,380,890
11,066,370
20,702,700
6,018,570
6,557,880

201406131252(201406131252)
5,381,490
11,066,370
20,702,700
6,018,570
6,557,880

201406131259(201406131259)
5,381,490
11,066,370
20,702,700
6,018,570
6,557,880

201406131300(201406131300)
5,381,670
11,066,370
20,702,700
6,018,570
6,557,880

201406131301(201406131301)
5,390,760
11,066,370
20,702,700
6,018,570
6,580,980

201406131302(201406131302)
11,066,370
20,702,700
6,018,570
6,580,980

201406131309(201406131309)
5,390,760
11,066,370
20,702,700
6,018,570
6,580,980

201406131310(201406131310)
5,390,760
5,390,760
20,702,700
6,026,850
6,586,950

201406131311(201406131311)
5,390,760
11,066,370
20,702,700
6,028,980
6,593,670

201406131312(201406131312)
--
11,066,370
20,702,700
6,028,980
6,593,670

201406131320(201406131320)
5,398,200
11,066,370
20,702,700
6,031,530
6,600,960

201406131320(201406131320)
5,398,200
11,066,370
20,702,700
6,031,530
6,600,960

201406131321(201406131321)
5,398,200
11,066,370
20,702,700
6,052,260
6,600,960

201406131322(201406131322)
5,398,200
11,066,370
20,702,700
6,052,260
6,600,960

201406131329(201406131329)
5,400,930
11,080,290
20,715,960
6,052,260
6,608,640

201406131330(201406131330)
5,400,930
11,080,290
20,715,960
6,052,260
6,608,640

201406131331(201406131331)
5,400,930
11,080,290
20,715,960
6,052,260
6,608,640

201406131332(201406131332)
5,400,930
11,080,290
20,715,960
6,052,260
6,608,640

201406131339(201406131339)
5,400,930
11,089,890
20,715,960
6,052,260
6,608,640

201406131340(201406131340)
5,400,930
11,089,890
20,715,960
6,052,260
6,608,640

201406131341(201406131341)
5,400,930
11,089,890
20,715,960
6,052,260
6,608,640

201406131342(201406131342)
5,400,930
11,089,890
20,715,960
6,052,260
6,608,640

201406131349(201406131349)
5,400,930
11,097,570
20,715,960
6,052,260
6,626,310

201406131350(201406131350)
5,400,930
11,097,570
20,715,960
6,052,260
6,629,130

201406131351(201406131351)
--
11,097,570
20,715,960
6,052,260
6,629,130

201406131352(201406131352)
5,400,930
11,097,570
20,715,960
6,052,260
6,629,130

201406131359(201406131359)
5,401,260
11,097,570
20,715,960
6,052,260
6,629,130

201406131400(201406131400)
5,402,490
11,097,570
20,715,960
6,052,260
6,629,130

201406131401(201406131401)
5,402,490
11,097,570
20,715,960
6,052,260
6,629,130

201406131402(201406131402)
5,402,490
11,097,570
20,715,960
6,052,260
6,629,130

201406131409(201406131409)
5,402,490
11,097,570
20,715,960
6,063,810
6,629,130

201406131410(201406131410)
5,402,490
11,097,570
20,715,960
6,066,600
6,629,130

201406131411(201406131411)
5,402,490
11,097,570
20,715,960
6,066,600
6,629,130

201406131412(201406131412)
5,402,490
11,101,680
20,715,960
6,066,600
6,629,130

201406131420(201406131420)
--
11,101,680
20,715,960
6,066,600
6,635,790

201406131420(201406131420)
5,402,490
11,101,680
20,715,960
6,066,600
6,635,790

201406131421(201406131421)
5,402,490
11,101,680
20,715,960
6,066,600
6,635,790

201406131422(201406131422)
5,402,490
11,101,680
20,715,960
6,069,900
6,635,790

201406131429(201406131429)
--
11,104,770
20,715,960
6,080,310
6,644,910

201406131430(201406131430)
5,402,490
11,104,770
20,715,960
6,080,310
6,644,910

201406131431(201406131431)
5,402,490
11,104,770
20,715,960
6,080,310
6,644,910

201406131432(201406131432)
5,402,490
11,104,770
20,715,960
6,080,310
6,644,910

201406131439(201406131439)
5,402,490
11,104,770
20,715,960
6,080,310
6,644,910

201406131440(201406131440)
5,402,490
11,104,770
20,715,960
6,080,310
6,644,910

201406131441(201406131441)
5,402,490
11,108,220
20,715,960
6,080,310
6,644,910

201406131442(201406131442)
5,402,490
11,108,220
20,715,960
6,080,310
6,644,910

201406131450(201406131450)
--
--
20,715,960
6,080,310
6,644,910

201406131451(201406131451)
5,402,490
--
20,715,960
6,080,310
6,644,910

201406131453(201406131453)
--
11,108,220
--
--
6,644,910

201406131606(201406131606)
5,410,500
11,166,930
20,715,960
6,108,300
6,700,830

201406131609(201406131609)
5,410,500
11,166,930
20,715,960
6,108,300
6,700,830

201406131610(201406131610)
5,410,500
11,166,930
20,715,960
6,108,300
6,700,830

201406131611(201406131611)
5,423,700
11,166,930
20,715,960
6,108,300
6,700,830

201406131612(201406131612)
5,423,700
11,167,590
20,715,960
6,108,300
6,700,830

201406131619(201406131619)
5,428,320
11,167,590
20,715,960
6,108,300
6,700,830

201406131620(201406131620)
5,428,320
11,167,590
20,715,960
6,108,300
6,700,830

201406131621(201406131621)
5,428,320
11,167,590
20,715,960
6,114,690
6,700,830

201406131622(201406131622)
5,428,320
11,167,590
20,715,960
6,114,690
6,700,830

201406131629(201406131629)
5,428,320
11,167,590
20,715,960
6,114,690
6,707,010

201406131630(201406131630)
5,428,320
11,167,590
20,715,960
6,114,690
6,707,010

201406131631(201406131631)
5,428,320
11,167,590
20,715,960
6,114,690
6,707,010

201406131632(201406131632)
5,430,990
11,167,590
20,715,960
6,114,690
6,707,010

201406131639(201406131639)
5,430,990
11,167,590
20,715,960
6,122,490
6,707,010

201406131640(201406131640)
5,430,990
11,167,590
20,715,960
6,122,490
6,707,010

201406131641(201406131641)
5,430,990
11,167,590
20,715,960
6,122,490
6,707,010

201406131642(201406131642)
5,430,990
11,167,590
20,715,960
6,122,490
6,707,010

201406131649(201406131649)
5,430,990
11,183,490
20,715,960
6,122,490
6,714,210

201406131650(201406131650)
5,430,990
11,183,490
20,715,960
6,122,490
6,714,210

201406131651(201406131651)
5,430,990
11,183,490
20,715,960
6,122,490
6,714,210

201406131652(201406131652)
5,430,990
11,183,490
20,715,960
6,122,490
6,714,210

201406131659(201406131659)
5,430,990
11,194,980
20,715,960
6,122,490
6,714,210

201406131700(201406131700)
5,430,990
11,194,980
20,715,960
6,122,490
6,714,210

201406131701(201406131701)
5,430,990
11,194,980
20,715,960
6,122,490
6,714,210

201406131702(201406131702)
5,430,990
11,194,980
20,715,960
6,122,490
6,714,210

201406131709(201406131709)
5,430,990
11,197,800
20,715,960
6,122,490
6,714,210

201406131710(201406131710)
5,430,990
11,197,800
20,715,960
6,122,490
6,714,210

201406131711(201406131711)
5,430,990
11,213,040
20,715,960
6,122,490
6,714,210

201406131712(201406131712)
5,430,990
11,213,040
20,715,960
6,122,490
6,714,210

201406131719(201406131719)
5,433,060
11,213,040
20,715,960
6,136,290
6,714,210

201406131720(201406131720)
5,433,060
11,213,040
20,715,960
6,136,290
6,718,710

201406131721(201406131721)
5,437,770
11,213,040
20,715,960
6,136,290
6,718,710

201406131722(201406131722)
5,437,770
11,213,040
20,715,960
6,136,290
6,718,710

201406131729(201406131729)
5,437,770
11,213,040
20,715,960
6,149,250
6,718,710

201406131730(201406131730)
5,437,770
11,213,040
20,715,960
6,159,510
6,718,710

201406131731(201406131731)
5,450,940
11,213,040
20,715,960
6,159,510
6,718,710

201406131732(201406131732)
5,455,260
11,213,040
20,715,960
6,159,510
6,730,110

201406131739(201406131739)
5,455,500
11,213,040
20,717,700
6,159,510
6,740,520

201406131740(201406131740)
5,455,500
11,213,040
20,717,700
6,159,510
6,740,520

201406131741(201406131741)
5,465,160
11,213,040
20,717,700
6,159,510
6,740,520

201406131742(201406131742)
5,465,160
11,213,040
20,717,700
6,159,510
6,740,520

201406131749(201406131749)
5,465,160
11,213,040
20,717,700
6,159,510
6,740,520

201406131750(201406131750)
5,465,160
11,213,040
20,717,700
6,159,510
6,740,520

201406131751(201406131751)
5,465,160
11,213,040
20,717,700
6,159,510
6,740,520

201406131752(201406131752)
5,465,160
11,213,040
20,717,700
6,159,510
6,740,520

201406131759(201406131759)
5,465,160
11,213,040
20,717,700
6,159,690
6,740,520

201406131800(201406131800)
5,465,160
11,213,040
20,717,700
6,161,250
6,740,520

201406131801(201406131801)
5,465,160
11,213,040
20,717,700
6,161,250
6,740,520

201406131802(201406131802)
5,465,160
11,213,040
20,717,700
6,161,250
6,740,520

201406131809(201406131809)
5,465,160
11,213,040
20,717,700
6,161,250
6,740,520

201406131810(201406131810)
5,465,160
11,213,040
20,717,700
6,161,250
6,740,520

201406131811(201406131811)
5,466,510
11,220,090
20,719,020
6,161,250
6,740,520

201406131812(201406131812)
5,469,660
11,220,090
20,741,220
6,161,250
6,740,520

201406131819(201406131819)
5,469,660
11,220,090
20,741,220
6,161,250
6,745,320

201406131820(201406131820)
5,469,660
11,220,090
20,741,220
6,161,250
6,745,320

201406131821(201406131821)
5,478,420
11,220,090
20,741,220
6,161,250
6,745,320

201406131822(201406131822)
5,478,420
11,220,090
20,741,220
6,161,250
6,745,320

201406131829(201406131829)
5,479,770
11,224,080
20,741,220
6,162,300
6,745,320

201406131830(201406131830)
5,479,770
11,224,080
20,892,450
6,162,300
6,745,320

201406131831(201406131831)
5,479,770
11,238,450
21,031,920
6,162,300
6,745,320

201406131832(201406131832)
5,479,770
11,244,900
21,031,920
6,162,300
6,745,320

201406131839(201406131839)
5,482,410
11,244,900
21,031,920
6,171,840
6,748,650

201406131840(201406131840)
5,482,410
11,244,900
21,031,920
6,171,840
6,748,650

201406131841(201406131841)
5,482,410
11,244,900
21,031,920
6,175,770
6,751,290

201406131842(201406131842)
5,482,410
11,244,900
21,031,920
6,175,770
6,751,290

201406131849(201406131849)
5,482,410
11,244,900
21,209,970
6,177,420
6,766,620

201406131850(201406131850)
5,482,410
11,244,900
21,209,970
6,177,420
6,766,620

201406131851(201406131851)
5,482,410
11,244,900
21,209,970
6,177,420
6,767,940

201406131852(201406131852)
5,482,410
11,244,900
21,209,970
6,177,420
6,767,940

201406131859(201406131859)
5,499,690
11,244,900
21,209,970
6,177,420
6,773,130

201406131900(201406131900)
5,499,690
11,258,910
21,209,970
6,177,420
6,773,130

201406131901(201406131901)
5,499,690
11,258,910
21,209,970
6,177,420
6,773,130

201406131902(201406131902)
5,499,690
11,258,910
21,209,970
6,177,420
6,773,130

