201406131909(201406131909)
5,507,160
11,259,570
21,209,970
6,179,280
6,773,130

201406131910(201406131910)
5,507,160
11,259,570
21,209,970
6,179,280
6,773,130

201406131911(201406131911)
5,507,160
11,264,760
21,209,970
6,180,180
6,773,130

201406131912(201406131912)
5,507,160
11,264,760
21,209,970
6,180,180
6,776,550

201406131919(201406131919)
5,514,570
11,270,040
21,209,970
6,188,250
6,786,630

201406131920(201406131920)
5,514,570
11,270,040
21,209,970
6,193,440
6,786,630

201406131921(201406131921)
5,519,400
11,270,040
21,209,970
6,193,440
6,788,910

201406131922(201406131922)
5,519,400
11,270,040
21,209,970
6,193,440
6,788,910

201406131929(201406131929)
5,519,400
11,287,950
21,209,970
6,204,600
6,788,910

201406131930(201406131930)
5,519,400
11,287,950
21,209,970
6,204,600
6,788,910

201406131931(201406131931)
5,519,400
11,287,950
21,209,970
6,204,600
6,788,910

201406131932(201406131932)
5,519,400
11,297,130
21,209,970
6,204,600
6,788,910

201406131939(201406131939)
5,538,180
11,320,110
21,209,970
6,204,810
6,788,910

201406131940(201406131940)
5,538,180
11,326,530
21,209,970
6,204,810
6,788,910

201406131941(201406131941)
5,538,180
11,326,530
21,209,970
6,204,810
6,788,910

201406131942(201406131942)
5,546,460
11,326,530
21,209,970
6,204,810
6,788,910

201406131949(201406131949)
5,546,460
11,331,150
21,209,970
6,207,420
6,794,850

201406131950(201406131950)
5,546,460
11,337,660
21,209,970
6,207,420
6,794,850

201406131951(201406131951)
5,546,460
11,337,660
21,209,970
6,207,420
6,794,850

201406131952(201406131952)
5,546,460
11,337,660
21,209,970
6,207,420
6,794,850

201406131959(201406131959)
5,546,460
11,349,180
21,209,970
6,211,050
6,795,420

201406132000(201406132000)
5,546,460
11,349,180
21,209,970
6,222,930
6,795,420

201406132001(201406132001)
5,546,460
11,349,180
21,209,970
6,222,930
6,795,420

201406132002(201406132002)
5,546,460
11,349,180
21,209,970
6,222,930
6,795,420

201406132009(201406132009)
5,546,460
11,349,180
21,209,970
6,238,320
6,797,370

201406132010(201406132010)
5,546,460
11,353,290
21,209,970
6,243,900
6,797,370

201406132011(201406132011)
5,546,460
11,353,290
21,209,970
6,254,820
6,797,370

201406132012(201406132012)
5,546,460
11,356,230
21,209,970
6,254,820
6,797,370

201406132019(201406132019)
5,549,790
11,356,230
21,209,970
6,263,430
6,816,300

201406132020(201406132020)
5,549,790
11,356,230
21,209,970
6,263,430
6,820,320

201406132021(201406132021)
5,549,790
11,356,230
21,209,970
6,263,430
6,822,120

201406132022(201406132022)
5,549,790
11,356,230
21,209,970
6,263,430
6,822,570

201406132029(201406132029)
5,570,040
11,356,230
21,209,970
6,285,600
6,822,570

201406132030(201406132030)
5,570,040
11,356,230
21,209,970
6,285,600
6,822,570

201406132031(201406132031)
5,570,040
11,356,230
21,209,970
6,285,600
6,822,570

201406132032(201406132032)
5,570,040
11,356,230
21,209,970
6,285,600
6,822,570

201406132039(201406132039)
5,618,100
11,356,230
21,209,970
6,285,600
6,829,290

201406132040(201406132040)
5,618,370
11,356,230
21,209,970
6,285,600
6,842,730

201406132041(201406132041)
5,618,370
11,356,230
21,209,970
6,285,600
6,845,400

201406132042(201406132042)
5,618,370
11,362,440
21,209,970
6,285,600
6,845,400

201406132049(201406132049)
5,638,110
11,362,440
21,209,970
6,295,650
6,851,010

201406132050(201406132050)
5,640,540
11,362,440
21,209,970
6,295,650
6,851,010

201406132051(201406132051)
5,640,540
11,362,440
21,209,970
6,296,880
6,858,180

201406132052(201406132052)
5,642,040
11,362,440
21,209,970
6,296,880
6,858,180

201406132059(201406132059)
5,653,020
11,362,440
21,209,970
6,305,550
6,866,820

201406132100(201406132100)
5,653,020
11,362,440
21,209,970
6,320,400
6,866,820

201406132101(201406132101)
5,653,020
11,362,440
21,209,970
6,320,400
6,888,810

201406132102(201406132102)
5,653,020
11,362,440
21,209,970
6,320,400
6,888,810

201406132109(201406132109)
5,653,020
11,372,400
21,209,970
6,320,400
6,894,510

201406132110(201406132110)
5,653,020
11,372,400
21,209,970
6,320,400
6,894,510

201406132111(201406132111)
5,653,020
11,372,400
21,209,970
6,320,400
6,894,510

201406132112(201406132112)
5,653,020
11,372,400
21,209,970
6,320,400
6,894,510

201406132119(201406132119)
5,653,020
11,372,400
21,209,970
6,326,220
6,900,630

201406132120(201406132120)
5,655,630
11,372,400
21,209,970
6,326,220
6,900,630

201406132121(201406132121)
5,655,630
11,372,400
21,209,970
6,326,220
6,900,630

201406132122(201406132122)
5,655,630
11,372,400
21,209,970
6,326,220
6,905,850

201406132129(201406132129)
5,685,930
11,372,400
21,209,970
6,332,940
6,910,560

201406132130(201406132130)
5,685,930
11,372,400
21,209,970
6,338,550
6,912,390

201406132131(201406132131)
5,685,930
11,372,400
21,209,970
6,338,550
6,914,730

201406132132(201406132132)
5,685,930
11,404,140
21,209,970
6,345,390
6,932,790

201406132139(201406132139)
5,687,310
11,404,140
21,209,970
6,354,360
6,957,600

201406132140(201406132140)
5,687,310
11,404,140
21,209,970
6,354,360
6,957,600

201406132141(201406132141)
5,687,310
11,404,140
21,209,970
6,354,360
6,957,600

201406132142(201406132142)
5,696,940
11,404,140
21,209,970
6,354,360
6,957,600

201406132149(201406132149)
5,712,540
11,404,140
21,209,970
6,355,800
6,957,600

201406132150(201406132150)
5,712,600
11,404,140
21,209,970
6,355,800
6,957,600

201406132151(201406132151)
5,714,130
11,404,140
21,209,970
6,356,370
6,957,600

201406132152(201406132152)
5,714,130
11,404,140
21,209,970
6,356,370
6,957,600

201406132159(201406132159)
5,747,820
11,404,140
21,209,970
6,366,240
6,964,590

201406132200(201406132200)
5,747,820
11,404,140
21,209,970
6,366,240
6,964,590

201406132201(201406132201)
5,747,820
11,404,140
21,209,970
6,366,240
6,964,590

201406132202(201406132202)
5,747,820
11,404,140
21,209,970
6,366,240
6,964,590

201406132209(201406132209)
5,754,720
11,421,360
21,209,970
6,384,780
6,965,400

201406132210(201406132210)
5,754,720
11,421,360
21,209,970
6,384,780
6,966,240

201406132211(201406132211)
5,754,720
11,421,360
21,209,970
6,384,780
6,966,240

201406132212(201406132212)
5,754,720
11,421,360
21,222,510
6,384,780
6,966,240

201406132219(201406132219)
5,768,070
11,427,330
21,222,510
6,384,780
6,991,620

201406132220(201406132220)
5,768,070
11,447,460
21,222,510
6,384,780
6,991,620

201406132221(201406132221)
5,768,070
11,453,760
21,222,510
6,384,780
6,991,620

201406132222(201406132222)
5,769,120
11,457,630
21,222,510
6,389,910
6,991,620

201406132229(201406132229)
5,796,060
11,504,640
21,222,510
6,390,300
7,000,110

201406132230(201406132230)
5,796,060
11,504,640
21,222,510
6,390,300
7,003,920

201406132231(201406132231)
5,804,340
11,504,640
21,222,510
6,390,300
7,003,920

201406132232(201406132232)
5,804,340
11,504,640
21,222,510
6,390,300
7,003,920

201406132239(201406132239)
5,805,300
11,504,640
21,222,510
6,418,320
7,003,920

201406132240(201406132240)
5,805,300
11,504,640
21,222,510
6,418,320
7,003,920

201406132241(201406132241)
5,805,300
11,510,040
21,222,510
6,418,320
7,003,920

201406132242(201406132242)
5,805,300
11,510,040
21,222,510
6,418,320
7,003,920

201406132249(201406132249)
5,805,390
11,523,390
21,222,510
6,418,320
7,015,350

201406132250(201406132250)
5,805,390
11,523,390
21,222,510
6,418,320
7,015,350

201406132251(201406132251)
5,806,560
11,523,390
21,222,510
6,418,320
7,015,350

201406132252(201406132252)
5,806,560
11,523,390
21,222,510
6,418,320
7,015,350

201406132259(201406132259)
5,810,760
11,541,540
21,222,510
6,420,120
7,022,280

201406132300(201406132300)
5,810,760
11,541,540
21,222,510
6,420,120
7,022,280

201406132301(201406132301)
5,810,760
11,541,540
21,222,510
6,420,120
7,022,280

201406132302(201406132302)
5,810,760
11,541,540
21,222,510
6,420,120
7,030,530

201406132309(201406132309)
5,815,740
11,552,760
21,222,510
6,420,120
7,042,590

201406132310(201406132310)
5,815,740
11,552,760
21,222,510
6,424,740
7,042,590

201406132311(201406132311)
5,824,680
11,552,760
21,222,510
6,424,740
7,042,590

201406132312(201406132312)
5,824,680
11,552,760
21,222,510
6,424,740
7,042,590

201406132319(201406132319)
5,849,160
11,554,380
21,222,510
6,430,500
7,059,060

201406132320(201406132320)
5,849,160
11,554,380
21,222,510
6,430,500
7,059,060

201406132321(201406132321)
5,849,160
11,554,380
21,222,510
6,430,500
7,060,410

201406132322(201406132322)
5,849,160
11,554,380
21,222,510
6,430,500
7,060,410

201406132329(201406132329)
5,866,230
11,575,260
21,222,510
6,432,450
7,074,390

201406132330(201406132330)
5,866,230
11,575,260
21,222,510
6,432,450
7,074,390

201406132331(201406132331)
5,866,230
11,575,260
21,222,510
6,432,450
7,077,450

201406132332(201406132332)
5,866,230
11,578,560
21,222,510
6,432,450
7,077,450

201406132339(201406132339)
5,889,780
11,618,400
21,245,970
6,437,310
7,077,450

201406132340(201406132340)
5,889,780
11,618,400
21,259,470
6,437,310
7,077,450

201406132341(201406132341)
5,889,780
11,618,400
21,266,070
6,437,310
7,085,220

201406132342(201406132342)
5,889,780
11,618,400
21,266,970
6,437,310
7,094,010

201406132349(201406132349)
5,889,780
11,642,400
21,411,810
6,446,880
7,101,720

201406132350(201406132350)
5,909,310
11,642,400
21,428,310
6,446,880
7,101,720

201406132351(201406132351)
5,909,310
11,642,400
21,496,470
6,446,880
7,101,720

201406132352(201406132352)
5,909,310
11,650,050
21,496,470
6,446,880
7,101,720

201406132359(201406132359)
5,933,340
11,650,050
21,722,610
6,476,430
7,103,880

201406140000(201406140000)
5,947,800
11,650,050
21,722,610
6,476,430
7,103,970

201406140001(201406140001)
5,947,800
11,650,050
21,722,610
6,476,430
7,103,970

201406140002(201406140002)
5,947,800
11,675,190
21,722,610
6,476,430
7,103,970

201406140009(201406140009)
5,947,800
11,675,610
21,722,610
6,491,700
7,107,420

201406140010(201406140010)
5,947,800
11,675,610
21,722,610
6,491,700
7,107,420

201406140011(201406140011)
5,947,800
11,675,610
21,722,610
6,491,700
7,107,420

201406140012(201406140012)
5,947,800
11,676,090
21,722,610
6,491,700
7,109,520

201406140019(201406140019)
5,947,800
11,678,550
21,762,570
6,491,700
7,116,690

201406140020(201406140020)
5,947,800
11,678,550
21,776,370
6,493,350
7,116,690

201406140021(201406140021)
5,947,800
11,678,550
21,779,970
6,493,350
7,116,690

201406140022(201406140022)
5,947,800
11,678,550
21,784,170
6,493,350
7,117,680

201406140029(201406140029)
5,950,290
11,682,690
21,785,970
6,506,370
7,123,860

201406140030(201406140030)
5,950,290
11,682,690
21,785,970
6,507,570
7,125,150

201406140031(201406140031)
5,950,290
11,682,690
21,785,970
6,507,570
7,125,150

201406140032(201406140032)
5,950,290
11,684,400
21,785,970
6,507,570
7,125,150

201406140039(201406140039)
5,952,720
11,686,680
21,785,970
6,510,810
7,128,330

201406140040(201406140040)
5,975,040
11,686,680
21,787,470
6,521,490
7,155,660

201406140041(201406140041)
5,987,040
11,725,950
21,791,370
6,521,490
7,155,660

201406140042(201406140042)
5,987,040
11,725,950
21,791,370
6,539,220
7,155,660

201406140049(201406140049)
5,991,390
11,748,720
21,804,810
6,557,880
7,180,530

201406140050(201406140050)
5,991,390
11,748,720
21,804,810
6,557,880
7,186,320

201406140051(201406140051)
6,000,270
11,748,720
21,804,810
6,557,880
7,186,320

201406140052(201406140052)
6,000,270
11,752,620
21,804,810
6,557,880
7,186,320

201406140907(201406140907)
6,316,740
12,311,850
22,309,530
7,032,090
7,737,720

201406140909(201406140909)
6,316,740
12,311,850
22,309,530
7,032,090
7,742,580

201406140910(201406140910)
6,316,740
12,311,850
22,309,530
7,034,850
7,742,580

201406140911(201406140911)
6,316,740
12,311,850
22,309,530
7,034,850
7,742,580

201406140911(201406140911)
6,316,740
12,311,850
22,309,530
7,034,850
7,742,580

201406140913(201406140913)
6,321,960
12,311,850
22,309,530
7,034,850
7,742,580

201406140919(201406140919)
6,321,960
12,314,760
22,309,530
7,050,780
7,747,500

201406140920(201406140920)
6,321,960
12,314,760
22,309,530
7,050,780
7,760,820

201406140921(201406140921)
6,321,960
12,314,760
22,309,530
7,054,110
7,760,820

201406140922(201406140922)
6,329,070
12,314,760
22,309,530
7,054,110
7,760,820

201406140929(201406140929)
6,329,070
12,314,760
22,309,530
7,054,110
7,778,730

201406140930(201406140930)
6,329,070
12,314,760
22,309,530
7,054,110
7,778,730

201406140931(201406140931)
6,343,830
12,314,760
22,309,530
7,054,110
7,778,730

201406140932(201406140932)
6,343,830
12,314,760
22,309,530
7,055,610
7,778,730

201406140939(201406140939)
6,353,280
12,314,760
22,309,530
7,062,600
7,778,730

201406140940(201406140940)
6,353,280
12,314,760
22,309,530
7,062,600
7,778,730

201406140941(201406140941)
6,353,280
12,314,760
22,309,530
7,062,600
7,778,730

201406140942(201406140942)
6,353,280
12,314,760
22,309,530
7,062,600
7,778,730

201406140949(201406140949)
6,363,330
12,314,760
22,309,530
7,062,630
7,778,730

201406140950(201406140950)
6,363,330
12,314,760
22,309,530
7,062,630
7,784,310

201406140951(201406140951)
6,363,330
12,314,760
22,309,530
7,062,630
7,791,540

201406140952(201406140952)
6,363,330
12,314,760
22,309,530
7,062,630
7,791,540

201406140959(201406140959)
6,363,330
12,324,990
22,403,550
7,062,630
7,791,540

201406141000(201406141000)
6,363,330
12,324,990
22,403,550
7,062,630
7,791,540

201406141001(201406141001)
6,363,330
12,324,990
22,403,550
7,062,630
7,791,540

201406141002(201406141002)
6,363,330
12,324,990
22,403,550
7,062,630
7,791,540

201406141009(201406141009)
6,389,910
12,358,320
22,430,280
7,062,630
7,812,270

201406141010(201406141010)
6,389,910
12,358,320
22,455,780
7,062,630
7,812,270

201406141011(201406141011)
6,390,300
12,358,320
22,489,980
7,062,630
7,812,270

201406141012(201406141012)
6,390,300
12,358,320
22,521,780
7,062,630
7,812,270

201406141019(201406141019)
6,390,300
12,359,970
22,572,510
7,064,610
7,812,270

201406141020(201406141020)
6,392,700
12,359,970
22,572,510
7,064,610
7,812,270

201406141021(201406141021)
6,407,850
12,359,970
22,572,510
7,064,610
7,812,270

201406141022(201406141022)
6,414,420
12,359,970
22,572,510
7,075,950
7,836,150

201406141029(201406141029)
6,430,740
12,359,970
22,572,510
7,084,500
7,840,770

201406141030(201406141030)
6,430,740
12,359,970
22,572,510
7,084,500
7,840,770

201406141031(201406141031)
6,431,250
12,359,970
22,572,510
7,084,500
7,840,770

201406141032(201406141032)
6,431,250
12,388,470
22,572,510
7,084,500
7,840,770

201406141039(201406141039)
6,431,250
12,391,080
22,572,510
7,085,670
7,850,820

201406141040(201406141040)
6,431,250
12,391,080
22,572,510
7,085,670
7,850,820

201406141041(201406141041)
6,432,900
12,391,080
22,572,510
7,085,670
7,852,620

201406141042(201406141042)
6,432,900
12,391,080
22,572,510
7,085,670
7,855,350

201406141049(201406141049)
6,433,680
12,391,080
22,572,510
7,085,670
7,865,280

201406141050(201406141050)
6,433,680
12,391,080
22,572,510
7,094,010
7,865,280

201406141051(201406141051)
6,437,310
12,398,100
22,572,510
7,094,010
7,865,280

201406141052(201406141052)
6,437,310
12,398,100
22,572,510
7,094,010
7,865,280

201406141059(201406141059)
6,437,310
12,400,590
22,572,510
7,117,680
7,884,930

201406141100(201406141100)
6,437,310
12,400,590
22,572,510
7,118,040
7,884,930

201406141101(201406141101)
6,437,310
12,400,590
22,572,510
7,118,040
7,884,930

201406141102(201406141102)
6,437,310
12,400,590
22,572,510
7,118,040
7,884,930

201406141109(201406141109)
6,467,820
12,421,440
22,572,510
7,119,180
7,894,500

201406141110(201406141110)
6,467,820
12,421,440
22,572,510
7,119,180
7,894,500

201406141111(201406141111)
6,467,820
12,421,440
22,572,510
7,119,180
7,894,500

201406141112(201406141112)
6,467,820
12,421,440
22,572,510
7,119,180
7,894,500

201406141119(201406141119)
6,472,320
12,450,060
22,668,000
7,128,330
7,896,780

201406141120(201406141120)
6,472,320
12,454,890
22,668,000
7,128,330
7,896,780

201406141121(201406141121)
6,472,320
12,454,890
22,668,000
7,128,330
7,896,780

201406141122(201406141122)
6,481,230
12,456,120
22,668,000
7,128,330
7,896,780

201406141129(201406141129)
6,487,710
12,456,120
22,668,000
7,128,330
7,897,740

201406141130(201406141130)
6,487,710
12,456,120
22,668,000
7,128,330
7,897,740

201406141131(201406141131)
6,487,710
12,456,120
22,668,000
7,128,330
7,897,740

201406141132(201406141132)
6,487,710
12,456,120
22,668,000
7,128,330
7,897,740

201406141139(201406141139)
6,512,760
12,469,320
22,668,000
7,161,210
7,902,240

201406141140(201406141140)
6,512,760
12,469,320
22,668,000
7,161,210
7,902,240

201406141141(201406141141)
6,512,760
12,469,320
22,668,000
7,161,210
7,902,240

201406141142(201406141142)
6,512,760
12,469,320
22,668,000
7,161,210
7,921,200

201406141149(201406141149)
6,520,560
12,469,320
22,668,000
7,219,080
7,923,150

201406141150(201406141150)
6,520,560
12,469,320
22,668,000
7,219,080
7,923,150

201406141151(201406141151)
6,520,560
12,469,320
22,668,000
7,219,080
7,923,150

201406141152(201406141152)
6,520,560
12,469,320
22,668,000
7,219,080
7,923,150

201406141159(201406141159)
6,529,620
12,477,360
22,668,000
7,219,710
7,927,530

201406141200(201406141200)
6,529,620
12,480,840
22,668,000
7,219,710
7,927,530

201406141201(201406141201)
6,529,620
12,480,840
22,668,000
7,219,710
7,927,530

201406141202(201406141202)
6,529,620
12,480,840
22,668,000
7,219,710
7,927,530

201406141209(201406141209)
6,529,620
12,482,400
22,668,000
7,250,550
7,927,710

201406141210(201406141210)
6,529,620
12,482,400
22,668,000
7,250,550
7,934,970

201406141211(201406141211)
6,529,620
12,482,400
22,668,000
7,250,550
7,934,970

201406141212(201406141212)
6,529,620
12,482,400
22,668,000
7,250,550
7,934,970

201406141219(201406141219)
6,529,620
12,490,590
22,668,000
7,261,080
7,951,530

201406141220(201406141220)
6,529,620
12,490,590
22,668,000
7,261,080
7,951,530

201406141221(201406141221)
6,529,620
12,490,590
22,668,000
7,261,080
7,951,530

201406141222(201406141222)
6,529,620
12,490,590
22,668,000
7,261,080
7,951,530

201406141229(201406141229)
6,529,620
12,493,500
22,670,550
7,261,080
7,965,210

201406141230(201406141230)
6,529,620
12,493,500
22,670,550
7,261,080
7,965,210

201406141231(201406141231)
6,529,620
12,493,500
22,670,550
7,261,080
7,966,080

201406141232(201406141232)
6,529,620
12,493,500
22,670,550
7,261,080
7,971,060

201406141239(201406141239)
6,554,310
12,507,990
22,670,550
7,261,080
7,973,460

201406141240(201406141240)
6,554,310
12,507,990
22,670,550
7,261,080
7,973,460

201406141241(201406141241)
6,554,310
12,507,990
22,670,550
7,269,270
7,973,460

201406141242(201406141242)
6,554,310
12,507,990
22,670,550
7,269,270
7,973,460

201406141249(201406141249)
6,564,090
12,513,420
22,670,550
7,271,790
8,024,250

201406141250(201406141250)
6,564,090
12,537,150
22,670,550
7,274,580
8,024,250

201406141251(201406141251)
6,564,090
12,545,970
22,670,550
7,279,890
8,024,250

201406141252(201406141252)
6,564,090
12,545,970
22,670,550
7,279,890
8,024,250

201406141259(201406141259)
6,564,090
12,545,970
22,670,550
7,290,690
8,059,050

201406141300(201406141300)
6,564,090
12,545,970
22,670,550
7,290,690
8,059,050

201406141301(201406141301)
6,564,090
12,545,970
22,670,550
7,290,690
8,059,050

201406141302(201406141302)
6,564,090
12,545,970
22,670,550
7,290,690
8,059,050

201406141309(201406141309)
6,579,000
12,574,110
22,670,550
7,295,940
8,062,920

201406141310(201406141310)
6,579,000
12,574,110
22,670,550
7,295,940
8,062,920

201406141311(201406141311)
6,579,000
12,574,110
22,670,550
7,295,940
8,063,040

201406141312(201406141312)
6,579,000
12,580,980
22,670,550
7,295,940
8,063,040

201406141319(201406141319)
6,579,000
12,602,490
22,743,630
7,295,940
8,063,040

201406141320(201406141320)
6,579,000
12,602,490
22,743,630
7,295,940
8,063,040

201406141321(201406141321)
6,579,000
12,604,380
22,743,630
7,295,940
8,063,040

201406141322(201406141322)
6,579,000
12,604,380
22,743,630
7,295,940
8,063,040

201406141329(201406141329)
6,580,980
12,609,180
22,743,630
7,301,520
8,073,000

201406141330(201406141330)
6,580,980
12,609,180
22,743,630
7,301,520
8,073,000

201406141331(201406141331)
6,580,980
12,609,180
22,743,630
7,301,520
8,073,000

201406141332(201406141332)
6,580,980
12,609,180
22,743,630
7,301,520
8,073,000

201406141339(201406141339)
6,580,980
12,610,560
22,743,630
7,301,520
8,082,060

201406141340(201406141340)
6,580,980
12,610,560
22,743,630
7,319,250
8,082,060

201406141341(201406141341)
6,580,980
12,610,560
22,743,630
7,319,250
8,082,060

201406141342(201406141342)
6,580,980
12,610,560
22,743,630
7,319,250
8,084,970

201406141349(201406141349)
6,580,980
12,613,830
22,743,630
7,319,250
8,084,970

201406141350(201406141350)
6,580,980
12,613,830
22,743,630
7,319,250
8,084,970

201406141351(201406141351)
6,580,980
12,613,830
22,743,630
7,319,250
8,084,970

201406141352(201406141352)
6,580,980
12,613,830
22,743,630
7,319,250
8,084,970

201406141359(201406141359)
6,603,510
12,613,830
22,743,630
7,322,100
8,084,970

201406141400(201406141400)
6,603,510
12,613,830
22,743,630
7,322,100
8,084,970

201406141401(201406141401)
6,603,510
12,613,830
22,743,630
7,322,100
8,084,970

201406141402(201406141402)
6,603,510
12,613,830
22,743,630
7,322,100
8,084,970

201406141409(201406141409)
6,632,250
22,743,630
7,350,030
8,091,840

201406141410(201406141410)
6,632,250
12,613,830
22,743,630
7,351,680
8,091,840

201406141411(201406141411)
6,632,250
12,613,830
22,743,630
7,353,420
8,091,840

201406141412(201406141412)
6,643,140
12,613,830
22,743,630
7,353,420
8,091,840

201406141419(201406141419)
6,646,050
12,613,830
22,743,630
7,354,020
8,091,840

201406141420(201406141420)
6,646,050
12,613,830
22,743,630
7,354,020
8,091,840

201406141421(201406141421)
6,646,050
12,613,830
22,743,630
7,357,890
8,091,840

201406141422(201406141422)
6,646,050
12,631,500
22,743,630
7,361,640
8,091,840

201406141429(201406141429)
6,649,980
12,650,070
22,743,630
7,387,050
8,098,950

201406141430(201406141430)
6,649,980
12,650,070
22,743,630
7,387,050
8,119,350

201406141431(201406141431)
6,649,980
12,650,070
22,743,630
7,387,050
8,119,350

201406141432(201406141432)
6,649,980
12,654,240
22,743,630
7,387,050
8,119,350

201406141439(201406141439)
6,649,980
12,658,830
22,743,630
7,387,050
8,125,740

201406141440(201406141440)
6,649,980
12,658,830
22,743,630
7,387,050
8,125,740

201406141441(201406141441)
6,649,980
12,658,830
22,743,630
7,387,050
8,125,740

201406141442(201406141442)
6,649,980
12,658,830
22,743,630
7,387,050
8,125,740

201406141449(201406141449)
6,649,980
12,658,830
22,743,630
7,406,310
8,130,030

201406141450(201406141450)
6,649,980
12,658,830
22,743,630
7,406,310
8,130,030

201406141451(201406141451)
6,649,980
12,658,830
22,743,630
7,406,310
8,130,030

201406141452(201406141452)
6,649,980
12,678,390
22,743,630
7,406,310
8,136,750

201406141459(201406141459)
6,649,980
12,678,390
22,743,630
7,408,200
8,172,420

201406141500(201406141500)
6,649,980
12,678,390
22,743,630
7,408,200
8,172,420

201406141501(201406141501)
6,649,980
12,678,390
22,743,630
7,408,200
8,172,420

201406141502(201406141502)
6,649,980
12,678,390
22,743,630
7,408,200
8,172,420

201406141509(201406141509)
6,658,230
12,678,390
22,764,720
7,408,200
8,191,740

201406141510(201406141510)
6,658,230
12,678,390
22,818,720
7,408,200
8,191,740

201406141511(201406141511)
6,658,230
12,678,390
22,889,370
7,408,200
8,191,740

201406141512(201406141512)
6,662,940
12,678,390
22,889,370
7,408,200
8,191,740

201406141519(201406141519)
6,662,940
12,678,390
22,889,370
7,444,440
8,192,010

201406141520(201406141520)
6,662,940
12,678,390
22,889,370
7,444,440
8,192,010

201406141521(201406141521)
6,662,940
12,678,390
22,889,370
7,444,440
8,192,010

201406141522(201406141522)
6,662,940
12,678,390
22,889,370
7,444,440
8,192,010

201406141529(201406141529)
6,662,940
12,678,390
22,889,370
7,445,310
8,192,010

201406141530(201406141530)
6,662,940
12,678,390
22,889,370
7,453,920
8,192,010

201406141531(201406141531)
6,662,940
12,678,390
22,889,370
7,453,920
8,192,010

201406141532(201406141532)
6,662,940
12,678,390
22,889,370
7,453,920
8,192,010

201406141539(201406141539)
6,662,940
12,678,390
22,889,370
7,453,920
8,192,010

201406141540(201406141540)
6,662,940
12,678,390
22,889,370
7,453,920
8,192,010

201406141541(201406141541)
6,669,870
12,678,390
22,889,370
7,453,920
8,193,990

201406141542(201406141542)
6,669,870
12,688,740
22,889,370
7,453,920
8,193,990

201406141549(201406141549)
6,669,870
12,688,740
22,889,370
7,476,750
8,195,490

201406141550(201406141550)
6,669,870
12,688,740
22,889,370
7,503,420
8,195,490

201406141551(201406141551)
6,669,870
12,688,740
22,889,370
7,503,420
8,195,490

201406141552(201406141552)
6,669,870
12,688,740
22,889,370
7,503,420
8,195,490

201406141559(201406141559)
6,669,870
12,712,200
22,889,370
7,503,420
8,195,490

201406141600(201406141600)
6,669,870
12,712,200
22,889,370
7,503,420
8,195,490

201406141601(201406141601)
6,669,870
12,712,200
22,889,370
7,503,420
8,195,490

201406141602(201406141602)
6,685,380
12,712,200
22,889,370
7,503,420
8,195,490

201406141609(201406141609)
6,713,550
12,774,990
22,889,370
7,512,330
8,201,220

201406141610(201406141610)
6,713,550
12,774,990
22,889,370
7,512,330
8,201,220

201406141611(201406141611)
6,713,550
12,774,990
22,889,370
7,512,330
8,201,220

201406141612(201406141612)
6,713,550
12,774,990
22,889,370
7,512,330
8,201,220

201406141619(201406141619)
6,714,720
12,774,990
22,889,370
7,512,330
8,201,220

201406141620(201406141620)
6,714,720
12,774,990
22,889,370
7,512,330
8,201,220

201406141621(201406141621)
6,730,860
12,774,990
22,889,370
7,512,330
8,201,220

201406141622(201406141622)
6,730,860
12,774,990
22,889,370
7,524,270
8,201,220

201406141629(201406141629)
6,737,220
12,808,560
22,889,370
7,530,210
8,205,720

201406141630(201406141630)
6,737,220
12,808,560
22,889,370
7,530,210
8,205,720

201406141631(201406141631)
6,737,220
12,808,560
22,889,370
7,530,210
8,205,720

201406141632(201406141632)
6,737,220
12,808,560
22,889,370
7,530,210
8,205,720

201406141639(201406141639)
6,760,620
12,813,060
22,889,370
7,570,770
8,205,720

201406141640(201406141640)
6,760,620
12,813,060
22,889,370
7,578,030
8,226,900

201406141641(201406141641)
6,760,620
12,815,550
22,889,370
7,578,030
8,226,900

201406141642(201406141642)
6,760,620
12,815,550
22,889,370
7,578,030
8,243,970

201406141649(201406141649)
6,760,620
12,858,660
22,889,370
7,580,520
8,262,300

201406141650(201406141650)
6,760,620
12,858,660
22,889,370
7,580,520
8,262,300

201406141651(201406141651)
6,760,620
12,858,660
22,889,370
7,580,520
8,262,300

201406141652(201406141652)
6,760,620
12,858,660
22,889,370
7,580,520
8,262,300

201406141659(201406141659)
6,760,620
12,860,430
22,889,370
7,580,520
8,275,680

201406141700(201406141700)
6,760,620
12,860,430
22,889,370
7,580,520
8,275,680

201406141701(201406141701)
6,760,620
12,860,430
22,889,370
7,581,450
8,282,490

201406141702(201406141702)
6,760,620
12,860,430
22,889,370
7,581,450
8,282,850

201406141709(201406141709)
6,776,520
12,860,430
22,889,370
7,581,450
8,282,850

201406141710(201406141710)
6,776,520
12,884,310
22,889,370
7,581,450
8,283,720

201406141711(201406141711)
6,776,520
12,889,620
22,889,370
7,581,450
8,284,620

201406141712(201406141712)
6,776,520
12,889,620
22,889,370
7,598,910
8,284,620

201406141719(201406141719)
6,778,860
12,890,850
22,889,370
7,600,020
8,309,070

201406141720(201406141720)
6,778,860
12,890,850
22,889,370
7,628,580
8,315,010

201406141721(201406141721)
6,778,860
12,890,850
22,889,370
7,628,580
8,315,010

201406141722(201406141722)
6,778,860
12,890,850
22,889,370
7,628,580
8,316,480

201406141729(201406141729)
6,778,860
12,890,850
22,889,370
7,628,580
8,340,270

201406141730(201406141730)
6,779,100
12,890,850
22,889,370
7,628,580
8,340,270

201406141731(201406141731)
6,779,670
12,890,850
22,889,370
7,628,580
8,340,270

201406141732(201406141732)
6,779,670
12,891,300
22,889,370
7,628,580
8,340,270

201406141739(201406141739)
6,792,330
12,891,300
22,889,370
7,628,580
8,340,660

201406141740(201406141740)
6,792,330
12,891,300
22,889,370
7,628,580
8,340,660

201406141741(201406141741)
6,792,330
12,891,300
22,889,370
7,635,600
8,340,660

201406141742(201406141742)
6,812,040
12,893,910
22,889,370
7,635,600
8,343,840

201406141749(201406141749)
6,816,000
12,893,910
22,889,370
7,639,020
8,360,160

201406141750(201406141750)
6,816,000
12,893,910
22,889,370
7,639,020
8,360,160

201406141751(201406141751)
6,816,000
12,902,610
22,889,370
7,639,020
8,395,950

