201406152229(201406152229)
8,830,680
14,868,780
27,778,800
9,683,010
10,514,730

201406152230(201406152230)
8,830,680
14,868,780
27,778,800
9,683,010
10,514,730

201406152231(201406152231)
8,843,610
14,868,780
27,778,800
9,683,010
10,518,600

201406152232(201406152232)
8,843,610
14,872,890
27,778,800
9,683,010
10,518,600

201406152239(201406152239)
8,851,590
14,925,060
27,778,800
9,683,010
10,521,720

201406152240(201406152240)
8,851,590
14,925,060
27,778,800
9,683,010
10,521,720

201406152241(201406152241)
8,851,590
14,925,060
27,778,800
9,687,750
10,521,720

201406152242(201406152242)
8,878,830
14,925,060
27,778,800
9,688,110
10,523,220

201406152249(201406152249)
8,890,830
14,956,890
27,778,800
9,691,320
10,566,150

201406152250(201406152250)
8,899,890
14,956,890
27,778,800
9,691,320
10,570,380

201406152251(201406152251)
8,899,890
14,956,890
27,778,800
9,691,320
10,570,380

201406152252(201406152252)
8,899,890
14,956,890
27,778,800
9,703,560
10,570,380

201406152259(201406152259)
8,909,790
14,981,430
27,778,800
9,716,760
10,597,350

201406152300(201406152300)
8,909,790
14,981,430
27,778,800
9,716,760
10,605,960

201406152301(201406152301)
8,909,790
14,981,430
27,778,800
9,729,210
10,605,960

201406152302(201406152302)
8,909,790
14,981,430
27,778,800
9,729,210
10,605,960

201406152309(201406152309)
8,925,570
14,990,760
27,844,050
9,730,800
10,613,610

201406152310(201406152310)
8,925,570
14,990,760
27,844,050
9,730,800
10,613,610

201406152311(201406152311)
8,929,590
14,990,760
27,844,050
9,730,800
10,613,610

201406152312(201406152312)
8,929,620
14,990,760
27,844,050
9,730,800
10,613,610

201406152319(201406152319)
8,945,460
15,018,120
27,844,050
9,734,520
10,625,370

201406152320(201406152320)
8,945,460
15,044,160
27,844,050
9,734,520
10,625,370

201406152321(201406152321)
8,945,460
15,045,630
27,844,050
9,734,520
10,625,370

201406152322(201406152322)
8,945,460
15,045,630
27,844,050
9,734,520
10,625,370

201406152329(201406152329)
8,961,780
15,057,810
27,844,050
9,776,730
10,652,550

201406152330(201406152330)
8,961,780
15,057,810
27,844,050
9,776,730
10,665,210

201406152331(201406152331)
8,961,780
15,059,520
27,844,050
9,776,730
10,665,210

201406152332(201406152332)
8,961,780
15,059,520
27,844,050
9,777,120
10,665,210

201406152339(201406152339)
8,967,600
15,062,910
27,844,050
9,780,390
10,679,340

201406152340(201406152340)
8,967,600
15,062,910
27,844,050
9,780,390
10,679,340

201406152341(201406152341)
8,967,600
15,062,910
27,887,880
9,782,970
10,679,340

201406152342(201406152342)
8,986,650
15,062,910
28,000,800
9,782,970
10,679,340

201406152349(201406152349)
8,986,650
15,103,530
28,000,800
9,881,700
10,693,950

201406152350(201406152350)
8,986,650
15,103,530
28,000,800
9,881,700
10,693,950

201406152351(201406152351)
8,986,650
15,103,530
28,000,800
9,881,700
10,693,950

201406152352(201406152352)
8,998,650
15,103,530
28,000,800
9,895,560
10,694,760

201406152359(201406152359)
9,050,040
15,109,680
28,000,800
9,932,160
10,707,450

201406160000(201406160000)
9,050,040
15,109,680
28,000,800
9,932,160
10,707,450

201406160001(201406160001)
9,050,040
15,109,680
28,000,800
9,932,160
10,707,450

201406160002(201406160002)
9,050,040
15,109,680
28,000,800
9,933,900
10,707,450

201406160009(201406160009)
9,078,630
15,124,260
28,221,300
9,935,670
10,750,560

201406160010(201406160010)
9,078,630
15,124,260
28,222,800
9,935,670
10,750,560

201406160011(201406160011)
9,091,320
15,124,260
28,222,800
9,935,670
10,750,560

201406160012(201406160012)
9,091,320
15,137,850
28,222,800
9,935,670
10,750,560

201406160019(201406160019)
9,105,330
15,150,720
28,222,800
9,947,760
10,772,820

201406160020(201406160020)
9,108,720
15,150,720
28,222,800
9,947,760
10,772,820

201406160021(201406160021)
9,108,720
15,170,280
28,222,800
9,947,760
10,772,820

201406160022(201406160022)
9,120,270
15,170,280
28,222,800
9,947,760
10,772,820

201406160029(201406160029)
9,150,000
15,186,690
28,222,800
9,947,760
10,784,940

201406160030(201406160030)
9,150,000
15,186,690
28,222,800
9,947,760
10,799,850

201406160031(201406160031)
9,150,000
15,186,690
28,222,800
9,947,760
10,801,110

201406160032(201406160032)
9,150,000
15,186,690
28,222,800
9,965,040
10,801,110

201406160039(201406160039)
9,158,250
15,207,150
28,222,800
9,997,020
10,826,760

201406160040(201406160040)
9,158,430
15,207,150
28,222,800
9,997,020
10,826,760

201406160041(201406160041)
9,158,430
15,207,150
28,222,800
10,011,420
10,838,190

201406160042(201406160042)
9,158,430
15,207,150
28,222,800
10,012,920
10,838,190

201406160049(201406160049)
9,162,360
15,240,030
28,265,400
10,017,060
10,849,050

201406160050(201406160050)
9,162,360
15,240,030
28,349,910
10,017,060
10,849,050

201406160051(201406160051)
9,169,740
15,240,030
28,349,910
10,017,060
10,849,050

201406160052(201406160052)
9,169,740
15,240,030
28,349,910
10,017,060
10,849,050

201406160059(201406160059)
9,181,050
15,263,700
28,349,910
10,017,060
10,857,870

201406160100(201406160100)
9,181,050
15,263,700
28,349,910
10,017,060
10,857,870

201406160101(201406160101)
9,198,300
15,263,700
28,349,910
10,017,060
10,867,470

201406160102(201406160102)
9,198,300
15,263,700
28,349,910
10,017,060
10,867,470

201406160109(201406160109)
9,207,180
15,263,700
28,349,910
10,028,430
10,867,470

201406160110(201406160110)
9,217,410
15,263,700
28,349,910
10,028,430
10,867,470

201406160111(201406160111)
9,217,410
15,263,700
28,349,910
10,028,430
10,867,470

201406160112(201406160112)
9,217,860
15,263,700
28,349,910
10,028,430
10,876,920

201406160119(201406160119)
9,239,640
15,269,820
28,601,820
10,049,730
10,889,100

201406160120(201406160120)
9,239,640
15,269,820
28,767,720
10,049,730
10,889,100

201406160121(201406160121)
9,239,640
15,269,820
28,776,870
10,055,370
10,890,690

201406160122(201406160122)
9,239,640
15,269,820
28,779,870
10,055,370
10,890,690

201406160129(201406160129)
9,248,010
15,358,110
29,028,300
10,055,370
10,900,260

201406160130(201406160130)
9,248,010
15,358,110
29,028,300
10,055,370
10,900,260

201406160131(201406160131)
9,248,010
15,358,110
29,028,300
10,055,370
10,900,260

201406160132(201406160132)
9,248,010
15,358,110
29,028,300
10,055,370
10,900,260

201406160139(201406160139)
9,261,900
15,358,110
29,028,300
10,067,790
10,900,260

201406160140(201406160140)
9,261,900
15,371,160
29,028,300
10,067,790
10,900,260

201406160141(201406160141)
9,261,900
15,371,160
29,028,300
10,067,790
10,900,260

201406160142(201406160142)
9,261,900
15,371,160
29,028,300
10,067,790
10,900,260

201406160149(201406160149)
9,341,640
15,380,400
29,028,300
10,094,130
10,909,500

201406160150(201406160150)
9,341,640
15,380,400
29,028,300
10,094,130
10,909,500

201406160151(201406160151)
9,341,640
15,380,400
29,028,300
10,094,130
10,909,500

201406160152(201406160152)
9,341,640
15,380,400
29,028,300
10,094,130
10,913,730

201406160159(201406160159)
9,350,280
15,387,540
29,028,300
10,094,130
10,943,160

201406160200(201406160200)
9,350,280
15,387,540
29,028,300
10,094,130
10,943,160

201406160201(201406160201)
9,351,090
15,387,540
29,028,300
10,094,130
10,943,160

201406160202(201406160202)
9,351,090
15,387,540
29,028,300
10,094,130
10,943,160

201406160209(201406160209)
9,351,090
15,410,610
29,028,300
10,123,710
10,950,900

201406160210(201406160210)
9,351,090
15,410,610
29,028,300
10,127,100
10,950,900

201406160211(201406160211)
9,351,090
15,410,610
29,028,300
10,127,100
10,950,900

201406160212(201406160212)
9,352,680
15,410,610
29,028,300
10,127,100
10,952,160

201406160219(201406160219)
9,374,850
15,423,540
29,028,300
10,152,270
10,952,160

201406160220(201406160220)
9,374,850
15,423,540
29,028,300
10,152,270
10,952,160

201406160221(201406160221)
9,374,850
15,423,540
29,028,300
10,153,470
10,962,150

201406160222(201406160222)
9,374,850
15,423,540
29,028,300
10,153,470
10,962,150

201406160229(201406160229)
9,374,850
15,423,540
29,028,300
10,158,090
10,981,860

201406160230(201406160230)
9,374,850
15,423,540
29,028,300
10,158,090
10,981,860

201406160231(201406160231)
9,374,850
15,423,540
29,028,300
10,158,090
10,981,860

201406160232(201406160232)
9,374,850
15,423,540
29,028,300
10,158,090
10,981,860

201406160239(201406160239)
9,374,850
15,423,540
29,028,300
10,158,090
10,992,300

201406160240(201406160240)
9,374,850
15,423,540
29,028,300
10,158,090
10,993,770

201406160241(201406160241)
9,374,850
15,423,540
29,028,300
10,158,090
10,993,770

201406160242(201406160242)
9,383,130
15,423,540
29,028,300
10,158,090
10,993,770

201406160249(201406160249)
9,386,400
15,423,540
29,028,300
10,158,090
10,993,770

201406160250(201406160250)
9,386,400
15,423,540
29,028,300
10,158,090
10,993,770

201406160251(201406160251)
9,386,400
15,423,540
29,028,300
10,158,090
10,993,770

201406160252(201406160252)
9,386,400
15,423,540
29,028,300
10,158,090
10,993,770

201406160259(201406160259)
9,390,030
15,425,340
29,028,300
10,158,090
10,993,770

201406160300(201406160300)
9,390,030
15,425,340
29,028,300
10,158,090
10,993,770

201406160301(201406160301)
9,390,030
15,425,340
29,028,300
10,159,260
10,993,770

201406160302(201406160302)
9,390,030
15,425,340
29,028,300
10,159,260
10,993,770

201406160309(201406160309)
9,390,030
15,425,340
29,028,300
10,159,260
11,025,720

201406160310(201406160310)
9,390,030
15,449,910
29,028,300
10,173,810
11,025,720

201406160311(201406160311)
9,390,030
15,451,530
29,028,300
10,173,810
11,025,720

201406160312(201406160312)
9,390,030
15,451,530
29,028,300
10,173,810
11,025,720

201406160319(201406160319)
9,394,980
15,456,810
29,028,300
10,176,300
11,025,720

201406160320(201406160320)
9,394,980
15,456,810
29,028,300
10,176,300
11,025,720

201406160321(201406160321)
9,394,980
15,456,810
29,028,300
10,176,300
11,025,720

201406160322(201406160322)
9,394,980
15,456,810
29,028,300
10,189,290
11,039,880

201406160329(201406160329)
9,394,980
15,456,810
29,028,300
10,189,290
11,039,880

201406160330(201406160330)
9,395,910
15,456,810
29,028,300
10,189,290
11,039,880

201406160331(201406160331)
9,395,910
15,456,810
29,028,300
10,189,290
11,039,880

201406160332(201406160332)
9,395,910
15,456,810
29,028,300
10,189,290
11,039,880

201406160339(201406160339)
9,395,910
15,456,810
29,028,300
10,210,950
11,064,360

201406160340(201406160340)
9,395,910
15,456,810
29,028,300
10,210,950
11,064,360

201406160341(201406160341)
9,395,910
15,456,810
29,028,300
10,210,950
11,064,360

201406160342(201406160342)
9,395,910
15,466,500
29,028,300
10,210,950
11,064,360

201406160349(201406160349)
9,395,910
15,466,500
29,028,300
10,210,950
11,068,980

201406160350(201406160350)
9,395,910
15,466,500
29,028,300
10,210,950
11,068,980

201406160351(201406160351)
9,395,910
15,473,190
29,028,300
10,210,950
11,073,450


201406160359(201406160359)
9,395,910
15,473,190
29,028,300
10,210,950
11,073,450

201406160400(201406160400)
9,395,910
15,473,190
29,028,300
10,210,950
11,073,450

201406160401(201406160401)
9,395,910
15,473,190
29,028,300
10,210,950
11,073,450

201406160402(201406160402)
9,395,910
15,473,190
29,028,300
10,210,950
11,073,450

201406160409(201406160409)
9,395,910
15,473,190
29,028,300
10,210,950
11,073,450

201406160410(201406160410)
9,395,910
15,473,190
29,028,300
10,210,950
11,073,450

201406160411(201406160411)
9,395,910
15,473,190
29,028,300
10,210,950
11,073,450

201406160412(201406160412)
9,395,910
15,473,190
29,028,300
10,210,950
11,073,450

201406160419(201406160419)
9,400,020
15,490,110
29,028,300
10,257,090
11,093,700

201406160420(201406160420)
9,400,020
15,490,110
29,028,300
10,257,090
11,093,700

201406160421(201406160421)
9,400,020
15,490,110
29,028,300
10,257,090
11,093,700

201406160422(201406160422)
9,400,020
15,490,110
29,028,300
10,257,090
11,093,700

201406160429(201406160429)
9,400,020
15,490,110
29,028,300
10,257,090
11,093,700

201406160430(201406160430)
9,400,020
15,490,110
29,028,300
10,257,090
11,093,700

201406160431(201406160431)
9,400,020
15,490,110
29,028,300
10,257,090
11,093,700

201406160432(201406160432)
9,400,020
15,490,110
29,028,300
10,257,090
11,093,700

201406160439(201406160439)
9,403,080
15,506,130
29,041,350
10,276,890
11,101,020

201406160440(201406160440)
9,403,080
15,506,130
29,041,350
10,276,890
11,101,020

201406160441(201406160441)
9,403,080
15,506,130
29,041,350
10,276,890
11,101,020

201406160442(201406160442)
9,403,080
15,506,130
29,041,350
10,276,890
11,101,020

201406160449(201406160449)
9,403,080
15,506,130
29,041,350
10,276,890
11,101,020

201406160450(201406160450)
9,403,080
15,506,130
29,041,350
10,276,890
11,101,020

201406160451(201406160451)
9,403,080
15,506,130
29,041,350
10,276,890
11,101,020

201406160452(201406160452)
9,403,080
15,506,130
29,041,350
10,276,890
11,101,020

201406160459(201406160459)
9,416,400
15,560,490
29,041,350
10,333,170
11,108,700

201406160500(201406160500)
9,416,400
15,560,490
29,041,350
10,333,170
11,108,700

201406160501(201406160501)
9,416,400
15,560,490
29,041,350
10,333,170
11,108,700

201406160502(201406160502)
9,416,400
15,560,490
29,041,350
10,333,170
11,108,700

201406160509(201406160509)
9,416,400
15,560,490
29,041,350
10,333,170
11,108,700

201406160510(201406160510)
9,416,400
15,560,490
29,041,350
10,333,170
11,108,700

201406160511(201406160511)
9,416,400
15,560,490
29,041,350
10,333,170
11,108,700

201406160512(201406160512)
9,416,400
15,560,490
29,041,350
10,333,170
11,108,700

201406160519(201406160519)
9,416,400
15,560,490
29,041,350
10,359,540
11,136,810

201406160520(201406160520)
9,416,400
15,560,490
29,041,350
10,359,540
11,136,810

201406160521(201406160521)
9,416,400
15,560,490
29,041,350
10,359,540
11,136,810

201406160522(201406160522)
9,416,400
15,560,490
29,041,350
10,359,540
11,136,810

201406160529(201406160529)
9,416,400
15,560,490
29,041,350
10,359,540
11,136,810

201406160530(201406160530)
9,416,400
15,560,490
29,041,350
10,359,540
11,136,810

201406160531(201406160531)
9,416,400
15,560,490
29,041,350
10,359,540
11,136,810

201406160532(201406160532)
9,416,400
15,560,490
29,041,350
10,359,540
11,136,810

201406160539(201406160539)
9,454,920
15,560,490
29,041,350
10,359,540
11,157,180

201406160540(201406160540)
9,454,920
15,560,490
29,041,350
10,359,540
11,157,180

201406160541(201406160541)
9,454,920
15,560,490
29,041,350
10,359,540
11,157,180

201406160542(201406160542)
9,454,920
15,560,490
29,041,350
10,359,540
11,157,180

201406160549(201406160549)
9,454,920
15,560,490
29,041,350
10,359,540
11,157,180

201406160550(201406160550)
9,454,920
15,560,490
29,041,350
10,359,540
11,157,180

201406160551(201406160551)
9,454,920
15,560,490
29,041,350
10,359,540
11,157,180

201406160552(201406160552)
9,454,920
15,560,490
29,041,350
10,359,540
11,157,180

201406160559(201406160559)
9,498,450
15,563,580
29,041,350
10,388,220
11,158,470

201406160600(201406160600)
9,498,450
15,563,580
29,041,350
10,388,220
11,158,470

201406160601(201406160601)
9,498,450
15,563,580
29,041,350
10,388,220
11,158,470

201406160602(201406160602)
9,498,450
15,563,580
29,041,350
10,388,220
11,158,470

201406160609(201406160609)
9,498,450
15,563,580
29,041,350
10,388,220
11,158,470

201406160610(201406160610)
9,498,450
15,563,580
29,041,350
10,388,220
11,158,470

201406160611(201406160611)
9,498,450
15,563,580
29,041,350
10,388,220
11,158,470

201406160612(201406160612)
9,498,450
15,563,580
29,041,350
10,388,220
11,158,470

