201406061758(201406061758)
88,260
164,910
345,300
95,790
104,490

201406061759(201406061759)
90,300
169,170
350,880
98,400
107,430

201406061800(201406061800)
92,160
173,490
372,120
100,590
109,650

201406061801(201406061801)
94,800
175,620
376,440
103,080
111,480

201406061802(201406061802)
97,290
178,290
389,970
106,260
113,580

201406061809(201406061809)
108,900
199,530
463,770
116,880
126,780

201406061810(201406061810)
108,900
201,030
463,770
118,500
128,130

201406061811(201406061811)
112,230
203,880
486,630
120,270
130,470

201406061812(201406061812)
113,610
205,590
500,580
122,040
131,280

201406061819(201406061819)
123,900
223,080
600,630
133,020
142,320

201406061820(201406061820)
123,900
223,080
600,630
135,120
143,640

201406061821(201406061821)
126,900
227,580
614,670
137,040
145,260

201406061822(201406061822)
128,520
229,080
621,360
138,600
147,900

201406061829(201406061829)
139,710
249,360
714,300
148,650
161,970

201406061830(201406061830)
141,090
252,720
735,090
150,240
161,970

201406061831(201406061831)
141,810
255,510
744,090
151,230
164,340

201406061832(201406061832)
142,710
256,560
744,090
152,730
165,900

201406061839(201406061839)
150,360
273,030
813,270
164,190
174,510

201406061840(201406061840)
150,360
274,560
813,270
165,690
176,430

201406061841(201406061841)
152,700
279,120
823,260
166,560
177,630

201406061842(201406061842)
154,260
283,980
829,020
167,490
178,320

201406061849(201406061849)
165,750
305,460
886,110
174,780
185,190

201406061850(201406061850)
166,590
305,460
900,060
174,780
186,300

201406061851(201406061851)
168,150
309,900
920,520
177,420
187,110

201406061852(201406061852)
169,290
311,490
931,620
178,290
187,920

201406061859(201406061859)
177,600
330,150
992,850
186,540
201,300

201406061900(201406061900)
177,600
330,150
992,850
186,540
201,300

201406061901(201406061901)
178,980
334,470
1,001,850
188,940
204,210

201406061902(201406061902)
179,910
336,180
1,018,530
188,940
205,410

201406061909(201406061909)
189,540
363,330
1,065,300
203,280
215,550

201406061910(201406061910)
189,540
363,330
1,072,470
203,280
218,190

201406061911(201406061911)
191,400
367,770
1,106,700
205,020
218,580

201406061912(201406061912)
191,670
370,200
1,106,700
205,800
219,720

201406061919(201406061919)
199,890
395,160
1,188,660
213,810
228,780

201406061920(201406061920)
199,890
395,160
1,188,660
213,810
228,780

201406061921(201406061921)
201,870
401,670
1,201,560
215,310
229,500

201406061922(201406061922)
204,120
403,230
1,210,830
216,780
230,820

201406061929(201406061929)
211,470
418,560
1,243,320
224,730
241,650

201406061930(201406061930)
211,470
423,270
1,243,320
224,730
242,010

201406061931(201406061931)
212,730
424,470
1,249,470
226,500
244,080

201406061932(201406061932)
213,120
427,740
1,253,100
227,400
244,950

201406061939(201406061939)
220,920
446,430
1,349,280
237,030
254,370

201406061940(201406061940)
220,920
446,430
1,349,280
237,030
254,370

201406061941(201406061941)
222,720
452,490
1,349,280
239,190
256,650

201406061942(201406061942)
223,080
460,200
1,355,550
240,660
258,150

201406061949(201406061949)
230,400
481,650
1,455,480
250,140
266,910

201406061950(201406061950)
230,400
481,650
1,480,770
251,130
269,010

201406061951(201406061951)
233,040
494,130
1,503,270
252,150
269,970

201406061952(201406061952)
234,870
495,930
1,512,480
252,450
271,080

201406061959(201406061959)
242,070
517,410
1,572,690
260,430
283,800

201406062000(201406062000)
242,070
517,410
1,572,690
260,430
283,800

201406062001(201406062001)
243,480
523,230
1,575,930
261,000
287,070

201406062002(201406062002)
244,080
526,080
1,602,510
262,440
287,610

201406062009(201406062009)
253,920
550,860
1,656,990
272,670
300,180

201406062010(201406062010)
253,920
552,420
1,656,990
274,350
301,650

201406062011(201406062011)
255,240
554,250
1,657,920
274,860
302,970

201406062012(201406062012)
256,650
557,670
1,664,220
277,140
302,970

201406062019(201406062019)
266,700
583,350
1,742,670
288,150
312,090

201406062020(201406062020)
266,700
583,350
1,742,670
288,150
312,090

201406062021(201406062021)
269,160
587,040
1,742,670
291,450
314,910

201406062022(201406062022)
269,760
594,570
1,765,200
291,960
317,310

201406062029(201406062029)
278,490
610,170
1,878,660
304,770
331,320

201406062030(201406062030)
279,120
610,170
1,878,660
304,770
331,860

201406062031(201406062031)
279,990
616,650
1,900,470
307,590
332,130

201406062032(201406062032)
280,560
619,290
1,905,060
307,590
332,730

201406062039(201406062039)
290,250
636,900
1,941,600
315,690
344,100

201406062040(201406062040)
291,480
636,900
1,941,600
315,690
344,100

201406062041(201406062041)
292,230
638,070
2,001,810
316,620
347,670

201406062042(201406062042)
294,240
638,520
2,001,810
319,920
350,100

201406062049(201406062049)
304,770
666,870
2,039,520
326,220
357,900

201406062050(201406062050)
304,770
666,870
2,039,520
326,220
357,900

201406062051(201406062051)
305,970
677,610
2,039,520
330,900
358,980

201406062052(201406062052)
306,600
680,850
2,039,520
330,900
360,780

201406062059(201406062059)
313,890
695,850
2,101,860
340,320
371,340

201406062100(201406062100)
315,330
698,670
2,101,860
340,320
373,830

201406062101(201406062101)
315,840
704,340
2,130,900
344,820
373,830

201406062102(201406062102)
318,660
705,330
2,130,900
345,720
376,230

201406062109(201406062109)
325,050
715,590
2,154,960
353,100
385,800

201406062110(201406062110)
327,360
716,610
2,154,960
353,100
386,670

201406062111(201406062111)
330,990
717,390
2,154,960
356,370
388,230

201406062112(201406062112)
330,990
728,640
2,154,960
357,120
388,230

201406062119(201406062119)
342,930
739,920
2,193,900
372,930
402,630

201406062120(201406062120)
344,820
742,830
2,193,900
374,850
403,200

201406062121(201406062121)
346,560
755,970
2,195,910
375,570
404,250

201406062122(201406062122)
347,070
755,970
2,215,110
375,570
407,640

201406062129(201406062129)
358,980
782,460
2,336,670
387,600
423,270

201406062130(201406062130)
359,100
782,460
2,353,230
387,600
423,270

201406062131(201406062131)
361,980
790,740
2,353,230
390,960
426,780

201406062132(201406062132)
362,490
796,560
2,356,830
393,660
430,560

201406062139(201406062139)
371,520
826,380
2,458,530
403,080
446,790

201406062140(201406062140)
372,570
826,380
2,458,530
403,080
447,630

201406062141(201406062141)
374,520
833,700
2,467,410
404,970
448,770

201406062142(201406062142)
374,520
837,210
2,475,450
404,970
450,540

201406062149(201406062149)
387,480
852,420
2,581,320
418,590
466,740

201406062150(201406062150)
388,050
852,420
2,582,640
418,590
469,290

201406062151(201406062151)
389,130
861,030
2,598,750
423,180
469,860

201406062152(201406062152)
389,370
861,030
2,598,750
426,090
471,210

201406062159(201406062159)
402,480
900,000
2,677,680
438,240
481,110

201406062200(201406062200)
402,690
900,060
2,681,820
438,240
484,650

201406062201(201406062201)
404,970
900,060
2,689,650
442,200
486,270

201406062202(201406062202)
404,970
905,760
2,726,640
443,760
489,360

201406062209(201406062209)
415,800
936,930
2,804,820
460,200
503,400

201406062210(201406062210)
419,430
936,930
2,804,820
460,200
503,400

201406062211(201406062211)
422,040
938,970
2,823,090
463,020
505,020

201406062212(201406062212)
426,090
938,970
2,841,750
464,130
507,030

201406062219(201406062219)
435,510
967,830
2,959,110
476,220
516,330

201406062220(201406062220)
436,830
967,830
2,959,110
476,220
519,780

201406062221(201406062221)
437,730
973,800
2,963,520
479,700
522,450

201406062222(201406062222)
438,240
979,320
2,963,520
482,250
524,160

201406062229(201406062229)
450,540
1,012,080
3,034,980
490,260
536,010

201406062230(201406062230)
452,490
1,012,080
3,034,980
493,110
536,010

201406062231(201406062231)
454,860
1,017,810
3,078,150
496,710
538,170

201406062232(201406062232)
455,520
1,017,810
3,078,150
499,110
539,400

201406062239(201406062239)
466,650
1,029,990
3,080,520
507,870
549,300

201406062240(201406062240)
467,430
1,032,030
3,080,520
507,870
550,800

201406062241(201406062241)
470,430
1,034,820
3,080,520
509,610
551,040

201406062242(201406062242)
473,580
1,035,900
3,080,520
509,610
554,160

201406062249(201406062249)
486,330
1,047,510
3,116,190
523,560
565,440

201406062250(201406062250)
487,590
1,047,510
3,116,190
523,560
568,470

201406062251(201406062251)
489,660
1,048,590
3,116,190
525,750
570,990

201406062252(201406062252)
494,130
1,048,590
3,138,270
529,140
570,990

201406062259(201406062259)
504,210
1,080,270
3,312,870
543,210
588,480

201406062300(201406062300)
506,190
1,080,270
3,312,870
547,290
594,360

201406062301(201406062301)
507,690
1,081,890
3,312,870
548,130
597,960

201406062302(201406062302)
509,280
1,084,440
3,312,870
550,800
601,350

201406062309(201406062309)
519,480
1,104,390
3,350,100
562,140
611,670

201406062310(201406062310)
522,120
1,106,070
3,350,100
562,140
613,770

201406062311(201406062311)
524,220
1,108,350
3,350,100
566,130
619,950

201406062312(201406062312)
526,080
1,120,410
3,350,100
566,130
623,700

201406062319(201406062319)
534,000
1,141,740
3,361,800
578,280
634,470

201406062320(201406062320)
535,500
1,141,740
3,361,800
580,050
635,940

201406062321(201406062321)
536,220
1,142,280
3,450,780
580,140
638,220

201406062322(201406062322)
537,510
1,151,760
3,455,880
580,140
640,470

201406062329(201406062329)
549,480
1,161,690
3,572,820
598,950
652,680

201406062330(201406062330)
551,400
1,161,690
3,572,820
598,950
652,680

201406062331(201406062331)
552,000
1,165,830
3,572,820
601,830
655,770

201406062332(201406062332)
552,960
1,166,580
3,594,660
604,290
655,770

201406062339(201406062339)
566,130
1,178,190
3,624,990
618,960
668,400

201406062340(201406062340)
566,790
1,183,680
3,624,990
618,960
672,750

201406062341(201406062341)
566,790
1,183,680
3,624,990
620,430
672,750

201406062342(201406062342)
567,870
1,183,770
3,624,990
620,430
674,550

201406062349(201406062349)
578,070
1,201,770
3,663,120
627,870
687,360

201406062350(201406062350)
578,670
1,202,850
3,663,120
629,760
689,190

201406062351(201406062351)
579,840
1,209,330
3,663,120
629,760
692,160

201406062352(201406062352)
580,140
1,209,330
3,685,500
632,130
692,160

201406062359(201406062359)
587,760
1,220,610
3,775,380
640,470
704,580

201406070000(201406070000)
587,760
1,220,610
3,775,380
641,130
706,590

201406070001(201406070001)
588,630
1,220,910
3,775,380
645,330
706,890

201406070002(201406070002)
588,900
1,226,910
3,775,380
646,380
706,890

201406070009(201406070009)
600,240
1,250,160
3,775,380
656,400
716,610

201406070010(201406070010)
600,810
1,250,160
3,775,380
656,400
717,180

201406070011(201406070011)
604,620
1,258,350
3,775,380
656,520
719,370

201406070012(201406070012)
604,950
1,258,350
3,775,380
661,170
724,560

201406070019(201406070019)
616,950
1,279,980
3,820,710
672,960
735,060

201406070020(201406070020)
617,670
1,279,980
3,822,000
673,770
735,060

201406070021(201406070021)
618,780
1,282,470
3,822,000
676,350
736,980

201406070022(201406070022)
618,960
1,289,850
3,822,000
676,470
738,360

201406070029(201406070029)
624,180
1,307,430
3,862,020
682,620
744,600

201406070030(201406070030)
626,070
1,307,940
3,862,020
683,010
744,630

201406070031(201406070031)
627,210
1,308,330
3,862,020
683,610
745,200

201406070032(201406070032)
627,870
1,316,220
3,862,020
684,240
745,200

201406070039(201406070039)
639,630
1,325,460
3,873,690
695,850
757,800

201406070040(201406070040)
642,450
1,325,460
3,873,690
697,200
757,800

201406070041(201406070041)
643,800
1,326,180
3,941,760
697,980
758,880

201406070042(201406070042)
643,800
1,330,200
3,941,760
699,300
759,300

201406070049(201406070049)
652,890
1,363,590
3,953,250
709,980
763,230

201406070050(201406070050)
655,290
1,364,850
3,953,250
711,390
763,230

201406070051(201406070051)
656,760
1,371,120
3,953,250
712,920
763,530

201406070052(201406070052)
657,090
1,371,120
3,953,250
712,950
764,400

201406070059(201406070059)
662,280
1,386,060
3,953,250
721,110
773,940

201406070100(201406070100)
663,990
1,386,060
3,953,250
724,020
776,070

201406070101(201406070101)
664,890
1,386,120
4,063,800
724,890
776,070

201406070102(201406070102)
671,310
1,387,110
4,100,790
725,010
776,070

201406070109(201406070109)
678,450
1,392,570
4,103,130
734,430
798,120

201406070110(201406070110)
678,630
1,392,570
4,103,130
734,730
798,120

201406070111(201406070111)
679,710
1,396,470
4,103,130
734,850
798,120

201406070112(201406070112)
679,890
1,400,130
4,103,130
735,420
800,220

201406070119(201406070119)
685,530
1,413,780
4,158,090
743,310
809,700

201406070120(201406070120)
688,350
1,413,780
4,158,090
744,210
814,470

201406070121(201406070121)
688,350
1,414,410
4,158,090
744,600
818,610

201406070122(201406070122)
689,730
1,422,780
4,158,090
744,780
818,610

201406070129(201406070129)
695,850
1,433,730
4,173,150
749,310
828,570

201406070130(201406070130)
697,200
1,433,730
4,173,150
749,490
829,020

201406070131(201406070131)
697,590
1,434,060
4,173,150
749,850
830,340

201406070132(201406070132)
699,870
1,434,060
4,173,150
750,960
830,340

201406070139(201406070139)
706,140
1,446,810
4,212,960
759,300
837,630

201406070140(201406070140)
707,610
1,446,810
4,212,960
760,530
837,630

201406070141(201406070141)
707,760
1,453,080
4,228,170
760,530
837,630

201406070142(201406070142)
709,980
1,453,080
4,263,780
761,790
838,020

201406070149(201406070149)
717,480
1,464,420
4,269,450
767,190
848,370

201406070150(201406070150)
717,900
1,465,410
4,269,450
767,190
849,270

201406070151(201406070151)
717,900
1,465,410
4,273,470
767,250
849,270

201406070152(201406070152)
717,900
1,465,410
4,310,310
767,370
850,170

201406070159(201406070159)
725,850
1,473,720
4,503,600
773,520
854,010

201406070200(201406070200)
726,060
1,473,720
4,506,750
773,520
854,070

201406070201(201406070201)
726,990
1,473,720
4,514,280
773,610
854,460

201406070202(201406070202)
727,320
1,473,720
4,514,280
773,610
860,070

201406070209(201406070209)
733,140
1,476,390
4,519,320
784,560
870,600

201406070210(201406070210)
733,140
1,478,130
4,556,280
784,560
873,240

201406070211(201406070211)
733,500
1,484,100
4,571,880
786,690
874,140

201406070212(201406070212)
734,850
1,484,880
4,630,980
788,640
875,490

201406070219(201406070219)
737,700
1,510,020
4,701,660
798,120
877,590

201406070220(201406070220)
737,940
1,510,020
4,703,310
798,120
877,590

201406070221(201406070221)
737,940
1,510,020
4,710,210
798,600
879,540

201406070222(201406070222)
738,360
1,511,640
4,713,510
800,220
879,900

201406070229(201406070229)
740,760
1,512,180
4,720,170
804,000
885,240

201406070230(201406070230)
740,760
1,512,180
4,720,170
804,060
885,240

201406070231(201406070231)
740,760
1,512,480
4,720,170
804,060
886,770

201406070232(201406070232)
743,310
1,512,480
4,720,170
804,210
886,830

201406070239(201406070239)
744,780
1,518,180
4,725,840
813,660
888,240

201406070240(201406070240)
745,830
1,518,180
4,725,840
813,660
888,840

201406070241(201406070241)
746,460
1,518,180
4,725,840
814,470
888,840

201406070242(201406070242)
746,460
1,518,180
4,725,840
815,490
891,090

201406070249(201406070249)
749,850
1,521,930
4,753,530
825,060
899,760

201406070250(201406070250)
750,300
1,521,930
4,753,530
825,840
899,760

201406070251(201406070251)
751,290
1,524,480
4,753,530
828,420
900,930

201406070252(201406070252)
751,920
1,524,480
4,753,530
828,570
901,440

201406070259(201406070259)
754,650
1,529,550
4,759,380
834,000
908,490

201406070300(201406070300)
757,800
1,529,550
4,759,380
834,000
908,490

201406070301(201406070301)
758,880
1,529,550
4,759,380
834,000
908,490

201406070302(201406070302)
759,060
1,530,690
4,759,380
836,730
908,490

201406070309(201406070309)
763,110
1,535,100
4,818,450
837,390
910,680

201406070310(201406070310)
763,110
1,538,340
4,818,450
837,630
910,680

201406070311(201406070311)
763,230
1,538,340
4,818,450
838,020
911,220

201406070312(201406070312)
763,230
1,542,510
4,818,450
841,260
911,220

201406070319(201406070319)
764,700
1,551,570
4,936,800
846,930
917,850

201406070320(201406070320)
764,850
1,551,570
4,936,800
848,100
918,210

201406070321(201406070321)
766,380
1,551,570
4,936,800
848,100
918,630

201406070322(201406070322)
767,910
1,551,570
4,936,800
848,370
921,990

























































201406070552(201406070552)
848,400
1,646,970
5,354,220
918,210
1,001,430

201406070552(201406070552)
848,400
1,646,970
5,354,220
918,210
1,001,430

201406070559(201406070559)
850,710
1,647,960
5,414,070
923,250
1,003,710

201406070600(201406070600)
850,710
1,647,960
5,414,070
923,250
1,007,190

201406070601(201406070601)
850,710
1,648,110
5,414,070
923,250
1,007,250

201406070602(201406070602)
850,710
1,648,110
5,414,070
923,250
1,007,250

201406070609(201406070609)
853,350
1,648,920
5,458,140
925,050
1,011,030

201406070610(201406070610)
854,010
1,650,330
5,458,140
927,060
1,011,030

201406070611(201406070611)
854,460
1,650,330
5,458,140
927,060
1,011,030

201406070612(201406070612)
855,270
1,650,330
5,458,140
929,640
1,012,830

201406070619(201406070619)
861,690
1,651,290
5,477,700
936,660
1,024,590

201406070620(201406070620)
862,260
1,651,290
5,558,310
936,660
1,024,590

201406070621(201406070621)
862,260
1,651,290
5,558,310
938,460
1,025,040

201406070622(201406070622)
862,260
1,651,290
5,558,310
939,360
1,026,600

201406070629(201406070629)
866,820
1,653,390
5,613,240
945,930
1,027,530

201406070630(201406070630)
867,360
1,653,390
5,615,610
945,930
1,028,520

201406070631(201406070631)
870,270
1,653,390
5,615,610
945,930
1,030,230

201406070632(201406070632)
870,270
1,653,390
5,615,610
945,930
1,035,660

201406070639(201406070639)
873,780
1,667,520
5,616,930
951,630
1,035,660

201406070640(201406070640)
873,780
1,667,520
5,673,720
951,630
1,035,660

201406070641(201406070641)
873,780
1,669,320
5,673,720
951,630
1,035,660

201406070642(201406070642)
873,780
1,673,370
5,688,030
951,630
1,036,950

201406070649(201406070649)
879,900
1,674,870
5,721,120
953,160
1,038,090

201406070650(201406070650)
880,560
1,676,310
5,721,120
954,390
1,038,090

201406070651(201406070651)
881,790
1,677,060
5,721,120
954,390
1,038,090

201406070652(201406070652)
883,050
1,677,060
5,721,120
955,920
1,040,670

201406070659(201406070659)
888,870
1,698,660
5,744,880
959,910
1,046,280

201406070700(201406070700)
889,770
1,698,660
5,744,880
960,180
1,046,280

201406070701(201406070701)
890,160
1,706,850
5,744,880
963,330
1,046,280

201406070702(201406070702)
890,160
1,707,450
5,744,880
963,510
1,046,550

201406070709(201406070709)
893,430
1,711,230
5,770,830
967,200
1,047,870

201406070710(201406070710)
893,430
1,711,230
5,770,830
967,200
1,047,870

201406070711(201406070711)
893,430
1,711,230
5,770,830
967,470
1,049,700

201406070712(201406070712)
893,430
1,711,230
5,770,830
967,470
1,049,700

201406070719(201406070719)
899,760
1,719,270
5,792,970
971,880
1,051,710

201406070720(201406070720)
899,760
1,719,270
5,792,970
972,780
1,051,710

201406070721(201406070721)
899,970
1,722,390
5,792,970
972,780
1,054,110

201406070722(201406070722)
900,960
1,722,390
5,792,970
975,660
1,054,110

201406070729(201406070729)
905,010
1,733,550
5,874,600
978,780
1,056,840

201406070730(201406070730)
906,000
1,734,900
5,874,600
980,340
1,059,930

201406070731(201406070731)
906,750
1,736,550
5,874,600
981,750
1,059,930

201406070732(201406070732)
906,750
1,736,550
5,874,600
982,500
1,059,930

201406070739(201406070739)
911,010
1,752,930
5,874,600
983,490
1,060,680

201406070740(201406070740)
911,010
1,752,930
5,874,600
985,770
1,060,680

201406070741(201406070741)
911,130
1,753,200
5,874,600
986,460
1,062,570

201406070742(201406070742)
912,510
1,753,200
5,874,600
987,270
1,062,570

201406070749(201406070749)
915,810
1,764,090
5,874,600
988,170
1,063,500

201406070750(201406070750)
916,260
1,764,090
5,874,600
989,220
1,064,100

201406070751(201406070751)
918,000
1,764,090
5,874,600
989,940
1,069,770

201406070752(201406070752)
918,630
1,767,030
5,874,600
989,940
1,070,010

201406070759(201406070759)
927,390
1,769,430
5,874,600
999,660
1,080,720

201406070800(201406070800)
930,030
1,770,810
5,874,600
999,660
1,083,930

201406070801(201406070801)
931,950
1,770,810
5,874,600
1,001,430
1,084,140

201406070802(201406070802)
933,150
1,770,810
5,874,600
1,002,660
1,084,140

201406070809(201406070809)
940,380
1,793,640
5,874,600
1,010,520
1,095,990

201406070810(201406070810)
941,070
1,793,640
5,874,600
1,013,580
1,096,530

201406070811(201406070811)
941,910
1,810,530
5,874,600
1,015,020
1,096,740

201406070812(201406070812)
945,870
1,810,530
5,874,600
1,015,830
1,097,820

201406070819(201406070819)
952,590
1,817,940
5,877,030
1,020,780
1,106,280

201406070820(201406070820)
952,680
1,817,940
5,877,030
1,020,780
1,106,430

201406070821(201406070821)
953,160
1,817,940
5,877,030
1,024,080
1,106,430

201406070822(201406070822)
953,160
1,821,000
5,877,030
1,024,590
1,106,430

201406070829(201406070829)
957,090
1,821,450
5,912,820
1,036,950
1,110,510

201406070830(201406070830)
957,390
1,850,310
5,912,820
1,036,950
1,111,710

201406070831(201406070831)
957,900
1,850,310
5,912,820
1,038,540
1,113,180

201406070832(201406070832)
957,900
1,854,300
5,912,820
1,038,540
1,113,660

201406070839(201406070839)
964,560
1,864,110
5,944,710
1,044,450
1,119,690

201406070840(201406070840)
964,560
1,868,280
6,042,930
1,044,450
1,124,790

201406070841(201406070841)
965,370
1,868,280
6,042,930
1,045,740
1,125,780

201406070842(201406070842)
965,370
1,869,810
6,042,930
1,045,740
1,126,170

201406070849(201406070849)
966,870
1,884,630
6,042,930
1,047,870
1,128,600

201406070850(201406070850)
966,870
1,889,250
6,042,930
1,047,870
1,130,820

201406070851(201406070851)
967,200
1,889,250
6,042,930
1,048,680
1,130,820

201406070852(201406070852)
967,200
1,892,940
6,042,930
1,048,680
1,131,600

201406070859(201406070859)
972,900
1,894,050
6,042,930
1,052,460
1,135,770

201406070900(201406070900)
972,900
1,894,050
6,042,930
1,052,460
1,140,060

201406070901(201406070901)
975,690
1,894,050
6,042,930
1,053,630
1,140,810

201406070902(201406070902)
976,410
1,896,690
6,042,930
1,053,630
1,140,810

201406070909(201406070909)
976,410
1,896,690
6,042,930
1,053,630
1,140,810
1,896,690
6,042,930
1,054,860
1,141,830

201406070910(201406070910)
982,860
1,896,690
6,042,930
1,060,650
1,144,260

201406070911(201406070911)
982,860
1,896,690
6,042,930
1,060,650
1,144,260

201406070912(201406070912)
986,520
1,896,690
6,042,930
1,061,160
1,144,950

201406070919(201406070919)
992,430
1,896,690
6,042,930
1,071,450
1,148,520

201406070920(201406070920)
993,660
1,896,690
6,042,930
1,071,450
1,155,990

201406070921(201406070921)
994,200
1,897,860
6,042,930
1,073,400
1,157,310

201406070922(201406070922)
995,670
1,903,200
6,042,930
1,073,400
1,158,000

201406070929(201406070929)
995,670
1,903,200
6,042,930
1,073,400
1,158,000
1,001,310
1,906,200
6,099,330
1,080,480
1,166,370

201406070930(201406070930)
1,001,310
1,906,950
6,099,330
1,080,630
1,166,370

201406070931(201406070931)
1,001,910
1,910,970
6,099,330
1,081,020
1,167,450

201406070932(201406070932)
1,001,910
1,910,970
6,099,330
1,081,020
1,167,450
1,911,300
6,099,330
1,083,240
1,167,450

201406070939(201406070939)
1,010,520
1,922,820
6,117,540
1,088,430
1,175,400

201406070940(201406070940)
1,010,820
1,931,010
6,117,540
1,089,120
1,177,050

201406070941(201406070941)
1,010,820
1,931,010
6,117,540
1,089,120
1,177,050
1,010,820
1,931,010
6,117,540
1,089,210
1,177,500

201406070942(201406070942)
1,013,580
1,931,010
6,117,540
1,089,210
1,177,500

201406070949(201406070949)
1,018,530
1,952,310
6,159,000
1,098,930
1,184,910

201406070950(201406070950)
1,018,530
1,960,320
6,182,190
1,098,930
1,184,910

201406070951(201406070951)
1,018,530
1,960,320
6,182,190
1,099,860
1,186,830

201406070952(201406070952)
1,021,740
1,960,320
6,182,190
1,099,860
1,186,830

201406070959(201406070959)
1,028,520
1,961,580
6,187,290
1,101,450
1,187,310

201406071000(201406071000)
1,032,030
1,966,170
6,187,290
1,106,430
1,187,880

201406071001(201406071001)
1,034,520
1,966,170
6,187,290
1,106,430
1,190,760

201406071002(201406071002)
1,034,520
1,966,170
6,187,290
1,106,430
1,190,760
1,969,020
6,187,290
1,107,720
1,190,760

201406071009(201406071009)
1,039,800
1,979,610
6,187,290
1,115,040
1,196,250

201406071010(201406071010)
1,039,800
1,980,810
6,187,290
1,115,100
1,196,250

201406071011(201406071011)
1,040,010
1,982,820
6,187,290
1,115,910
1,197,570

201406071012(201406071012)
1,040,010
1,982,820
6,195,090
1,117,020
1,200,120

201406071019(201406071019)
1,040,760
1,995,090
6,213,360
1,121,940
1,203,090

201406071020(201406071020)
1,040,760
1,995,090
6,213,360
1,121,940
1,203,090

201406071021(201406071021)
1,043,220
2,000,460
6,213,360
1,121,940
1,204,500

201406071022(201406071022)
1,045,740
2,001,660
6,233,820
1,125,780
1,205,070

201406071029(201406071029)
1,047,870
2,001,960
6,246,450
1,127,700
1,205,070

201406071030(201406071030)
2,005,020
6,246,450
1,131,900
1,210,800

201406071031(201406071031)
1,054,770
2,005,110
6,284,940
1,131,900
1,211,400

201406071032(201406071032)
1,054,770
2,005,110
6,284,940
1,131,900
1,211,400
2,006,220
6,284,940
1,133,460
1,211,400

201406071039(201406071039)
1,060,650
2,019,030
6,284,940
1,140,810
1,222,140

201406071040(201406071040)
1,061,160
2,019,030
6,284,940
1,140,810
1,222,140

201406071041(201406071041)
1,061,520
2,020,590
6,284,940
1,142,550
1,224,600

201406071042(201406071042)
1,062,570
2,025,690
6,284,940
1,142,550
1,224,600

201406071049(201406071049)
1,073,760
2,044,560
6,285,360
1,148,220
1,235,370

201406071050(201406071050)
1,080,000
2,044,560
6,285,360
1,148,520
1,236,330

201406071051(201406071051)
1,080,000
2,044,560
6,285,360
1,148,520
1,236,330
2,044,560
6,298,740
1,149,900
1,241,370

201406071052(201406071052)
1,080,000
2,044,560
6,319,140
1,151,310
1,241,370

201406071059(201406071059)
1,082,730
2,049,570
6,395,520
1,155,600
1,244,070

201406071100(201406071100)
1,084,080
2,069,070
6,395,520
1,157,700
1,251,960

201406071101(201406071101)
1,084,080
2,069,070
6,428,580
1,158,240
1,251,960

201406071102(201406071102)
1,084,080
2,069,070
6,428,580
1,158,240
1,251,960

201406071109(201406071109)
1,092,780
2,069,070
6,431,220
1,161,060
1,256,460

201406071110(201406071110)
1,092,780
2,069,070
6,431,220
1,161,060
1,256,460
2,074,890
6,431,220
1,161,450
1,259,070

201406071111(201406071111)
1,094,160
2,085,780
6,431,220
1,161,900
1,259,070

201406071112(201406071112)
1,094,640
2,085,780
6,431,220
1,166,790
1,259,070

201406071119(201406071119)
1,098,630
2,095,890
6,551,280
1,172,010
1,266,780

201406071120(201406071120)
1,098,630
2,095,890
6,551,280
1,172,010
1,266,780
1,098,630
2,095,890
6,551,280
1,174,560
1,266,780

201406071121(201406071121)
1,098,630
2,095,890
6,551,280
1,174,560
1,267,230

201406071122(201406071122)
1,098,630
2,095,890
6,551,280
1,175,850
1,267,230

201406071129(201406071129)
1,101,240
2,103,780
6,594,060
1,182,600
1,276,710

201406071130(201406071130)
2,108,130
6,594,060
1,182,810
1,277,430

201406071131(201406071131)
1,101,240
2,108,130
6,604,770
1,182,810
1,277,700

201406071132(201406071132)
1,101,240
2,108,130
6,604,770
1,182,810
1,277,700
2,108,130
6,604,770
1,183,770
1,280,520

201406071139(201406071139)
1,101,240
2,108,130
6,604,770
1,182,810
1,277,700
2,108,130
6,604,770
1,183,770
1,280,520
2,136,330
6,604,770
1,187,760
1,284,090

201406071140(201406071140)
1,109,790
2,136,390
6,646,680
1,187,760
1,284,090

201406071141(201406071141)
1,109,790
2,136,390
6,675,660
1,187,760
1,284,090

201406071142(201406071142)
1,109,790
2,136,390
6,675,660
1,187,760
1,284,090
1,110,510
2,136,390
6,675,660
1,187,760
1,284,090

201406071149(201406071149)
1,109,790
2,136,390
6,675,660
1,187,760
1,284,090
1,110,510
2,136,390
6,675,660
1,187,760
1,284,090
2,151,420
6,680,820
1,193,220
1,288,260

201406071150(201406071150)
1,115,970
2,162,010
6,680,820
1,193,370
1,288,350

201406071151(201406071151)
1,116,810
2,162,010
6,680,820
1,195,440
1,289,100

201406071152(201406071152)
1,116,810
2,162,010
6,680,820
1,195,440
1,289,100
1,116,810
2,162,010
6,680,820
1,195,440
1,289,100

201406071159(201406071159)
1,116,810
2,162,010
6,680,820
1,195,440
1,289,100
1,116,810
2,162,010
6,680,820
1,195,440
1,289,100
2,162,010
6,680,820
1,196,730
1,292,970

201406071200(201406071200)
1,118,190
2,162,520
6,680,820
1,196,730
1,292,970

201406071201(201406071201)
1,118,190
2,162,520
6,680,820
1,196,730
1,293,630

201406071202(201406071202)
1,119,330
2,162,520
6,680,820
1,199,940
1,293,630

201406071209(201406071209)
2,162,520
6,827,610
1,201,290
1,296,900

201406071210(201406071210)
6,870,300
1,201,290
1,296,900

201406071211(201406071211)
1,123,650
2,184,660
6,870,300
1,201,440
1,296,900

201406071212(201406071212)
1,126,440
2,184,660
6,870,300
1,201,470
1,296,900

201406071220(201406071220)
1,134,150
2,185,410
6,870,300
1,212,120
1,301,970

201406071220(201406071220)
2,191,170
6,870,300
1,213,260
1,302,270

201406071221(201406071221)
1,135,770
2,191,170
6,870,300
1,213,260
1,302,270

201406071222(201406071222)
1,135,770
2,192,640
6,870,300
1,213,260
1,302,870

201406071229(201406071229)
1,143,300
2,196,990
6,870,300
1,220,940
1,310,070

201406071230(201406071230)
2,204,430
6,870,300
1,223,610
1,316,220

201406071231(201406071231)
2,204,430
6,870,300
1,224,600
1,316,460

201406071232(201406071232)
2,204,430
6,870,300
1,224,600
1,316,460

201406071239(201406071239)
1,148,520
2,206,380
6,877,740
1,228,770
1,316,520

201406071240(201406071240)
1,148,520
2,206,380
6,877,740
1,228,770
1,316,520
1,151,550
2,217,300
6,877,740
1,235,760
1,322,700

201406071241(201406071241)
1,148,520
2,206,380
6,877,740
1,228,770
1,316,520
1,151,550
2,217,300
6,877,740
1,235,760
1,322,700
2,217,300
6,877,740
1,235,760
1,323,360

201406071242(201406071242)
1,151,550
2,217,300
6,877,740
1,236,510
1,323,390

201406071249(201406071249)
1,158,240
2,218,740
6,914,820
1,244,070
1,332,720

201406071250(201406071250)
1,159,260
2,220,150
6,914,820
1,244,400
1,332,720

201406071251(201406071251)
1,159,260
2,220,150
6,914,820
1,244,400
1,332,720

201406071252(201406071252)
1,159,320
2,220,150
6,914,820
1,244,400
1,333,170

201406071259(201406071259)
1,159,590
2,220,150
6,914,820
1,248,930
1,334,700

201406071300(201406071300)
2,229,180
6,914,820
1,248,930
1,336,890

201406071301(201406071301)
1,159,590
2,229,180
6,914,820
1,248,930
1,336,890

201406071302(201406071302)
1,159,590
2,229,690
6,914,820
1,248,930
1,336,890

201406071309(201406071309)
1,159,590
2,229,690
6,914,820
1,248,930
1,336,890
2,229,690
6,985,590
1,251,390
1,341,420

201406071310(201406071310)
1,164,060
2,235,090
6,985,590
1,252,200
1,342,110

201406071311(201406071311)
1,164,060
2,235,090
6,985,590
1,253,040
1,342,110

201406071312(201406071312)
1,164,540
2,235,090
6,985,590
1,253,550
1,342,110

201406071319(201406071319)
1,175,850
2,265,810
6,991,950
1,259,820
1,356,030

201406071320(201406071320)
1,175,850
2,265,810
6,991,950
1,259,820
1,356,030

201406071321(201406071321)
1,175,850
2,265,810
6,991,950
1,259,820
1,356,030

201406071322(201406071322)
1,175,850
2,267,820
6,991,950
1,259,820
1,356,030

201406071329(201406071329)
1,180,650
2,268,450
6,991,950
1,262,310
1,358,910

201406071330(201406071330)
1,180,650
2,268,450
6,991,950
1,262,310
1,361,460

201406071331(201406071331)
1,182,600
2,272,380
6,991,950
1,262,310
1,361,460

201406071332(201406071332)
6,991,950
1,262,310
1,361,460

201406071339(201406071339)
1,187,760
2,278,770
6,991,950
1,272,210
1,373,100

201406071340(201406071340)
1,189,350
2,278,770
6,991,950
1,273,350
1,373,100

201406071341(201406071341)
1,189,350
2,278,770
6,991,950
1,274,040
1,373,490

201406071342(201406071342)
1,191,120
2,278,770
6,991,950
1,274,100
1,378,470

201406071349(201406071349)
1,194,270
2,287,560
6,991,950
1,280,520
1,381,980

201406071350(201406071350)
1,194,270
2,287,560
6,991,950
1,280,520
1,381,980

201406071351(201406071351)
1,194,270
2,287,560
6,991,950
1,280,520
1,381,980
2,287,560
6,991,950
1,280,520
1,381,980

201406071352(201406071352)
1,194,270
2,289,540
6,991,950
1,280,520
1,382,220

201406071359(201406071359)
1,195,560
2,289,900
7,021,770
1,281,360
1,382,220

201406071400(201406071400)
1,195,560
2,289,900
7,021,770
1,281,360
1,382,220
2,325,870
7,021,770
1,283,220
1,384,080

201406071401(201406071401)
1,196,250
2,325,870
7,021,770
1,283,400
1,386,360

201406071402(201406071402)
1,196,250
2,325,870
7,021,770
1,283,400
1,386,360

201406071409(201406071409)
1,201,470
2,331,660
7,021,770
1,291,620
1,393,920

201406071410(201406071410)
1,201,470
2,331,660
7,021,770
1,291,620
1,393,920

201406071411(201406071411)
1,201,470
2,331,660
7,021,770
1,291,620
1,393,920

201406071412(201406071412)
1,201,470
2,335,800
7,041,180
1,291,620
1,393,920

201406071419(201406071419)
1,201,800
2,338,380
7,066,830
1,291,980
1,396,710

201406071420(201406071420)
1,201,800
2,338,380
7,066,830
1,291,980
1,396,710

201406071421(201406071421)
2,339,220
7,066,830
1,291,980
1,396,710

201406071422(201406071422)
1,201,800
2,340,210
7,066,830
1,292,340
1,396,710

201406071429(201406071429)
1,201,800
2,340,210
7,066,830
1,292,340
1,396,710
2,345,850
7,091,550
1,296,900
1,400,700

201406071430(201406071430)
2,346,000
7,091,550
1,297,140
1,400,700

201406071431(201406071431)
1,206,750
2,348,520
7,091,550
1,297,140
1,400,700

201406071432(201406071432)
1,206,750
2,348,520
7,091,550
1,297,140
1,400,700

201406071439(201406071439)
1,212,840
2,349,150
7,091,550
1,301,610
1,401,030

201406071440(201406071440)
1,213,020
2,349,150
7,091,550
1,302,270
1,404,390

201406071441(201406071441)
1,213,020
2,349,150
7,091,550
1,302,270
1,404,450

201406071442(201406071442)
1,213,020
2,349,150
7,091,550
1,302,270
1,404,450

201406071604(201406071604)
1,273,350
2,475,120
7,692,210
1,357,980
1,469,760

201406071609(201406071609)
1,277,430
2,475,120
7,711,710
1,471,290

201406071610(201406071610)
1,277,430
2,475,390
7,744,710
1,471,290

201406071611(201406071611)
1,278,480
2,476,260
7,768,500
1,471,290

201406071612(201406071612)
1,281,360
2,478,810
7,768,500
1,471,410

201406071619(201406071619)
1,285,980
2,496,330
7,768,500
1,475,640

201406071620(201406071620)
1,285,980
2,496,330
7,768,500
1,475,910

201406071621(201406071621)
1,286,730
2,496,330
7,828,560
1,475,910

201406071622(201406071622)
1,286,730
2,496,330
7,828,560
1,476,480

201406071629(201406071629)
1,287,630
2,496,330
7,847,550
1,480,710

201406071630(201406071630)
1,288,320
2,496,330
7,847,550
1,482,330

201406071631(201406071631)
1,288,320
2,502,240
7,847,550
1,482,540

201406071632(201406071632)
1,288,320
2,502,240
7,847,550
1,482,660

201406071639(201406071639)
1,293,480
2,502,240
7,847,550
1,493,160

201406071640(201406071640)
1,294,980
2,505,060
7,860,180
1,493,160

201406071641(201406071641)
1,297,230
2,505,060
7,860,180
1,493,160

201406071642(201406071642)
1,298,190
2,505,060
7,860,180
1,493,160

201406071649(201406071649)
1,298,490
2,525,070
8,014,650
1,497,300

201406071650(201406071650)
1,298,490
2,525,070
8,014,650
1,497,300

201406071651(201406071651)
1,298,490
2,525,070
8,014,650
1,497,300

201406071652(201406071652)
1,299,450
2,525,070
8,014,650
1,497,300

201406071659(201406071659)
1,302,270
2,529,570
8,014,650
1,500,420

201406071700(201406071700)
1,302,270
2,529,570
8,014,650
1,500,780

201406071701(201406071701)
1,302,870
2,529,600
8,014,650
1,501,950

201406071702(201406071702)
1,303,110
2,529,600
8,014,650
1,502,010

201406071709(201406071709)
1,308,450
2,530,830
8,014,650
1,505,490

201406071710(201406071710)
1,310,580
2,530,830
8,014,650
1,505,490

201406071711(201406071711)
1,310,850
2,534,280
8,014,650
1,505,490

201406071712(201406071712)
1,312,140
2,534,430
8,014,650
1,506,570

201406071719(201406071719)
1,314,030
2,536,320
8,014,650
1,512,480

201406071720(201406071720)
1,314,030
2,536,320
8,014,650
1,519,110

201406071721(201406071721)
1,316,220
2,536,320
8,026,080
1,520,700

201406071722(201406071722)
1,316,220
2,536,320
8,028,480
1,520,730

201406071729(201406071729)
1,318,230
2,549,490
8,058,780
1,521,930

201406071730(201406071730)
1,320,240
2,549,490
8,058,780
1,522,710

201406071731(201406071731)
1,320,240
2,549,490
8,058,780
1,522,710

201406071732(201406071732)
1,320,240
2,549,490
8,058,780
1,522,710

201406071739(201406071739)
1,326,150
2,549,490
8,084,070
1,528,800

201406071740(201406071740)
1,328,100
2,549,490
8,084,070
1,528,800

201406071741(201406071741)
1,328,100
2,549,490
8,084,070
1,528,800

201406071742(201406071742)
1,328,100
2,549,490
8,084,070
1,528,800

