201406141959(201406141959)
6,935,340
13,060,500
22,903,320
7,789,110
8,566,770

201406142000(201406142000)
6,935,340
13,060,500
22,903,320
7,789,860

201406142001(201406142001)
6,936,030
13,060,500
22,903,320
7,789,860
8,566,770

201406142002(201406142002)
13,062,810
22,903,320
7,789,860
8,566,770

201406142009(201406142009)
6,960,870
13,062,810
22,903,320
7,789,860
8,572,260

201406142010(201406142010)
6,960,870
13,064,400
22,903,320
7,789,860
8,572,260

201406142011(201406142011)
6,960,870
13,064,400
22,903,320
7,789,860
8,572,260

201406142012(201406142012)
6,960,870
13,064,400
22,903,320
7,789,860
8,572,260

201406142019(201406142019)
6,960,870
13,079,250
22,919,250
7,791,540
8,586,180

201406142020(201406142020)
6,970,260
13,079,250
22,919,250
7,815,330
8,586,180

201406142021(201406142021)
6,977,040
13,079,250
22,919,250
7,815,330
8,586,180

201406142022(201406142022)
6,977,040
13,079,250
22,919,250
7,815,330
8,586,180

201406142029(201406142029)
6,977,040
13,079,250
22,919,250
7,834,500
8,586,540

201406142030(201406142030)
6,977,040
13,079,250
22,919,250
7,834,500
8,586,540

201406142031(201406142031)
6,977,040
13,079,250
22,919,250
7,834,500
8,586,540

201406142032(201406142032)
6,977,040
13,079,250
22,919,250
7,834,500
8,586,540

201406142039(201406142039)
6,977,460
13,079,250
22,919,250
7,836,840
8,596,110

201406142040(201406142040)
6,977,460
13,079,250
22,919,250
7,836,840
8,596,110

201406142041(201406142041)
6,977,460
13,082,970
22,919,250
7,836,840
8,596,110

201406142042(201406142042)
6,977,820
13,082,970
22,919,250
7,836,840
8,596,110

201406142049(201406142049)
6,982,920
13,082,970
22,919,250
7,836,840
8,596,110

201406142050(201406142050)
6,987,690
13,082,970
22,919,250
7,836,840
8,596,110

201406142051(201406142051)
6,987,690
13,082,970
22,919,250
7,836,840
8,596,110

201406142052(201406142052)
6,987,690
13,082,970
22,919,250
7,836,840
8,596,110

201406142059(201406142059)
6,987,690
13,082,970
22,919,250
7,836,840
8,607,840

201406142100(201406142100)
6,987,690
13,082,970
22,919,250
7,836,840
8,607,840

201406142101(201406142101)
6,992,280
13,082,970
22,919,250
7,845,240
8,607,840

201406142102(201406142102)
6,992,280
13,082,970
22,919,250
7,848,000
8,608,950

201406142109(201406142109)
7,000,770
13,082,970
22,919,250
7,857,870
8,611,650

201406142110(201406142110)
7,000,770
13,082,970
22,919,250
7,857,870
8,611,650

201406142111(201406142111)
7,000,770
13,082,970
22,919,250
7,857,870
8,611,650

201406142112(201406142112)
7,000,770
13,082,970
22,919,250
7,857,870
8,615,820

201406142119(201406142119)
7,000,770
13,090,350
22,919,250
7,857,870
8,615,820

201406142120(201406142120)
7,000,770
13,090,350
22,919,250
7,857,870
8,615,820

201406142121(201406142121)
7,000,770
13,090,350
22,919,250
7,857,870
8,615,820

201406142122(201406142122)
7,005,030
13,090,350
22,919,250
7,857,870
8,615,820

201406142129(201406142129)
7,014,150
13,092,330
22,919,250
7,858,200
8,622,780

201406142130(201406142130)
7,014,150
13,092,330
22,919,250
7,863,600
8,622,780

201406142131(201406142131)
7,014,150
13,092,330
22,919,250
7,872,570
8,622,780

201406142132(201406142132)
7,014,150
13,092,330
23,078,220
7,872,570
8,622,780

201406142139(201406142139)
7,014,150
13,093,830
23,237,760
7,872,570
8,635,260

201406142140(201406142140)
7,014,150
13,093,830
23,237,760
7,872,570
8,635,260

201406142141(201406142141)
7,014,150
13,093,830
23,237,760
7,872,570
8,637,360

201406142142(201406142142)
7,014,150
13,093,830
23,237,760
7,872,570
8,637,360

201406142149(201406142149)
7,026,540
13,105,800
23,237,760
7,872,570
8,637,360

201406142150(201406142150)
7,038,600
13,105,800
23,237,760
7,872,570
8,651,790

201406142151(201406142151)
7,038,600
13,105,800
23,237,760
7,873,140
8,651,790

201406142152(201406142152)
7,038,600
13,105,800
23,237,760
7,884,930
8,658,090

201406142159(201406142159)
7,064,730
13,160,340
23,237,760
7,884,930
8,664,630

201406142200(201406142200)
7,064,730
13,160,340
23,237,760
7,884,930
8,676,690

201406142201(201406142201)
7,064,730
13,160,340
23,237,760
7,884,930
8,676,690

201406142202(201406142202)
7,064,730
13,161,000
23,237,760
7,884,930
8,676,690

201406142209(201406142209)
7,094,010
13,161,000
23,256,390
7,884,930
8,691,600

201406142210(201406142210)
7,103,880
13,161,000
23,281,050
7,918,440
8,691,600

201406142211(201406142211)
7,103,880
13,161,000
23,281,050
7,918,440
8,691,600

201406142212(201406142212)
7,109,370
13,161,000
23,281,050
7,918,440
8,691,600

201406142219(201406142219)
7,132,530
13,172,430
23,281,050
7,918,440
8,691,600

201406142220(201406142220)
7,138,170
13,172,430
23,281,050
7,918,440
8,691,600

201406142221(201406142221)
7,143,420
13,172,430
23,281,050
7,918,440
8,691,600

201406142222(201406142222)
7,144,470
13,172,430
23,281,050
7,918,440
8,691,600

201406142229(201406142229)
7,144,470
13,194,420
23,281,050
7,930,620
8,691,600

201406142230(201406142230)
7,144,470
13,197,060
23,281,050
7,930,620
8,691,600

201406142231(201406142231)
7,144,470
13,197,060
23,281,050
7,931,370
8,691,600

201406142232(201406142232)
7,144,470
13,197,060
23,281,050
7,931,370
8,691,600

201406142239(201406142239)
7,144,470
13,209,660
23,281,050
7,932,570
8,698,200

201406142240(201406142240)
7,144,470
13,209,660
23,281,050
7,932,570
8,698,200

201406142241(201406142241)
7,144,470
13,209,660
23,281,050
7,932,570
8,698,200

201406142242(201406142242)
7,144,470
13,209,660
23,281,050
7,932,570
8,698,200

201406142249(201406142249)
7,158,690
13,223,070
23,281,050
7,937,460
8,698,200

201406142250(201406142250)
7,158,690
13,223,070
23,281,050
7,937,460
8,698,200

201406142251(201406142251)
7,158,690
13,223,070
23,281,050
7,937,460
8,698,200

201406142252(201406142252)
7,158,690
13,223,070
23,281,050
7,937,460
8,698,200

201406142259(201406142259)
7,180,230
13,223,070
23,281,050
7,949,880
8,698,200

201406142300(201406142300)
7,180,230
13,223,070
23,281,050
7,949,880
8,698,200

201406142301(201406142301)
7,202,400
13,223,070
23,391,600
7,951,170
8,698,200

201406142302(201406142302)
7,202,400
13,223,070
23,396,400
7,951,170
8,698,200

201406142309(201406142309)
7,211,160
13,223,070
23,421,270
7,951,530
8,721,540

201406142310(201406142310)
7,211,160
13,223,070
23,421,270
7,951,530
8,721,540

201406142311(201406142311)
7,211,160
13,223,070
23,421,270
7,959,090
8,721,540

201406142312(201406142312)
7,211,160
13,223,070
23,421,270
7,969,650
8,721,540

201406142319(201406142319)
7,230,930
13,223,070
23,421,270
7,977,840
8,725,410

201406142320(201406142320)
7,230,930
13,223,070
23,421,270
7,977,840
8,725,410

201406142321(201406142321)
7,250,280
13,223,070
23,421,270
7,977,840
8,748,690

201406142322(201406142322)
7,250,280
13,232,190
23,421,270
7,977,840
8,748,690

201406142329(201406142329)
7,276,440
13,232,190
23,421,270
7,990,560
8,756,010

201406142330(201406142330)
7,276,440
13,232,190
23,421,270
8,011,650
8,756,010

201406142331(201406142331)
7,279,680
13,232,190
23,421,270
8,011,650
8,756,010

201406142332(201406142332)
7,279,680
13,235,970
23,421,270
8,011,650
8,756,010

201406142339(201406142339)
7,279,680
13,263,930
23,849,640
8,077,440
8,756,010

201406142340(201406142340)
7,279,680
13,263,930
23,849,640
8,077,440
8,756,010

201406142341(201406142341)
7,279,680
13,263,930
23,849,640
8,077,440
8,756,010

201406142342(201406142342)
7,279,680
13,263,930
23,849,640
8,077,440
8,765,010

201406142349(201406142349)
7,279,680
13,263,930
23,849,640
8,077,440
8,789,040

201406142350(201406142350)
7,296,420
13,264,920
23,849,640
8,077,440
8,789,040

201406142351(201406142351)
7,296,420
13,266,990
23,849,640
8,077,440
8,789,040

201406142352(201406142352)
7,296,420
13,273,710
23,849,640
8,078,550
8,789,040

201406142359(201406142359)
7,296,420
13,279,170
23,849,640
8,079,810
8,789,040

201406150000(201406150000)
7,296,420
13,279,170
23,849,640
8,079,810
8,789,040

201406150001(201406150001)
7,298,700
13,279,170
23,849,640
8,079,810
8,799,420

201406150002(201406150002)
7,298,850
13,279,170
23,849,640
8,079,810
8,799,420

201406150009(201406150009)
7,298,850
13,295,580
23,849,640
8,079,810
8,819,010

201406150010(201406150010)
7,298,850
13,295,580
23,856,840
8,082,030
8,819,010

201406150011(201406150011)
7,298,850
13,295,580
23,862,540
8,082,060
8,819,010

201406150012(201406150012)
7,298,850
13,327,590
23,864,370
8,091,840
8,830,920

201406150019(201406150019)
7,298,850
13,335,870
23,866,320
8,093,760
8,836,470

201406150020(201406150020)
7,309,440
13,335,870
23,866,320
8,093,760
8,848,380

201406150021(201406150021)
7,309,440
13,335,870
23,866,320
8,093,760
8,851,590

201406150022(201406150022)
7,309,440
13,335,870
23,866,320
8,093,760
8,851,590

201406150029(201406150029)
7,309,440
13,340,910
23,866,320
8,093,760
8,866,890

201406150030(201406150030)
7,309,440
13,340,910
23,866,320
8,111,070
8,866,890

201406150031(201406150031)
7,309,440
13,340,910
23,866,320
8,111,070
8,866,890

201406150032(201406150032)
7,324,200
13,340,910
23,866,320
8,111,070
8,870,760

201406150039(201406150039)
7,324,200
13,345,680
24,054,570
8,119,290
8,878,830

201406150040(201406150040)
7,324,200
13,345,680
24,054,570
8,119,290
8,878,830

201406150041(201406150041)
7,324,200
13,345,680
24,054,570
8,119,290
8,878,830

201406150042(201406150042)
7,324,200
13,345,680
24,054,570
8,119,290
8,878,830

201406150049(201406150049)
7,324,200
13,390,770
24,054,570
8,119,290
8,885,760

201406150050(201406150050)
7,324,200
13,390,770
24,054,570
8,119,290
8,889,690

201406150051(201406150051)
7,324,200
13,390,770
24,054,570
8,119,290
8,889,690

201406150052(201406150052)
7,324,200
13,390,770
24,054,570
8,119,290
8,889,690

201406150059(201406150059)
7,348,800
13,400,820
24,058,320
8,121,990
8,915,070

201406150100(201406150100)
7,348,800
13,400,820
24,068,970
8,126,940
8,915,070

201406150101(201406150101)
7,348,800
13,402,710
24,144,030
8,126,940
8,915,070

201406150102(201406150102)
7,348,800
13,404,600
24,177,720
8,126,940
8,915,070

201406150109(201406150109)
7,348,800
13,430,730
24,177,720
8,130,030
8,915,070

201406150110(201406150110)
7,348,800
13,430,730
24,177,720
8,130,030
8,915,070

201406150111(201406150111)
7,348,800
13,430,730
24,177,720
8,130,030
8,915,070

201406150112(201406150112)
7,348,800
13,430,730
24,177,720
8,130,030
8,915,070

201406150119(201406150119)
7,364,370
13,442,790
24,177,720
8,130,030
8,941,050

201406150120(201406150120)
7,364,370
13,442,790
24,177,720
8,130,030
8,941,050

201406150121(201406150121)
7,364,370
13,442,790
24,177,720
8,130,030
8,941,050

201406150122(201406150122)
7,364,370
13,442,790
24,177,720
8,130,030
8,941,050

201406150129(201406150129)
7,364,370
13,442,790
24,177,720
8,137,410
8,941,050

201406150130(201406150130)
7,364,370
13,442,790
24,177,720
8,137,410
8,950,260

201406150131(201406150131)
7,364,370
13,442,790
24,177,720
8,137,410
8,950,260

201406150132(201406150132)
7,364,370
13,442,790
24,177,720
8,137,410
8,950,260

201406150139(201406150139)
7,364,370
13,442,790
24,177,720
8,149,200
9,001,980

201406150140(201406150140)
7,364,370
13,442,790
24,177,720
8,149,200
9,001,980

201406150141(201406150141)
7,369,380
13,442,790
24,177,720
8,168,100
9,001,980

201406150142(201406150142)
7,379,640
13,442,790
24,177,720
8,180,040
9,004,710

201406150149(201406150149)
7,379,640
13,442,790
24,218,070
8,182,530
9,035,070

201406150150(201406150150)
7,379,640
13,442,790
24,218,070
8,182,530
9,035,070

201406150151(201406150151)
7,379,640
13,442,790
24,218,070
8,182,530
9,035,070

201406150152(201406150152)
7,379,640
13,449,960
24,218,070
8,182,530
9,035,070

201406150159(201406150159)
7,379,640
13,482,150
24,235,470
8,198,310
9,035,070

201406150200(201406150200)
7,379,640
13,482,150
24,235,470
8,198,310
9,035,070

201406150201(201406150201)
7,388,340
13,482,150
24,239,670
8,198,310
9,035,070

201406150202(201406150202)
7,392,600
13,482,150
24,239,670
8,198,310
9,035,070

201406150209(201406150209)
7,394,670
13,482,150
24,242,970
8,201,220
9,035,070

201406150210(201406150210)
7,394,670
13,482,150
24,246,570
8,201,220
9,035,070

201406150211(201406150211)
7,394,670
13,482,150
24,256,770
8,201,220
9,035,070

201406150212(201406150212)
7,394,670
13,482,150
24,269,970
8,201,220
9,035,070

201406150219(201406150219)
7,394,670
13,482,150
24,285,900
8,231,100
9,057,000

201406150220(201406150220)
7,394,670
13,482,150
24,285,900
8,231,100
9,057,000

201406150221(201406150221)
7,394,670
13,482,150
24,285,900
8,231,100
9,057,000

201406150222(201406150222)
7,401,420
13,482,150
24,285,900
8,231,100
9,057,000

201406150229(201406150229)
7,423,920
13,482,150
24,285,900
8,243,970
9,057,000

201406150230(201406150230)
7,423,920
13,482,150
24,285,900
8,243,970
9,057,000

201406150231(201406150231)
7,423,920
13,482,150
24,285,900
8,243,970
9,071,100

201406150232(201406150232)
7,423,920
13,482,150
24,285,900
8,243,970
9,071,100

201406150239(201406150239)
7,428,270
13,490,040
24,287,550
8,243,970
9,079,890

201406150240(201406150240)
7,428,270
13,490,040
24,287,550
8,243,970
9,103,200

201406150241(201406150241)
7,428,270
13,490,040
24,287,550
8,243,970
9,103,200

201406150242(201406150242)
7,428,270
13,490,040
24,287,550
8,243,970
9,103,200

201406150249(201406150249)
7,458,540
13,490,040
24,287,550
8,255,190
9,138,180

201406150250(201406150250)
7,458,540
13,490,040
24,287,550
8,255,190
9,138,180

201406150251(201406150251)
7,459,440
13,490,040
24,287,550
8,255,190
9,138,180

201406150252(201406150252)
7,459,440
13,490,040
24,287,550
8,255,190
9,138,180

201406150259(201406150259)
7,508,910
13,500,900
24,287,550
8,263,590
9,160,110

201406150300(201406150300)
7,508,910
13,500,900
24,287,550
8,263,590
9,160,110

201406150301(201406150301)
7,508,910
13,500,900
24,287,550
8,263,590
9,160,110

201406150302(201406150302)
7,508,910
13,500,900
24,287,550
8,263,590
9,160,110

201406150547(201406150547)
7,604,280
13,730,550
24,843,390
8,340,660
9,224,400

201406150550(201406150550)
7,604,280
13,730,550
24,843,390
8,340,660
9,230,370

201406150551(201406150551)
7,604,280
13,730,550
24,843,390
8,340,660
9,230,370

201406150552(201406150552)
7,604,280
13,730,550
24,843,390
8,340,660
9,230,370

201406150559(201406150559)
7,612,020
13,730,550
24,843,390
8,340,660
9,230,370

201406150600(201406150600)
7,612,020
13,730,550
24,843,390
8,340,660
9,230,370

201406150601(201406150601)
7,612,020
13,730,550
24,843,390
8,340,660
9,230,370

201406150602(201406150602)
7,612,020
13,730,550
24,843,390
8,340,660
9,230,370

201406150609(201406150609)
7,612,020
13,738,080
24,843,390
8,343,510
9,263,880

201406150610(201406150610)
7,612,020
13,738,080
24,843,390
8,343,510
9,263,880

201406150611(201406150611)
7,612,020
13,738,080
24,843,390
8,343,510
9,263,880

201406150612(201406150612)
7,612,020
13,738,080
24,843,390
8,343,510
9,263,880

201406150619(201406150619)
7,612,020
13,738,080
24,843,390
8,352,270
9,263,880

201406150620(201406150620)
7,612,020
13,738,080
24,843,390
8,352,270
9,263,880

201406150621(201406150621)
7,612,020
13,738,080
24,843,390
8,352,270
9,263,880

201406150622(201406150622)
7,612,020
13,738,080
24,843,390
8,352,270
9,263,880

201406150629(201406150629)
7,612,020
13,738,080
24,843,390
8,360,160
9,263,880

201406150630(201406150630)
7,612,020
13,738,080
24,843,390
8,360,160
9,263,880

201406150631(201406150631)
7,612,020
13,738,080
24,843,390
8,360,160
9,263,880

201406150632(201406150632)
7,612,020
13,738,080
24,843,390
8,360,160
9,263,880

201406150639(201406150639)
7,628,580
13,761,930
24,843,390
8,360,160
9,264,450

201406150640(201406150640)
7,628,580
13,761,930
24,843,390
8,360,160
9,264,450

201406150641(201406150641)
7,628,580
13,761,930
24,843,390
8,360,160
9,264,450

201406150642(201406150642)
7,628,580
13,761,930
24,843,390
8,386,800
9,264,450

201406150649(201406150649)
7,628,580
13,775,370
24,843,390
8,386,800
9,264,450

201406150650(201406150650)
7,628,580
13,775,370
24,843,390
8,386,800
9,264,450

201406150651(201406150651)
7,628,580
13,775,370
24,843,390
8,386,800
9,264,450

201406150652(201406150652)
7,628,580
13,775,370
24,843,390
8,386,800
9,264,450

201406150659(201406150659)
7,628,580
13,775,370
24,843,390
8,386,800
9,270,660

201406150700(201406150700)
7,628,580
13,775,370
24,843,390
8,386,800
9,270,660

201406150701(201406150701)
7,628,580
13,775,370
24,843,390
8,386,800
9,273,960

201406150702(201406150702)
7,644,150
13,775,370
24,843,390
8,386,800
9,273,960

201406150709(201406150709)
7,645,230
13,775,370
24,843,390
8,386,800
9,273,960

201406150710(201406150710)
7,648,530
13,775,370
24,843,390
8,386,800
9,273,960

201406150711(201406150711)
7,648,530
13,775,370
24,843,390
8,386,800
9,273,960

201406150712(201406150712)
7,648,530
13,775,370
24,843,390
8,386,800
9,273,960

201406150719(201406150719)
7,648,530
13,775,370
24,843,390
8,394,600
9,282,570

201406150720(201406150720)
7,648,530
13,775,370
24,843,390
8,394,600
9,282,570

201406150721(201406150721)
7,648,530
13,775,370
24,843,390
8,394,600
9,282,570

201406150722(201406150722)
7,648,530
13,775,370
24,843,390
8,394,600
9,282,570

201406150729(201406150729)
7,648,530
13,799,250
24,843,390
8,394,600
9,287,850

201406150730(201406150730)
7,648,530
13,799,250
24,843,390
8,394,600
9,293,250

201406150731(201406150731)
7,648,530
13,799,250
24,843,390
8,394,600
9,295,170

201406150732(201406150732)
7,648,530
13,799,250
24,843,390
8,401,170
9,299,220

201406150739(201406150739)
7,659,600
13,799,250
24,843,390
8,411,040
9,309,000

201406150740(201406150740)
7,659,600
13,799,250
24,843,390
8,411,040
9,310,620

201406150741(201406150741)
7,659,600
13,799,250
24,843,390
8,411,040
9,312,840

201406150742(201406150742)
7,659,600
13,799,250
24,843,390
8,411,040
9,312,840

201406150749(201406150749)
7,660,740
13,799,250
24,843,390
8,414,970
9,315,510

201406150750(201406150750)
7,660,740
13,799,250
24,843,390
8,414,970
9,315,510

201406150751(201406150751)
7,660,740
13,799,250
24,843,390
8,414,970
9,315,510

201406150752(201406150752)
7,662,270
13,799,250
24,843,390
8,414,970
9,315,510

201406150759(201406150759)
7,662,270
13,799,250
24,843,390
8,414,970
9,324,030

201406150800(201406150800)
7,662,270
13,799,250
24,843,390
8,414,970
9,324,030

201406150801(201406150801)
7,662,270
13,799,250
24,843,390
8,414,970
9,324,030

201406150802(201406150802)
7,662,780
13,799,250
24,843,390
8,414,970
9,324,030

201406150809(201406150809)
7,662,780
13,812,960
24,843,390
8,420,700
9,324,060

201406150810(201406150810)
7,662,780
13,812,960
24,843,390
8,420,700
9,324,060

201406150811(201406150811)
7,662,780
13,814,040
24,843,390
8,420,700
9,324,060

201406150812(201406150812)
7,662,780
13,814,850
24,843,390
8,420,700
9,327,270

201406150819(201406150819)
7,664,580
13,814,850
24,843,390
8,420,700
9,329,700

201406150820(201406150820)
7,668,780
13,814,850
24,843,390
8,433,210
9,329,700

201406150821(201406150821)
7,668,870
13,814,850
24,843,390
8,448,090
9,329,700

201406150822(201406150822)
7,669,770
13,814,850
24,843,390
8,448,090
9,329,700

201406150829(201406150829)
7,689,090
13,814,850
24,843,390
8,448,090
9,329,700

201406150830(201406150830)
7,689,090
13,814,850
24,843,390
8,450,610
9,342,720

201406150831(201406150831)
7,689,090
13,814,850
24,843,390
8,450,610
9,342,720

201406150832(201406150832)
7,689,090
13,814,850
24,843,390
8,450,610
9,342,720

201406150839(201406150839)
7,689,090
13,816,170
24,843,390
8,450,610
9,364,950

201406150840(201406150840)
7,689,090
13,816,170
24,843,390
8,450,610
9,364,950

201406150841(201406150841)
7,702,290
13,816,170
24,843,390
8,450,610
9,364,950

201406150842(201406150842)
7,714,590
13,816,170
24,843,390
8,450,610
9,364,950

201406150849(201406150849)
7,726,560
13,823,490
24,843,390
8,459,520
9,366,690

201406150850(201406150850)
7,726,560
13,826,640
24,843,390
8,459,520
9,366,690

201406150851(201406150851)
7,726,560
13,826,640
24,843,390
8,459,520
9,366,690

201406150852(201406150852)
7,726,560
13,826,640
24,843,390
8,459,520
9,374,340

201406150859(201406150859)
7,726,560
13,826,640
24,843,390
8,475,390
9,374,340

201406150900(201406150900)
7,726,560
13,826,640
24,843,390
8,475,390
9,374,340

201406150901(201406150901)
7,735,680
13,826,640
24,843,390
8,475,390
9,374,340

201406150902(201406150902)
7,735,680
13,826,640
24,843,390
8,475,390
9,374,340

201406150909(201406150909)
7,738,470
13,828,950
24,843,390
8,492,460
9,396,000

201406150910(201406150910)
7,738,470
13,835,190
24,843,390
8,492,460
9,396,000

201406150911(201406150911)
7,747,860
13,835,190
24,843,390
8,492,460
9,396,000

201406150912(201406150912)
7,748,970
13,839,570
24,843,390
8,492,460
9,396,000

201406150919(201406150919)
7,789,860
13,839,570
24,843,390
8,505,540
9,440,550

201406150920(201406150920)
7,789,860
13,839,570
24,843,390
8,515,740
9,440,550

201406150921(201406150921)
7,789,860
13,839,570
24,843,390
8,515,740
9,440,550

201406150922(201406150922)
7,789,860
13,839,570
24,843,390
8,515,740
9,440,550

201406150929(201406150929)
7,804,560
13,839,570
24,904,470
8,546,100
9,457,080

201406150930(201406150930)
7,804,560
13,839,570
24,904,470
8,546,100
9,457,080

201406150931(201406150931)
7,804,560
13,839,570
24,904,470
8,547,420
9,457,080

201406150932(201406150932)
7,804,560
13,839,570
24,904,470
8,547,420
9,457,080

201406150939(201406150939)
7,822,140
13,846,620
24,904,470
8,558,160
9,458,040

201406150940(201406150940)
7,822,140
13,846,620
24,904,470
8,558,160
9,458,040

201406150941(201406150941)
7,822,140
13,857,360
24,915,240
8,558,160
9,458,040

201406150942(201406150942)
7,822,140
13,857,360
24,959,490
8,558,160
9,458,040

201406150949(201406150949)
7,823,100
13,857,360
25,174,740
8,616,870
9,483,810

201406150950(201406150950)
7,823,100
13,857,360
25,200,540
8,616,870
9,483,810

201406150951(201406150951)
7,836,840
13,857,360
25,203,930
8,616,870
9,497,610

201406150952(201406150952)
7,836,840
13,857,360
25,203,930
8,616,870
9,497,610

201406150959(201406150959)
7,836,840
13,860,210
25,203,930
8,665,620
9,508,380

201406151000(201406151000)
7,836,840
13,860,210
25,203,930
8,665,620
9,508,380

201406151001(201406151001)
7,836,840
13,860,210
25,203,930
8,665,620
9,508,380

201406151002(201406151002)
7,836,840
13,860,210
25,203,930
8,665,620
9,508,380

201406151009(201406151009)
7,840,740
13,862,430
25,203,930
8,665,620
9,508,980

201406151010(201406151010)
7,840,740
13,862,430
25,203,930
8,665,620
9,508,980

201406151011(201406151011)
7,856,010
13,862,430
25,203,930
8,665,620
9,508,980

201406151012(201406151012)
7,857,870
13,862,430
25,203,930
8,665,620
9,508,980

201406151019(201406151019)
7,864,440
13,886,190
25,203,930
8,672,370
9,516,630

201406151020(201406151020)
7,864,440
13,886,190
25,203,930
8,672,370
9,517,680

201406151021(201406151021)
7,864,440
13,886,190
25,203,930
8,672,370
9,517,680

201406151022(201406151022)
7,864,440
13,886,190
25,203,930
8,673,780
9,517,680

201406151029(201406151029)
7,867,830
13,886,190
25,249,500
8,673,780
9,532,500

201406151030(201406151030)
7,867,830
13,886,190
25,249,500
8,673,780
9,532,500

201406151031(201406151031)
7,867,830
13,886,190
25,249,500
8,673,780
9,532,500

201406151032(201406151032)
7,867,830
13,886,190
25,249,500
8,673,780
9,532,500

201406151039(201406151039)
7,870,950
13,886,430
25,249,500
8,679,090
9,532,500

201406151040(201406151040)
7,870,950
13,886,430
25,249,500
8,679,090
9,532,500

201406151041(201406151041)
7,870,950
13,925,850
25,249,500
8,684,280
9,532,500

201406151042(201406151042)
7,870,950
13,925,850
25,249,500
8,684,280
9,532,500

201406151049(201406151049)
7,870,950
13,940,190
25,249,500
8,684,280
9,542,670

201406151050(201406151050)
7,870,950
13,940,190
25,249,500
8,684,280
9,545,610

201406151051(201406151051)
7,871,670
13,950,420
25,249,500
8,684,280
9,545,610

201406151052(201406151052)
7,876,200
13,950,420
25,249,500
8,684,280
9,545,610

201406151059(201406151059)
7,877,970
13,950,420
25,249,500
8,695,290
9,560,700

201406151100(201406151100)
7,877,970
13,953,840
25,249,500
8,698,200
9,560,700

201406151101(201406151101)
7,877,970
13,960,110
25,249,500
8,698,200
9,576,450

201406151102(201406151102)
7,877,970
13,960,110
25,249,500
8,704,260
9,576,450

201406151109(201406151109)
7,877,970
13,972,380
25,249,500
8,724,540
9,582,090

201406151110(201406151110)
7,877,970
13,972,380
25,249,500
8,724,540
9,582,090

201406151111(201406151111)
7,877,970
13,972,380
25,249,500
8,724,540
9,582,090

201406151112(201406151112)
7,877,970
13,972,380
25,249,500
8,724,540
9,582,090

201406151119(201406151119)
7,882,350
14,027,190
25,256,730
8,726,130
9,585,000

201406151120(201406151120)
7,882,350
14,027,190
25,256,730
8,726,130
9,585,000

201406151121(201406151121)
7,882,350
14,027,190
25,256,730
8,727,540
9,585,000

201406151122(201406151122)
7,882,350
14,027,190
25,256,730
8,746,560
9,585,000

201406151129(201406151129)
7,913,070
14,044,290
25,256,730
8,759,430
9,585,000

201406151130(201406151130)
7,913,070
14,044,290
25,256,730
8,782,260
9,585,000

201406151131(201406151131)
7,917,810
14,044,290
25,256,730
8,782,260
9,585,000

201406151132(201406151132)
7,917,810
14,044,290
25,256,730
8,782,260
9,585,000

201406151139(201406151139)
7,917,810
14,044,290
25,631,250
8,789,040
9,585,180

201406151140(201406151140)
7,925,550
14,044,290
25,631,250
8,789,040
9,585,180

201406151141(201406151141)
7,925,550
14,044,290
25,631,250
8,789,040
9,585,180

201406151142(201406151142)
7,932,750
14,044,290
25,631,250
8,789,040
9,593,100

201406151149(201406151149)
7,945,110
14,049,240
25,721,850
8,789,040
9,607,110

201406151150(201406151150)
7,945,110
14,049,240
25,721,850
8,789,040
9,607,110

201406151151(201406151151)
7,945,110
14,049,240
25,721,850
8,816,460
9,610,110

201406151152(201406151152)
7,945,110
14,049,240
25,721,850
8,816,850
9,610,110

201406151159(201406151159)
7,945,110
14,049,240
25,721,850
8,816,850
9,610,950

201406151200(201406151200)
7,945,110
14,049,240
25,721,850
8,816,850
9,610,950

201406151201(201406151201)
7,945,110
14,049,240
25,721,850
8,816,850
9,614,940

201406151202(201406151202)
7,955,370
14,049,240
25,721,850
8,816,850
9,614,940

201406151209(201406151209)
7,961,340
14,060,610
25,721,850
8,830,350
9,621,840

201406151210(201406151210)
7,961,340
14,060,610
25,721,850
8,841,810
9,621,840

201406151211(201406151211)
7,961,340
14,060,610
25,721,850
8,844,720
9,621,840

201406151212(201406151212)
7,969,650
14,060,610
25,721,850
8,844,720
9,621,840

201406151219(201406151219)
7,969,980
14,060,610
25,721,850
8,847,960
9,624,270

201406151220(201406151220)
7,969,980
14,060,610
25,721,850
8,847,960
9,624,270

201406151221(201406151221)
7,969,980
14,060,610
25,721,850
8,847,960
9,624,270

201406151222(201406151222)
7,971,060
14,060,610
25,721,850
8,847,960
9,624,270

201406151229(201406151229)
7,971,060
14,064,510
25,721,850
8,851,590
9,641,400

201406151230(201406151230)
7,971,060
14,064,510
25,721,850
8,851,590
9,648,780

201406151231(201406151231)
7,971,060
14,064,510
25,721,850
8,851,590
9,648,780

201406151232(201406151232)
7,971,060
14,078,160
25,721,850
8,851,590
9,648,780

201406151239(201406151239)
7,984,500
14,078,160
25,721,850
8,851,590
9,648,780

201406151240(201406151240)
7,984,500
14,078,160
25,721,850
8,851,590
9,648,780

201406151241(201406151241)
7,984,500
14,078,160
25,721,850
8,851,590
9,648,780

201406151242(201406151242)
7,984,500
14,078,160
25,721,850
8,851,590
9,648,780

201406151249(201406151249)
8,006,280
14,090,640
25,721,850
8,870,460
9,648,780

201406151250(201406151250)
8,006,280
14,090,640
25,721,850
8,870,460
9,648,780

201406151251(201406151251)
8,006,280
14,090,640
25,721,850
8,870,460
9,648,780

201406151252(201406151252)
8,006,280
14,092,650
25,721,850
8,870,460
9,648,780

201406151259(201406151259)
8,054,940
14,130,480
25,721,850
8,870,460
9,655,080

201406151300(201406151300)
8,054,940
14,130,480
25,721,850
8,870,760
9,655,080

201406151301(201406151301)
8,054,940
14,130,480
25,721,850
8,870,760
9,655,080

201406151302(201406151302)
8,054,940
14,130,480
25,721,850
8,870,760
9,655,080

201406151309(201406151309)
8,054,940
14,133,030
25,721,850
8,881,320
9,684,090

201406151310(201406151310)
8,054,940
14,133,030
25,721,850
8,881,320
9,684,090

201406151311(201406151311)
8,054,940
14,134,710
25,722,480
8,893,920
9,684,510

201406151312(201406151312)
8,054,940
14,134,710
25,897,080
8,893,920
9,684,510

201406151319(201406151319)
8,056,200
14,164,770
25,979,910
8,914,740
9,696,060

201406151320(201406151320)
8,056,200
14,164,770
25,979,910
8,914,740
9,696,060

201406151321(201406151321)
8,056,440
14,164,770
26,104,230
8,922,390
9,696,060

201406151322(201406151322)
8,057,910
14,164,770
26,107,230
8,922,390
9,696,060

201406151329(201406151329)
8,058,690
14,164,770
26,216,970
8,922,390
9,703,200

201406151330(201406151330)
8,058,690
14,164,770
26,216,970
8,922,390
9,703,200

201406151331(201406151331)
8,058,690
14,165,100
26,216,970
26,216,970
9,703,200

201406151332(201406151332)
8,058,690
14,165,100
26,216,970
26,216,970
9,703,200

201406151339(201406151339)
8,059,050
14,170,470
26,216,970
8,922,390
9,726,810

201406151340(201406151340)
8,059,050
14,170,470
26,216,970
8,922,390
9,726,810

201406151341(201406151341)
8,059,050
14,170,470
26,216,970
8,922,390
9,726,810

201406151342(201406151342)
8,059,050
14,170,470
26,216,970
8,925,240
9,726,810

201406151349(201406151349)
8,059,050
14,170,470
26,216,970
8,926,470
9,743,040

201406151350(201406151350)
8,062,620
14,170,470
26,216,970
8,926,470
9,743,040

201406151351(201406151351)
8,062,620
14,170,470
26,216,970
8,926,470
9,743,040

201406151352(201406151352)
8,062,620
14,171,460
26,216,970
8,926,470
9,748,020

201406151359(201406151359)
8,068,350
14,171,460
26,216,970
8,933,340
9,775,530

201406151400(201406151400)
8,068,350
14,171,460
26,216,970
8,943,810
9,775,530

201406151401(201406151401)
8,068,350
14,171,460
26,216,970
8,944,980
9,775,530

201406151402(201406151402)
8,068,350
14,171,460
26,216,970
8,947,680
9,775,530

201406151409(201406151409)
8,075,280
14,171,460
26,216,970
8,948,490
9,775,950

201406151410(201406151410)
8,075,280
14,171,460
26,216,970
8,948,490
9,775,950

201406151411(201406151411)
8,119,350
14,171,460
26,216,970
8,948,490
9,796,470

201406151412(201406151412)
8,123,700
14,171,460
26,216,970
8,948,490
9,796,470

201406151419(201406151419)
14,171,460
14,171,460
8,953,230
9,796,470

201406151420(201406151420)
14,171,460
26,216,970
8,953,230
9,796,470

201406151421(201406151421)
14,171,460
14,171,460
8,953,230
9,796,470

201406151422(201406151422)
14,171,460
14,171,460
8,953,230
9,803,640





201406151439(201406151439)
8,123,700
14,171,460
26,216,970
8,953,470
9,835,410

201406151440(201406151440)
8,123,700
14,175,360
26,216,970
8,953,470
9,835,410

201406151441(201406151441)
8,123,700
14,175,360
26,216,970
8,953,470
9,835,410

201406151442(201406151442)
8,123,700
14,181,030
26,216,970
8,965,050
9,835,410

201406151449(201406151449)
8,130,030
14,184,930
26,216,970
8,987,700
9,835,410


201406151451(201406151451)
8,130,030
8,130,030
26,216,970
8,987,700
9,835,410

201406151452(201406151452)
8,130,030
8,130,030
26,216,970
8,987,700
9,835,410

201406151459(201406151459)
14,191,410
14,191,410
14,191,410
14,191,410

201406151500(201406151500)
14,191,410
14,191,410
14,191,410
14,191,410

201406151501(201406151501)
14,191,410
14,191,410
14,191,410
14,191,410

201406151502(201406151502)
14,191,410
14,191,410
14,191,410
14,191,410

201406151509(201406151509)
14,191,410
14,191,410
14,191,410
14,191,410

201406151510(201406151510)
14,191,410
14,191,410
14,191,410
14,191,410

201406151511(201406151511)
14,191,410
14,191,410
14,191,410
14,191,410

201406151512(201406151512)
14,191,410
14,191,410
14,191,410
14,191,410


201406151520(201406151520)
26,216,970
26,216,970
26,216,970

201406151521(201406151521)
26,216,970
26,216,970
26,216,970













201406151552(201406151552)
8,145,180
14,278,080
26,216,970
9,011,190
9,835,410









201406151619(201406151619)
8,170,380
14,279,580
26,216,970
9,076,320
9,909,870

201406151620(201406151620)
8,182,530
14,279,580
26,216,970
9,076,320
9,909,870

201406151621(201406151621)
8,182,530
14,279,580
26,216,970
9,076,320
9,909,870

201406151622(201406151622)
8,182,530
14,279,580
26,216,970
9,076,320
9,909,870

201406151629(201406151629)
8,250,000
14,279,580
26,216,970
9,076,320
9,909,870

201406151630(201406151630)
8,250,000
14,279,580
26,216,970
9,076,320
9,909,870

201406151631(201406151631)
8,250,030
14,294,760
26,216,970
9,076,320
9,909,870

201406151632(201406151632)
8,250,030
14,294,760
26,216,970
9,076,320
9,909,870

201406151639(201406151639)
8,250,030
14,294,760
26,216,970
9,102,120
9,939,840

201406151640(201406151640)
8,250,030
14,294,760
26,216,970
9,102,120
9,942,630

201406151641(201406151641)
8,250,030
14,294,760
26,216,970
9,106,260
9,942,630

201406151642(201406151642)
8,250,030
14,294,760
26,216,970
9,106,260
9,942,630

201406151649(201406151649)
8,268,120
14,331,690
26,216,970
9,109,560
9,946,920

201406151650(201406151650)
8,268,120
14,331,690
26,216,970
9,109,560
9,946,920

201406151651(201406151651)
8,268,120
14,356,560
26,216,970
9,109,560
9,962,940

201406151652(201406151652)
8,268,120
14,356,560
26,216,970
9,109,560
9,962,940

201406151659(201406151659)
8,273,190
14,379,390
26,216,970
9,132,900
9,962,940

201406151700(201406151700)
8,273,190
14,379,390
26,216,970
9,132,900
9,962,940

201406151701(201406151701)
8,273,190
14,379,390
26,216,970
9,146,400
9,962,940

201406151702(201406151702)
8,273,190
14,380,290
26,216,970
9,146,400
9,962,940

201406151709(201406151709)
8,275,680
14,402,640
26,216,970
9,146,400
9,962,940

201406151710(201406151710)
8,275,680
14,402,640
26,216,970
9,146,400
9,962,940

201406151711(201406151711)
8,275,680
14,425,290
26,216,970
9,146,400
9,962,940

201406151712(201406151712)
8,275,680
14,425,290
26,216,970
9,146,400
9,962,940

201406151719(201406151719)
8,279,550
14,425,290
26,216,970
9,149,730
9,962,940

201406151720(201406151720)
8,279,550
14,425,290
26,216,970
9,149,730
9,962,940

201406151721(201406151721)
8,279,550
14,425,290
26,216,970
26,216,970
9,962,940

201406151722(201406151722)
8,279,550
14,425,290
26,216,970
9,149,730
9,962,940

201406151729(201406151729)
8,279,550
14,425,290
26,216,970
9,171,360
10,008,600

201406151730(201406151730)
8,279,550
14,425,290
26,216,970
9,171,360
10,008,600

201406151731(201406151731)
8,279,550
14,439,450
26,216,970
9,171,360
10,008,600

201406151732(201406151732)
8,279,550
14,439,450
26,216,970
9,171,360
10,008,600

201406151739(201406151739)
8,283,570
14,439,450
26,216,970
9,171,360
10,008,600

201406151740(201406151740)
8,283,570
14,439,450
26,216,970
9,171,360
10,012,800

201406151741(201406151741)
8,283,570
14,439,450
26,216,970
9,171,360
10,015,770

201406151742(201406151742)
8,283,570
14,439,450
26,216,970
9,171,360
10,017,900

201406151749(201406151749)
8,306,760
14,439,450
26,216,970
9,171,360
10,019,190

201406151750(201406151750)
8,313,930
14,439,450
26,216,970
9,171,360
10,019,190

201406151751(201406151751)
8,318,520
14,439,450
26,332,260
9,171,360
10,019,190

201406151752(201406151752)
8,322,720
14,439,450
26,386,260
9,171,360
10,019,190

201406151759(201406151759)
8,323,170
14,453,400
26,812,980
9,181,050
10,019,190

201406151800(201406151800)
8,323,170
14,453,400
26,812,980
9,182,940
10,025,550

201406151801(201406151801)
8,323,170
14,453,400
26,812,980
9,182,940
10,025,550

201406151802(201406151802)
8,331,360
14,453,400
26,812,980
9,182,940
10,025,910

201406151809(201406151809)
8,347,980
14,455,950
26,818,530
9,198,300
10,035,840

201406151810(201406151810)
8,394,600
14,455,950
26,822,130
9,198,300
10,035,840

201406151811(201406151811)
8,394,600
14,455,950
26,825,430
9,198,300
10,035,840

201406151812(201406151812)
8,394,600
14,456,310
26,825,430
9,198,300
10,046,340

201406151819(201406151819)
8,394,600
14,459,220
26,825,430
9,205,200
10,047,480

201406151820(201406151820)
8,394,600
14,462,100
26,825,430
9,205,200
10,047,480

201406151821(201406151821)
8,394,600
14,462,100
26,828,280
9,205,200
10,047,480

201406151822(201406151822)
8,394,600
14,462,100
26,828,280
9,205,200
10,047,480

201406151829(201406151829)
8,395,350
14,462,400
26,828,280
9,207,180
10,064,190

201406151830(201406151830)
8,395,350
14,462,400
26,828,280
9,217,860
10,064,190

201406151831(201406151831)
8,395,350
14,462,400
26,828,280
9,217,860
10,064,190

201406151832(201406151832)
8,395,350
14,462,400
26,828,280
9,220,710
10,079,250

201406151839(201406151839)
8,399,580
14,483,760
27,001,530
9,222,420
10,079,250

201406151840(201406151840)
8,399,580
14,483,760
27,001,530
9,222,420
10,079,250

201406151841(201406151841)
8,399,580
14,485,320
27,001,530
9,222,420
10,079,250

201406151842(201406151842)
8,401,170
14,485,320
27,001,530
9,222,420
10,079,250

201406151849(201406151849)
8,401,170
14,502,870
27,001,530
9,224,400
10,079,250

201406151850(201406151850)
8,416,170
14,502,870
27,001,530
9,225,150
10,079,250

201406151851(201406151851)
8,416,170
14,502,870
27,001,530
9,225,150
10,079,250

201406151852(201406151852)
8,416,170
14,502,870
27,001,530
9,235,410
10,079,250

201406151859(201406151859)
8,416,170
14,512,320
27,001,530
9,240,240
10,079,250

201406151900(201406151900)
8,416,170
14,512,320
27,001,530
9,240,240
10,079,250

201406151901(201406151901)
8,416,170
14,512,320
27,001,530
9,240,240
10,079,250

201406151902(201406151902)
8,416,170
14,512,320
27,001,530
9,240,240
10,079,250

201406151909(201406151909)
8,440,590
14,542,980
27,001,530
9,244,020
10,111,050

201406151910(201406151910)
8,440,980
14,542,980
27,001,530
9,244,020
10,111,050

201406151911(201406151911)
8,445,330
14,542,980
27,001,530
9,244,020
10,111,050

201406151912(201406151912)
8,445,330
14,558,430
27,001,530
9,244,020
10,111,050

201406151919(201406151919)
8,445,330
14,572,020
27,002,280
9,249,390
10,111,140

201406151920(201406151920)
8,445,330
14,572,020
27,002,280
9,249,390
10,111,140

201406151921(201406151921)
8,448,990
14,572,020
27,002,280
9,261,900
10,111,140

201406151922(201406151922)
8,448,990
14,572,020
27,002,280
9,261,900
10,123,920

201406151929(201406151929)
8,467,260
14,572,740
27,031,200
9,285,450
10,153,500

201406151930(201406151930)
8,467,260
14,572,740
27,031,200
9,285,450
10,153,500

201406151931(201406151931)
8,467,260
14,572,740
27,031,200
9,285,450
10,153,500

201406151932(201406151932)
8,467,260
14,572,740
27,031,200
9,285,450
10,153,500

201406151939(201406151939)
8,474,670
14,572,740
27,035,490
9,315,240
10,153,500

201406151940(201406151940)
8,474,670
14,572,740
27,035,490
9,315,240
10,153,500

201406151941(201406151941)
8,474,670
14,578,530
27,035,490
9,315,240
10,153,500

201406151942(201406151942)
8,474,670
14,578,530
27,035,490
9,315,240
10,153,500

201406151949(201406151949)
8,476,410
14,595,540
27,035,490
9,339,870
10,181,790

201406151950(201406151950)
8,476,410
14,598,450
27,035,490
9,339,870
10,181,790

201406151951(201406151951)
8,476,410
14,611,560
27,035,490
9,341,640
10,199,220

201406151952(201406151952)
8,476,410
14,611,560
27,035,490
9,345,570
10,201,770

201406151959(201406151959)
8,493,030
14,620,230
27,035,490
9,345,570
10,205,010

201406152000(201406152000)
8,493,030
14,635,920
27,035,490
9,345,570
10,205,010

201406152001(201406152001)
8,493,030
14,635,920
27,035,490
9,345,570
10,205,010

201406152002(201406152002)
8,493,030
14,635,920
27,035,490
9,345,570
10,205,010

201406152009(201406152009)
8,498,460
14,649,960
27,035,490
9,351,090
10,216,800

201406152010(201406152010)
8,498,460
14,649,960
27,035,490
9,351,090
10,216,800

201406152011(201406152011)
8,511,360
14,649,960
27,035,490
9,351,090
10,216,800

201406152012(201406152012)
8,511,360
14,649,960
27,035,490
9,383,430
10,222,290

201406152019(201406152019)
8,511,360
14,682,600
27,035,490
9,390,870
10,237,680

201406152020(201406152020)
8,511,360
14,682,600
27,035,490
9,390,870
10,237,680

201406152021(201406152021)
8,511,360
14,682,600
27,035,490
9,390,870
10,237,680

201406152022(201406152022)
8,511,360
14,682,600
27,035,490
9,390,870
10,237,680

201406152029(201406152029)
8,514,300
14,690,070
27,035,490
9,400,020
10,237,680

201406152030(201406152030)
8,535,780
14,690,070
27,035,490
9,400,020
10,237,680

201406152031(201406152031)
8,535,780
14,690,070
27,035,490
9,400,020
10,237,680

201406152032(201406152032)
8,535,780
14,690,070
27,035,490
9,400,020
10,262,760

201406152039(201406152039)
8,538,810
14,700,540
27,035,490
9,440,550
10,296,960

201406152040(201406152040)
8,538,810
14,700,540
27,035,490
9,440,550
10,296,960

201406152041(201406152041)
8,572,530
14,700,540
27,035,490
9,440,550
10,301,400

201406152042(201406152042)
8,572,530
14,700,540
27,035,490
9,440,550
10,301,400

201406152049(201406152049)
8,575,230
14,712,330
27,035,490
9,454,920
10,322,640

201406152050(201406152050)
8,575,740
14,712,330
27,035,490
9,454,920
10,322,640

201406152051(201406152051)
8,575,740
14,712,330
27,035,490
9,454,920
10,327,740

201406152052(201406152052)
8,590,320
14,712,330
27,035,490
9,454,920
10,327,740

201406152059(201406152059)
8,594,250
14,726,910
27,035,490
9,500,010
10,333,170

201406152100(201406152100)
8,594,250
14,726,910
27,035,490
9,500,010
10,333,170

201406152101(201406152101)
8,594,250
14,726,910
27,035,490
9,500,010
10,333,170

201406152102(201406152102)
8,594,250
14,726,910
27,035,490
9,500,010
10,333,170

201406152109(201406152109)
8,646,840
14,738,010
27,035,490
9,505,110
10,333,170

201406152110(201406152110)
8,687,400
14,738,010
27,035,490
9,505,110
10,333,170

201406152111(201406152111)
8,687,400
14,741,910
27,035,490
9,505,110
10,333,170

201406152112(201406152112)
8,687,400
14,743,380
27,035,490
9,505,110
10,333,170

201406152119(201406152119)
8,694,000
14,743,380
27,035,490
9,523,860
10,352,760

201406152120(201406152120)
8,694,000
14,743,380
27,035,490
9,523,860
10,352,760

201406152121(201406152121)
8,697,030
14,743,380
27,035,490
9,523,860
10,352,760

201406152122(201406152122)
8,697,030
14,743,380
27,035,490
9,523,860
10,355,730

201406152129(201406152129)
8,719,140
14,755,530
27,035,490
9,540,930
10,355,730

201406152130(201406152130)
8,719,140
14,755,530
27,035,490
9,540,930
10,355,730

201406152131(201406152131)
8,719,140
14,755,530
27,035,490
9,540,930
10,355,730

201406152132(201406152132)
8,724,030
14,755,530
27,035,490
9,540,930
10,355,730

201406152139(201406152139)
8,728,980
14,755,530
27,150,900
9,581,100
10,364,490

201406152140(201406152140)
8,733,240
14,755,530
27,326,100
9,581,100
10,377,090

201406152141(201406152141)
8,761,230
14,755,530
27,333,300
9,583,620
10,403,220

201406152142(201406152142)
8,761,230
14,755,530
27,335,550
9,583,620
10,403,220

201406152149(201406152149)
8,769,150
14,755,530
27,525,660
9,585,180
10,414,350

201406152150(201406152150)
8,775,330
14,755,530
27,525,660
9,585,180
10,414,350

201406152151(201406152151)
8,781,510
14,760,060
27,525,660
9,591,270
10,414,350

201406152152(201406152152)
8,781,510
14,780,400
27,525,660
9,591,270
10,414,350

201406152159(201406152159)
8,785,380
14,804,910
27,525,660
9,617,250
10,441,290

201406152200(201406152200)
8,785,380
14,804,910
27,525,660
9,624,300
10,441,290

201406152201(201406152201)
8,789,040
14,818,110
27,525,660
9,624,300
10,441,290

201406152202(201406152202)
8,789,040
14,818,110
27,525,660
9,624,300
10,442,400

201406152209(201406152209)
8,789,040
14,833,440
27,525,660
9,648,780
10,442,400

201406152210(201406152210)
8,789,040
14,833,440
27,525,660
9,651,390
10,442,400

201406152211(201406152211)
8,796,330
14,833,440
27,525,660
9,651,390
10,473,270

201406152212(201406152212)
8,796,330
14,833,440
27,525,660
9,651,390
10,473,270

201406152219(201406152219)
8,818,350
14,863,710
27,778,800
9,673,320
10,514,520

201406152220(201406152220)
8,828,190
14,863,710
27,778,800
9,673,320
10,514,730

201406152221(201406152221)
8,828,190
14,863,710
27,778,800
9,673,320
10,514,730

201406152222(201406152222)
8,828,190
14,863,710
27,778,800
9,673,320
10,514,730

