201406160622(201406160622)
9,543,600
15,583,650
29,041,350
10,398,930
11,167,260

201406160622(201406160622)
9,543,600
15,583,650
29,041,350
10,398,930
11,167,260

201406160624(201406160624)
9,543,600
15,583,650
29,041,350
10,398,930

201406160626(201406160626)
9,543,600
15,583,650
29,041,350
10,398,930
11,167,260

201406160626(201406160626)
9,543,600
15,583,650
29,041,350
10,398,930
11,167,260

201406160627(201406160627)
9,543,600
15,583,650
29,041,350
10,398,930
11,167,260

201406160628(201406160628)
9,543,600
15,583,650
29,041,350
10,398,930
11,167,260

201406160629(201406160629)
9,543,600
15,583,650
29,041,350
10,398,930
11,167,260

201406160630(201406160630)
9,543,600
15,583,650
29,041,350
10,398,930
11,167,260

201406160631(201406160631)
9,543,600
15,583,650
29,041,350
10,398,930
11,167,260

201406160632(201406160632)
9,543,600
15,583,650
29,041,350
10,398,930
11,167,260

201406160633(201406160633)
9,543,600
15,612,210
29,041,350
10,398,930
11,170,560

201406160634(201406160634)
9,543,600
15,612,210
29,041,350
10,398,930
11,170,560

201406160635(201406160635)
9,543,600
15,612,210
29,041,350
10,398,930
11,174,610

201406160636(201406160636)
9,543,600
15,612,210
29,041,350
10,398,930
11,174,610

201406160637(201406160637)
9,543,600
15,612,210
29,041,350
10,398,930
11,174,610

201406160638(201406160638)
9,543,600
15,612,210
29,041,350
10,398,930
11,174,610

201406160639(201406160639)
9,543,600
15,612,210
29,041,350
10,398,930
11,174,610

201406160640(201406160640)
9,543,600
15,612,210
29,041,350
10,398,930
11,177,610

201406160641(201406160641)
9,554,640
15,612,210
29,041,350
10,398,930
11,177,610

201406160642(201406160642)
9,554,640
15,612,210
29,041,350
10,398,930
11,177,610

201406160643(201406160643)
9,554,640
15,612,210
29,041,350
10,398,930
11,177,610

201406160644(201406160644)
9,554,640
15,612,210
29,041,350
10,398,930
11,177,610

201406160645(201406160645)
9,554,640
15,612,210
29,041,350
10,409,010
11,177,610

201406160646(201406160646)
9,554,640
15,613,740
29,041,350
10,409,010
11,177,880

201406160647(201406160647)
9,554,640
15,613,740
29,041,350
10,409,010
11,177,880

201406160648(201406160648)
9,554,640
15,613,740
29,041,350
10,409,010
11,177,880

201406160649(201406160649)
9,554,640
15,613,740
29,041,350
10,409,010
11,177,880

201406160650(201406160650)
9,554,640
15,613,740
29,041,350
10,409,010
11,193,180

201406160651(201406160651)
9,554,640
15,613,740
29,041,350
10,409,010
11,193,180

201406160652(201406160652)
9,554,640
15,613,740
29,041,350
10,409,010
11,193,180

201406160653(201406160653)
9,554,640
15,613,740
29,041,350
10,409,010
11,203,560

201406160654(201406160654)
9,554,640
15,613,740
29,041,350
10,409,010
11,203,560

201406160655(201406160655)
9,554,640
15,613,740
29,041,350
10,409,010
11,221,530

201406160656(201406160656)
9,554,640
15,613,740
29,041,350
10,409,010
11,221,530

201406160657(201406160657)
9,554,640
15,613,740
29,041,350
10,409,010
11,221,530

201406160658(201406160658)
9,554,640
15,613,740
29,041,350
10,409,010
11,221,530

201406160659(201406160659)
9,554,640
15,613,740
29,041,350
10,409,400
11,221,530

201406160700(201406160700)
9,554,640
15,613,740
29,041,350
10,409,400
11,221,530

201406160701(201406160701)
9,554,640
15,613,740
29,041,350
10,409,400
11,221,530

201406160702(201406160702)
9,554,640
15,613,740
29,041,350
10,409,400
11,221,530

201406160703(201406160703)
9,554,640
15,613,740
29,041,350
10,409,400
11,221,530

201406160704(201406160704)
9,554,640
15,613,740
29,041,350
10,409,400
11,221,530

201406160705(201406160705)
9,554,640
15,613,740
29,041,350
10,409,400
11,221,530

201406160706(201406160706)
9,554,640
15,626,550
29,041,350
10,409,400
11,221,530

201406160707(201406160707)
9,554,640
15,645,390
29,041,350
10,409,400
11,223,690

201406160708(201406160708)
9,554,640
15,645,390
29,041,350
10,409,400
11,223,690

201406160709(201406160709)
9,554,640
15,655,500
29,041,350
10,409,400
11,223,690

201406160710(201406160710)
9,554,640
15,655,500
29,041,350
10,409,400
11,223,690

201406160711(201406160711)
9,554,640
15,655,500
29,041,350
10,409,400
11,223,690

201406160712(201406160712)
9,575,100
15,655,500
29,041,350
10,409,400
11,223,690

201406160713(201406160713)
9,575,100
15,655,500
29,041,350
10,409,400
11,223,690

201406160714(201406160714)
9,575,100
15,655,500
29,041,350
10,409,400
11,223,690

201406160715(201406160715)
9,575,100
15,655,500
29,041,350
10,409,400
11,223,690

201406160716(201406160716)
9,575,100
15,655,500
29,041,350
10,409,400
11,223,690

201406160717(201406160717)
9,575,100
15,655,500
29,041,350
10,409,400
11,223,690

201406160718(201406160718)
9,575,100
15,655,500
29,041,350
10,409,400
11,223,690

201406160719(201406160719)
9,575,100
15,655,500
29,041,350
10,409,400
11,223,690

201406160720(201406160720)
9,575,100
15,655,500
29,041,350
10,409,400
11,223,690

201406160721(201406160721)
9,575,100
15,665,040
29,041,350
10,409,400
11,223,690

201406160722(201406160722)
9,575,100
15,665,040
29,041,350
10,419,120
11,223,690

201406160723(201406160723)
9,575,100
15,665,340
29,041,350
10,419,120
11,223,690

201406160724(201406160724)
9,576,270
15,665,340
29,041,350
10,419,120
11,223,690

201406160725(201406160725)
9,576,270
15,665,340
29,041,350
10,419,120
11,223,690

201406160726(201406160726)
9,589,440
15,665,340
29,041,350
10,419,120
11,223,690

201406160727(201406160727)
9,589,440
15,665,340
29,041,350
10,419,120
11,224,950

201406160728(201406160728)
9,589,440
15,665,340
29,041,350
10,419,120
11,224,950

201406160729(201406160729)
9,589,440
15,665,340
29,041,350
10,419,120
11,224,950

201406160730(201406160730)
9,589,440
15,665,340
29,041,350
10,419,120
11,224,950

201406160731(201406160731)
9,589,440
15,665,340
29,041,350
10,419,120
11,224,950

201406160732(201406160732)
9,600,870
15,665,340
29,041,350
10,419,120
11,224,950

201406160733(201406160733)
9,609,870
15,665,340
29,041,350
10,419,120
11,224,950

201406160734(201406160734)
9,610,770
15,667,530
29,041,350
10,428,570
11,224,950

201406160735(201406160735)
9,610,770
15,688,470
29,041,350
10,441,530
11,229,690

201406160736(201406160736)
9,610,770
15,688,470
29,041,350
10,445,010
11,229,690

201406160737(201406160737)
9,610,770
15,688,470
29,041,350
10,445,010
11,229,690

201406160738(201406160738)
9,610,770
15,688,470
29,041,350
10,445,010
11,229,690

201406160739(201406160739)
9,610,770
15,688,470
29,041,350
10,445,010
11,229,690

201406160740(201406160740)
9,640,290
15,688,470
29,041,350
10,445,010
11,229,690

201406160741(201406160741)
9,642,390
15,688,470
29,041,350
10,445,010
11,229,690

201406160742(201406160742)
9,648,360
15,688,470
29,041,350
10,445,010
11,229,690

201406160743(201406160743)
9,648,360
15,688,470
29,041,350
10,445,010
11,229,690

201406160744(201406160744)
9,648,360
15,688,470
29,041,350
10,445,010
11,229,690

201406160745(201406160745)
9,648,360
15,688,470
29,041,350
10,449,000
11,229,690

201406160746(201406160746)
9,654,060
15,688,470
29,041,350
10,449,000
11,229,690


201406160748(201406160748)
9,658,110
15,709,890
29,041,350
10,449,000
11,230,500

201406160749(201406160749)
9,658,110
15,709,890
29,041,350
10,449,000
11,230,500

201406160750(201406160750)
9,658,110
15,709,890
29,041,350
10,449,720
11,230,500

201406160751(201406160751)
9,658,110
15,709,890
29,060,100
10,449,720
11,230,500

201406160752(201406160752)
9,658,110
15,709,890
29,061,900
10,449,720
11,230,500

201406160753(201406160753)
9,658,110
15,709,890
29,061,900
10,449,720
11,253,660

201406160754(201406160754)
9,658,110
15,709,890
29,061,900
10,454,190
11,264,790

201406160755(201406160755)
9,659,340
15,709,890
29,061,900
10,454,190
11,264,790

201406160756(201406160756)
9,659,340
15,709,890
29,061,900
10,454,190
11,264,790

201406160757(201406160757)
9,662,760
15,709,890
29,061,900
10,454,190
11,278,170

201406160758(201406160758)
9,662,760
15,709,890
29,061,900
10,454,190
11,278,170

201406160759(201406160759)
9,662,760
15,709,890
29,061,900
10,454,190
11,278,170

201406160800(201406160800)
9,662,760
15,709,890
29,061,900
10,454,190
11,278,170

201406160801(201406160801)
9,662,760
15,709,890
29,061,900
10,454,190
11,278,170

201406160802(201406160802)
9,662,760
15,710,640
29,061,900
10,458,240
11,278,170

201406160803(201406160803)
9,662,760
15,735,960
29,061,900
10,458,240
11,278,170

201406160804(201406160804)
9,662,760
15,735,960
29,061,900
10,458,240
11,278,170

201406160805(201406160805)
9,662,760
15,735,960
29,061,900
10,458,240
11,278,170

201406160806(201406160806)
9,662,760
15,762,540
29,061,900
10,458,240
11,278,170

201406160807(201406160807)
9,662,760
15,762,540
29,061,900
10,458,240
11,278,170

201406160808(201406160808)
9,662,760
15,762,540
29,061,900
10,460,070
11,279,640

201406160809(201406160809)
9,662,760
15,762,540
29,061,900
10,460,070
11,280,030

201406160810(201406160810)
9,662,760
15,762,540
29,061,900
10,460,070
11,280,030

201406160811(201406160811)
9,662,760
15,762,540
29,061,900
10,460,070
11,280,030

201406160812(201406160812)
9,662,760
15,762,540
29,061,900
10,460,070
11,280,030

201406160813(201406160813)
9,662,760
15,762,540
29,061,900
10,460,070
11,281,080

201406160814(201406160814)
9,662,760
15,762,540
29,061,900
10,460,070
11,281,350

201406160815(201406160815)
9,662,760
15,762,540
29,061,900
10,460,070
11,281,350

201406160816(201406160816)
9,662,760
15,762,540
29,061,900
10,460,070
11,281,350

201406160817(201406160817)
9,662,760
15,762,540
29,061,900
10,460,280
11,281,350

201406160818(201406160818)
9,662,760
15,762,540
29,061,900
10,460,280
11,282,220

201406160819(201406160819)
9,662,760
15,762,540
29,061,900
10,460,280
11,282,220

201406160820(201406160820)
9,662,760
15,762,540
29,061,900
10,460,280
11,282,220

201406160821(201406160821)
9,662,760
15,762,540
29,061,900
10,460,280
11,282,220

201406160822(201406160822)
9,662,760
15,762,540
29,061,900
10,460,280
11,282,220

201406160823(201406160823)
9,667,650
15,762,540
29,061,900
10,468,530
11,282,250

201406160824(201406160824)
9,673,560
15,762,540
29,061,900
10,468,530
11,282,250

201406160825(201406160825)
9,673,560
15,762,540
29,061,900
10,468,650
11,282,250

201406160826(201406160826)
9,673,560
15,762,540
29,061,900
10,468,650
11,284,590

201406160827(201406160827)
9,673,560
15,762,540
29,061,900
10,468,650
11,284,590

201406160828(201406160828)
9,680,850
15,762,540
29,061,900
10,468,650
11,284,590

201406160829(201406160829)
9,680,850
15,762,540
29,061,900
10,468,650
11,284,590

201406160830(201406160830)
9,680,850
15,762,540
29,061,900
10,468,650
11,284,590

201406160831(201406160831)
9,682,650
15,762,540
29,061,900
10,468,650
11,284,590

201406160832(201406160832)
9,688,110
15,762,540
29,061,900
10,468,650
11,284,590

201406160833(201406160833)
9,688,110
15,762,540
29,061,900
10,468,650
11,284,590

201406160834(201406160834)
9,688,110
15,762,540
29,061,900
10,468,650
11,284,590

201406160835(201406160835)
9,688,110
15,762,540
29,061,900
10,468,650
11,284,590

201406160836(201406160836)
9,688,110
15,762,540
29,061,900
10,468,650
11,284,590

201406160837(201406160837)
9,688,110
15,762,540
29,061,900
10,468,650
11,284,590

201406160838(201406160838)
9,688,110
15,762,540
29,061,900
10,468,650
11,284,590

201406160839(201406160839)
9,688,110
15,762,540
29,061,900
10,468,650
11,284,590

201406160840(201406160840)
9,688,110
15,762,540
29,061,900
10,468,650
11,284,590

201406160841(201406160841)
9,691,320
15,762,540
29,061,900
10,468,650
11,284,590

201406160842(201406160842)
9,691,320
15,762,540
29,061,900
10,468,650
11,285,550

201406160843(201406160843)
9,691,320
15,762,540
29,061,900
10,468,650
11,285,550

201406160844(201406160844)
9,691,320
15,775,380
29,061,900
10,468,650
11,285,550

201406160845(201406160845)
9,691,320
15,775,380
29,061,900
10,468,650
11,285,550

201406160846(201406160846)
9,691,320
15,775,380
29,061,900
10,468,650
11,285,550

201406160847(201406160847)
9,691,320
15,775,380
29,061,900
10,473,330
11,297,070

201406160848(201406160848)
9,691,320
15,775,380
29,061,900
10,487,970
11,297,070

201406160849(201406160849)
9,691,320
15,775,380
29,061,900
10,487,970
11,297,070

201406160850(201406160850)
9,691,320
15,775,380
29,061,900
10,487,970
11,297,070

201406160851(201406160851)
9,691,320
15,775,380
29,061,900
10,496,520
11,297,070

201406160852(201406160852)
9,691,320
15,775,380
29,061,900
10,496,520
11,297,070

201406160853(201406160853)
9,691,320
15,775,380
29,061,900
10,496,520
11,297,070

201406160854(201406160854)
9,691,320
15,775,380
29,061,900
10,496,520
11,297,070

201406160855(201406160855)
9,691,320
15,775,380
29,061,900
10,496,520
11,297,070

201406160856(201406160856)
9,714,960
15,775,380
29,061,900
10,496,520
11,297,070

201406160857(201406160857)
9,725,850
15,775,380
29,061,900
10,496,520
11,297,070

201406160858(201406160858)
9,725,850
15,775,380
29,061,900
10,496,520
11,297,070

201406160859(201406160859)
9,725,850
15,775,380
29,061,900
10,496,520
11,297,070

201406160900(201406160900)
9,725,850
15,775,380
29,061,900
10,515,630
11,297,070

201406160901(201406160901)
9,725,850
15,775,380
29,061,900
10,515,630
11,297,070

201406160902(201406160902)
9,725,850
15,775,380
29,061,900
10,515,630
11,297,070

201406160903(201406160903)
9,725,850
15,775,380
29,061,900
10,515,630
11,297,070

201406160904(201406160904)
9,725,850
15,775,380
29,061,900
10,515,630
11,297,070

201406160905(201406160905)
9,725,850
15,775,380
29,061,900
10,524,270
11,297,070

201406160906(201406160906)
9,725,850
15,775,380
29,061,900
10,524,270
11,298,870

201406160907(201406160907)
9,725,850
15,775,380
29,061,900
10,524,270
11,298,870

201406160908(201406160908)
9,725,850
15,775,380
29,061,900
10,524,270
11,298,870

201406160909(201406160909)
9,725,850
15,775,380
29,061,900
10,524,270
11,298,870

201406160910(201406160910)
9,725,850
15,775,380
29,061,900
10,524,270
11,298,870

201406160911(201406160911)
9,725,850
15,775,380
29,061,900
10,524,270
11,300,250

201406160912(201406160912)
9,725,850
15,775,380
29,061,900
10,525,470
11,300,250

201406160913(201406160913)
9,725,850
15,775,380
29,061,900
10,525,470
11,306,010

201406160914(201406160914)
9,725,850
15,775,380
29,061,900
10,531,410
11,306,010

201406160915(201406160915)
9,725,850
15,775,380
29,061,900
10,531,410
11,306,010

201406160916(201406160916)
9,725,850
15,775,380
29,061,900
10,531,410
11,306,010

201406160917(201406160917)
9,725,850
15,775,380
29,061,900
10,531,410
11,306,010

201406160918(201406160918)
9,725,850
15,775,380
29,061,900
10,531,410
11,306,010

201406160919(201406160919)
9,725,850
15,775,380
29,172,450
10,531,410
11,306,010

201406160920(201406160920)
9,727,740
15,775,380
29,172,450
10,531,410
11,306,010

201406160921(201406160921)
9,727,740
15,775,380
29,172,450
10,531,410
11,322,150

201406160922(201406160922)
9,727,740
15,775,380
29,172,450
10,531,410
11,322,150

201406160923(201406160923)
9,727,740
15,775,380
29,172,450
10,531,410
11,322,150

201406160924(201406160924)
9,727,740
15,775,380
29,172,450
10,531,410
11,322,150

201406160925(201406160925)
9,727,740
15,775,380
29,172,450
10,531,410
11,322,150

201406160926(201406160926)
9,727,740
15,775,380
29,172,450
10,531,410
11,322,150

201406160927(201406160927)
9,727,740
15,775,380
29,172,450
10,531,410
11,322,150

201406160928(201406160928)
9,727,740
15,775,380
29,172,450
10,531,410
11,322,150

201406160929(201406160929)
9,727,740
15,775,380
29,172,450
10,531,410
11,322,150

201406160930(201406160930)
9,727,740
15,775,380
29,172,450
10,531,410
11,322,150

201406160931(201406160931)
9,727,740
15,784,410
29,172,450
10,531,410
11,330,820

201406160932(201406160932)
9,727,740
15,784,410
29,172,450
10,531,410
11,330,820

201406160933(201406160933)
9,727,740
15,784,410
29,172,450
10,531,410
11,330,820

201406160934(201406160934)
9,745,140
15,784,410
29,172,450
10,531,410
11,330,820

201406160935(201406160935)
9,745,140
15,784,410
29,172,450
10,531,410
11,330,820

201406160936(201406160936)
9,750,120
15,784,410
29,172,450
10,531,410
11,330,850

201406160937(201406160937)
9,750,120
15,784,410
29,172,450
10,531,410
11,330,850

201406160938(201406160938)
9,750,120
15,784,410
29,172,450
10,531,410
11,330,850

201406160939(201406160939)
9,750,120
15,784,410
29,172,450
10,531,410
11,330,850

201406160940(201406160940)
9,755,280
15,784,410
29,172,450
10,531,410
11,330,850

201406160941(201406160941)
9,755,280
15,784,410
29,172,450
10,540,890
11,330,850

201406160942(201406160942)
9,755,280
15,784,410
29,172,450
10,540,890
11,330,850

201406160943(201406160943)
9,755,280
15,784,410
29,172,450
10,545,750
11,330,850

201406160944(201406160944)
9,755,280
15,784,410
29,241,090
10,545,750
11,330,850

201406160945(201406160945)
9,755,280
15,784,410
29,326,890
10,545,750
11,330,850

201406160946(201406160946)
9,755,280
15,784,410
29,374,740
10,545,750
11,349,060

201406160947(201406160947)
9,755,280
15,784,410
29,374,740
10,545,750
11,349,660

201406160948(201406160948)
9,758,130
15,784,410
29,374,740
10,545,750
11,349,660

201406160949(201406160949)
9,758,130
15,784,410
29,374,740
10,545,750
11,349,660

201406160950(201406160950)
9,780,390
15,784,410
29,374,740
10,545,750
11,353,290

201406160951(201406160951)
9,780,390
15,806,130
29,374,740
10,545,750
11,353,290

201406160952(201406160952)
9,780,390
15,806,130
29,374,740
10,545,750
11,353,290

201406160953(201406160953)
9,780,390
15,806,130
29,374,740
10,550,130
11,353,290

201406160954(201406160954)
9,780,390
15,806,130
29,374,740
10,550,130
11,353,290

201406160955(201406160955)
9,780,390
15,806,130
29,374,740
10,550,550
11,353,290

201406160956(201406160956)
9,780,390
15,806,130
29,374,740
10,551,930
11,353,290

201406160957(201406160957)
9,781,020
15,806,130
29,374,740
10,551,930
11,353,290

201406160958(201406160958)
9,781,020
15,806,130
29,374,740
10,551,930
11,353,290

201406160959(201406160959)
9,781,020
15,806,130
29,374,740
10,551,930
11,354,520

201406161000(201406161000)
9,781,020
15,806,130
29,374,740
10,551,930
11,354,520

201406161001(201406161001)
9,781,020
15,806,130
29,374,740
10,551,930
11,354,520

201406161002(201406161002)
9,781,020
15,806,130
29,374,740
10,551,930
11,354,520

201406161003(201406161003)
9,781,020
15,806,130
29,374,740
10,551,930
11,354,520

201406161004(201406161004)
9,781,020
15,806,130
29,374,740
10,551,930
11,354,520

201406161005(201406161005)
9,781,020
15,806,130
29,374,740
10,551,930
11,354,520

201406161006(201406161006)
9,781,020
15,806,130
29,374,740
10,558,650
11,354,520

201406161007(201406161007)
9,781,020
15,806,130
29,374,740
10,558,650
11,354,520

201406161008(201406161008)
9,781,020
15,806,130
29,374,740
10,558,650
11,354,520

201406161009(201406161009)
9,781,020
15,806,130
29,374,740
10,558,650
11,354,520

201406161010(201406161010)
9,781,020
15,806,130
29,374,740
10,558,650
11,354,520

201406161011(201406161011)
9,781,020
15,806,130
29,374,740
10,558,650
11,354,520

201406161012(201406161012)
9,784,050
15,806,130
29,374,740
10,558,650
11,354,520

201406161013(201406161013)
9,784,050
15,806,130
29,374,740
10,558,650
11,354,520

201406161014(201406161014)
9,784,050
15,806,130
29,374,740
10,558,650
11,354,520

201406161015(201406161015)
9,784,050
15,806,130
29,374,740
10,570,380
11,354,520

201406161016(201406161016)
9,784,050
15,806,130
29,374,740
10,570,380
11,354,520

201406161017(201406161017)
9,784,050
15,806,130
29,374,740
10,570,380
11,354,520

201406161018(201406161018)
9,784,050
15,806,130
29,374,740
10,570,380
11,354,520

201406161019(201406161019)
9,784,050
15,806,130
29,374,740
10,570,380
11,354,520

201406161020(201406161020)
9,784,050
15,806,130
29,374,740
10,570,380
11,354,520

201406161021(201406161021)
9,784,050
15,806,130
29,374,740
10,570,380
11,354,520

201406161022(201406161022)
9,784,050
15,806,130
29,374,740
10,580,970
11,354,520

201406161023(201406161023)
9,784,050
15,806,130
29,374,740
10,580,970
11,354,520

201406161024(201406161024)
9,784,050
15,806,130
29,374,740
10,580,970
11,354,520

201406161025(201406161025)
9,784,050
15,806,130
29,374,740
10,580,970
11,354,520

201406161026(201406161026)
9,784,050
15,806,130
29,374,740
10,580,970
11,354,520

201406161027(201406161027)
9,785,790
15,806,130
29,374,740
10,580,970
11,354,520

201406161028(201406161028)
9,785,790
15,806,130
29,374,740
10,580,970
11,354,520

201406161029(201406161029)
9,785,790
15,806,130
29,374,740
10,580,970
11,354,520

201406161030(201406161030)
9,797,010
15,806,130
29,374,740
10,580,970
11,354,520

201406161031(201406161031)
9,797,010
15,806,130
29,374,740
10,580,970
11,354,520

201406161032(201406161032)
9,797,010
15,806,130
29,374,740
10,580,970
11,354,520

201406161033(201406161033)
9,811,650
15,806,130
29,374,740
10,580,970
11,354,520

201406161034(201406161034)
9,814,110
15,806,130
29,374,740
10,580,970
11,354,520

201406161035(201406161035)
9,814,110
15,806,130
29,374,740
10,580,970
11,354,520

201406161036(201406161036)
9,821,820
15,806,130
29,374,740
10,580,970
11,354,520

201406161037(201406161037)
9,821,820
15,806,130
29,374,740
10,580,970
11,354,520

201406161038(201406161038)
9,821,820
15,806,130
29,374,740
10,580,970
11,354,520

201406161039(201406161039)
9,821,820
15,806,130
29,374,740
10,580,970
11,354,520

201406161040(201406161040)
9,821,820
15,806,130
29,374,740
10,580,970
11,354,520

201406161041(201406161041)
9,821,820
15,806,130
29,374,740
10,580,970
11,354,520

201406161042(201406161042)
9,821,820
15,806,130
29,374,740
10,580,970
11,354,520

201406161043(201406161043)
9,821,820
15,806,130
29,374,740
10,604,580
11,354,520

201406161044(201406161044)
9,821,820
15,806,130
29,374,740
10,604,580
11,354,520

201406161045(201406161045)
9,821,820
15,806,130
29,374,740
10,604,580
11,354,520

201406161046(201406161046)
9,821,820
15,806,130
29,374,740
10,604,580
11,354,520

201406161047(201406161047)
9,821,820
15,806,130
29,374,740
10,604,580
11,354,520

201406161048(201406161048)
9,821,820
15,806,130
29,374,740
10,604,580
11,354,520

201406161049(201406161049)
9,821,820
15,806,130
29,374,740
10,604,580
11,355,630

201406161050(201406161050)
9,821,820
15,806,130
29,374,740
10,604,580
11,355,630

201406161051(201406161051)
9,821,820
15,806,130
29,374,740
10,604,580
11,355,630

201406161052(201406161052)
9,821,820
15,806,130
29,374,740
10,604,580
11,355,630

201406161053(201406161053)
9,821,820
15,806,130
29,374,740
10,604,580
11,355,630

201406161054(201406161054)
9,821,820
15,806,130
29,374,740
10,604,580
11,355,630

201406161055(201406161055)
9,821,820
15,806,130
29,374,740
10,604,580
11,359,350

201406161056(201406161056)
9,821,820
15,806,130
29,374,740
10,604,580
11,359,350

201406161057(201406161057)
9,821,820
15,806,130
29,374,740
10,604,580
11,359,350

201406161058(201406161058)
9,821,820
15,806,130
29,374,740
10,604,580
11,359,350

201406161059(201406161059)
9,821,820
15,806,130
29,374,740
10,608,480
11,359,350

201406161100(201406161100)
9,821,820
15,806,130
29,374,740
10,608,480
11,359,350

201406161101(201406161101)
9,821,820
15,806,130
29,374,740
10,608,480
11,359,350

201406161102(201406161102)
9,821,820
15,806,130
29,374,740
10,608,480
11,359,350

201406161103(201406161103)
9,821,820
15,806,130
29,374,740
10,608,480
11,359,350

201406161104(201406161104)
9,821,820
15,817,590
29,374,740
10,608,480
11,359,350

201406161105(201406161105)
9,821,820
15,817,590
29,374,740
10,608,480
11,359,350

201406161106(201406161106)
9,821,820
15,817,590
29,374,740
10,608,480
11,359,350

201406161107(201406161107)
9,821,820
15,817,590
29,374,740
10,608,480
11,359,350

201406161108(201406161108)
9,821,820
15,817,590
29,374,740
10,608,480
11,359,350

201406161109(201406161109)
9,821,820
15,817,590
29,374,740
10,608,480
11,359,350

201406161110(201406161110)
9,821,820
15,817,590
29,374,740
10,608,480
11,359,350

201406161111(201406161111)
9,821,820
15,817,590
29,374,740
10,608,480
11,359,350

201406161112(201406161112)
9,821,820
15,817,590
29,374,740
10,608,480
11,359,350

201406161113(201406161113)
9,821,820
15,817,590
29,374,740
10,608,480
11,359,350

201406161114(201406161114)
9,821,820
15,821,070
29,374,740
10,608,480
11,359,350

201406161115(201406161115)
9,821,820
15,821,070
29,374,740
10,608,480
11,359,350

201406161116(201406161116)
9,821,820
15,821,070
29,374,740
10,608,480
11,359,350

201406161117(201406161117)
9,821,820
15,821,070
29,374,740
10,608,480
11,361,030

201406161118(201406161118)
9,821,820
15,821,070
29,374,740
10,608,480
11,361,030

201406161119(201406161119)
9,821,820
15,821,070
29,374,740
10,608,480
11,361,780

201406161120(201406161120)
9,821,820
15,821,070
29,374,740
10,608,480
11,363,040

201406161121(201406161121)
9,821,820
15,821,070
29,504,430
10,608,480
11,363,040

201406161122(201406161122)
9,821,820
15,821,070
29,583,930
10,608,480
11,363,040

201406161123(201406161123)
9,821,820
15,821,070
29,583,930
10,608,480
11,363,040

201406161124(201406161124)
9,829,080
15,821,070
29,583,930
10,608,480
11,363,040

201406161125(201406161125)
9,829,080
15,821,070
29,583,930
10,608,480
11,363,040

201406161126(201406161126)
9,839,670
15,821,070
29,583,930
10,608,480
11,363,040

201406161127(201406161127)
9,839,670
15,821,070
29,583,930
10,608,480
11,363,040

201406161128(201406161128)
9,839,670
15,821,070
29,583,930
10,608,480
11,363,040

201406161129(201406161129)
9,839,670
15,821,070
29,583,930
10,608,480
11,363,040

201406161130(201406161130)
9,839,670
15,821,070
29,583,930
10,608,480
11,363,040

201406161131(201406161131)
9,839,670
15,821,070
29,583,930
10,608,480
11,363,040

201406161132(201406161132)
9,839,670
15,821,070
29,583,930
10,608,480
11,363,040

201406161133(201406161133)
9,839,670
15,821,070
29,583,930
10,608,480
11,363,040

201406161134(201406161134)
9,839,670
15,821,070
29,583,930
10,608,480
11,363,040

201406161135(201406161135)
9,839,670
15,821,070
29,583,930
10,608,480
11,363,040

201406161136(201406161136)
9,839,670
15,821,070
29,583,930
10,608,480
11,363,040

201406161137(201406161137)
9,839,670
15,821,070
29,583,930
10,611,390
11,363,040

201406161138(201406161138)
9,839,670
15,821,070
29,583,930
10,611,390
11,363,040

201406161139(201406161139)
9,839,670
15,828,720
29,583,930
10,611,390
11,363,040

201406161140(201406161140)
9,839,670
15,828,720
29,583,930
10,611,390
11,363,040

201406161141(201406161141)
9,839,670
15,828,720
29,583,930
10,611,390
11,363,040

201406161142(201406161142)
9,845,400
15,828,720
29,583,930
10,611,390
11,363,040

201406161143(201406161143)
9,845,400
15,828,720
29,583,930
10,611,390
11,363,040

201406161144(201406161144)
9,845,430
15,828,720
29,583,930
10,611,390
11,363,040

201406161145(201406161145)
9,845,430
15,828,720
29,583,930
10,611,390
11,363,040

201406161146(201406161146)
9,845,430
15,828,720
29,583,930
10,611,390
11,363,040

201406161147(201406161147)
9,870,960
15,828,720
29,583,930
10,611,390
11,363,040

201406161148(201406161148)
9,870,960
15,828,720
29,583,930
10,613,610
11,363,040

201406161149(201406161149)
9,870,960
15,828,720
29,583,930
10,622,640
11,363,040

201406161150(201406161150)
9,870,960
15,828,720
29,583,930
10,622,640
11,363,040

201406161151(201406161151)
9,870,960
15,828,720
29,583,930
10,622,640
11,363,040

201406161152(201406161152)
9,881,700
15,828,720
29,583,930
10,622,640
11,363,040

201406161153(201406161153)
9,881,700
15,828,720
29,583,930
10,623,000
11,363,040

201406161154(201406161154)
9,890,700
15,828,720
29,583,930
10,623,000
11,363,040

201406161155(201406161155)
9,890,700
15,828,720
29,583,930
10,623,000
11,363,040

201406161156(201406161156)
9,890,700
15,828,720
29,583,930
10,623,000
11,363,040

201406161157(201406161157)
9,890,700
15,828,720
29,583,930
10,623,000
11,363,040

201406161158(201406161158)
9,890,700
15,828,720
29,583,930
10,623,000
11,363,040

201406161159(201406161159)
9,925,290
15,828,720
29,583,930
10,623,000
11,363,040

201406161200(201406161200)
9,925,290
15,828,720
29,583,930
10,623,000
11,363,040

201406161201(201406161201)
9,925,290
15,828,720
29,583,930
10,623,000
11,363,040

201406161202(201406161202)
9,925,290
15,828,720
29,583,930
10,623,000
11,363,040

201406161203(201406161203)
9,925,290
15,828,720
29,583,930
10,624,950
11,363,040

201406161204(201406161204)
9,925,290
15,828,720
29,583,930
10,624,950
11,363,040

201406161205(201406161205)
9,925,290
15,828,720
29,583,930
10,624,950
11,363,040

201406161206(201406161206)
9,925,290
15,828,720
29,583,930
10,624,950
11,363,040

201406161207(201406161207)
9,934,800
15,828,720
29,583,930
10,624,950
11,363,040

201406161208(201406161208)
9,934,800
15,828,720
29,583,930
10,625,130
11,363,040

201406161209(201406161209)
9,934,800
15,828,720
29,583,930
10,625,130
11,363,040

201406161210(201406161210)
9,934,800
15,851,280
29,583,930
10,625,130
11,363,040

201406161211(201406161211)
9,934,800
15,851,280
29,583,930
10,625,130
11,363,040

201406161212(201406161212)
9,934,800
15,851,280
29,583,930
10,632,720
11,363,040

201406161213(201406161213)
9,934,800
15,851,280
29,583,930
10,632,720
11,363,250

201406161214(201406161214)
9,934,800
15,853,860
29,583,930
10,632,720
11,363,250

201406161215(201406161215)
9,935,340
15,853,860
29,583,930
10,632,720
11,363,250

201406161216(201406161216)
9,935,340
15,853,860
29,583,930
10,642,920
11,368,500

201406161217(201406161217)
9,935,340
15,853,860
29,583,930
10,642,920
11,368,500

201406161218(201406161218)
9,935,340
15,853,860
29,583,930
10,642,920
11,370,840

201406161219(201406161219)
9,935,340
15,853,860
29,583,930
10,652,910
11,370,840

201406161220(201406161220)
9,935,340
15,853,860
29,583,930
10,657,380
11,370,840

201406161221(201406161221)
9,935,340
15,853,860
29,583,930
10,657,380
11,370,840

201406161222(201406161222)
9,935,340
15,853,860
29,583,930
10,673,790
11,370,840

201406161223(201406161223)
9,935,340
15,853,860
29,583,930
10,687,260
11,370,840

201406161224(201406161224)
9,935,340
15,853,860
29,583,930
10,701,420
11,370,840

201406161225(201406161225)
9,935,340
15,853,860
29,583,930
10,704,990
11,374,530

201406161226(201406161226)
9,935,340
15,869,730
29,583,930
10,704,990
11,374,530

201406161227(201406161227)
9,935,340
15,873,360
29,583,930
10,704,990
11,374,530

201406161228(201406161228)
9,935,340
15,873,360
29,583,930
10,706,070
11,375,730

201406161229(201406161229)
9,935,340
15,873,360
29,583,930
10,709,640
11,375,730

201406161230(201406161230)
9,935,340
15,873,360
29,583,930
10,709,640
11,375,730

201406161231(201406161231)
9,935,340
15,875,940
29,583,930
10,709,640
11,375,730

201406161232(201406161232)
9,935,340
15,875,940
29,583,930
10,709,640
11,375,730

201406161233(201406161233)
9,935,340
15,875,940
29,583,930
10,709,640
11,375,730

201406161234(201406161234)
9,935,340
15,875,940
29,583,930
10,709,640
11,375,730

201406161235(201406161235)
9,935,340
15,875,940
29,583,930
--
11,375,730

201406161236(201406161236)
9,939,240
15,875,940
29,583,930
--
11,375,730

201406161237(201406161237)
9,939,240
15,875,940
29,583,930
--
11,375,730

201406161238(201406161238)
9,939,240
15,875,940
29,583,930
--
11,375,730

201406161239(201406161239)
9,942,570
15,875,940
29,583,930
--
11,377,560

201406161240(201406161240)
9,960,300
15,875,940
29,583,930
--
11,377,560

201406161241(201406161241)
9,960,300
15,881,310
29,583,930
--
11,377,560

201406161242(201406161242)
9,960,300
15,881,490
29,583,930
--
11,377,560

201406161243(201406161243)
9,960,300
15,881,490
29,583,930
--
11,377,560

201406161244(201406161244)
9,960,300
15,881,490
29,583,930
--
11,377,560

201406161245(201406161245)
9,960,300
15,881,490
29,583,930
--
11,377,560

201406161246(201406161246)
9,960,300
15,881,490
29,583,930
--
11,399,700

201406161247(201406161247)
9,960,300
15,881,490
29,583,930
--
11,399,700

201406161248(201406161248)
9,960,300
15,881,490
29,583,930
--
11,404,140

201406161249(201406161249)
9,960,300
15,881,490
29,583,930
--
11,404,140

201406161250(201406161250)
9,962,940
15,881,490
29,583,930
--
11,404,140

201406161251(201406161251)
9,962,940
15,881,490
29,583,930
--
11,405,550

201406161252(201406161252)
9,962,940
15,881,490
29,583,930
--
11,405,550

201406161253(201406161253)
9,962,940
15,881,490
29,583,930
--
11,405,550

201406161254(201406161254)
9,962,940
15,881,490
29,583,930
--
11,405,550

201406161255(201406161255)
9,962,940
15,881,490
29,583,930
--
11,405,550

201406161256(201406161256)
9,962,940
15,881,490
29,583,930
--
11,405,550

201406161257(201406161257)
9,962,940
15,881,490
29,583,930
--
11,405,550

201406161258(201406161258)
9,962,940
15,881,490
29,583,930
--
11,405,550

201406161259(201406161259)
9,962,940
15,886,890
29,583,930
--
11,435,460

201406161300(201406161300)
9,982,020
15,886,890
29,583,930
--
11,439,570

201406161301(201406161301)
9,982,020
15,886,890
29,583,930
--
11,439,570

201406161302(201406161302)
9,982,020
15,886,890
29,583,930
--
11,439,570

201406161303(201406161303)
9,982,020
15,886,890
29,583,930
--
11,439,570

201406161304(201406161304)
9,982,020
15,886,890
29,583,930
--
11,439,570

201406161305(201406161305)
9,983,640
15,886,890
29,583,930
--
11,439,570

201406161306(201406161306)
9,983,640
15,886,890
29,583,930
--
11,439,570

201406161307(201406161307)
9,983,640
15,886,890
29,583,930
--
11,439,570

201406161308(201406161308)
9,997,020
15,886,890
29,583,930
--
11,450,160

201406161309(201406161309)
9,997,020
15,886,890
29,583,930
--
11,450,160

201406161310(201406161310)
9,997,020
15,886,890
29,583,930
--
11,450,160

201406161311(201406161311)
9,997,020
15,886,890
29,583,930
--
11,450,160

201406161312(201406161312)
10,009,260
15,886,890
29,583,930
--
11,450,160

201406161313(201406161313)
10,009,260
15,886,890
29,583,930
--
11,450,160

201406161314(201406161314)
10,016,640
15,886,890
29,583,930
--
11,450,160

201406161315(201406161315)
10,016,640
15,886,890
29,583,930
--
11,450,160

201406161316(201406161316)
10,016,640
15,886,890
29,583,930
--
11,450,160

201406161317(201406161317)
10,016,640
15,886,890
29,583,930
--
11,450,160

201406161318(201406161318)
10,016,640
15,886,890
29,583,930
--
11,450,160

201406161319(201406161319)
10,016,640
15,886,890
29,583,930
--
11,450,160

201406161320(201406161320)
10,016,640
15,886,890
29,583,930
--
11,450,160

201406161321(201406161321)
10,016,640
15,886,890
29,583,930
--
11,450,160

201406161322(201406161322)
10,016,640
15,886,890
29,583,930
--
11,450,160

201406161323(201406161323)
10,016,640
15,886,890
29,583,930
--
11,450,160

201406161324(201406161324)
10,016,640
15,886,890
29,583,930
--
11,450,160

201406161325(201406161325)
10,016,640
15,886,890
29,583,930
--
--

201406161326(201406161326)
10,016,640
15,886,890
29,583,930
--
--

201406161327(201406161327)
10,016,640
15,886,890
29,583,930
--
--

201406161328(201406161328)
10,016,640
15,886,890
29,583,930
--
--

201406161329(201406161329)
10,017,420
15,886,890
29,583,930
--
--

201406161330(201406161330)
10,017,420
15,886,890
29,583,930
--
--

201406161331(201406161331)
10,017,420
15,886,890
29,583,930
--
--

201406161332(201406161332)
10,022,340
15,886,890
29,583,930
--
--

201406161333(201406161333)
10,023,750
15,886,890
29,583,930
--
--

201406161334(201406161334)
10,023,750
15,886,890
29,583,930
--
--

201406161335(201406161335)
10,023,750
15,886,890
29,583,930
--
--

201406161336(201406161336)
10,023,750
15,886,890
29,583,930
--
--

201406161337(201406161337)
10,023,750
15,886,890
29,583,930
10,756,320
11,453,220

201406161338(201406161338)
10,023,750
15,886,890
29,583,930
10,758,690
11,455,530

201406161339(201406161339)
10,023,750
15,886,890
29,583,930
10,758,690
11,463,930

201406161340(201406161340)
10,023,750
15,886,890
29,583,930
10,758,690
11,463,930

201406161341(201406161341)
10,023,750
15,886,890
29,583,930
10,758,690
11,500,500

201406161342(201406161342)
10,023,750
15,886,890
29,583,930
10,758,690
11,500,500

201406161343(201406161343)
10,023,750
15,886,890
29,583,930
10,758,690
11,500,500

201406161344(201406161344)
10,023,750
15,886,890
29,583,930
10,758,690
11,500,500

201406161345(201406161345)
10,023,750
15,886,890
29,583,930
10,758,690
11,500,500

201406161346(201406161346)
10,023,750
15,886,890
29,583,930
10,758,690
11,503,770

201406161347(201406161347)
10,023,750
15,886,890
29,583,930
10,758,690
11,503,770

201406161348(201406161348)
10,023,750
15,886,890
29,583,930
10,758,690
11,503,770

201406161349(201406161349)
10,023,840
15,886,890
29,583,930
10,758,690
11,503,770

201406161350(201406161350)
10,023,840
--
29,583,930
10,758,690

201406161351(201406161351)
10,023,840
--
29,583,930
10,758,690

201406161352(201406161352)
10,023,840
--
29,583,930
10,758,690

201406161353(201406161353)
10,023,840
--
29,583,930
10,758,690

201406161354(201406161354)
10,023,840
--
29,583,930
10,758,690

201406161355(201406161355)
10,023,840
--
29,583,930
10,758,690

201406161356(201406161356)
10,023,840
--
29,583,930
10,759,410

201406161357(201406161357)
10,023,840
--
29,583,930
10,759,410

201406161358(201406161358)
10,023,840
--
29,583,930
10,759,410

201406161359(201406161359)
10,023,840
--
29,583,930
10,759,410

201406161400(201406161400)
10,023,840
--
29,583,930
10,759,410

201406161401(201406161401)
10,023,840
--
29,583,930
10,759,410

201406161402(201406161402)
10,023,840
--
29,583,930
10,768,020

201406161403(201406161403)
10,023,840
--
29,583,930
10,768,020

201406161404(201406161404)
10,025,910
--
29,583,930
10,768,020

201406161405(201406161405)
10,025,910
--
29,583,930
10,768,020

201406161406(201406161406)
10,025,910
--
29,583,930
10,768,020

201406161407(201406161407)
10,025,910
--
29,583,930
10,768,020

201406161408(201406161408)
10,025,910
--
29,583,930
10,768,020

201406161409(201406161409)
10,025,910
--
29,583,930
10,768,020

201406161410(201406161410)
10,025,910
--
29,583,930
10,768,020

201406161411(201406161411)
10,025,910
--
29,583,930
10,768,020

201406161412(201406161412)
10,025,910
--
29,583,930
10,768,020

201406161413(201406161413)
10,025,910
--
29,583,930
10,768,020

201406161414(201406161414)
10,025,910
--
29,583,930
10,768,020

201406161415(201406161415)
10,025,910
--
29,583,930
10,768,020

201406161416(201406161416)
10,025,910
--
29,583,930
10,796,850

201406161417(201406161417)
10,025,910
--
29,583,930
10,796,850

201406161418(201406161418)
10,025,910
--
29,583,930
10,796,850

201406161419(201406161419)
10,025,910
--
29,583,930
10,796,850

201406161420(201406161420)
10,025,910
--
29,583,930
10,796,850

201406161421(201406161421)
10,025,910
--
29,583,930
10,796,850

201406161422(201406161422)
10,025,910
--
29,583,930
10,796,850

201406161423(201406161423)
10,025,910
--
29,583,930
10,796,850

201406161424(201406161424)
10,025,910
--
29,583,930
10,799,400

201406161425(201406161425)
10,025,910
--
29,583,930
10,799,400

201406161426(201406161426)
10,025,910
--
29,583,930
10,801,110

201406161427(201406161427)
10,025,910
--
29,583,930
10,801,110

201406161428(201406161428)
10,025,910
--
29,583,930
10,801,110

201406161429(201406161429)
10,028,430
--
29,583,930
10,801,110

201406161430(201406161430)
10,028,430
--
29,583,930
10,801,110

201406161431(201406161431)
10,028,430
--
29,583,930
10,814,880

201406161432(201406161432)
10,028,430
--
29,583,930
10,814,880

201406161433(201406161433)
10,030,830
--
29,583,930
10,814,880

201406161434(201406161434)
10,037,820
--
29,583,930
10,814,880

201406161435(201406161435)
10,037,820
--
29,583,930
10,814,880

201406161436(201406161436)
10,037,820
--
29,583,930
10,814,880

201406161437(201406161437)
10,037,820
--
29,583,930
10,814,880

201406161438(201406161438)
10,037,820
--
29,583,930
10,816,410

201406161439(201406161439)
10,037,820
--
29,583,930
10,816,410

201406161440(201406161440)
10,037,820
--
29,583,930
10,816,410

201406161441(201406161441)
10,037,820
--
29,583,930
10,816,410

201406161442(201406161442)
10,037,820
--
29,583,930
10,821,480

201406161443(201406161443)
10,037,820
--
29,583,930
10,821,480

201406161444(201406161444)
10,037,820
--
29,583,930
10,825,170

201406161445(201406161445)
10,037,820
--
29,583,930
10,825,170

201406161446(201406161446)
10,037,820
--
29,583,930
10,825,170

201406161447(201406161447)
10,037,820
--
29,583,930
10,825,170

201406161448(201406161448)
10,037,820
--
29,583,930
10,825,170

201406161449(201406161449)
10,037,820
--
29,583,930
10,825,170

201406161450(201406161450)
10,037,820
--
29,583,930
10,825,170

201406161451(201406161451)
10,037,820
--
29,583,930
10,825,170

201406161452(201406161452)
10,037,820
--
29,583,930
10,825,170

201406161453(201406161453)
10,037,820
--
29,583,930
10,825,170

201406161454(201406161454)
10,037,820
--
29,583,930
10,825,170

201406161455(201406161455)
10,037,820
--
29,583,930
10,826,610

201406161456(201406161456)
10,049,730
--
29,583,930
10,826,610

201406161457(201406161457)
10,049,730
--
29,583,930
10,826,610

201406161458(201406161458)
10,049,730
--
29,583,930
10,829,190

201406161459(201406161459)
10,049,730
--
29,583,930
10,829,190

201406161500(201406161500)
10,049,730
--
29,583,930
10,829,190

201406161501(201406161501)
10,049,730
--
29,583,930
10,829,190

201406161502(201406161502)
10,056,570
--
29,583,930
10,829,190

201406161503(201406161503)
10,071,000
--
29,583,930
10,829,190

201406161504(201406161504)
10,071,000
--
29,583,930
10,829,190

201406161505(201406161505)
10,071,000
--
29,583,930
10,829,190

201406161506(201406161506)
10,072,800
--
29,583,930
10,831,860

201406161507(201406161507)
10,074,300
--
29,583,930
10,831,860

201406161508(201406161508)
10,077,330
--
29,583,930
10,831,860

201406161509(201406161509)
10,077,330
--
29,583,930
10,831,860

201406161510(201406161510)
10,077,330
--
29,583,930
10,831,860

201406161511(201406161511)
10,082,250
--
29,583,930
10,831,860

201406161512(201406161512)
10,082,250
--
29,583,930
10,831,860

201406161513(201406161513)
10,082,250
--
29,583,930
10,831,860

201406161514(201406161514)
10,082,250
--
29,583,930
10,831,860

201406161515(201406161515)
10,082,250
--
29,583,930
10,831,860

201406161516(201406161516)
10,082,250
--
29,583,930
10,831,860

201406161517(201406161517)
10,082,250
--
29,583,930
10,831,860

201406161518(201406161518)
10,082,250
--
29,583,930
10,831,860

201406161519(201406161519)
10,082,250
--
29,583,930
10,838,190

201406161520(201406161520)
10,082,250
--
29,583,930
10,838,190

201406161521(201406161521)
10,082,250
--
29,583,930
10,838,190

201406161522(201406161522)
10,082,250
--
29,583,930
10,838,190

201406161523(201406161523)
10,082,250
--
29,583,930
10,858,980

201406161524(201406161524)
10,082,250
--
29,583,930
10,858,980

201406161525(201406161525)
10,082,250
--
29,583,930
10,858,980

201406161526(201406161526)
10,082,250
--
29,583,930
10,858,980

201406161527(201406161527)
10,082,250
--
29,583,930
10,858,980

201406161528(201406161528)
10,082,250
--
29,583,930
10,858,980

201406161529(201406161529)
10,082,250
--
29,583,930
10,858,980

201406161530(201406161530)
10,082,250
--
29,583,930
10,858,980

201406161531(201406161531)
10,082,250
--
29,583,930
10,858,980

201406161532(201406161532)
10,082,250
--
29,583,930
10,858,980

201406161533(201406161533)
10,082,250
--
29,583,930
10,858,980

201406161534(201406161534)
10,082,250
--
29,583,930
10,858,980

201406161535(201406161535)
10,082,250
--
29,583,930
10,858,980

201406161536(201406161536)
10,082,250
--
29,583,930
10,858,980

201406161537(201406161537)
10,082,250
--
29,583,930
10,858,980

201406161538(201406161538)
10,082,250
--
29,583,930
10,858,980

201406161539(201406161539)
10,082,250
--
29,583,930
10,858,980

201406161540(201406161540)
10,082,250
--
29,583,930
10,858,980

201406161541(201406161541)
10,082,250
--
29,583,930
10,858,980

201406161542(201406161542)
10,082,250
--
29,583,930
10,858,980

201406161543(201406161543)
10,082,250
--
29,583,930
10,858,980

201406161544(201406161544)
10,082,250
--
29,583,930
10,858,980

201406161545(201406161545)
10,082,250
--
29,583,930
10,858,980

201406161546(201406161546)
10,082,250
--
29,583,930
10,858,980

201406161547(201406161547)
10,094,850
--
29,583,930
10,890,690

201406161548(201406161548)
10,094,850
--
29,583,930
10,890,690

201406161549(201406161549)
10,094,850
--
29,583,930
10,890,690

201406161550(201406161550)
10,094,850
--
29,583,930
10,890,690

201406161551(201406161551)
10,094,850
--
29,583,930
10,890,690

201406161552(201406161552)
10,094,850
--
29,583,930
10,890,690

201406161553(201406161553)
10,094,850
--
29,583,930
10,892,970

201406161554(201406161554)
10,094,850
--
29,583,930
10,892,970

201406161555(201406161555)
10,094,850
--
29,583,930
10,892,970

201406161556(201406161556)
10,094,850
--
29,583,930
10,892,970

201406161557(201406161557)
10,094,850
--
29,583,930
10,892,970

201406161558(201406161558)
10,094,850
--
29,583,930
10,892,970

201406161559(201406161559)
10,101,780
--
29,583,930
10,907,520

201406161600(201406161600)
10,101,780
--
29,583,930
10,907,520

201406161601(201406161601)
10,101,780
--
29,677,500
10,907,520

201406161602(201406161602)
10,101,780
--
29,694,630
10,911,900

201406161603(201406161603)
10,101,780
--
29,694,630
10,911,900

201406161604(201406161604)
10,101,780
--
29,694,630
10,911,900

201406161605(201406161605)
10,101,780
--
29,694,630
10,931,790

201406161606(201406161606)
10,101,780
--
29,694,630
10,931,790

201406161607(201406161607)
10,101,780
--
29,694,630
10,931,790

201406161608(201406161608)
10,101,780
--
29,694,630
10,931,790

201406161609(201406161609)
10,101,780
--
29,694,630
10,931,790

201406161610(201406161610)
10,101,780
--
29,694,630
10,931,790

201406161611(201406161611)
10,101,780
--
29,694,630
10,931,790

201406161612(201406161612)
10,101,780
--
29,694,630
10,933,170

201406161613(201406161613)
10,122,420
--
29,694,630
10,933,170

201406161614(201406161614)
10,125,510
--
29,694,630
10,933,170

201406161615(201406161615)
10,125,510
--
29,694,630
10,933,170

201406161616(201406161616)
10,125,510
--
29,694,630
10,933,170

201406161617(201406161617)
10,125,510
--
29,694,630
10,938,090

201406161618(201406161618)
10,125,510
--
29,694,630
10,966,260

201406161619(201406161619)
10,125,510
--
29,694,630
10,966,260

201406161620(201406161620)
10,125,510
--
29,694,630
10,968,450

201406161621(201406161621)
10,125,510
--
29,694,630
10,968,450

201406161622(201406161622)
10,140,000
--
29,694,630
10,968,450

201406161623(201406161623)
10,140,000
--
29,694,630
10,968,450

201406161624(201406161624)
10,140,000
--
29,694,630
10,968,450

201406161628(201406161628)
10,146,210
15,950,340
29,694,630
10,968,450
11,719,230

201406161629(201406161629)
10,146,210
15,955,950
29,694,630
10,969,050
11,719,230

201406161630(201406161630)
10,146,210
15,955,950
29,694,630
10,969,050
11,719,230

