201404200109(201404200109)
1,751,520
3,651,450
10,649,130
1,863,300
2,015,250

201404200110(201404200110)
1,751,520
3,651,450
10,649,130
1,863,360
2,015,520

201404200111(201404200111)
1,751,520
3,654,300
10,649,130
1,863,360
2,016,270

201404200112(201404200112)
1,751,520
3,656,400
10,649,130
1,863,360
2,016,840

201404200119(201404200119)
1,753,290
3,656,700
10,685,310
1,866,000
2,016,840

201404200120(201404200120)
1,753,290
3,656,700
10,685,310
1,866,000
2,016,840

201404200121(201404200121)
1,753,290
3,656,700
10,685,310
1,866,000
2,016,840

201404200122(201404200122)
1,753,290
3,656,700
10,720,200
1,866,720
2,016,840

201404200129(201404200129)
1,753,290
3,658,590
10,720,200
1,869,390
2,020,650

201404200130(201404200130)
1,753,290
3,658,590
10,720,200
1,869,390
2,020,650

201404200131(201404200131)
1,753,350
3,658,590
10,720,200
1,869,390
2,020,650

201404200132(201404200132)
1,753,350
3,658,590
10,720,200
1,869,390
2,020,650

201404200139(201404200139)
1,755,180
3,662,970
10,823,700
1,879,830
2,023,260

201404200140(201404200140)
1,755,180
3,662,970
10,823,700
1,879,830
2,023,260

201404200141(201404200141)
1,755,180
3,662,970
10,823,700
1,884,030
2,024,520

201404200142(201404200142)
1,755,180
3,662,970
10,823,700
1,884,030
2,025,510

201404200149(201404200149)
1,760,850
3,676,740
10,823,700
1,885,560
2,025,510

201404200150(201404200150)
1,760,850
3,676,740
10,823,700
1,886,880
2,027,580

201404200151(201404200151)
1,760,850
3,676,740
10,823,700
1,886,880
2,029,110

201404200152(201404200152)
1,760,850
3,676,740
10,886,940
1,886,880
2,029,110

201404200159(201404200159)
1,760,850
3,680,160
10,888,650
1,888,860
2,030,700

201404200200(201404200200)
1,760,850
3,680,160
10,912,620
1,888,860
2,030,700

201404200201(201404200201)
1,760,850
3,680,160
10,912,620
1,890,510
2,031,150

201404200202(201404200202)
1,760,850
3,680,160
10,912,620
1,890,510
2,034,240

201404200209(201404200209)
1,763,010
3,680,760
10,912,620
1,892,700
2,034,240

201404200210(201404200210)
1,763,010
3,680,760
10,912,620
1,892,700
2,034,240

201404200211(201404200211)
1,763,010
3,680,760
10,912,620
1,893,000
2,034,240

201404200212(201404200212)
1,763,010
3,688,470
10,912,620
1,893,000
2,036,220

201404200219(201404200219)
1,767,060
3,688,470
10,912,620
1,896,000
2,036,250

201404200220(201404200220)
1,767,060
3,688,470
10,912,620
1,896,000
2,037,570

201404200221(201404200221)
1,767,060
3,688,470
10,912,620
1,896,000
2,037,570

201404200222(201404200222)
1,767,060
3,688,470
10,912,620
1,896,000
2,037,570

201404200229(201404200229)
1,774,290
3,722,550
10,997,700
1,898,400
2,045,490

201404200230(201404200230)
1,774,980
3,722,550
10,997,700
1,898,550
2,045,490

201404200231(201404200231)
1,774,980
3,722,550
10,997,700
1,899,930
2,045,490

201404200232(201404200232)
1,774,980
3,722,550
10,997,700
1,899,930
2,046,450

201404200239(201404200239)
1,780,920
3,722,550
10,997,700
1,912,620
2,049,030

201404200240(201404200240)
1,782,180
3,722,550
10,997,700
1,912,620
2,049,030

201404200241(201404200241)
1,788,390
3,722,550
10,997,700
1,915,020
2,052,330

201404200242(201404200242)
1,788,390
3,722,550
10,997,700
1,915,020
2,055,000

201404200249(201404200249)
1,788,390
3,730,110
10,997,700
1,915,020
2,055,000

201404200250(201404200250)
1,788,390
3,730,110
10,997,700
1,915,020
2,055,000

201404200251(201404200251)
1,788,390
3,730,110
10,997,700
1,915,020
2,055,000

201404200252(201404200252)
1,788,390
3,730,110
10,997,700
1,915,020
2,055,000

201404200259(201404200259)
1,788,390
3,745,980
10,997,700
1,915,020
2,055,780

201404200300(201404200300)
1,788,390
3,745,980
10,997,700
1,915,020
2,055,780

201404200301(201404200301)
1,788,390
3,745,980
10,997,700
1,915,020
2,055,780

201404200302(201404200302)
1,788,390
3,745,980
10,997,700
1,915,020
2,055,780

201404200309(201404200309)
1,788,780
3,745,980
10,997,700
1,915,260
2,055,780

201404200310(201404200310)
1,789,050
3,745,980
10,997,700
1,915,260
2,055,780

201404200311(201404200311)
1,790,010
3,746,700
10,997,700
1,915,260
2,055,780

201404200312(201404200312)
1,790,010
3,746,700
10,997,700
1,915,260
2,055,780

201404200319(201404200319)
1,790,010
3,746,700
10,997,700
1,915,260
2,061,780

201404200320(201404200320)
1,790,010
3,746,700
10,997,700
1,916,100
2,067,060

201404200321(201404200321)
1,790,010
3,751,890
10,997,700
1,918,350
2,069,070

201404200322(201404200322)
1,790,010
3,751,890
10,997,700
1,918,350
2,069,610

201404200329(201404200329)
1,790,520
3,751,890
10,997,700
1,924,860
2,070,120

201404200330(201404200330)
1,790,520
3,751,890
10,997,700
1,924,860
2,070,120

201404200331(201404200331)
1,790,520
3,751,890
10,997,700
1,924,860
2,070,120

201404200332(201404200332)
1,790,520
3,751,890
10,997,700
1,924,860
2,070,120

201404200339(201404200339)
1,790,580
3,754,500
10,997,700
1,924,860
2,070,480

201404200340(201404200340)
1,790,580
3,754,500
10,997,700
1,924,860
2,070,480

201404200341(201404200341)
1,790,580
3,754,500
10,997,700
1,924,860
2,070,480

201404200342(201404200342)
1,790,580
3,754,500
10,997,700
1,924,860
2,070,480

201404200349(201404200349)
1,793,220
3,754,500
10,997,700
1,924,860
2,070,600

201404200350(201404200350)
1,793,220
3,754,500
10,997,700
1,924,860
2,070,600

201404200351(201404200351)
1,793,220
3,761,640
10,997,700
1,924,860
2,070,600

201404200352(201404200352)
1,794,270
3,761,640
10,997,700
1,924,860
2,070,600

201404200359(201404200359)
1,794,480
3,761,640
10,997,700
1,924,860
2,070,600

201404200400(201404200400)
1,794,480
3,761,640
10,997,700
1,924,860
2,070,600

201404200401(201404200401)
1,794,480
3,763,350
10,997,700
1,924,860
2,070,600

201404200402(201404200402)
1,794,480
3,763,350
10,997,700
1,924,860
2,070,600

201404200409(201404200409)
1,794,480
3,763,350
10,997,700
1,924,920
2,071,530

201404200410(201404200410)
1,794,480
3,763,350
10,997,700
1,924,920
2,071,530

201404200411(201404200411)
1,794,480
3,763,350
10,997,700
1,924,920
2,071,530

201404200412(201404200412)
1,794,480
3,763,350
10,997,700
1,924,920
2,071,530

201404200419(201404200419)
1,796,160
3,763,350
10,997,700
1,925,250
2,075,010

201404200420(201404200420)
1,796,160
3,763,350
10,997,700
1,925,250
2,075,010

201404200421(201404200421)
1,796,160
3,763,350
10,997,700
1,925,250
2,075,010

201404200422(201404200422)
1,796,160
3,763,350
10,997,700
1,925,250
2,075,010

201404200429(201404200429)
1,796,160
3,763,350
10,997,700
1,925,250
2,075,730

201404200430(201404200430)
1,796,160
3,763,350
10,997,700
1,925,250
2,075,730

201404200431(201404200431)
1,796,160
3,763,350
10,997,700
1,925,250
2,075,730

201404200432(201404200432)
1,796,160
3,763,350
10,997,700
1,925,250
2,075,730

201404200439(201404200439)
1,798,230
3,763,350
10,997,700
1,926,330
2,075,730

201404200440(201404200440)
1,798,230
3,763,350
10,997,700
1,926,330
2,075,730

201404200441(201404200441)
1,798,230
3,763,350
10,997,700
1,926,330
2,077,170

201404200442(201404200442)
1,798,230
3,763,350
10,997,700
1,926,330
2,077,170

201404200449(201404200449)
1,798,230
3,769,110
10,997,700
1,928,550
2,077,170

201404200450(201404200450)
1,798,230
3,769,110
10,997,700
1,928,550
2,081,100

201404200451(201404200451)
1,798,230
3,769,110
10,997,700
1,928,550
2,081,100

201404200452(201404200452)
1,798,230
3,769,110
10,997,700
1,928,550
2,081,100

201404200459(201404200459)
1,800,540
3,769,110
10,997,700
1,930,380
2,083,140

201404200500(201404200500)
1,800,540
3,769,110
10,997,700
1,930,380
2,083,140

201404200501(201404200501)
1,800,540
3,774,030
10,997,700
1,930,380
2,083,140

201404200502(201404200502)
1,800,540
3,774,030
10,997,700
1,930,380
2,083,140

201404200509(201404200509)
1,801,170
3,774,030
10,997,700
1,933,200
2,084,160

201404200510(201404200510)
1,801,170
3,774,030
10,997,700
1,933,200
2,084,160

201404200511(201404200511)
1,801,170
3,774,030
10,997,700
1,933,200
2,084,160

201404200512(201404200512)
1,801,170
3,774,030
10,997,700
1,933,200
2,084,340

201404200519(201404200519)
1,806,090
3,782,010
10,997,700
1,935,240
2,086,110

201404200520(201404200520)
1,806,090
3,782,010
10,997,700
1,935,240
2,091,600

201404200521(201404200521)
1,806,090
3,782,010
10,997,700
1,935,960
2,091,600

201404200522(201404200522)
1,806,090
3,782,010
10,997,700
1,935,960
2,091,600

201404200529(201404200529)
1,806,090
3,782,010
10,997,700
1,936,560
2,094,630

201404200530(201404200530)
1,806,090
3,782,010
10,997,700
1,936,560
2,094,630

201404200531(201404200531)
1,806,090
3,782,010
10,997,700
1,936,560
2,094,630

201404200532(201404200532)
1,806,090
3,782,010
10,997,700
1,936,560
2,094,630

201404200539(201404200539)
1,806,330
3,782,010
10,997,700
1,936,560
2,095,020

201404200540(201404200540)
1,806,330
3,782,010
10,997,700
1,936,560
2,095,020

201404200541(201404200541)
1,806,330
3,782,010
10,997,700
1,938,390
2,095,020

201404200542(201404200542)
1,806,330
3,782,010
10,997,700
1,938,390
2,095,020

201404200549(201404200549)
1,807,290
3,782,010
10,997,700
1,940,760
2,096,370

201404200550(201404200550)
1,807,290
3,784,410
10,997,700
1,941,120
2,096,370

201404200551(201404200551)
1,807,290
3,784,410
10,997,700
1,941,120
2,096,370

201404200552(201404200552)
1,807,290
3,784,410
10,997,700
1,943,160
2,096,370

201404200559(201404200559)
1,807,290
3,797,970
10,997,700
1,949,250
2,096,370

201404200600(201404200600)
1,807,290
3,797,970
10,997,700
1,949,250
2,096,370

201404200601(201404200601)
1,807,290
3,797,970
10,997,700
1,949,250
2,096,370

201404200602(201404200602)
1,807,290
3,797,970
10,997,700
1,949,610
2,098,230

201404200609(201404200609)
1,807,530
3,797,970
10,997,700
1,949,610
2,098,860

201404200610(201404200610)
1,807,530
3,797,970
10,997,700
1,949,610
2,098,860

201404200611(201404200611)
1,809,270
3,797,970
10,997,700
1,949,610
2,098,860

201404200612(201404200612)
1,809,540
3,797,970
10,997,700
1,950,300
2,098,860

201404200619(201404200619)
1,809,540
3,802,380
10,997,700
1,951,380
2,100,270

201404200620(201404200620)
1,809,540
3,802,380
10,997,700
1,951,380
2,101,560

201404200621(201404200621)
1,809,540
3,802,380
10,997,700
1,951,380
2,101,560

201404200622(201404200622)
1,809,570
3,802,380
10,997,700
1,951,380
2,101,560

201404200629(201404200629)
1,810,680
3,802,380
10,997,700
1,952,460
2,101,560

201404200630(201404200630)
1,811,760
3,802,380
10,997,700
1,952,460
2,101,680

201404200631(201404200631)
1,811,760
3,802,380
10,997,700
1,952,460
2,101,680

201404200632(201404200632)
1,811,760
3,802,380
10,997,700
1,952,460
2,101,680

201404200639(201404200639)
1,811,760
3,816,660
10,997,700
1,956,450
2,101,680

201404200640(201404200640)
1,812,390
3,816,660
10,997,700
1,956,450
2,104,110

201404200641(201404200641)
1,812,390
3,816,960
10,997,700
1,956,450
2,104,110

201404200642(201404200642)
1,812,480
3,816,960
10,997,700
1,956,450
2,104,110

201404200649(201404200649)
1,814,250
3,816,960
10,997,700
1,962,960
2,107,980

201404200650(201404200650)
1,814,250
3,816,960
10,997,700
1,962,960
2,107,980

201404200651(201404200651)
1,814,250
3,816,960
10,997,700
1,962,960
2,107,980

201404200652(201404200652)
1,814,250
3,816,960
10,997,700
1,962,960
2,107,980

201404200659(201404200659)
1,814,790
3,844,050
10,997,700
1,962,960
2,109,960

201404200700(201404200700)
1,815,270
3,844,050
10,997,700
1,962,960
2,109,960

201404200701(201404200701)
1,815,270
3,844,050
10,997,700
1,964,670
2,109,960

201404200702(201404200702)
1,815,270
3,844,050
10,997,700
1,965,240
2,111,070

201404200709(201404200709)
1,815,270
3,844,050
10,997,700
1,965,390
2,115,390

201404200710(201404200710)
1,815,450
3,844,050
10,997,700
1,965,390
2,115,390

201404200711(201404200711)
1,816,410
3,844,050
10,997,700
1,965,390
2,115,390

201404200712(201404200712)
1,816,410
3,844,050
10,997,700
1,965,390
2,115,390

201404200719(201404200719)
1,816,920
3,844,410
10,997,700
1,966,710
2,123,820

201404200720(201404200720)
1,816,920
3,844,410
10,997,700
1,966,710
2,129,130

201404200721(201404200721)
1,816,920
3,844,410
10,997,700
1,966,710
2,129,130

201404200722(201404200722)
1,816,920
3,845,790
10,997,700
1,966,710
2,129,130

201404200729(201404200729)
1,819,170
3,845,790
11,070,000
1,967,040
2,129,370

201404200730(201404200730)
1,819,170
3,845,790
11,070,000
1,967,040
2,129,370

201404200731(201404200731)
1,819,170
3,845,790
11,070,000
1,967,040
2,129,430

201404200732(201404200732)
1,819,170
3,845,790
11,070,000
1,967,040
2,129,670

201404200739(201404200739)
1,820,910
3,855,210
11,070,000
1,968,030
2,130,600

201404200740(201404200740)
1,820,910
3,855,210
11,070,000
1,968,030
2,130,600

201404200741(201404200741)
1,820,910
3,855,210
11,070,000
1,968,030
2,130,600

201404200742(201404200742)
1,820,910
3,855,210
11,070,000
1,968,030
2,132,100

201404200749(201404200749)
1,825,020
3,860,310
11,070,000
1,972,050
2,137,920

201404200750(201404200750)
1,825,020
3,860,310
11,070,000
1,973,970
2,138,280

201404200751(201404200751)
1,825,020
3,860,310
11,070,000
1,973,970
2,138,280

201404200752(201404200752)
1,825,650
3,860,310
11,070,000
1,973,970
2,138,280

201404200759(201404200759)
1,826,190
3,860,310
11,070,000
1,975,860
2,138,700

201404200800(201404200800)
1,826,190
3,860,310
11,070,000
1,975,860
2,138,700

201404200801(201404200801)
1,826,190
3,860,310
11,070,000
1,975,860
2,138,700

201404200802(201404200802)
1,826,190
3,860,310
11,070,000
1,975,860
2,138,700

201404200809(201404200809)
1,826,220
3,868,200
11,070,000
1,978,650
2,139,060

201404200810(201404200810)
1,826,220
3,868,200
11,070,000
1,978,650
2,139,060

201404200811(201404200811)
1,826,220
3,868,200
11,070,000
1,978,650
2,139,060

201404200812(201404200812)
1,826,220
3,868,200
11,070,000
1,978,650
2,139,060

201404200819(201404200819)
1,829,820
3,868,200
11,070,000
1,980,000
2,139,060

201404200820(201404200820)
1,829,820
3,868,200
11,070,000
1,980,000
2,139,060

201404200821(201404200821)
1,829,820
3,868,200
11,070,000
1,980,000
2,139,060

201404200822(201404200822)
1,830,660
3,868,200
11,070,000
1,980,000
2,139,060

201404200829(201404200829)
1,832,640
3,868,200
11,070,000
1,981,590
2,145,180

201404200830(201404200830)
1,832,640
3,868,200
11,070,000
1,981,590
2,145,180

201404200831(201404200831)
1,832,640
3,868,200
11,070,000
1,981,590
2,145,180

201404200832(201404200832)
1,832,640
3,868,200
11,070,000
1,981,590
2,146,590

201404200839(201404200839)
1,833,030
3,875,070
11,070,000
1,981,590
2,146,590

201404200840(201404200840)
1,833,030
3,875,070
11,070,000
1,981,890
2,146,590

201404200841(201404200841)
1,833,030
3,875,070
11,070,000
1,985,640
2,146,590

201404200842(201404200842)
1,833,360
3,875,070
11,070,000
1,985,640
2,150,550

201404200849(201404200849)
1,836,990
3,875,070
11,077,680
1,999,770
2,153,430

201404200850(201404200850)
1,836,990
3,875,070
11,077,680
1,999,770
2,153,430

201404200851(201404200851)
1,836,990
3,875,070
11,077,680
1,999,770
2,153,430

201404200852(201404200852)
1,836,990
3,875,070
11,077,680
1,999,770
2,153,430

201404200859(201404200859)
1,838,520
3,898,110
11,123,190
1,999,770
2,153,550

201404200900(201404200900)
1,838,520
3,898,110
11,123,190
2,001,480
2,153,550

201404200901(201404200901)
1,838,520
3,898,110
11,123,190
2,001,480
2,155,110

201404200902(201404200902)
1,842,210
3,898,110
11,123,190
2,001,480
2,155,110

201404200909(201404200909)
1,842,930
3,903,450
11,123,190
2,003,790
2,157,150

201404200910(201404200910)
1,842,930
3,903,450
11,123,190
2,004,690
2,157,150

201404200911(201404200911)
1,842,930
3,903,450
11,123,190
2,004,690
2,167,050

201404200912(201404200912)
1,842,930
3,903,450
11,123,190
2,004,690
2,167,050

201404200919(201404200919)
1,842,930
3,931,830
11,123,190
2,004,690
2,167,050

201404200920(201404200920)
1,842,930
3,931,830
11,150,880
2,004,690
2,167,050

201404200921(201404200921)
1,842,930
3,931,830
11,150,880
2,004,690
2,169,840

201404200922(201404200922)
1,846,140
3,931,830
11,150,880
2,004,690
2,169,840

201404200929(201404200929)
1,861,650
3,931,830
11,150,880
2,004,780
2,169,840

201404200930(201404200930)
1,861,650
3,931,830
11,150,880
2,006,130
2,169,840

201404200931(201404200931)
1,861,650
3,931,830
11,150,880
2,006,130
2,169,840

201404200932(201404200932)
1,861,650
3,931,830
11,150,880
2,006,130
2,169,840

201404200939(201404200939)
1,863,090
3,934,290
11,150,880
2,009,010
2,179,170

201404200940(201404200940)
1,863,090
3,934,290
11,150,880
2,009,010
2,179,170

201404200941(201404200941)
1,863,300
3,934,290
11,150,880
2,009,010
2,179,170

201404200942(201404200942)
1,863,300
3,960,780
11,150,880
2,009,010
2,179,170

201404200949(201404200949)
1,863,360
3,977,100
11,150,880
2,011,860
2,185,350

201404200950(201404200950)
1,863,360
3,977,100
11,150,880
2,015,520
2,185,350

201404200951(201404200951)
1,863,360
3,977,100
11,150,880
2,015,520
2,187,720

201404200952(201404200952)
1,863,360
3,977,100
11,150,880
2,015,520
2,187,720

201404200959(201404200959)
1,863,360
3,980,700
11,150,880
2,016,840
2,189,310

201404201000(201404201000)
1,863,360
3,980,700
11,155,530
2,016,840
2,189,310

201404201001(201404201001)
1,863,510
3,980,700
11,155,530
2,016,840
2,189,310

201404201002(201404201002)
1,863,510
3,980,700
11,155,530
2,016,840
2,189,310

201404201009(201404201009)
1,866,000
3,981,900
11,155,530
2,017,770
2,189,310

201404201010(201404201010)
1,866,000
3,981,900
11,155,530
2,018,460
2,189,310

201404201011(201404201011)
1,866,720
3,981,900
11,155,530
2,023,350
2,189,310

201404201012(201404201012)
1,866,720
3,981,900
11,155,530
2,024,010
2,189,310

201404201019(201404201019)
1,869,360
3,987,540
11,155,530
2,024,460
2,192,160

201404201020(201404201020)
1,869,360
3,987,540
11,155,530
2,024,460
2,193,750

201404201021(201404201021)
1,869,360
3,987,540
11,155,530
2,024,460
2,194,440

201404201022(201404201022)
1,869,360
3,987,540
11,155,530
2,024,460
2,200,860

201404201029(201404201029)
1,872,210
3,988,380
11,155,530
2,024,460
2,202,480

201404201030(201404201030)
1,872,210
3,988,380
11,155,530
2,028,570
2,202,480

201404201031(201404201031)
1,872,210
3,988,380
11,155,530
2,028,570
2,202,480

201404201032(201404201032)
1,872,210
3,988,380
11,155,530
2,028,570
2,202,480

201404201039(201404201039)
1,877,370
4,006,590
11,155,530
2,029,110
2,207,940

201404201040(201404201040)
1,877,370
4,025,730
11,155,530
2,029,110
2,207,940

201404201041(201404201041)
1,880,370
4,025,730
11,155,530
2,029,110
2,207,940

201404201042(201404201042)
1,883,460
4,039,080
11,155,530
2,030,100
2,207,940

201404201049(201404201049)
1,887,030
4,045,500
11,155,530
2,035,620
2,207,940

201404201050(201404201050)
1,887,030
4,045,500
11,155,530
2,035,620
2,207,940

201404201051(201404201051)
1,887,030
4,045,500
11,155,530
2,035,620
2,207,940

201404201052(201404201052)
1,887,030
4,059,060
11,155,530
2,035,620
2,207,940

201404201059(201404201059)
1,889,550
4,059,060
11,155,530
2,039,970
2,213,670

201404201100(201404201100)
1,889,550
4,059,060
11,155,530
2,039,970
2,213,670

201404201101(201404201101)
1,889,550
4,064,190
11,155,530
2,039,970
2,213,670

201404201102(201404201102)
1,889,550
4,088,460
11,155,530
2,039,970
2,213,670

201404201109(201404201109)
1,889,550
4,097,160
11,155,530
2,039,970
2,216,520

201404201110(201404201110)
1,889,550
4,097,160
11,155,530
2,039,970
2,216,520

201404201111(201404201111)
1,889,550
4,097,160
11,155,530
2,040,000
2,217,300

201404201112(201404201112)
1,889,550
4,098,330
11,155,530
2,040,000
2,217,300

201404201119(201404201119)
1,892,310
4,113,480
11,228,760
2,049,030
2,219,100

201404201120(201404201120)
1,892,310
4,131,090
11,228,760
2,049,030
2,219,100

201404201121(201404201121)
1,892,310
4,131,090
11,228,760
2,049,030
2,219,100

201404201122(201404201122)
1,892,310
4,131,090
11,228,760
2,049,030
2,219,100

201404201129(201404201129)
1,893,090
4,131,090
11,228,760
2,049,030
2,221,500

201404201130(201404201130)
1,893,510
4,131,090
11,228,760
2,049,030
2,221,500

201404201131(201404201131)
1,893,510
4,131,090
11,228,760
2,049,030
2,221,500

201404201132(201404201132)
1,893,510
4,131,090
11,228,760
2,049,030
2,222,850

201404201139(201404201139)
1,898,400
4,132,860
11,228,760
2,055,000
2,222,850

201404201140(201404201140)
1,898,400
4,132,860
11,228,760
2,058,000
2,228,520

201404201141(201404201141)
1,898,550
4,132,860
11,228,760
2,058,000
2,228,520

201404201142(201404201142)
1,898,550
4,132,860
11,228,760
2,058,000
2,228,520

201404201149(201404201149)
1,900,620
4,138,140
11,281,770
2,059,650
2,233,680

201404201150(201404201150)
1,900,620
4,138,140
11,281,770
2,060,370
2,233,680

201404201151(201404201151)
1,900,620
4,138,140
11,281,770
2,061,480
2,233,680

201404201152(201404201152)
1,900,620
4,138,140
11,281,770
2,061,480
2,233,680

201404201159(201404201159)
1,902,630
4,146,420
11,281,770
2,067,060
2,239,170

201404201200(201404201200)
1,902,630
4,146,420
11,281,770
2,067,060
2,240,820

201404201201(201404201201)
1,902,780
4,146,420
11,281,770
2,067,060
2,241,930

201404201202(201404201202)
1,905,180
4,146,420
11,281,770
2,067,060
2,241,930

201404201209(201404201209)
1,914,780
4,146,420
11,286,780
2,071,680
2,246,550

201404201210(201404201210)
1,914,780
4,146,420
11,286,780
2,071,680
2,246,550

201404201211(201404201211)
1,914,780
4,146,420
11,286,780
2,071,680
2,246,940

201404201212(201404201212)
1,915,440
4,146,420
11,286,780
2,075,280
2,246,940

201404201219(201404201219)
1,920,960
4,146,420
11,286,780
2,075,280
2,250,060

201404201220(201404201220)
1,920,960
4,146,420
11,286,780
2,075,280
2,250,060

201404201221(201404201221)
1,920,960
4,146,420
11,286,780
2,075,430
2,250,060

201404201222(201404201222)
1,920,960
4,146,420
11,286,780
2,075,730
2,250,060

201404201229(201404201229)
1,926,660
4,146,420
11,286,780
2,076,450
2,259,210

201404201230(201404201230)
1,926,660
4,146,420
11,286,780
2,076,450
2,259,210

201404201231(201404201231)
1,926,660
4,146,420
11,286,780
2,076,450
2,259,210

201404201232(201404201232)
1,926,660
4,152,240
11,286,780
2,077,170
2,259,720

201404201239(201404201239)
1,927,860
4,152,240
11,286,780
2,085,090
2,259,780

201404201240(201404201240)
1,927,860
4,152,240
11,286,780
2,085,090
2,259,780

201404201241(201404201241)
1,930,380
4,152,240
11,286,780
2,085,090
2,259,780

201404201242(201404201242)
1,930,380
4,152,240
11,286,780
2,086,440
2,259,780

201404201249(201404201249)
1,930,530
4,154,370
11,286,780
2,087,700
2,266,200

201404201250(201404201250)
1,930,530
4,155,870
11,286,780
2,087,700
2,266,350

201404201251(201404201251)
1,930,530
4,172,760
11,286,780
2,087,700
2,266,350

201404201252(201404201252)
1,931,070
4,172,760
11,286,780
2,087,700
2,266,350

201404201259(201404201259)
1,932,780
4,180,800
11,286,780
2,087,700
2,267,340

201404201300(201404201300)
1,933,050
4,190,010
11,286,780
2,087,700
2,267,340

201404201301(201404201301)
1,933,200
4,190,010
11,286,780
2,087,700
2,267,340

201404201302(201404201302)
1,933,200
4,190,010
11,286,780
2,090,760
2,267,340

201404201309(201404201309)
1,934,310
4,202,430
11,286,780
2,091,990
2,270,670

201404201310(201404201310)
1,934,310
4,202,430
11,286,780
2,091,990
2,277,780

201404201311(201404201311)
1,934,310
4,202,430
11,286,780
2,091,990
2,278,020

201404201312(201404201312)
1,934,310
4,202,430
11,423,220
2,091,990
2,278,020

201404201319(201404201319)
1,935,960
4,228,530
11,548,890
2,092,560
2,282,700

201404201320(201404201320)
1,935,960
4,228,530
11,548,890
2,092,560
2,282,700

201404201321(201404201321)
1,935,960
4,231,350
11,548,890
2,092,560
2,282,700

201404201322(201404201322)
1,935,960
4,231,350
11,548,890
2,093,430
2,282,700

201404201329(201404201329)
1,935,960
4,236,960
11,573,400
2,093,430
2,284,920

201404201330(201404201330)
1,935,960
4,236,960
11,576,550
2,093,430
2,284,920

201404201331(201404201331)
1,935,960
4,236,960
11,577,000
2,095,020
2,284,920

201404201332(201404201332)
1,935,960
4,236,960
11,577,000
2,095,020
2,284,920

201404201339(201404201339)
1,935,960
4,239,690
11,590,020
2,095,020
2,284,920

201404201340(201404201340)
1,940,340
4,239,690
11,590,020
2,095,020
2,284,920

201404201341(201404201341)
1,940,340
4,239,690
11,590,020
2,095,020
2,284,920

201404201342(201404201342)
1,940,340
4,239,690
11,590,020
2,095,020
2,284,920

201404201349(201404201349)
1,940,760
4,239,690
11,590,020
2,097,420
2,288,550

201404201350(201404201350)
1,940,760
4,239,690
11,590,020
2,097,420
2,288,550

201404201351(201404201351)
1,940,760
4,239,690
11,590,020
2,098,230
2,288,550

201404201352(201404201352)
1,940,760
4,239,690
11,590,020
2,098,230
2,288,550

201404201359(201404201359)
1,947,720
4,243,980
11,590,020
2,098,230
2,299,170

201404201400(201404201400)
1,947,720
4,243,980
11,590,020
2,098,230
2,299,170

201404201401(201404201401)
1,947,720
4,251,060
11,590,020
2,099,100
2,299,170

201404201402(201404201402)
1,947,720
4,251,060
11,590,020
2,099,100
2,301,420

201404201409(201404201409)
1,953,360
4,251,060
11,590,020
2,099,790
2,301,420

201404201410(201404201410)
1,953,360
4,252,800
11,590,020
2,099,790
2,301,420

201404201411(201404201411)
1,953,360
4,254,330
11,590,020
2,099,790
2,301,420

201404201412(201404201412)
1,954,110
4,254,330
11,590,020
2,099,790
2,301,420

201404201419(201404201419)
1,955,250
4,258,140
11,592,930
2,103,360
2,304,150

201404201420(201404201420)
1,955,250
4,258,140
11,592,930
2,103,360
2,304,150

201404201421(201404201421)
1,955,250
4,258,140
11,592,930
2,108,070
2,306,700

201404201422(201404201422)
1,955,250
4,258,140
11,592,930
2,108,070
2,312,010

201404201429(201404201429)
1,956,000
4,261,320
11,592,930
2,115,270
2,315,370

201404201430(201404201430)
1,956,000
4,261,320
11,592,930
2,115,270
2,315,370

201404201431(201404201431)
1,956,000
4,261,320
11,592,930
2,115,270
2,315,370

201404201432(201404201432)
1,956,000
4,261,320
11,592,930
2,115,270
2,315,370

201404201439(201404201439)
1,956,000
4,269,240
11,592,930
2,115,270
2,318,700

201404201440(201404201440)
1,956,000
4,269,240
11,592,930
2,115,270
2,318,700

201404201441(201404201441)
1,956,000
4,269,240
11,592,930
2,115,270
2,318,700

201404201442(201404201442)
1,956,000
4,269,240
11,592,930
2,115,270
2,318,700

201404201449(201404201449)
1,966,320
4,269,240
11,624,370
2,118,390
2,318,700

201404201450(201404201450)
1,966,320
4,269,240
11,624,370
2,123,070
2,318,700

201404201451(201404201451)
1,966,320
4,269,240
11,624,370
2,123,070
2,318,700

201404201452(201404201452)
1,966,320
4,282,740
11,624,370
2,123,070
2,318,700

201404201459(201404201459)
1,969,050
4,291,560
11,646,720
2,123,070
2,321,640

201404201500(201404201500)
1,969,050
4,291,560
11,646,720
2,124,210
2,321,640

201404201501(201404201501)
1,969,050
4,291,560
11,646,720
2,124,210
2,321,640

201404201502(201404201502)
1,969,050
4,291,560
11,646,720
2,124,210
2,321,640

201404201509(201404201509)
1,971,180
4,291,650
11,646,720
2,125,230
2,329,080

201404201510(201404201510)
1,971,450
4,291,650
11,646,720
2,125,230
2,329,080

201404201511(201404201511)
1,971,450
4,291,650
11,646,720
2,127,240
2,331,210

201404201512(201404201512)
1,973,250
4,291,650
11,646,720
2,127,240
2,331,210

201404201519(201404201519)
1,978,710
4,291,650
11,646,720
2,129,400
2,331,930

201404201520(201404201520)
1,978,710
4,291,650
11,646,720
2,129,430
2,331,930

201404201521(201404201521)
1,978,710
4,291,650
11,646,720
2,129,430
2,331,930

201404201522(201404201522)
1,978,710
4,291,650
11,646,720
2,129,430
2,331,930

201404201529(201404201529)
1,983,450
4,295,250
11,780,190
2,136,270
2,332,500

201404201530(201404201530)
1,983,450
4,295,250
11,780,190
2,136,270
2,332,500

201404201531(201404201531)
1,983,450
4,295,250
11,780,190
2,137,920
2,332,500

201404201532(201404201532)
1,983,450
4,295,250
11,780,190
2,137,920
2,336,550

201404201539(201404201539)
1,983,450
4,295,250
11,780,190
2,141,850
2,337,540

201404201540(201404201540)
1,983,450
4,298,460
11,780,190
2,141,850
2,337,540

201404201541(201404201541)
1,983,450
4,298,460
11,780,190
2,141,850
2,339,580

201404201542(201404201542)
1,983,450
4,298,460
11,780,190
2,141,850
2,339,580

201404201549(201404201549)
1,985,190
4,300,770
11,780,190
2,145,180
2,342,250

201404201550(201404201550)
1,985,640
4,307,490
11,780,190
2,145,180
2,342,250

201404201551(201404201551)
1,990,500
4,319,970
11,780,190
2,145,180
2,342,250

201404201552(201404201552)
1,992,240
4,319,970
11,780,190
2,145,180
2,342,250

201404201559(201404201559)
1,994,790
4,319,970
11,823,780
2,147,010
2,348,550

201404201600(201404201600)
1,994,790
4,319,970
11,846,640
2,149,350
2,349,900

201404201601(201404201601)
1,994,790
4,319,970
11,846,640
2,149,350
2,349,900

201404201602(201404201602)
1,994,790
4,319,970
11,846,640
2,153,550
2,349,900

201404201609(201404201609)
1,994,790
4,319,970
11,846,640
2,153,550
2,349,900

201404201610(201404201610)
1,994,790
4,319,970
11,846,640
2,153,550
2,349,900

201404201611(201404201611)
1,994,790
4,319,970
11,846,640
2,153,550
2,351,820

201404201612(201404201612)
1,994,790
4,319,970
11,846,640
2,153,550
2,351,820

201404201619(201404201619)
2,000,130
4,319,970
11,846,640
2,153,550
2,354,520

201404201620(201404201620)
2,000,130
4,319,970
11,846,640
2,153,550
2,354,520

201404201621(201404201621)
2,000,130
4,319,970
11,846,640
2,153,550
2,354,520

201404201622(201404201622)
2,002,050
4,319,970
11,846,640
2,153,550
2,354,520

201404201629(201404201629)
2,003,790
4,328,190
11,846,640
2,156,940
2,358,840

201404201630(201404201630)
2,004,780
4,328,190
11,846,640
2,158,410
2,359,680

201404201631(201404201631)
2,004,780
4,328,190
11,846,640
2,158,410
2,359,680

201404201632(201404201632)
2,006,970
4,328,190
11,846,640
2,158,410
2,359,680

201404201639(201404201639)
2,010,900
4,333,020
11,846,640
2,158,410
2,359,830

201404201640(201404201640)
2,010,900
4,333,020
11,846,640
2,165,880
2,359,830

201404201641(201404201641)
2,010,900
4,333,020
11,846,640
2,165,880
2,359,830

201404201642(201404201642)
2,010,900
4,333,020
11,846,640
2,165,880
2,361,240

201404201649(201404201649)
2,016,420
4,333,290
11,846,640
2,171,280
2,367,720

201404201650(201404201650)
2,016,840
4,333,290
11,846,640
2,171,280
2,367,720

201404201651(201404201651)
2,016,840
4,333,290
11,846,640
2,171,280
2,367,720

201404201652(201404201652)
2,016,840
4,333,290
11,846,640
2,171,280
2,367,720

201404201659(201404201659)
2,017,770
4,339,650
11,846,640
2,174,190
2,369,820

201404201700(201404201700)
2,017,770
4,339,650
11,847,390
2,174,190
2,369,820

201404201701(201404201701)
2,017,770
4,339,650
11,848,740
2,174,190
2,369,820

201404201702(201404201702)
2,017,770
4,339,650
11,890,830
2,174,190
2,369,820

201404201709(201404201709)
2,019,750
4,339,650
11,890,830
2,176,140
2,369,820

201404201710(201404201710)
2,019,750
4,339,650
11,894,880
2,187,060
2,371,290

201404201711(201404201711)
2,019,750
4,339,650
11,894,880
2,187,060
2,371,290

201404201712(201404201712)
2,019,750
4,339,650
11,894,880
2,187,060
2,371,290

201404201719(201404201719)
2,023,350
4,339,650
11,899,680
2,187,060
2,371,290

201404201720(201404201720)
2,023,350
4,343,160
11,902,230
2,187,060
2,371,290

201404201721(201404201721)
2,023,350
4,343,160
11,902,230
2,187,060
2,371,290

201404201722(201404201722)
2,023,350
4,343,160
11,902,230
2,187,060
2,371,290

201404201729(201404201729)
2,032,020
4,343,160
11,902,230
2,189,010
2,375,370

201404201730(201404201730)
2,032,020
4,343,160
11,902,230
2,189,010
2,375,700

201404201731(201404201731)
2,032,020
4,343,160
11,902,230
2,189,010
2,375,700

201404201732(201404201732)
2,032,020
4,343,160
11,902,230
2,189,010
2,375,700

201404201739(201404201739)
2,034,270
4,348,560
11,902,230
2,192,160
2,376,240

201404201740(201404201740)
2,034,270
4,366,110
11,902,230
2,192,160
2,376,240

201404201741(201404201741)
2,034,270
4,366,110
11,902,230
2,192,160
2,376,240

201404201742(201404201742)
2,036,100
4,366,110
11,902,530
2,192,160
2,377,860

201404201749(201404201749)
2,039,220
4,366,110
11,917,380
2,201,400
2,377,860

201404201750(201404201750)
2,039,250
4,366,110
12,030,150
2,201,400
2,380,170

201404201751(201404201751)
2,039,250
4,366,110
12,030,150
2,201,400
2,380,170

201404201752(201404201752)
2,039,250
4,366,110
12,030,150
2,201,400
2,380,170

201404201759(201404201759)
2,039,970
4,366,110
12,030,150
2,201,580
2,380,470

201404201800(201404201800)
2,039,970
4,366,110
12,030,150
2,201,580
2,381,640

201404201801(201404201801)
2,039,970
4,366,110
12,030,150
2,201,580
2,381,640

201404201802(201404201802)
2,039,970
4,366,110
12,030,150
2,201,850
2,381,640

201404201809(201404201809)
2,048,070
4,366,110
12,030,150
2,201,850
2,382,630

201404201810(201404201810)
2,048,070
4,366,110
12,030,150
2,201,850
2,382,630

201404201811(201404201811)
2,048,070
4,366,110
12,030,150
2,201,850
2,382,630

201404201812(201404201812)
2,048,070
4,366,110
12,030,150
2,203,170
2,382,990

201404201819(201404201819)
2,049,570
4,366,110
12,030,150
2,207,700
2,383,980

201404201820(201404201820)
2,049,570
4,366,110
12,030,150
2,209,290
2,386,890

201404201821(201404201821)
2,049,570
4,366,110
12,030,150
2,209,290
2,390,220

201404201822(201404201822)
2,049,570
4,366,110
12,030,150
2,209,290
2,390,220

201404201829(201404201829)
2,051,670
4,391,700
12,030,150
2,209,290
2,390,730

201404201830(201404201830)
2,058,000
4,391,700
12,030,150
2,209,290
2,390,730

201404201831(201404201831)
2,058,000
4,391,700
12,030,150
2,209,290
2,390,730

201404201832(201404201832)
2,058,000
4,391,700
12,030,150
2,209,290
2,390,730

201404201839(201404201839)
2,058,000
4,399,830
12,030,150
2,209,290
2,393,730

201404201840(201404201840)
2,058,600
4,399,830
12,030,150
2,209,290
2,393,730

201404201841(201404201841)
2,058,600
4,402,200
12,030,150
2,209,290
2,393,730

201404201842(201404201842)
2,058,600
4,402,200
12,030,150
2,209,290
2,393,730

201404201849(201404201849)
2,061,450
4,402,200
12,030,150
2,210,910
2,397,840

201404201850(201404201850)
2,061,450
4,402,200
12,030,150
2,210,910
2,397,840

201404201851(201404201851)
2,061,450
4,402,200
12,030,150
2,210,910
2,397,840

201404201852(201404201852)
2,061,450
4,402,200
12,030,150
2,210,910
2,397,840

201404201859(201404201859)
2,061,480
4,436,910
12,030,150
2,218,260
2,400,030

201404201900(201404201900)
2,061,480
4,436,910
12,030,150
2,218,260
2,400,030

201404201901(201404201901)
2,061,480
4,436,910
12,030,150
2,218,260
2,400,030

201404201902(201404201902)
2,061,480
4,436,910
12,030,150
2,218,260
2,404,230

201404201909(201404201909)
2,062,410
4,440,390
12,030,150
2,218,260
2,409,270

201404201910(201404201910)
2,063,580
4,440,390
12,030,150
2,218,260
2,409,270

201404201911(201404201911)
2,063,580
4,440,390
12,030,150
2,219,100
2,409,270

201404201912(201404201912)
2,067,060
4,440,390
12,030,150
2,219,100
2,409,270

201404201919(201404201919)
2,067,060
4,440,390
12,030,150
2,224,860
2,410,380

201404201920(201404201920)
2,069,190
4,450,320
12,030,150
2,224,860
2,410,380

201404201921(201404201921)
2,069,190
4,450,320
12,030,150
2,224,860
2,410,380

201404201922(201404201922)
2,069,190
4,450,320
12,030,150
2,224,860
2,410,380

201404201929(201404201929)
2,070,480
4,450,320
12,030,150
2,228,520
2,411,430

201404201930(201404201930)
2,070,480
4,450,890
12,030,150
2,228,520
2,411,430

201404201931(201404201931)
2,070,480
4,450,890
12,030,150
2,228,520
2,411,430

201404201932(201404201932)
2,071,560
4,452,900
12,030,150
2,228,520
2,413,920

201404201939(201404201939)
2,071,560
4,454,100
12,030,150
2,232,300
2,425,740

201404201940(201404201940)
2,071,560
4,454,100
12,030,150
2,232,300
2,428,050

201404201941(201404201941)
2,072,010
4,454,100
12,030,150
2,232,300
2,428,050

201404201942(201404201942)
2,072,010
4,454,100
12,030,150
2,232,300
2,428,860

201404201949(201404201949)
2,075,280
4,454,160
12,049,050
2,233,680
2,431,680

201404201950(201404201950)
2,075,280
4,454,160
12,115,290
2,233,680
2,431,680

201404201951(201404201951)
2,075,280
4,487,010
12,115,290
2,233,680
2,431,680

201404201952(201404201952)
2,075,280
4,487,010
12,115,290
2,233,680
2,431,680

201404201959(201404201959)
2,075,430
4,491,120
12,115,290
2,237,880
2,434,080

201404202000(201404202000)
2,075,430
4,491,120
12,115,290
2,237,880
2,434,080

201404202001(201404202001)
2,076,270
4,492,290
12,115,290
2,237,880
2,434,080

201404202002(201404202002)
2,076,270
4,492,290
12,115,290
2,237,880
2,434,080

201404202009(201404202009)
2,076,480
4,492,290
12,115,290
2,237,880
2,435,250

201404202010(201404202010)
2,076,480
4,496,070
12,115,290
2,237,880
2,435,250

201404202011(201404202011)
2,076,480
4,496,070
12,115,290
2,237,880
2,435,250

201404202012(201404202012)
2,076,480
4,496,070
12,115,290
2,237,880
2,435,250

201404202019(201404202019)
2,080,590
4,512,390
12,115,290
2,237,880
2,437,920

201404202020(201404202020)
2,080,590
4,512,390
12,115,290
2,237,880
2,437,920

201404202021(201404202021)
2,082,960
4,512,390
12,115,290
2,237,880
2,437,920

201404202022(201404202022)
2,082,960
4,512,390
12,115,290
2,237,880
2,443,950

201404202029(201404202029)
2,084,340
4,514,460
12,115,290
2,243,670
2,451,930

201404202030(201404202030)
2,084,340
4,514,460
12,115,290
2,245,320
2,458,110

201404202031(201404202031)
2,085,090
4,514,460
12,115,290
2,245,320
2,458,110

201404202032(201404202032)
2,085,090
4,514,460
12,115,290
2,247,420
2,458,110

201404202039(201404202039)
2,085,090
4,514,460
12,115,290
2,248,170
2,459,730

201404202040(201404202040)
2,085,090
4,514,460
12,115,290
2,248,170
2,459,730

201404202041(201404202041)
2,085,090
4,514,460
12,115,290
2,250,870
2,459,730

201404202042(201404202042)
2,085,090
4,514,460
12,115,290
2,250,870
2,459,730

201404202049(201404202049)
2,085,090
4,520,100
12,205,260
2,251,560
2,461,770

201404202050(201404202050)
2,085,090
4,520,100
12,216,240
2,251,560
2,461,770

201404202051(201404202051)
2,085,090
4,530,120
12,216,240
2,251,560
2,461,770

201404202052(201404202052)
2,085,090
4,530,120
12,216,240
2,251,560
2,461,950

201404202059(201404202059)
2,086,650
4,532,670
12,216,240
2,258,400
2,474,160

201404202100(201404202100)
2,090,820
4,550,760
12,216,240
2,260,260
2,474,160

201404202101(201404202101)
2,090,820
4,562,970
12,216,240
2,260,260
2,474,160

201404202102(201404202102)
2,090,820
4,562,970
12,216,240
2,263,380
2,474,160

201404202109(201404202109)
2,092,560
4,578,180
12,282,120
2,264,130
2,477,760

201404202110(201404202110)
2,092,560
4,578,180
12,304,260
2,264,130
2,477,760

201404202111(201404202111)
2,092,560
4,578,180
12,304,260
2,264,520
2,478,150

201404202112(201404202112)
2,092,560
4,578,180
12,304,260
2,264,520
2,478,150

201404202119(201404202119)
2,096,010
4,585,260
12,304,260
2,268,540
2,482,020

201404202120(201404202120)
2,096,010
4,585,260
12,334,980
2,268,540
2,482,020

201404202121(201404202121)
2,096,010
4,585,260
12,334,980
2,268,540
2,482,020

201404202122(201404202122)
2,096,010
4,585,260
12,334,980
2,268,540
2,482,020

201404202129(201404202129)
2,102,700
4,585,260
12,334,980
2,277,780
2,494,500

201404202130(201404202130)
2,102,700
4,585,260
12,334,980
2,278,530
2,497,950

201404202131(201404202131)
2,103,360
4,585,260
12,334,980
2,281,440
2,500,140

201404202132(201404202132)
2,103,360
4,585,260
12,356,580
2,281,440
2,500,140

201404202139(201404202139)
2,106,120
4,585,260
12,357,330
2,284,320
2,504,100

201404202140(201404202140)
2,106,120
4,585,260
12,357,330
2,284,320
2,504,100

201404202141(201404202141)
2,106,120
4,585,260
12,357,330
2,284,320
2,506,980

201404202142(201404202142)
2,106,120
4,585,260
12,357,330
2,284,320
2,506,980

201404202149(201404202149)
2,106,330
4,585,260
12,360,120
2,284,320
2,509,320

201404202150(201404202150)
2,106,330
4,585,260
12,360,120
2,284,320
2,509,320

201404202151(201404202151)
2,106,330
4,585,260
12,360,120
2,284,320
2,509,320

201404202152(201404202152)
2,106,330
4,585,260
12,360,120
2,284,320
2,509,320

201404202159(201404202159)
2,107,230
4,586,460
12,398,850
2,284,320
2,519,010

201404202200(201404202200)
2,107,230
4,586,460
12,398,850
2,284,320
2,519,580

201404202201(201404202201)
2,107,230
4,586,460
12,398,850
2,284,320
2,520,330

201404202202(201404202202)
2,107,230
4,586,880
12,398,850
2,284,320
2,521,920

201404202209(201404202209)
2,109,270
4,600,320
12,398,850
2,286,030
2,522,190

201404202210(201404202210)
2,109,270
4,600,320
12,398,850
2,288,820
2,522,190

201404202211(201404202211)
2,111,550
4,600,320
12,398,850
2,288,820
2,522,190

201404202212(201404202212)
2,111,550
4,600,320
12,398,850
2,288,820
2,522,190

201404202219(201404202219)
2,112,600
4,606,740
12,398,850
2,288,820
2,533,260

201404202220(201404202220)
2,112,600
4,611,840
12,398,850
2,288,820
2,533,260

201404202221(201404202221)
2,112,600
4,611,840
12,398,850
2,290,230
2,533,260

201404202222(201404202222)
2,112,600
4,611,840
12,398,850
2,290,230
2,533,770

201404202229(201404202229)
2,118,540
4,617,270
12,398,850
2,296,290
2,533,770

201404202230(201404202230)
2,118,840
4,617,270
12,398,850
2,296,290
2,536,770

201404202231(201404202231)
2,119,770
4,617,270
12,398,850
2,296,290
2,536,770

201404202232(201404202232)
2,119,770
4,624,890
12,398,850
2,302,230
2,542,020

201404202239(201404202239)
2,125,200
4,641,810
12,398,850
2,306,700
2,550,540

201404202240(201404202240)
2,125,200
4,644,420
12,398,850
2,306,700
2,551,680

201404202241(201404202241)
2,125,200
4,650,600
12,398,850
2,314,140
2,551,680

201404202242(201404202242)
2,125,200
4,650,600
12,398,850
2,314,140
2,551,680

201404202249(201404202249)
2,125,200
4,650,600
12,398,850
2,314,140
2,562,360

201404202250(201404202250)
2,125,200
4,650,600
12,398,850
2,314,140
2,562,360

201404202251(201404202251)
2,125,200
4,650,600
12,398,850
2,314,140
2,562,360

201404202252(201404202252)
2,125,230
4,650,600
12,398,850
2,314,140
2,562,360

201404202259(201404202259)
2,129,370
4,675,320
12,398,850
2,317,470
2,565,390

201404202300(201404202300)
2,129,430
4,689,930
12,398,850
2,317,860
2,565,390

201404202301(201404202301)
2,129,430
4,690,680
12,398,850
2,319,450
2,565,390

201404202302(201404202302)
2,129,430
4,690,680
12,398,850
2,319,450
2,567,790

201404202309(201404202309)
2,134,230
4,690,680
12,398,850
2,319,990
2,567,790

201404202310(201404202310)
2,136,660
4,702,710
12,398,850
2,323,380
2,569,860

201404202311(201404202311)
2,137,920
4,702,710
12,398,850
2,323,380
2,569,860

201404202312(201404202312)
2,137,920
4,702,710
12,398,850
2,323,380
2,569,860

201404202319(201404202319)
2,138,280
4,702,710
12,398,850
2,329,260
2,569,860

201404202320(201404202320)
2,138,280
4,702,710
12,398,850
2,329,260
2,570,490

201404202321(201404202321)
2,138,280
4,702,710
12,407,910
2,329,260
2,570,490

201404202322(201404202322)
2,139,660
4,720,350
12,416,610
2,329,260
2,570,490

201404202329(201404202329)
2,140,320
4,724,430
12,439,170
2,332,230
2,582,130

201404202330(201404202330)
2,140,320
4,724,430
12,439,170
2,332,230
2,582,130

201404202331(201404202331)
2,141,160
4,724,430
12,439,170
2,332,230
2,582,130

201404202332(201404202332)
2,141,160
4,724,430
12,439,170
2,332,230
2,582,130

201404202339(201404202339)
2,145,180
4,736,790
12,439,170
2,333,940
2,583,000

201404202340(201404202340)
2,145,180
4,736,790
12,439,170
2,334,900
2,583,000

201404202341(201404202341)
2,145,180
4,736,790
12,439,170
2,334,900
2,583,000

201404202342(201404202342)
2,145,180
4,736,790
12,439,170
2,334,900
2,583,000

201404202349(201404202349)
2,146,590
4,738,950
12,531,780
2,334,900
2,583,000

201404202350(201404202350)
2,146,590
4,743,180
12,531,780
2,334,900
2,583,000

201404202351(201404202351)
2,146,590
4,746,750
12,531,780
2,334,900
2,583,000

201404202352(201404202352)
2,146,590
4,746,750
12,531,780
2,334,900
2,583,000

201404202359(201404202359)
2,151,780
4,746,750
12,531,780
2,335,350
2,583,090

201404210000(201404210000)
2,151,780
4,746,750
12,531,780
2,335,350
2,583,090

201404210001(201404210001)
2,151,780
4,746,750
12,531,780
2,335,350
2,583,090

201404210002(201404210002)
2,151,780
4,746,750
12,531,780
2,335,350
2,595,060

