201404240109(201404240109)
8,790,690
18,670,920
4,499,850
4,984,020

201404240110(201404240110)
4,113,990
8,791,800
18,670,920
4,499,850
4,984,020

201404240111(201404240111)
4,113,990
8,791,800
18,670,920
4,514,400
4,984,020

201404240112(201404240112)
4,113,990
8,791,800
18,670,920
4,514,400
4,984,020

201404240119(201404240119)
4,123,920
8,802,330
18,670,920
4,523,790
5,009,460

201404240120(201404240120)
4,128,450
8,802,330
18,670,920
4,523,790
5,009,460

201404240121(201404240121)
4,128,450
8,802,330
18,670,920
4,523,790
5,009,460

201404240122(201404240122)
4,128,450
8,802,330
18,670,920
4,523,790
5,009,460

201404240129(201404240129)
4,128,450
8,805,210
18,878,760
4,524,420
5,009,460

201404240130(201404240130)
4,128,450
8,805,210
18,878,760
4,524,420
5,009,460

201404240131(201404240131)
4,128,450
8,805,210
18,878,760
4,534,890
5,014,500

201404240132(201404240132)
4,128,450
8,805,210
18,878,760
4,534,890
5,014,500

201404240139(201404240139)
4,140,270
8,805,210
18,878,760
4,534,890
5,019,990

201404240140(201404240140)
4,144,470
8,805,210
18,878,760
4,534,890
5,019,990

201404240141(201404240141)
4,144,470
8,805,210
18,878,760
4,534,890
5,019,990

201404240142(201404240142)
4,144,470
8,805,210
18,878,760
4,534,890
5,019,990

201404240149(201404240149)
4,146,390
8,805,210
18,878,760
4,548,630
5,037,300

201404240150(201404240150)
4,146,390
8,805,210
18,878,760
4,548,630
5,037,300

201404240151(201404240151)
4,155,960
8,805,210
18,878,760
4,548,630
5,037,300

201404240152(201404240152)
4,161,450
8,805,210
18,878,760
4,548,630
5,053,470

201404240159(201404240159)
4,161,450
8,806,830
18,878,760
4,552,800
5,060,220

201404240200(201404240200)
4,161,450
8,806,830
18,878,760
4,552,800
5,060,220

201404240201(201404240201)
4,161,450
8,806,830
18,878,760
4,552,800
5,060,220

201404240202(201404240202)
4,161,450
8,806,830
18,878,760
4,552,800
5,060,220

201404240209(201404240209)
4,162,320
8,822,610
18,878,760
4,566,060
5,065,980

201404240210(201404240210)
4,162,320
8,822,610
18,878,760
4,566,060
5,065,980

201404240211(201404240211)
4,162,320
8,822,610
18,878,760
4,566,060
5,065,980

201404240212(201404240212)
4,162,320
8,822,610
18,878,760
4,566,060
5,065,980

201404240219(201404240219)
4,162,320
8,850,330
18,878,760
4,582,140
5,079,780

201404240220(201404240220)
4,162,320
8,850,330
18,878,760
4,583,460
5,079,780

201404240221(201404240221)
4,162,320
8,850,330
18,878,760
4,583,460
5,079,780

201404240222(201404240222)
4,162,320
8,850,330
18,878,760
4,583,460
5,079,780

201404240229(201404240229)
4,166,940
8,871,210
18,878,760
4,592,430
5,085,150

201404240230(201404240230)
4,166,940
8,871,210
18,878,760
4,592,430
5,100,090

201404240231(201404240231)
4,166,940
8,871,210
18,878,760
4,592,430
5,100,090

201404240232(201404240232)
4,166,940
8,871,210
18,878,760
4,592,430
5,100,090

201404240239(201404240239)
4,168,620
8,871,210
18,878,760
4,598,880
5,107,560

201404240240(201404240240)
4,168,620
8,871,210
18,878,760
4,616,700
5,107,560

201404240241(201404240241)
4,168,620
8,871,210
18,878,760
4,616,700
5,107,560

201404240242(201404240242)
4,168,620
8,871,210
18,878,760
4,616,700
5,107,560

201404240249(201404240249)
4,168,620
8,871,210
18,878,760
4,618,440
5,113,050

201404240250(201404240250)
4,168,620
8,871,210
18,878,760
4,618,440
5,113,050

201404240251(201404240251)
4,169,700
8,871,210
18,878,760
4,618,440
5,113,050

201404240252(201404240252)
4,171,920
8,871,210
18,878,760
4,618,440
5,113,050

201404240259(201404240259)
4,171,920
8,871,210
18,878,760
4,627,200
5,113,050

201404240300(201404240300)
4,171,920
8,871,210
18,878,760
4,627,200
5,113,050

201404240301(201404240301)
4,173,090
8,871,210
18,878,760
4,627,200
5,113,050

201404240302(201404240302)
4,176,780
8,871,210
18,878,760
4,627,200
5,116,740

201404240309(201404240309)
4,179,060
8,881,500
18,878,760
4,632,360
5,123,550

201404240310(201404240310)
4,179,060
8,881,500
18,878,760
4,632,360
5,123,550

201404240311(201404240311)
4,181,490
8,881,500
18,878,760
4,632,360
5,133,120

201404240312(201404240312)
4,181,490
8,881,500
18,878,760
4,632,990
5,133,120

201404240319(201404240319)
4,181,490
8,891,790
18,878,760
4,632,990
5,136,570

201404240320(201404240320)
4,181,490
8,891,790
18,878,760
4,632,990
5,136,570

201404240321(201404240321)
4,181,490
8,891,790
18,878,760
4,632,990
5,136,570

201404240322(201404240322)
4,181,490
8,891,790
18,878,760
4,632,990
5,136,570

201404240329(201404240329)
4,181,910
8,929,530
18,878,760
4,632,990
5,137,200

201404240330(201404240330)
4,181,910
8,929,530
18,878,760
4,632,990
5,137,200

201404240331(201404240331)
4,181,910
8,929,530
18,878,760
4,632,990
5,137,200

201404240332(201404240332)
4,181,910
8,929,530
18,878,760
4,632,990
5,137,200

201404240339(201404240339)
4,181,910
8,929,530
18,878,760
4,632,990
5,137,200

201404240340(201404240340)
4,181,910
8,929,530
18,878,760
4,632,990
5,137,200

201404240341(201404240341)
4,181,910
8,929,530
18,878,760
4,632,990
5,137,200

201404240342(201404240342)
4,181,910
8,929,530
18,878,760
4,632,990
5,137,200

201404240349(201404240349)
4,181,910
8,943,510
18,878,760
4,635,990
5,137,200

201404240350(201404240350)
4,181,910
8,943,510
18,878,760
4,649,760
5,137,200

201404240351(201404240351)
4,181,910
8,943,510
18,878,760
4,649,760
5,137,200

201404240352(201404240352)
4,181,910
8,943,510
18,878,760
4,649,760
5,137,200

201404240359(201404240359)
4,182,660
8,943,510
18,878,760
4,652,250
5,137,200

201404240400(201404240400)
4,182,660
8,943,510
18,878,760
4,652,250
5,137,200

201404240401(201404240401)
4,182,660
8,945,070
18,878,760
4,652,250
5,137,200

201404240402(201404240402)
4,182,660
8,947,740
18,878,760
4,652,250
5,137,200

201404240409(201404240409)
4,184,790
8,947,740
18,878,760
4,652,250
5,137,200

201404240410(201404240410)
4,184,790
8,947,740
18,878,760
4,652,250
5,137,200

201404240411(201404240411)
4,184,790
8,947,740
18,878,760
4,652,250
5,137,200

201404240412(201404240412)
4,185,390
8,947,740
18,878,760
4,652,250
5,137,200

201404240419(201404240419)
4,185,390
8,953,800
18,878,760
4,652,250
5,137,200

201404240420(201404240420)
4,185,390
8,955,570
18,878,760
4,654,950
5,137,200

201404240421(201404240421)
4,185,390
8,955,570
18,878,760
4,654,950
5,137,200

201404240422(201404240422)
4,191,840
8,955,570
18,878,760
4,654,950
5,137,200

201404240429(201404240429)
8,955,570
18,878,760
4,654,950
5,137,200

201404240430(201404240430)
4,206,210
8,971,500
18,878,760
4,654,950
5,137,200

201404240431(201404240431)
4,206,210
8,971,500
18,878,760
4,654,950
5,137,200

201404240432(201404240432)
4,206,210
8,971,500
18,878,760
4,654,950
5,137,200

201404240439(201404240439)
4,210,410
8,971,500
18,979,140
4,657,410
5,151,210

201404240440(201404240440)
4,210,410
8,971,500
18,979,140
4,657,410
5,151,210

201404240441(201404240441)
4,210,410
8,971,500
18,979,140
4,657,410
5,151,210

201404240442(201404240442)
4,210,410
8,971,500
18,979,140
4,657,410
5,170,500

201404240449(201404240449)
4,210,410
8,971,500
18,979,140
4,657,410
5,170,500

201404240450(201404240450)
4,210,410
8,976,180
18,979,140
4,657,410
5,170,500

201404240451(201404240451)
4,210,410
8,976,180
18,979,140
4,657,410
5,170,500

201404240452(201404240452)
4,210,410
8,976,180
18,979,140
4,657,410
5,170,500

201404240459(201404240459)
4,210,410
8,976,180
18,979,140
4,657,410
5,170,500

201404240500(201404240500)
4,210,410
8,978,520
18,979,140
4,657,410
5,170,500

201404240501(201404240501)
4,210,410
8,978,520
18,979,140
4,657,410
5,170,500

201404240502(201404240502)
4,210,410
8,978,520
18,979,140
4,657,410
5,170,500

201404240509(201404240509)
4,224,660
8,978,520
18,979,140
4,657,410
5,175,300

201404240510(201404240510)
4,224,660
8,978,520
18,979,140
4,657,410
5,175,300

201404240511(201404240511)
4,224,660
8,978,520
18,979,140
4,657,410
5,175,300

201404240512(201404240512)
4,224,660
8,978,520
18,979,140
4,657,410
5,175,300

201404240519(201404240519)
4,224,660
8,978,520
18,979,140
4,666,560
5,194,290

201404240520(201404240520)
4,224,660
8,978,520
18,979,140
4,666,560
5,194,290

201404240521(201404240521)
4,224,660
8,978,520
18,979,140
4,666,560
5,194,290

201404240522(201404240522)
4,224,660
8,978,520
18,979,140
4,667,700
5,194,290

201404240529(201404240529)
4,224,660
8,978,520
18,979,140
4,667,700
5,194,290

201404240530(201404240530)
4,224,660
8,978,520
18,979,140
4,667,700
5,195,190

201404240531(201404240531)
4,224,660
8,978,520
18,979,140
4,667,700
5,195,190

201404240532(201404240532)
4,224,660
8,978,520
18,979,140
4,667,700
5,195,190

201404240539(201404240539)
4,224,660
9,012,270
18,979,140
4,667,700
5,195,190

201404240540(201404240540)
4,224,660
9,012,270
18,979,140
4,667,700
5,195,190

201404240541(201404240541)
4,224,660
9,012,270
18,979,140
4,667,700
5,195,190

201404240542(201404240542)
4,224,660
9,012,270
18,979,140
4,667,700
5,195,190

201404240549(201404240549)
4,224,660
9,019,800
18,979,140
4,667,700
5,201,550

201404240550(201404240550)
4,224,660
9,019,800
18,979,140
4,667,700
5,201,550

201404240551(201404240551)
4,224,660
9,019,800
18,979,140
4,667,700
5,201,550

201404240552(201404240552)
4,224,660
9,019,800
18,979,140
4,667,700
5,201,550

201404240559(201404240559)
4,226,400
9,019,800
18,979,140
4,667,700
5,203,710

201404240600(201404240600)
4,226,610
9,019,800
18,979,140
4,667,700
5,203,710

201404240601(201404240601)
4,226,610
9,028,830
18,979,140
4,678,110
5,203,710

201404240602(201404240602)
4,226,610
9,033,630
18,979,140
4,678,110
5,203,710

201404240609(201404240609)
4,226,610
9,040,830
18,979,140
4,678,110
5,204,430

201404240610(201404240610)
4,226,610
9,040,830
18,979,140
4,681,230
5,204,430

201404240611(201404240611)
4,226,610
9,040,830
18,979,140
4,681,230
5,204,430

201404240612(201404240612)
4,242,900
9,040,830
18,979,140
4,681,230
5,208,600

201404240619(201404240619)
4,242,900
9,040,830
18,979,140
4,681,230
5,208,600

201404240620(201404240620)
4,242,900
9,040,830
18,979,140
4,681,230
5,208,600

201404240621(201404240621)
4,242,900
9,040,830
18,979,140
4,681,230
5,209,110

201404240622(201404240622)
4,242,900
9,040,830
18,979,140
4,681,230
5,215,800

201404240629(201404240629)
4,242,900
9,040,830
18,979,140
4,681,230
5,215,800

201404240630(201404240630)
4,242,900
9,040,830
18,979,140
4,681,230
5,215,800

201404240631(201404240631)
4,242,900
9,040,830
18,979,140
4,681,230
5,230,290

201404240632(201404240632)
4,242,900
9,040,830
18,979,140
4,681,230
5,230,290

201404240639(201404240639)
4,242,900
9,040,830
18,979,140
4,687,230
5,233,470

201404240640(201404240640)
4,242,900
9,040,830
18,979,140
4,687,230
5,233,470

201404240641(201404240641)
4,242,900
9,040,830
18,979,140
4,687,230
5,243,460

201404240642(201404240642)
4,242,900
9,040,830
18,979,140
4,687,230
5,243,460

201404240649(201404240649)
4,242,900
9,040,830
18,979,140
4,687,230
5,247,510

201404240650(201404240650)
4,242,900
9,040,830
18,979,140
4,687,230
5,247,510

201404240651(201404240651)
4,242,900
9,040,830
18,979,140
4,687,230
5,247,510

201404240652(201404240652)
4,242,900
9,040,830
18,979,140
4,687,230
5,247,510

201404240659(201404240659)
4,245,240
9,072,780
18,979,140
4,687,230
5,247,510

201404240700(201404240700)
4,245,240
9,077,010
18,979,140
4,687,230
5,247,510

201404240701(201404240701)
4,249,590
9,077,010
18,979,140
4,690,830
5,247,510

201404240702(201404240702)
4,249,590
9,077,010
18,979,140
4,690,830
5,247,510

201404240709(201404240709)
4,249,830
9,092,250
18,979,140
4,690,830
5,248,050

201404240710(201404240710)
4,249,830
9,117,180
18,979,140
4,690,830
5,248,050

201404240711(201404240711)
4,249,830
9,117,180
18,979,140
4,690,830
5,248,200

201404240712(201404240712)
4,249,830
9,117,180
18,979,140
4,690,830
5,251,920

201404240719(201404240719)
4,253,520
9,144,570
18,979,140
4,690,830
5,276,940

201404240720(201404240720)
4,253,520
9,146,820
18,979,140
4,690,830
5,282,790

201404240721(201404240721)
4,253,520
9,150,120
18,979,140
4,690,830
5,282,790

201404240722(201404240722)
4,253,520
9,150,120
18,979,140
4,707,750
5,282,790

201404240729(201404240729)
4,253,520
9,150,120
18,979,140
4,707,750
5,282,790

201404240730(201404240730)
4,253,520
9,150,120
18,979,140
4,707,750
5,282,790

201404240731(201404240731)
4,253,520
9,150,120
18,979,140
4,707,750
5,282,790

201404240732(201404240732)
4,253,550
9,150,120
18,979,140
4,707,750
5,287,860

201404240739(201404240739)
4,253,550
9,150,120
18,979,140
4,711,530
5,287,860

201404240740(201404240740)
4,253,550
9,150,120
18,979,140
4,711,530
5,287,860

201404240741(201404240741)
4,253,550
9,150,120
18,979,140
4,711,530
5,287,860

201404240742(201404240742)
4,259,370
9,150,120
18,979,140
4,711,530
5,287,860

201404240749(201404240749)
4,259,370
9,153,840
18,979,140
4,726,110
5,295,210

201404240750(201404240750)
4,259,370
9,153,840
18,979,140
4,726,110
5,295,210

201404240751(201404240751)
4,259,370
9,153,840
18,979,140
4,726,110
5,295,210

201404240752(201404240752)
4,259,370
9,153,840
18,979,140
4,726,110
5,295,210

201404240759(201404240759)
4,259,370
9,153,840
18,979,140
4,727,580
5,298,930

201404240800(201404240800)
4,259,370
9,153,840
18,979,140
4,727,580
5,298,930

201404240801(201404240801)
4,259,370
9,153,840
18,979,140
4,727,580
5,298,930

201404240802(201404240802)
4,265,130
9,153,840
18,979,140
4,727,580
5,298,930

201404240809(201404240809)
4,265,340
9,163,290
18,979,140
4,727,670
5,298,930

201404240810(201404240810)
4,265,340
9,163,290
18,979,140
4,727,820
5,299,230

201404240811(201404240811)
4,265,340
9,163,290
18,979,140
4,727,820
5,299,230

201404240812(201404240812)
4,265,340
9,163,290
18,979,140
4,727,820
5,299,230

201404240819(201404240819)
4,275,150
9,163,290
18,979,140
4,728,150
5,299,230

201404240820(201404240820)
4,275,150
9,163,290
18,979,140
4,728,150
5,299,230

201404240821(201404240821)
4,275,150
9,163,290
18,979,140
4,728,150
5,299,230

201404240822(201404240822)
4,275,150
9,163,290
18,979,140
4,730,820
5,299,230

201404240829(201404240829)
4,275,150
9,170,520
18,979,140
4,730,820
5,302,920

201404240830(201404240830)
4,275,150
9,170,520
18,979,140
4,730,820
5,302,920

201404240831(201404240831)
4,275,150
9,175,230
18,979,140
4,730,820
5,302,920

201404240832(201404240832)
4,275,150
9,175,230
18,979,140
4,730,820
5,302,920

201404240839(201404240839)
4,278,870
9,201,630
18,979,140
4,731,810
5,302,920

201404240840(201404240840)
4,278,870
9,201,630
18,979,140
4,731,810
5,302,920

201404240841(201404240841)
4,278,870
9,201,630
18,979,140
4,731,810
5,302,920

201404240842(201404240842)
4,278,870
9,201,630
18,979,140
4,732,500
5,302,920

201404240849(201404240849)
4,281,030
9,201,630
18,979,140
4,734,300
5,302,920

201404240850(201404240850)
4,281,030
9,201,630
18,980,160
4,734,300
5,304,420

201404240851(201404240851)
4,281,030
9,201,630
19,206,960
4,734,300
5,313,060

201404240852(201404240852)
4,281,030
9,201,630
19,215,060
4,734,300
5,313,060

201404240859(201404240859)
4,283,820
9,201,630
19,307,820
4,734,300
5,319,810

201404240900(201404240900)
4,283,820
9,201,630
19,307,820
4,734,300
5,319,810

201404240901(201404240901)
4,283,820
9,201,630
19,307,820
4,734,300
5,319,810

201404240902(201404240902)
4,283,820
9,214,020
19,307,820
4,734,300
5,319,810

201404240909(201404240909)
4,285,440
9,214,020
19,307,820
4,734,900
5,321,700

201404240910(201404240910)
4,285,440
9,214,020
19,307,820
4,734,900
5,321,700

201404240911(201404240911)
4,285,440
9,214,020
19,307,820
4,734,900
5,321,700

201404240912(201404240912)
4,285,440
9,214,020
19,307,820
4,734,900
5,321,700

201404240919(201404240919)
4,285,440
9,214,020
19,307,820
4,734,900
5,321,700

201404240920(201404240920)
4,285,440
9,221,670
19,307,820
4,734,900
5,321,700

201404240921(201404240921)
4,285,440
9,221,670
19,307,820
4,734,900
5,321,700

201404240922(201404240922)
4,285,440
9,221,670
19,307,820
4,734,900
5,321,700

201404240929(201404240929)
4,285,440
9,234,330
19,307,820
4,739,040
5,321,700

201404240930(201404240930)
4,285,440
9,234,330
19,307,820
4,739,700
5,321,700

201404240931(201404240931)
4,285,440
9,234,330
19,307,820
4,739,700
5,321,700

201404240932(201404240932)
4,285,440
9,234,330
19,307,820
4,739,700
5,321,700

201404240939(201404240939)
4,285,440
9,234,330
19,333,020
4,748,520
5,321,700

201404240940(201404240940)
4,285,440
9,234,330
19,414,410
4,748,520
5,327,940

201404240941(201404240941)
4,285,440
9,241,590
19,414,410
4,748,520
5,329,200

201404240942(201404240942)
4,285,440
9,241,590
19,414,410
4,748,520
5,329,200

201404240949(201404240949)
4,285,440
9,241,590
19,414,410
4,748,520
5,329,200

201404240950(201404240950)
4,285,440
9,241,590
19,414,410
4,748,520
5,329,200

201404240951(201404240951)
4,285,440
9,241,590
19,414,410
4,748,520
5,329,200

201404240952(201404240952)
4,285,440
9,241,590
19,414,410
4,748,520
5,329,200

201404240959(201404240959)
4,295,010
9,241,590
19,414,410
4,748,520
5,329,200

201404241000(201404241000)
4,295,010
9,241,590
19,414,410
4,748,520
5,329,200

201404241001(201404241001)
4,295,010
9,241,590
19,414,410
4,748,520
5,329,200

201404241002(201404241002)
4,295,010
9,265,020
19,414,410
4,748,520
5,329,200

201404241009(201404241009)
4,295,010
9,265,020
19,414,410
4,748,520
5,353,260

201404241010(201404241010)
4,295,010
9,265,020
19,414,410
4,748,640
5,361,450

201404241011(201404241011)
4,295,010
9,265,020
19,414,410
4,749,150
5,361,450

201404241012(201404241012)
4,295,010
9,265,020
19,414,410
4,749,150
5,361,450

201404241019(201404241019)
4,300,320
9,268,320
19,414,410
4,755,390
5,361,450

201404241020(201404241020)
4,300,320
9,268,320
19,414,410
4,755,390
5,361,450

201404241021(201404241021)
4,300,320
9,268,320
19,414,410
4,755,390
5,361,450

201404241022(201404241022)
4,300,320
9,268,320
19,414,410
4,755,390
5,361,450

201404241029(201404241029)
4,300,320
9,268,320
19,414,410
4,755,390
5,362,230

201404241030(201404241030)
4,301,070
9,268,320
19,414,410
4,755,390
5,362,230

201404241031(201404241031)
4,302,570
9,270,570
19,414,410
4,755,390
5,362,230

201404241032(201404241032)
4,304,640
9,270,570
19,414,410
4,755,390
5,362,230

201404241039(201404241039)
4,304,640
9,270,570
19,414,410
4,756,020
5,367,540

201404241040(201404241040)
4,304,640
9,270,570
19,414,410
4,756,020
5,367,540

201404241041(201404241041)
4,304,640
9,270,570
19,414,410
4,756,020
5,367,540

201404241042(201404241042)
4,304,640
9,270,570
19,414,410
4,756,020
5,367,540

201404241049(201404241049)
4,310,280
9,270,570
19,414,410
4,756,020
5,367,540

201404241050(201404241050)
4,310,280
9,270,570
19,414,410
4,756,020
5,367,540

201404241051(201404241051)
4,310,280
9,290,220
19,414,410
4,756,020
5,367,540

201404241052(201404241052)
4,310,280
9,290,220
19,414,410
4,756,020
5,367,540

201404241059(201404241059)
4,310,280
9,295,860
19,414,410
4,756,020
5,369,160

201404241100(201404241100)
4,310,280
9,295,860
19,414,410
4,756,020
5,369,160

201404241101(201404241101)
4,316,880
9,295,860
19,414,410
4,756,020
5,370,510

201404241102(201404241102)
4,316,880
9,295,860
19,414,410
4,759,680
5,370,510

201404241109(201404241109)
4,316,880
9,295,860
19,414,410
4,759,680
5,375,760

201404241110(201404241110)
4,316,880
9,295,860
19,414,410
4,759,680
5,375,760

201404241111(201404241111)
4,316,880
9,295,860
19,414,410
4,759,680
5,375,760

201404241112(201404241112)
4,316,880
9,295,860
19,414,410
4,759,680
5,375,760

201404241119(201404241119)
4,321,530
9,295,860
19,414,410
4,759,680
5,377,770

201404241120(201404241120)
4,321,530
9,295,860
19,414,410
4,759,680
5,377,770

201404241121(201404241121)
4,321,530
9,295,860
19,414,410
4,759,680
5,379,270

201404241122(201404241122)
4,321,530
9,295,860
19,414,410
4,759,680
5,379,270

201404241129(201404241129)
4,321,530
9,296,880
19,414,410
4,759,680
5,381,460

201404241130(201404241130)
4,321,530
9,296,880
19,414,410
4,759,680
5,381,460

201404241131(201404241131)
4,321,530
9,296,880
19,414,410
4,759,680
5,381,460

201404241132(201404241132)
4,321,530
9,296,880
19,414,410
4,759,680
5,381,460

201404241139(201404241139)
9,296,880
19,414,410
4,759,680
5,381,460

201404241140(201404241140)
4,325,490
9,296,880
19,414,410
4,759,680
5,381,460

201404241141(201404241141)
4,325,490
9,296,880
19,414,410
4,767,300
5,381,460

201404241142(201404241142)
4,325,490
9,296,880
19,414,410
4,767,300
5,381,460

201404241149(201404241149)
4,325,490
9,296,880
19,414,410
4,767,300
5,381,460

201404241150(201404241150)
4,325,490
9,296,880
19,414,410
4,767,300
5,381,460

201404241151(201404241151)
4,325,490
9,296,880
19,414,410
4,767,300
5,393,640

201404241152(201404241152)
4,325,490
9,311,310
19,414,410
4,767,300
5,393,640

201404241159(201404241159)
4,325,490
9,316,530
19,414,410
4,767,300
5,393,640

201404241200(201404241200)
4,325,490
9,316,530
19,414,410
4,768,350
5,393,640

201404241201(201404241201)
4,325,490
9,316,530
19,414,410
4,768,350
5,393,640

201404241202(201404241202)
4,325,490
9,318,840
19,414,410
4,768,350
5,393,640

201404241209(201404241209)
4,327,500
9,327,030
19,414,410
4,768,350
5,393,640

201404241210(201404241210)
4,327,500
9,327,030
19,414,410
4,768,350
5,393,640

201404241211(201404241211)
4,327,500
9,327,030
19,414,410
4,768,350
5,393,640

201404241212(201404241212)
4,329,840
9,327,030
19,414,410
4,768,350
5,393,640

201404241219(201404241219)
4,333,500
9,335,790
19,414,410
4,818,750
5,395,440

201404241220(201404241220)
4,337,010
9,335,790
19,414,410
4,818,750
5,397,000

201404241221(201404241221)
4,337,010
9,354,870
19,414,410
4,818,750
5,397,000

201404241222(201404241222)
4,337,010
9,354,870
19,414,410
4,818,750
5,397,000

201404241229(201404241229)
4,337,490
9,354,870
19,414,410
4,843,560
5,406,630

201404241230(201404241230)
4,337,760
9,354,870
19,414,410
4,843,560
5,406,630

201404241231(201404241231)
4,337,760
9,354,870
19,414,410
4,843,560
5,406,630

201404241232(201404241232)
4,337,760
9,359,430
19,414,410
4,843,560
5,406,630

201404241239(201404241239)
4,342,320
9,378,420
19,414,410
4,852,500
5,406,630

201404241240(201404241240)
4,342,320
9,378,420
19,414,410
4,855,560
5,406,630

201404241241(201404241241)
4,342,320
9,378,420
19,414,410
4,855,560
5,406,630

201404241242(201404241242)
4,342,320
9,378,420
19,414,410
4,855,560
5,406,630

201404241249(201404241249)
4,361,580
9,389,820
19,414,410
4,855,560
5,407,290

201404241250(201404241250)
4,361,580
9,389,820
19,414,410
4,855,560
5,408,460

201404241251(201404241251)
4,361,580
9,389,820
19,414,410
4,856,550
5,414,160

201404241252(201404241252)
4,361,580
9,389,820
19,414,410
4,856,550
5,414,160

201404241259(201404241259)
4,361,580
9,389,820
19,414,410
4,866,060
5,414,160

201404241300(201404241300)
4,361,580
9,389,820
19,414,410
4,866,060
5,414,160

201404241301(201404241301)
4,361,580
9,389,820
19,414,410
4,866,060
5,414,160

201404241302(201404241302)
4,361,580
9,389,820
19,414,410
4,866,060
5,414,910

201404241309(201404241309)
4,361,580
9,393,870
19,414,410
4,867,740
5,436,660

201404241310(201404241310)
4,361,580
9,393,870
19,414,410
4,867,740
5,436,660

201404241311(201404241311)
4,361,580
9,393,870
19,414,410
4,867,740
5,436,660

201404241312(201404241312)
4,361,580
9,393,870
19,414,410
4,867,740
5,436,660

201404241319(201404241319)
4,361,580
9,393,870
19,468,920
4,867,740
5,446,230

201404241320(201404241320)
4,361,580
9,393,870
19,468,920
4,867,740
5,446,230

201404241321(201404241321)
4,361,580
9,430,770
19,468,920
4,867,740
5,446,230

201404241322(201404241322)
4,361,580
9,436,110
19,468,920
4,867,740
5,447,880

201404241329(201404241329)
4,361,640
9,442,380
19,468,920
4,876,440
5,447,880

201404241330(201404241330)
4,361,640
9,442,380
19,468,920
4,876,440
5,447,880

201404241331(201404241331)
4,361,640
9,442,380
19,468,920
4,876,440
5,447,880

201404241332(201404241332)
4,362,270
9,442,380
19,468,920
4,876,440
5,447,880

201404241339(201404241339)
4,366,440
9,477,630
19,468,920
4,876,440
5,447,880

201404241340(201404241340)
4,366,440
9,477,630
19,468,920
4,876,440
5,449,200

201404241341(201404241341)
4,366,440
9,477,630
19,468,920
4,876,440
5,449,200

201404241342(201404241342)
4,366,440
9,497,220
19,468,920
4,876,440
5,449,200

201404241349(201404241349)
4,366,440
9,520,380
19,468,920
4,880,370
5,449,200

201404241350(201404241350)
4,366,440
9,520,380
19,468,920
4,880,370
5,449,200

201404241351(201404241351)
4,366,440
9,520,380
19,468,920
4,880,370
5,449,200

201404241352(201404241352)
4,366,440
9,520,380
19,468,920
4,880,370
5,449,200

201404241359(201404241359)
4,366,440
9,521,580
19,468,920
4,882,260
5,458,440

201404241400(201404241400)
4,366,440
9,532,380
19,468,920
4,882,260
5,458,440

201404241401(201404241401)
4,366,440
9,532,380
19,468,920
4,882,260
5,458,440

201404241402(201404241402)
4,382,520
9,532,380
19,468,920
4,882,260
5,458,440

201404241409(201404241409)
4,382,520
9,532,380
19,468,920
4,885,350
5,458,440

201404241410(201404241410)
4,382,520
9,532,380
19,468,920
4,885,350
5,458,440

201404241411(201404241411)
4,382,520
9,532,380
19,468,920
4,885,350
5,458,440

201404241412(201404241412)
4,382,520
9,532,380
19,468,920
4,885,350
5,458,440

201404241419(201404241419)
4,391,310
9,532,380
19,468,920
4,885,350
5,483,700

201404241420(201404241420)
4,391,310
9,532,380
19,468,920
4,885,350
5,483,700

201404241421(201404241421)
4,391,310
9,532,380
19,468,920
4,885,350
5,483,700

201404241422(201404241422)
4,391,310
9,532,380
19,468,920
4,891,830
5,483,700

201404241429(201404241429)
4,391,310
9,532,380
19,468,920
4,902,480
5,489,250

201404241430(201404241430)
4,391,310
9,532,380
19,468,920
4,902,480
5,489,250

201404241431(201404241431)
4,391,310
9,532,380
19,468,920
4,902,480
5,489,250

201404241432(201404241432)
4,391,310
9,532,380
19,468,920
4,902,480
5,489,250

201404241439(201404241439)
4,392,720
9,532,380
19,468,920
4,902,480
5,489,250

201404241440(201404241440)
4,392,720
9,532,380
19,468,920
4,902,480
5,489,250

201404241441(201404241441)
4,392,720
9,532,380
19,468,920
4,947,600
5,489,250

201404241442(201404241442)
4,392,720
9,532,380
19,468,920
4,947,600
5,489,250

201404241449(201404241449)
4,392,720
9,532,380
19,468,920
4,954,380
5,494,860

201404241450(201404241450)
4,392,720
9,532,380
19,468,920
4,954,380
5,494,860

201404241451(201404241451)
4,392,720
9,532,380
19,468,920
4,954,380
5,494,860

201404241452(201404241452)
4,392,720
9,532,380
19,468,920
4,954,380
5,494,860

201404241459(201404241459)
4,408,890
9,545,910
19,468,920
4,954,380
5,498,940

201404241500(201404241500)
4,408,890
9,545,910
19,468,920
4,954,380
5,498,940

201404241501(201404241501)
4,408,890
9,545,910
19,468,920
4,954,380
5,498,940

201404241502(201404241502)
4,408,890
9,545,910
19,468,920
4,954,380
5,498,940

201404241509(201404241509)
4,419,270
9,545,910
19,468,920
4,954,380
5,498,940

201404241510(201404241510)
4,419,270
9,545,910
19,468,920
4,954,380
5,498,940

201404241511(201404241511)
4,419,270
9,545,910
19,468,920
4,954,380
5,498,940

201404241512(201404241512)
4,419,270
9,560,460
19,468,920
4,954,380
5,498,940

201404241519(201404241519)
4,419,360
9,560,460
19,468,920
4,954,380
5,499,960

201404241520(201404241520)
4,419,360
9,560,460
19,468,920
4,954,380
5,499,960

201404241521(201404241521)
4,419,360
9,560,460
19,468,920
4,962,750
5,499,960

201404241522(201404241522)
4,419,360
9,575,760
19,468,920
4,962,750
5,499,960

201404241529(201404241529)
4,424,220
9,575,760
19,468,920
4,964,220
5,499,960

201404241530(201404241530)
4,424,220
9,575,760
19,468,920
4,964,220
5,499,960

201404241531(201404241531)
4,424,220
9,575,760
19,468,920
4,964,220
5,499,960

201404241532(201404241532)
4,424,220
9,575,760
19,468,920
4,964,220
5,499,960

201404241539(201404241539)
4,424,220
9,575,760
19,468,920
4,966,500
5,499,960

201404241540(201404241540)
4,424,220
9,586,410
19,654,500
4,966,500
5,499,960

201404241541(201404241541)
4,424,220
9,588,900
19,654,500
4,966,500
5,499,960

201404241542(201404241542)
4,425,690
9,588,900
19,654,500
4,966,500
5,499,960

201404241549(201404241549)
4,425,690
9,588,900
19,655,250
4,966,500
5,501,640

201404241550(201404241550)
4,425,690
9,588,900
19,655,250
4,966,500
5,501,640

201404241551(201404241551)
4,425,690
9,588,900
19,655,250
4,966,500
5,501,640

201404241552(201404241552)
4,427,100
9,588,900
19,655,250
4,966,500
5,501,640

201404241559(201404241559)
4,428,900
9,589,800
19,806,360
4,969,710
5,501,640

201404241600(201404241600)
4,428,900
9,589,800
19,806,360
4,969,710
5,501,640

201404241601(201404241601)
4,428,900
9,589,800
19,806,360
4,969,710
5,501,640

201404241602(201404241602)
4,428,900
9,589,800
19,806,360
4,969,710
5,501,640

201404241609(201404241609)
4,428,900
9,594,360
19,806,360
4,969,710
5,504,430

201404241610(201404241610)
4,428,900
9,594,360
19,806,360
4,969,710
5,504,430

201404241611(201404241611)
4,428,900
9,594,360
19,806,360
4,969,710
5,504,430

201404241612(201404241612)
4,428,900
9,594,360
19,806,360
4,969,710
5,504,430

201404241619(201404241619)
4,428,900
9,594,360
19,806,360
4,969,710
5,510,880

201404241620(201404241620)
4,428,900
9,594,360
19,806,360
4,969,710
5,510,880

201404241621(201404241621)
4,428,900
9,594,360
19,806,360
4,969,710
5,510,880

201404241622(201404241622)
4,428,900
9,594,360
19,806,360
4,969,710
5,510,880

201404241629(201404241629)
4,430,340
9,596,790
19,806,360
4,969,710
5,510,880

201404241630(201404241630)
4,430,340
9,596,790
19,806,360
4,969,710
5,510,880

201404241631(201404241631)
4,430,340
9,596,790
19,806,360
4,969,710
5,510,880

201404241632(201404241632)
4,430,340
9,596,790
19,806,360
4,969,710
5,510,880

201404241639(201404241639)
4,430,340
9,596,790
19,806,360
4,969,710
5,510,880

201404241640(201404241640)
4,430,340
9,596,790
19,806,360
4,969,710
5,511,690

201404241641(201404241641)
4,430,340
9,596,790
19,806,360
4,969,710
5,511,690

201404241642(201404241642)
4,430,340
9,596,790
19,806,360
4,974,420
5,511,690

201404241649(201404241649)
4,431,750
9,596,790
19,806,360
4,974,420
5,525,130

201404241650(201404241650)
4,431,750
9,596,790
19,806,360
4,974,420
5,525,130

201404241651(201404241651)
4,431,750
9,596,790
19,806,360
4,974,420
5,525,130

201404241652(201404241652)
4,431,750
9,596,790
19,806,360
4,974,420
5,525,130

201404241659(201404241659)
4,432,560
9,596,790
19,806,360
4,990,710
5,525,130

201404241700(201404241700)
4,432,560
9,596,790
19,806,360
4,990,710
5,536,920

201404241701(201404241701)
4,432,560
9,597,480
19,806,360
4,990,710
5,536,920

201404241702(201404241702)
4,432,560
9,597,480
19,806,360
4,990,710
5,536,920

201404241709(201404241709)
4,448,790
9,597,480
19,806,360
4,993,200
5,536,920

201404241710(201404241710)
4,448,790
9,597,480
19,806,360
4,993,200
5,536,920

201404241711(201404241711)
4,448,790
9,597,480
19,806,360
4,996,020
5,536,920

201404241712(201404241712)
4,448,790
9,597,480
19,806,360
4,996,020
5,536,920

201404241719(201404241719)
4,451,520
9,597,480
19,806,360
4,996,020
5,541,780

201404241720(201404241720)
4,451,520
9,597,480
19,806,360
5,005,650
5,545,290

201404241721(201404241721)
4,453,290
9,597,480
19,806,360
5,005,650
5,545,290

201404241722(201404241722)
4,458,180
9,597,480
19,806,360
5,005,650
5,552,370

201404241729(201404241729)
4,469,520
9,599,400
19,806,360
5,021,340
5,552,370

201404241730(201404241730)
4,469,520
9,599,400
19,806,360
5,021,340
5,552,370

201404241731(201404241731)
4,469,520
9,599,400
19,806,360
5,021,340
5,552,370

201404241732(201404241732)
4,469,520
9,599,400
19,806,360
5,021,340
5,552,370

201404241739(201404241739)
4,473,600
9,599,400
19,806,360
5,037,300
5,560,650

201404241740(201404241740)
4,481,370
9,599,400
19,806,360
5,037,300
5,560,650

201404241741(201404241741)
4,481,370
9,599,400
19,806,360
5,044,290
5,560,650

201404241742(201404241742)
4,481,370
9,599,400
19,806,360
5,044,290
5,560,650

201404241749(201404241749)
4,486,350
9,599,400
19,806,360
5,044,290
5,568,720

201404241750(201404241750)
4,486,350
9,599,400
19,806,360
5,044,290
5,568,720

201404241751(201404241751)
4,486,350
9,599,400
19,806,360
5,056,170
5,568,720

201404241752(201404241752)
4,486,350
9,599,400
19,806,360
5,058,870
5,568,720

201404241759(201404241759)
4,486,350
9,611,910
19,806,360
5,062,170
5,574,090

201404241800(201404241800)
4,486,350
9,611,910
19,806,360
5,062,170
5,574,090

201404241801(201404241801)
4,486,350
9,611,910
19,806,360
5,062,170
5,574,090

201404241802(201404241802)
4,486,350
9,611,910
19,806,360
5,062,170
5,574,090

201404241809(201404241809)
4,490,700
9,611,910
19,860,750
5,062,170
5,574,090

201404241810(201404241810)
4,490,700
9,611,910
19,860,750
5,062,290
5,574,090

201404241811(201404241811)
4,490,700
9,611,910
19,860,750
5,062,290
5,574,090

201404241812(201404241812)
4,497,600
9,611,910
19,860,750
5,062,620
5,574,090

201404241819(201404241819)
4,507,470
9,611,910
19,860,750
5,071,800
5,577,600

201404241820(201404241820)
4,510,230
9,611,910
19,860,750
5,071,800
5,577,600

201404241821(201404241821)
4,510,230
9,611,910
19,860,750
5,071,800
5,577,600

201404241822(201404241822)
4,510,230
9,611,910
19,860,750
5,071,800
5,577,600

201404241829(201404241829)
4,512,630
9,650,820
19,868,010
5,071,800
5,597,100

201404241830(201404241830)
4,517,040
9,650,820
19,868,010
5,071,800
5,597,100

201404241831(201404241831)
4,517,040
9,650,820
19,868,010
5,071,800
5,597,100

201404241832(201404241832)
4,517,040
9,650,820
19,868,010
5,071,800
5,597,100

201404241839(201404241839)
4,517,040
9,650,820
19,922,970
5,079,210
5,604,870

201404241840(201404241840)
4,517,040
9,650,820
19,922,970
5,079,210
5,604,870

201404241841(201404241841)
4,517,040
9,650,820
19,922,970
5,079,210
5,604,870

201404241842(201404241842)
4,517,040
9,650,820
19,922,970
5,080,620
5,604,870

201404241849(201404241849)
9,671,580
19,922,970
5,080,620
5,606,010

201404241850(201404241850)
4,524,030
9,671,580
19,922,970
5,080,620
5,612,250

201404241851(201404241851)
4,525,710
9,671,580
19,924,320
5,080,620
5,612,250

201404241852(201404241852)
4,526,400
9,671,580
19,927,020
5,080,620
5,612,250

201404241859(201404241859)
4,534,740
9,671,580
20,039,340
5,111,160
5,616,270

201404241900(201404241900)
4,534,740
9,671,580
20,039,340
5,111,160
5,616,270

201404241901(201404241901)
4,534,740
9,671,580
20,039,340
5,111,160
5,616,270

201404241902(201404241902)
4,534,740
9,671,580
20,039,340
5,111,160
5,616,270

201404241909(201404241909)
4,537,740
9,671,580
20,039,340
5,111,160
5,616,270

201404241910(201404241910)
4,537,740
9,671,580
20,039,340
5,111,160
5,616,270

201404241911(201404241911)
4,537,740
9,671,580
20,039,340
5,111,160
5,616,270

201404241912(201404241912)
4,537,740
9,671,580
20,039,340
5,111,160
5,616,270

201404241919(201404241919)
4,543,050
9,671,580
20,039,340
5,114,010
5,616,270

201404241920(201404241920)
4,543,050
9,671,580
20,039,340
5,116,980
5,616,270

201404241921(201404241921)
4,543,050
9,671,580
20,039,340
5,116,980
5,616,270

201404241922(201404241922)
4,543,050
9,700,920
20,039,340
5,117,340
5,616,270

201404241929(201404241929)
4,557,240
9,714,930
20,039,340
5,120,100
5,616,270

201404241930(201404241930)
4,557,240
9,714,930
20,039,340
5,120,100
5,616,270

201404241931(201404241931)
4,557,240
9,714,930
20,039,340
5,120,100
5,616,270

201404241932(201404241932)
4,557,240
9,714,930
20,039,340
5,129,040
5,616,270

201404241939(201404241939)
4,573,410
9,714,930
20,039,340
5,129,040
5,617,290

201404241940(201404241940)
4,573,410
9,714,930
20,039,340
5,129,040
5,617,290

201404241941(201404241941)
4,573,410
9,714,930
20,039,340
5,129,040
5,617,290

201404241942(201404241942)
4,573,410
9,714,930
20,039,340
5,129,040
5,617,290

201404241949(201404241949)
4,577,610
9,714,930
20,039,340
5,132,130
5,630,130

201404241950(201404241950)
4,581,780
9,714,930
20,039,340
5,132,130
5,631,840

201404241951(201404241951)
4,588,080
9,714,930
20,039,340
5,140,530
5,637,240

201404241952(201404241952)
4,598,280
9,714,930
20,039,340
5,140,560
5,638,410

201404241959(201404241959)
4,611,150
9,726,900
20,039,340
5,147,070
5,644,890

201404242000(201404242000)
4,611,150
9,726,900
20,039,340
5,147,070
5,644,890

201404242001(201404242001)
4,611,150
9,726,900
20,179,590
5,147,070
5,644,890

201404242002(201404242002)
4,611,150
9,726,900
20,258,190
5,148,540
5,644,890

201404242009(201404242009)
4,632,360
9,726,900
20,274,750
5,164,500
5,655,000

201404242010(201404242010)
4,632,360
9,726,900
20,274,750
5,164,500
5,655,000

201404242011(201404242011)
4,632,360
9,726,900
20,274,750
5,164,500
5,655,000

201404242012(201404242012)
4,632,360
9,726,900
20,274,750
5,164,500
5,655,000

201404242019(201404242019)
4,632,360
9,764,910
20,274,750
5,170,200
5,655,660

201404242020(201404242020)
4,632,360
9,764,910
20,274,750
5,170,200
5,655,660

201404242021(201404242021)
4,632,360
9,764,910
20,274,750
5,170,200
5,655,660

201404242022(201404242022)
4,632,360
9,764,910
20,274,750
5,170,200
5,655,660

201404242029(201404242029)
4,645,350
9,781,620
20,274,750
5,170,200
5,663,250

201404242030(201404242030)
4,649,580
9,781,620
20,274,750
5,171,340
5,663,250

201404242031(201404242031)
4,649,580
9,781,620
20,372,940
5,171,790
5,663,250

201404242032(201404242032)
4,649,580
9,781,620
20,400,720
5,175,420
5,663,250

201404242039(201404242039)
4,652,760
9,789,210
20,400,720
5,175,420
5,664,870

201404242040(201404242040)
4,652,760
9,789,210
20,400,720
5,175,420
5,664,870

201404242041(201404242041)
4,652,760
9,789,210
20,400,720
5,175,420
5,664,870

201404242042(201404242042)
4,652,760
9,789,210
20,400,720
5,175,420
5,664,870

201404242049(201404242049)
4,665,750
9,796,290
20,400,720
5,193,870
5,666,970

201404242050(201404242050)
4,665,750
9,796,290
20,400,720
5,193,870
5,666,970

201404242051(201404242051)
4,665,750
9,796,290
20,400,720
5,193,870
5,666,970

201404242052(201404242052)
4,665,750
9,796,290
20,400,720
5,193,870
5,668,740

201404242059(201404242059)
4,669,530
9,815,580
20,400,720
5,225,400
5,673,990

201404242100(201404242100)
4,669,530
9,815,580
20,400,720
5,225,400
5,675,400

201404242101(201404242101)
4,669,530
9,818,040
20,400,720
5,225,400
5,675,400

201404242102(201404242102)
4,669,530
9,818,040
20,400,720
5,225,400
5,675,400

201404242109(201404242109)
4,675,350
9,818,040
20,400,720
5,225,400
5,677,500

201404242110(201404242110)
4,675,350
9,818,040
20,400,720
5,225,400
5,689,650

201404242111(201404242111)
4,675,350
9,818,040
20,400,720
5,225,400
5,689,650

201404242112(201404242112)
4,675,350
9,818,040
20,400,720
5,225,400
5,689,650

201404242119(201404242119)
4,695,750
9,824,190
20,400,720
5,236,380
5,703,600

201404242120(201404242120)
4,695,750
9,824,190
20,400,720
5,236,380
5,703,600

201404242121(201404242121)
4,700,760
9,836,850
20,400,720
5,236,380
5,703,600

201404242122(201404242122)
4,700,760
9,836,850
20,400,720
5,236,380
5,703,600

201404242129(201404242129)
4,705,110
9,853,860
20,400,720
5,248,050
5,708,250

201404242130(201404242130)
4,705,110
9,853,860
20,400,720
5,248,050
5,718,720

201404242131(201404242131)
4,705,110
9,853,860
20,400,720
5,248,050
5,718,720

201404242132(201404242132)
4,705,110
9,880,500
20,400,720
5,248,050
5,723,070

201404242139(201404242139)
4,712,580
9,896,790
20,400,720
5,256,660
5,723,070

201404242140(201404242140)
4,715,910
9,896,790
20,400,720
5,256,660
5,723,070

201404242141(201404242141)
4,715,910
9,896,790
20,400,720
5,256,660
5,723,070

201404242142(201404242142)
4,715,910
9,896,790
20,400,720
5,256,660
5,732,760

201404242149(201404242149)
4,719,930
9,944,250
20,400,720
5,261,970
5,759,940

201404242150(201404242150)
4,719,930
9,944,250
20,400,720
5,261,970
5,759,940

201404242151(201404242151)
4,719,930
9,944,250
20,400,720
5,261,970
5,759,940

201404242152(201404242152)
4,719,930
9,944,250
20,400,720
5,261,970
5,759,940

201404242159(201404242159)
4,719,930
9,963,630
20,400,720
5,261,970
5,764,050

201404242200(201404242200)
4,719,930
9,963,630
20,400,720
5,261,970
5,764,050

201404242201(201404242201)
4,719,930
9,963,630
20,400,720
5,261,970
5,764,050

201404242202(201404242202)
4,721,040
9,963,630
20,400,720
5,261,970
5,764,050

201404242209(201404242209)
4,727,610
9,974,220
20,539,740
5,261,970
5,786,100

201404242210(201404242210)
4,727,610
9,974,220
20,539,740
5,261,970
5,786,100

201404242211(201404242211)
4,727,610
9,974,220
20,539,740
5,261,970
5,786,100

201404242212(201404242212)
4,733,910
9,974,220
20,539,740
5,261,970
5,786,100

201404242219(201404242219)
4,737,330
9,974,220
20,539,740
5,276,940
5,796,600

201404242220(201404242220)
4,741,770
9,976,740
20,539,740
5,276,940
5,796,600

201404242221(201404242221)
4,742,580
9,976,740
20,539,740
5,287,830
5,796,600

201404242222(201404242222)
4,753,770
9,989,310
20,539,740
5,287,830
5,796,600

201404242229(201404242229)
4,769,130
9,989,310
21,088,770
5,304,150
5,801,040

201404242230(201404242230)
4,769,130
9,989,310
21,088,770
5,304,150
5,801,040

201404242231(201404242231)
4,771,290
9,989,310
21,088,770
5,304,150
5,801,040

201404242232(201404242232)
4,771,290
9,989,310
21,088,770
5,304,150
5,801,040

201404242239(201404242239)
4,771,290
9,993,060
21,088,770
5,316,060
5,803,050

201404242240(201404242240)
4,771,290
9,993,060
21,088,770
5,317,530
5,803,050

201404242241(201404242241)
4,771,290
9,993,060
21,088,770
5,317,530
5,803,050

201404242242(201404242242)
4,771,290
9,993,060
21,088,770
5,317,530
5,803,050

201404242249(201404242249)
4,783,410
10,005,660
21,088,770
5,329,590
5,830,650

201404242250(201404242250)
4,785,870
10,019,460
21,088,770
5,329,590
5,830,650

201404242251(201404242251)
4,785,870
10,027,860
21,088,770
5,330,760
5,830,650

201404242252(201404242252)
4,799,760
10,027,860
21,088,770
5,342,910
5,836,020

201404242259(201404242259)
4,799,760
10,032,780
21,088,770
5,344,500
5,842,200

201404242300(201404242300)
4,799,760
10,032,780
21,088,770
5,344,500
5,842,200

201404242301(201404242301)
4,799,760
10,032,780
21,088,770
5,344,650
5,842,200

201404242302(201404242302)
4,814,520
10,032,780
21,088,770
5,345,550
5,842,200

201404242309(201404242309)
4,820,430
10,034,070
21,088,770
5,346,210
5,854,920

201404242310(201404242310)
4,824,090
10,034,070
21,088,770
5,346,210
5,854,920

201404242311(201404242311)
4,826,670
10,034,070
21,088,770
5,346,210
5,854,920

201404242312(201404242312)
4,826,670
10,034,070
21,088,770
5,346,210
5,854,920

201404242319(201404242319)
4,837,110
10,042,860
21,088,770
5,362,230
5,857,440

201404242320(201404242320)
4,837,110
10,045,140
21,088,770
5,369,160
5,871,900

201404242321(201404242321)
4,837,110
10,083,210
21,088,770
5,369,160
5,892,210

201404242322(201404242322)
4,837,110
10,083,210
21,088,770
5,370,510
5,892,210

201404242329(201404242329)
4,837,920
10,087,860
21,107,370
5,379,120
5,900,730

201404242330(201404242330)
4,837,920
10,087,860
21,107,370
5,379,120
5,900,730

201404242331(201404242331)
4,837,920
10,087,860
21,107,370
5,379,120
5,900,730

201404242332(201404242332)
4,838,430
10,087,860
21,107,370
5,379,120
5,900,730

201404242339(201404242339)
4,839,930
10,087,860
21,107,370
5,381,550
5,900,730

201404242340(201404242340)
4,839,930
10,087,860
21,107,370
5,381,550
5,900,730

201404242341(201404242341)
4,839,930
10,087,860
21,107,370
5,381,550
5,900,730

201404242342(201404242342)
4,839,930
10,087,860
21,107,370
5,381,550
5,900,730

201404242349(201404242349)
4,841,970
10,107,780
21,107,370
5,383,920
5,927,760

201404242350(201404242350)
4,841,970
10,107,780
21,107,370
5,383,920
5,927,760

201404242351(201404242351)
4,841,970
10,107,780
21,107,370
5,387,940
5,927,760

201404242352(201404242352)
4,842,360
10,107,780
21,107,370
5,388,210
5,927,760

201404242359(201404242359)
4,855,560
10,122,630
21,109,980
5,397,930
5,941,260

201404250000(201404250000)
4,855,560
10,122,630
21,136,440
5,397,930
5,941,260

201404250001(201404250001)
4,855,560
10,122,630
21,136,440
5,397,930
5,942,850

201404250002(201404250002)
4,855,560
10,129,170
21,136,440
5,397,930
5,948,670

201404250009(201404250009)
4,856,550
10,142,100
21,136,440
5,405,700
5,948,670

201404250010(201404250010)
4,856,550
10,142,100
21,136,440
5,406,600
5,948,670

201404250011(201404250011)
4,856,550
10,142,100
21,136,440
5,406,600
5,948,670

201404250012(201404250012)
4,856,550
10,142,100
21,136,440
5,406,600
5,948,670

201404250019(201404250019)
4,867,290
10,170,120
21,136,440
5,407,830
5,966,850

201404250020(201404250020)
4,867,290
10,170,120
21,136,440
5,407,830
5,966,850

201404250021(201404250021)
4,867,290
10,170,120
21,136,440
5,407,830
5,977,290

201404250022(201404250022)
4,867,290
10,170,120
21,136,440
5,407,830
5,977,290

201404250029(201404250029)
4,867,290
10,173,360
21,136,440
5,407,830
5,986,770

201404250030(201404250030)
4,867,290
10,178,640
21,136,440
5,407,830
5,986,770

201404250031(201404250031)
4,867,290
10,186,140
21,136,440
5,408,340
5,986,770

201404250032(201404250032)
4,867,290
10,186,140
21,136,440
5,408,400
5,986,770

201404250039(201404250039)
4,867,290
10,212,330
21,275,580
5,420,190
5,987,910

201404250040(201404250040)
4,882,260
10,212,330
21,275,580
5,424,120
5,990,760

201404250041(201404250041)
4,882,260
10,212,330
21,275,580
5,430,990
5,990,760

201404250042(201404250042)
4,882,260
10,212,330
21,275,580
5,430,990
5,990,760

201404250049(201404250049)
4,886,880
10,215,420
21,275,580
5,433,330
5,998,050

201404250050(201404250050)
4,886,880
10,234,080
21,275,580
5,433,330
5,998,050

201404250051(201404250051)
4,887,900
10,234,080
21,275,580
5,433,330
6,000,150

201404250052(201404250052)
4,887,900
10,234,080
21,275,580
5,436,720
6,000,300

201404250059(201404250059)
4,894,530
10,239,360
21,275,580
5,452,530
6,020,850

201404250100(201404250100)
4,894,530
10,239,360
21,275,580
5,452,530
6,022,830

201404250101(201404250101)
4,894,530
10,239,360
21,275,580
5,452,530
6,025,650

201404250102(201404250102)
4,894,530
10,239,360
21,275,580
5,452,530
6,025,650

