201404171720(201404171720)
25,620
53,100
104,310

201404171721(201404171721)
27,300
56,130
108,930

201404171722(201404171722)
28,680
60,030
116,520

201404171729(201404171729)
42,960
86,550
181,200

201404171730(201404171730)
45,540
89,970
190,110

201404171731(201404171731)
47,760
93,720
197,910

201404171732(201404171732)
49,230
96,990
203,280

201404171739(201404171739)
65,460
129,480
262,860

201404171740(201404171740)
67,920
134,280
266,250

201404171741(201404171741)
69,990
138,690
271,530

201404171742(201404171742)
71,820
141,330
278,490

201404171749(201404171749)
87,240
171,570
351,270

201404171750(201404171750)
89,700
175,260
355,800

201404171751(201404171751)
91,470
178,680
372,390

201404171752(201404171752)
92,610
180,930
381,480

201404171759(201404171759)
110,040
202,320
477,180

201404171800(201404171800)
112,470
205,140
484,650

201404171801(201404171801)
114,630
208,260
505,290

201404171802(201404171802)
117,030
211,800
512,790

201404171809(201404171809)
128,190
233,730
569,130

201404171810(201404171810)
129,060
235,770
579,120

201404171811(201404171811)
131,160
239,730
587,760

201404171812(201404171812)
132,660
241,800
596,730

201404171819(201404171819)
142,800
259,500
667,110

201404171820(201404171820)
144,240
261,000
684,030

201404171821(201404171821)
146,580
262,200
697,740

201404171822(201404171822)
147,570
264,840
723,990

201404171829(201404171829)
157,020
279,030
787,410

201404171830(201404171830)
157,830
282,300
795,540

201404171831(201404171831)
158,790
283,260
807,360

201404171832(201404171832)
159,600
284,760
818,220

201404171839(201404171839)
167,490
310,380
916,080

201404171840(201404171840)
168,540
313,080
923,040

201404171841(201404171841)
170,340
315,690
938,730

201404171842(201404171842)
172,380
316,890
938,730

201404171849(201404171849)
180,030
336,420
1,018,590

201404171850(201404171850)
181,110
339,390
1,022,130

201404171851(201404171851)
181,920
342,510
1,028,610

201404171852(201404171852)
182,460
346,020
1,037,100

201404171859(201404171859)
190,980
357,360
1,102,590

201404171900(201404171900)
192,060
358,230
1,107,510

201404171901(201404171901)
192,960
360,120
1,109,400

201404171902(201404171902)
193,620
362,010
1,116,300

201404171909(201404171909)
200,430
377,880
1,150,800

201404171910(201404171910)
201,840
378,900
1,166,310

201404171911(201404171911)
202,590
381,420
1,184,940

201404171912(201404171912)
203,760
382,170
1,196,490

201404171919(201404171919)
208,920
400,500
1,285,470

201404171920(201404171920)
209,820
402,450
1,293,450

201404171921(201404171921)
210,600
406,140
1,309,800

201404171922(201404171922)
211,470
408,090
1,329,450

201404171929(201404171929)
219,090
424,860
1,479,570

201404171930(201404171930)
219,810
427,110
1,487,250

201404171931(201404171931)
220,080
429,060
1,497,390

201404171932(201404171932)
221,100
433,020
1,497,390

201404171939(201404171939)
228,120
456,450
1,557,480

201404171940(201404171940)
228,300
457,080
1,561,890

201404171941(201404171941)
228,720
459,870
1,561,890

201404171942(201404171942)
231,120
461,160
1,582,830

201404171949(201404171949)
236,580
476,610
1,600,050

201404171950(201404171950)
237,600
477,000
1,600,050

201404171951(201404171951)
239,220
477,990
1,619,880

201404171952(201404171952)
239,910
481,260
1,626,570

201404171959(201404171959)
245,340
501,570
1,646,040

201404172000(201404172000)
246,660
502,350
1,667,130

201404172001(201404172001)
248,160
506,400
1,677,930

201404172002(201404172002)
248,640
507,450
1,682,880

201404172009(201404172009)
256,680
524,850
1,710,060

201404172010(201404172010)
256,770
524,970
1,710,060

201404172011(201404172011)
257,850
525,840
1,716,480

201404172012(201404172012)
259,260
526,800
1,760,790

201404172019(201404172019)
264,810
540,930
1,789,890

201404172020(201404172020)
265,710
541,350
1,789,890

201404172021(201404172021)
267,900
548,280
1,791,990

201404172022(201404172022)
269,250
553,140
1,796,130

201404172029(201404172029)
279,270
574,200
1,834,680

201404172030(201404172030)
281,730
575,310
1,834,680

201404172031(201404172031)
281,790
577,590
1,834,680

201404172032(201404172032)
282,510
578,670
1,834,680

201404172039(201404172039)
289,350
598,890
1,895,340

201404172040(201404172040)
290,760
601,140
1,899,630

201404172041(201404172041)
292,110
604,890
1,899,630

201404172042(201404172042)
294,780
606,990
1,899,630

201404172049(201404172049)
302,010
631,980
1,906,080

201404172050(201404172050)
304,080
635,310
1,906,080

201404172051(201404172051)
305,670
638,130
1,920,810

201404172052(201404172052)
307,110
640,560
1,966,740

201404172059(201404172059)
313,470
657,150
1,966,740

201404172100(201404172100)
314,430
664,200
1,980,840

201404172101(201404172101)
315,660
665,790
1,980,840

201404172102(201404172102)
316,620
668,460
1,986,750

201404172109(201404172109)
326,160
690,840
2,056,230

201404172110(201404172110)
327,540
690,840
2,063,580

201404172111(201404172111)
328,770
695,220
2,091,030

201404172112(201404172112)
331,140
701,970
2,091,030

201404172119(201404172119)
336,780
718,740
2,100,870

201404172120(201404172120)
338,280
724,200
2,100,870

201404172121(201404172121)
341,160
726,480
2,100,870

201404172122(201404172122)
342,870
728,010
2,100,870

201404172129(201404172129)
351,270
743,730
2,169,810

201404172130(201404172130)
351,990
748,440
2,169,810

201404172131(201404172131)
352,980
757,650
2,169,810

201404172132(201404172132)
353,550
763,620
2,171,430

201404172139(201404172139)
360,930
774,510
2,188,440

201404172140(201404172140)
361,500
779,550
2,221,860

201404172141(201404172141)
362,490
788,160
2,221,860

201404172142(201404172142)
365,970
788,190
2,221,860

201404172149(201404172149)
373,440
800,670
2,309,070

201404172150(201404172150)
374,610
803,340
2,309,070

201404172151(201404172151)
376,440
804,690
2,309,070

201404172152(201404172152)
377,520
806,640
2,311,230

201404172159(201404172159)
386,370
824,100
2,311,230

201404172200(201404172200)
386,760
825,420
2,316,450

201404172201(201404172201)
388,170
831,300
2,336,820

201404172202(201404172202)
388,410
835,350
2,336,820

201404172209(201404172209)
395,430
866,580
2,421,480

201404172210(201404172210)
397,170
870,750
2,499,480

201404172211(201404172211)
398,160
872,910
2,502,240

201404172212(201404172212)
399,330
875,370
2,502,240

201404172219(201404172219)
410,370
900,180
2,548,050

201404172220(201404172220)
410,760
901,560
2,584,830

201404172221(201404172221)
412,410
903,000
2,584,830

201404172222(201404172222)
412,590
905,730
2,584,830

201404172229(201404172229)
422,100
921,360
2,675,910

201404172230(201404172230)
423,180
922,350
2,692,380

201404172231(201404172231)
423,180
923,700
2,697,630

201404172232(201404172232)
425,940
924,360
2,697,630

201404172239(201404172239)
433,200
953,340
2,777,910

201404172240(201404172240)
435,780
954,270
2,777,910

201404172241(201404172241)
437,280
956,490
2,777,910

201404172242(201404172242)
438,660
957,840
2,777,910

201404172249(201404172249)
450,150
980,400
2,808,960

201404172250(201404172250)
451,170
981,180
2,817,630

201404172251(201404172251)
453,780
981,180
2,832,090

201404172252(201404172252)
454,800
984,150
2,838,120

201404172259(201404172259)
468,660
1,015,260
2,958,750

201404172300(201404172300)
469,380
1,018,290
2,991,810

201404172301(201404172301)
469,950
1,018,590
3,016,740

201404172302(201404172302)
471,750
1,018,830
3,016,830

201404172309(201404172309)
477,390
1,033,470
3,099,630

201404172310(201404172310)
479,700
1,034,190
3,099,630

201404172311(201404172311)
480,990
1,037,100
3,099,630

201404172312(201404172312)
482,820
1,037,100
3,099,630

201404172319(201404172319)
492,990
1,051,680
3,165,300

201404172320(201404172320)
495,510
1,053,750
3,172,890

201404172321(201404172321)
496,410
1,055,730
3,181,200

201404172322(201404172322)
496,830
1,055,730
3,184,110

201404172329(201404172329)
509,550
1,074,930
3,239,040

201404172330(201404172330)
510,480
1,075,350
3,243,540

201404172331(201404172331)
512,370
1,075,350
3,253,440

201404172332(201404172332)
512,610
1,079,760
3,258,990

201404172339(201404172339)
518,850
1,090,380
3,260,190

201404172340(201404172340)
518,850
1,091,850
3,276,690

201404172341(201404172341)
519,480
1,095,270
3,301,500

201404172342(201404172342)
519,990
1,097,070
3,301,500

201404172349(201404172349)
527,220
1,110,720
3,407,400

201404172350(201404172350)
527,220
1,114,830
3,411,930

201404172351(201404172351)
527,610
1,115,190
3,548,430

201404172352(201404172352)
528,360
1,116,450
3,548,430

201404172359(201404172359)
537,330
1,135,170
3,550,200

201404180000(201404180000)
537,630
1,139,460
3,550,200

201404180001(201404180001)
540,480
1,144,650
3,550,200

201404180002(201404180002)
540,600
1,146,900
3,550,200

201404180009(201404180009)
547,590
1,169,460
3,568,890

201404180010(201404180010)
548,280
1,169,460
3,568,890

201404180011(201404180011)
548,430
1,171,740
3,568,890

201404180012(201404180012)
548,430
1,175,700
3,571,860

201404180019(201404180019)
561,810
1,184,490
3,571,860

201404180020(201404180020)
562,650
1,188,390
3,571,860

201404180021(201404180021)
563,040
1,191,810
3,571,860

201404180022(201404180022)
563,460
1,193,700
3,571,860

201404180029(201404180029)
572,100
1,212,750
3,678,300

201404180030(201404180030)
574,200
1,212,750
3,678,300

201404180031(201404180031)
575,100
1,213,170
3,678,300

201404180032(201404180032)
575,430
1,213,170
3,678,300

201404180039(201404180039)
580,320
1,243,020
3,678,300

201404180040(201404180040)
581,730
1,243,020
3,678,300

201404180041(201404180041)
583,860
1,243,020
3,678,300

201404180042(201404180042)
583,860
1,243,290
3,678,300

201404180049(201404180049)
591,180
1,253,430
3,721,110

201404180050(201404180050)
591,270
1,265,100
3,721,110

201404180051(201404180051)
591,870
1,265,430
3,721,110

201404180052(201404180052)
591,960
1,267,500
3,721,290

201404180059(201404180059)
599,940
1,285,140
3,752,430

201404180100(201404180100)
600,090
1,291,770
3,763,290

201404180101(201404180101)
600,270
1,299,750
3,764,130

201404180102(201404180102)
600,360
1,300,830
3,764,130

