201404250109(201404250109)
4,894,530
10,239,360
21,275,580
5,454,300
6,027,780

201404250110(201404250110)
4,894,530
10,268,100
21,275,580
5,454,300
6,030,480

201404250111(201404250111)
4,894,530
10,268,100
21,275,580
5,454,300
6,030,480

201404250112(201404250112)
4,894,530
10,268,100
21,275,580
5,458,440
6,031,050

201404250119(201404250119)
4,904,820
10,268,100
21,275,580
5,466,600
6,038,400

201404250120(201404250120)
4,904,820
10,268,100
21,275,580
5,466,600
6,050,820

201404250121(201404250121)
4,910,100
10,268,100
21,275,580
5,466,600
6,063,090

201404250122(201404250122)
4,910,100
10,268,100
21,275,580
5,466,600
6,063,090

201404250129(201404250129)
4,913,640
10,299,210
21,275,580
5,474,040
6,063,090

201404250130(201404250130)
4,913,640
10,299,210
21,275,580
5,474,040
6,063,090

201404250131(201404250131)
4,913,640
10,299,210
21,275,580
5,474,610
6,063,090

201404250132(201404250132)
4,913,640
10,299,210
21,275,580
5,474,610
6,063,090

201404250139(201404250139)
4,913,640
10,305,630
21,275,580
5,474,790
6,066,420

201404250140(201404250140)
4,913,640
10,305,630
21,275,580
5,474,790
6,066,420

201404250141(201404250141)
4,913,640
10,305,630
21,275,580
5,474,790
6,066,420

201404250142(201404250142)
4,914,240
10,305,630
21,275,580
5,474,790
6,066,420

201404250149(201404250149)
4,938,540
10,305,630
21,275,580
5,474,790
6,076,230

201404250150(201404250150)
4,938,540
10,305,630
21,275,580
5,474,790
6,076,230

201404250151(201404250151)
4,938,540
10,305,630
21,275,580
5,474,790
6,076,230

201404250152(201404250152)
4,938,540
10,305,630
21,275,580
5,474,790
6,076,230

201404250159(201404250159)
4,955,490
10,306,980
21,275,580
5,485,860
6,077,760

201404250200(201404250200)
4,962,330
10,306,980
21,275,580
5,485,860
6,077,760

201404250201(201404250201)
4,970,670
10,306,980
21,275,580
5,485,860
6,077,760

201404250202(201404250202)
4,970,670
10,306,980
21,275,580
5,485,860
6,086,580

201404250209(201404250209)
4,987,050
10,306,980
21,275,580
5,503,110
6,086,640

201404250210(201404250210)
4,987,050
10,306,980
21,275,580
5,503,110
6,086,640

201404250211(201404250211)
4,987,050
10,306,980
21,275,580
5,503,110
6,086,640

201404250212(201404250212)
4,988,280
10,306,980
21,275,580
5,503,110
6,086,640

201404250219(201404250219)
4,998,420
10,306,980
21,275,580
5,503,200
6,091,470

201404250220(201404250220)
4,998,420
10,306,980
21,275,580
5,503,200
6,091,470

201404250221(201404250221)
4,998,420
10,306,980
21,275,580
5,503,200
6,091,470

201404250222(201404250222)
4,998,420
10,306,980
21,275,580
5,503,200
6,091,470

201404250229(201404250229)
4,998,420
10,306,980
21,299,940
5,508,630
6,091,470

201404250230(201404250230)
4,998,420
10,308,660
21,305,640
5,508,630
6,091,470

201404250231(201404250231)
4,998,420
10,308,690
21,406,170
5,508,630
6,091,470

201404250232(201404250232)
5,000,400
10,309,560
21,406,170
5,508,630
6,091,470

201404250239(201404250239)
5,000,400
10,309,560
21,406,170
5,508,630
6,091,470

201404250240(201404250240)
5,000,400
10,309,560
21,406,170
5,508,630
6,091,470

201404250241(201404250241)
5,000,400
10,309,560
21,406,170
5,508,630
6,091,470

201404250242(201404250242)
5,000,400
10,309,560
21,406,170
5,508,630
6,091,470

201404250249(201404250249)
5,001,510
10,309,560
21,406,170
5,508,630
6,091,470

201404250250(201404250250)
5,001,510
10,309,560
21,406,170
5,508,630
6,091,470

201404250251(201404250251)
5,001,510
10,309,560
21,406,170
5,508,630
6,091,470

201404250252(201404250252)
5,001,510
10,309,560
21,406,170
5,508,630
6,091,470

201404250259(201404250259)
5,001,510
10,309,560
21,406,170
5,526,960
6,091,470

201404250300(201404250300)
5,001,510
10,309,560
21,406,170
5,526,960
6,091,470

201404250301(201404250301)
5,001,510
10,309,560
21,406,170
5,526,960
6,091,470

201404250302(201404250302)
5,001,510
10,309,560
21,406,170
5,526,960
6,091,470

201404250309(201404250309)
5,005,620
10,309,560
21,406,170
5,528,820
6,096,240

201404250310(201404250310)
5,005,620
10,309,560
21,406,170
5,529,570
6,096,240

201404250311(201404250311)
5,005,620
10,313,190
21,406,170
5,529,570
6,096,240

201404250312(201404250312)
5,005,620
10,313,190
21,406,170
5,529,570
6,096,240

201404250319(201404250319)
5,033,310
10,318,680
21,406,170
5,529,570
6,096,240

201404250320(201404250320)
5,033,310
10,318,680
21,406,170
5,529,570
6,096,240

201404250321(201404250321)
5,033,310
10,318,680
21,406,170
5,529,570
6,096,240

201404250322(201404250322)
5,033,310
10,318,680
21,406,170
5,529,570
6,096,240

201404250329(201404250329)
5,033,310
10,318,680
21,564,270
5,529,570
6,096,240

201404250330(201404250330)
5,033,310
10,318,680
21,564,270
5,529,570
6,096,240

201404250331(201404250331)
5,033,310
10,318,680
21,564,270
5,529,570
6,096,270

201404250332(201404250332)
5,033,310
10,318,680
21,564,270
5,529,570
6,096,270

201404250339(201404250339)
5,033,310
10,318,680
21,564,270
5,529,570
6,096,270

201404250340(201404250340)
5,033,310
10,318,680
21,564,270
5,529,570
6,096,270

201404250341(201404250341)
5,033,310
10,318,680
21,564,270
5,529,570
6,096,270

201404250342(201404250342)
5,033,310
10,318,680
21,564,270
5,529,570
6,096,270

201404250349(201404250349)
5,033,310
10,318,680
21,564,270
5,540,190
6,096,270

201404250350(201404250350)
5,033,310
10,318,680
21,564,270
5,540,190
6,096,270

201404250351(201404250351)
5,033,310
10,318,680
21,564,270
5,540,190
6,096,270

201404250352(201404250352)
5,033,310
10,318,680
21,564,270
5,544,030
6,096,270

201404250359(201404250359)
5,037,300
10,318,680
21,564,270
5,550,360
6,096,270

201404250400(201404250400)
5,037,300
10,318,680
21,564,270
5,550,360
6,096,270

201404250401(201404250401)
5,037,300
10,318,680
21,564,270
5,550,360
6,096,270

201404250402(201404250402)
5,037,300
10,318,680
21,564,270
5,550,360
6,096,270

201404250409(201404250409)
5,051,490
10,318,680
21,564,270
5,550,360
6,096,270

201404250410(201404250410)
5,051,490
10,318,680
21,564,270
5,550,450
6,096,270

201404250411(201404250411)
5,051,490
10,318,680
21,564,270
5,550,450
6,096,270

201404250412(201404250412)
5,051,490
10,318,680
21,564,270
5,550,450
6,096,270

201404250419(201404250419)
5,051,490
10,318,680
21,564,270
5,554,050
6,108,390

201404250420(201404250420)
5,051,490
10,318,680
21,564,270
5,554,050
6,108,390

201404250421(201404250421)
5,051,490
10,318,680
21,564,270
5,554,050
6,108,390

201404250422(201404250422)
5,051,490
10,318,680
21,564,270
5,554,050
6,108,390

201404250429(201404250429)
5,051,490
10,318,680
21,564,270
5,554,050
6,108,390

201404250430(201404250430)
5,051,490
10,318,680
21,564,270
5,554,050
6,108,390

201404250431(201404250431)
5,051,490
10,318,680
21,564,270
5,554,050
6,108,390

201404250432(201404250432)
5,051,490
10,318,680
21,564,270
5,554,050
6,108,390

201404250439(201404250439)
5,051,490
10,318,680
21,564,270
5,554,050
6,108,390

201404250440(201404250440)
5,051,490
10,318,680
21,564,270
5,554,050
6,108,390

201404250441(201404250441)
5,051,490
10,318,680
21,564,270
5,554,050
6,108,390

201404250442(201404250442)
5,051,490
10,318,680
21,564,270
5,554,050
6,108,390

201404250449(201404250449)
5,051,490
10,318,680
21,564,270
5,563,020
6,108,390

201404250450(201404250450)
5,051,490
10,318,680
21,564,270
5,563,020
6,108,390

201404250451(201404250451)
5,051,490
10,318,680
21,564,270
5,563,020
6,108,390

201404250452(201404250452)
5,051,490
10,318,680
21,564,270
5,563,020
6,108,390

201404250459(201404250459)
5,051,490
10,320,960
21,564,270
5,563,020
6,111,780

201404250500(201404250500)
5,051,490
10,320,960
21,564,270
5,563,020
6,111,780

201404250501(201404250501)
5,051,490
10,320,960
21,564,270
5,563,020
6,111,780

201404250502(201404250502)
5,051,490
10,320,960
21,564,270
5,563,020
6,111,780

201404250509(201404250509)
5,066,250
10,322,340
21,564,270
5,563,500
6,117,720

201404250510(201404250510)
5,066,250
10,322,340
21,564,270
5,563,500
6,117,720

201404250511(201404250511)
5,066,250
10,322,340
21,564,270
5,563,500
6,117,720

201404250512(201404250512)
5,066,250
10,322,340
21,564,270
5,563,500
6,117,720

201404250519(201404250519)
5,069,130
10,330,170
21,564,270
5,563,500
6,117,720

201404250520(201404250520)
5,069,130
10,330,170
21,564,270
5,563,500
6,117,720

201404250521(201404250521)
5,069,130
10,330,170
21,564,270
5,574,090
6,117,720

201404250522(201404250522)
5,069,130
10,330,170
21,564,270
5,574,090
6,120,360

201404250529(201404250529)
5,073,930
10,330,170
21,564,270
5,574,090
6,120,360

201404250530(201404250530)
5,073,930
10,330,170
21,564,270
5,582,850
6,120,360

201404250531(201404250531)
5,073,930
10,330,170
21,564,270
5,582,850
6,120,360

201404250532(201404250532)
5,073,930
10,330,170
21,564,270
5,582,850
6,120,360

201404250539(201404250539)
5,073,930
10,330,170
21,564,270
5,586,450
6,120,360

201404250540(201404250540)
5,073,930
10,330,170
21,564,270
5,586,450
6,120,360

201404250541(201404250541)
5,073,930
10,330,170
21,564,270
5,586,450
6,120,360

201404250542(201404250542)
5,073,930
10,330,170
21,564,270
5,586,450
6,120,360

201404250549(201404250549)
5,073,930
10,349,490
21,564,270
5,586,450
6,120,360

201404250550(201404250550)
5,073,930
10,349,490
21,564,270
5,586,450
6,120,360

201404250551(201404250551)
5,073,930
10,349,490
21,564,270
5,586,450
6,120,360

201404250552(201404250552)
5,073,930
10,349,490
21,564,270
5,586,450
6,120,360

201404250559(201404250559)
5,073,930
10,349,490
21,564,270
5,586,450
6,120,360

201404250600(201404250600)
5,073,930
10,349,490
21,564,270
5,586,450
6,120,360

201404250601(201404250601)
5,073,930
10,349,490
21,564,270
5,586,450
6,120,360

201404250602(201404250602)
5,073,930
10,349,490
21,564,270
5,586,450
6,120,360

201404250609(201404250609)
5,073,930
10,349,490
21,564,270
5,590,830
6,120,360

201404250610(201404250610)
5,073,930
10,349,490
21,564,270
5,590,830
6,120,360

201404250611(201404250611)
5,073,930
10,349,490
21,564,270
5,590,830
6,125,700

201404250612(201404250612)
5,073,930
10,349,490
21,564,270
5,590,830
6,128,400

201404250619(201404250619)
5,073,930
10,349,490
21,564,270
5,590,830
6,131,790

201404250620(201404250620)
5,073,930
10,349,490
21,564,270
5,590,830
6,131,790

201404250621(201404250621)
5,073,930
10,349,490
21,564,270
5,590,830
6,131,790

201404250622(201404250622)
5,073,930
10,349,490
21,564,270
5,590,830
6,131,790

201404250629(201404250629)
5,075,250
10,349,490
21,564,270
5,598,690
6,137,550

201404250630(201404250630)
5,075,250
10,349,490
21,564,270
5,598,690
6,137,550

201404250631(201404250631)
5,075,250
10,349,490
21,564,270
5,598,690
6,137,550

201404250632(201404250632)
5,084,850
10,349,490
21,564,270
5,603,070
6,137,550

201404250639(201404250639)
5,084,850
10,349,490
21,564,270
5,603,070
6,152,820

201404250640(201404250640)
5,084,850
10,349,490
21,564,270
5,603,070
6,152,820

201404250641(201404250641)
5,084,850
10,349,490
21,564,270
5,603,070
6,152,820

201404250642(201404250642)
5,084,850
10,349,490
21,564,270
5,603,070
6,152,820

201404250649(201404250649)
5,084,850
10,349,490
21,564,270
5,608,620
6,152,820

201404250650(201404250650)
5,084,850
10,349,490
21,564,270
5,608,620
6,152,820

201404250651(201404250651)
5,084,850
10,349,490
21,564,270
5,610,510
6,152,820

201404250652(201404250652)
5,084,850
10,349,490
21,564,270
5,610,510
6,152,820

201404250659(201404250659)
5,084,850
10,349,910
21,564,270
5,611,890
6,156,210

201404250700(201404250700)
5,084,850
10,349,910
21,564,270
5,611,890
6,156,210

201404250701(201404250701)
5,084,850
10,349,910
21,564,270
5,611,890
6,156,210

201404250702(201404250702)
5,084,850
10,349,910
21,564,270
5,611,890
6,156,210

201404250709(201404250709)
5,095,230
10,364,970
21,564,270
5,611,890
6,177,960

201404250710(201404250710)
5,097,840
10,364,970
21,564,270
5,611,890
6,178,530

201404250711(201404250711)
5,097,840
10,379,190
21,564,270
5,611,890
6,178,530

201404250712(201404250712)
5,097,840
10,379,190
21,564,270
5,611,890
6,178,530

201404250719(201404250719)
5,108,160
10,379,190
21,564,270
5,612,430
6,178,530

201404250720(201404250720)
5,108,160
10,379,190
21,564,270
5,612,430
6,178,530

201404250721(201404250721)
5,108,160
10,379,190
21,564,270
5,612,430
6,178,530

201404250722(201404250722)
5,108,160
10,379,190
21,564,270
5,612,910
6,178,530

201404250729(201404250729)
5,114,010
10,379,190
21,564,270
5,618,070
6,200,850

201404250730(201404250730)
5,114,010
10,379,190
21,564,270
5,618,070
6,200,850

201404250731(201404250731)
5,114,010
10,379,190
21,564,270
5,618,070
6,200,850

201404250732(201404250732)
5,116,980
10,379,190
21,564,270
5,618,070
6,200,850

201404250739(201404250739)
5,116,980
10,379,190
21,564,270
5,618,070
6,200,850

201404250740(201404250740)
5,117,010
10,379,190
21,564,270
5,618,070
6,200,850

201404250741(201404250741)
5,117,010
10,379,190
21,564,270
5,618,070
6,200,850

201404250742(201404250742)
5,117,010
10,379,190
21,564,270
5,618,070
6,200,850

201404250749(201404250749)
5,117,010
10,379,190
21,564,270
5,622,600
6,206,460

201404250750(201404250750)
5,117,010
10,379,190
21,564,270
5,622,600
6,220,020

201404250751(201404250751)
5,117,010
10,379,190
21,564,270
5,622,600
6,220,470

201404250752(201404250752)
5,117,010
10,379,190
21,564,270
5,622,600
6,226,740

201404250759(201404250759)
5,117,010
10,379,190
21,564,270
5,622,600
6,226,740

201404250800(201404250800)
5,117,010
10,379,190
21,564,270
5,622,600
6,226,740

201404250801(201404250801)
5,117,010
10,379,190
21,564,270
5,622,600
6,226,740

201404250802(201404250802)
5,118,090
10,379,190
21,564,270
5,622,600
6,226,740

201404250809(201404250809)
5,118,090
10,379,190
21,564,270
5,629,020
6,240,060

201404250810(201404250810)
5,120,100
10,379,190
21,564,270
5,629,020
6,240,060

201404250811(201404250811)
5,120,100
10,379,190
21,564,270
5,629,020
6,240,060

201404250812(201404250812)
5,120,100
10,379,190
21,564,270
5,629,020
6,240,060

201404250819(201404250819)
5,127,780
10,379,190
21,564,270
5,632,680
6,240,060

201404250820(201404250820)
5,127,780
10,379,190
21,564,270
5,632,680
6,240,060

201404250821(201404250821)
5,133,600
10,379,190
21,564,270
5,634,690
6,240,060

201404250822(201404250822)
5,133,600
10,379,190
21,564,270
5,634,690
6,243,150

201404250829(201404250829)
5,135,580
10,383,810
21,564,270
5,634,690
6,243,150

201404250830(201404250830)
5,135,580
10,383,810
21,564,270
5,634,690
6,243,150

201404250831(201404250831)
5,135,580
10,383,810
21,564,270
5,634,690
6,243,150

201404250832(201404250832)
5,135,580
10,383,810
21,564,270
5,639,130
6,243,150

201404250839(201404250839)
5,135,580
10,401,630
21,564,270
5,639,130
6,256,920

201404250840(201404250840)
5,135,580
10,401,630
21,564,270
5,639,130
6,256,920

201404250841(201404250841)
5,135,580
10,401,630
21,564,270
5,639,130
6,256,920

201404250842(201404250842)
5,135,580
10,401,630
21,564,270
5,639,130
6,256,920

201404250849(201404250849)
5,136,240
10,430,220
21,564,270
5,639,130
6,256,920

201404250850(201404250850)
5,136,240
10,430,220
21,564,270
5,639,130
6,256,920

201404250851(201404250851)
5,136,240
10,430,220
21,564,270
5,639,130
6,256,920

201404250852(201404250852)
5,136,240
10,430,220
21,564,270
5,639,130
6,256,920

201404250859(201404250859)
5,143,320
10,430,220
21,564,270
5,639,130
6,256,920

201404250900(201404250900)
5,143,320
10,430,220
21,564,270
5,639,130
6,256,920

201404250901(201404250901)
5,151,300
10,430,220
21,564,270
5,639,130
6,260,670

201404250902(201404250902)
5,151,300
10,430,220
21,564,270
5,639,130
6,260,670

201404250909(201404250909)
5,151,540
10,430,820
21,564,270
5,643,060
6,260,670

201404250910(201404250910)
5,151,540
10,430,820
21,564,270
5,643,060
6,260,670

201404250911(201404250911)
5,151,540
10,430,820
21,564,270
5,643,060
6,260,670

201404250912(201404250912)
5,151,540
10,443,180
21,564,270
5,643,060
6,260,670

201404250919(201404250919)
5,151,540
10,443,180
21,564,270
5,650,050
6,266,670

201404250920(201404250920)
5,151,540
10,443,180
21,564,270
5,650,050
6,266,670

201404250921(201404250921)
5,151,540
10,443,180
21,564,270
5,650,050
6,266,670

201404250922(201404250922)
5,158,770
10,443,180
21,564,270
5,650,050
6,266,670

201404250929(201404250929)
5,158,770
10,443,180
21,564,270
5,656,560
6,266,670

201404250930(201404250930)
5,158,770
10,443,180
21,564,270
5,656,560
6,274,800

201404250931(201404250931)
5,158,770
10,454,580
21,564,270
5,656,560
6,274,800

201404250932(201404250932)
5,158,770
10,454,580
21,564,270
5,656,560
6,274,800

201404250939(201404250939)
5,158,770
10,454,580
21,564,270
5,656,560
6,275,220

201404250940(201404250940)
5,158,770
10,454,580
21,564,270
5,656,560
6,275,220

201404250941(201404250941)
5,158,770
10,454,580
21,564,270
5,656,560
6,275,220

201404250942(201404250942)
5,158,770
10,454,580
21,564,270
5,656,560
6,275,220

201404250949(201404250949)
5,158,770
10,476,630
21,564,270
5,656,560
6,275,220

201404250950(201404250950)
5,158,770
10,476,630
21,564,270
5,656,560
6,275,220

201404250951(201404250951)
5,158,770
10,476,630
21,564,270
5,656,560
6,275,220

201404250952(201404250952)
5,158,770
10,476,630
21,564,270
5,656,560
6,275,220

201404250959(201404250959)
5,158,770
10,476,630
21,564,270
5,675,400
6,275,220

201404251000(201404251000)
5,158,770
10,476,630
21,564,270
5,675,400
6,275,970

201404251001(201404251001)
5,158,770
10,476,630
21,564,270
5,675,400
6,275,970

201404251002(201404251002)
5,158,770
10,476,630
21,564,270
5,675,400
6,275,970

201404251009(201404251009)
5,164,500
10,476,630
21,564,270
5,679,150
6,276,600

201404251010(201404251010)
5,164,500
10,476,630
21,564,270
5,679,150
6,276,600

201404251011(201404251011)
5,164,500
10,476,630
21,564,270
5,679,150
6,276,600

201404251012(201404251012)
5,165,370
10,476,630
21,564,270
5,680,680
6,276,600

201404251019(201404251019)
5,171,340
10,476,630
21,564,270
5,694,960
6,290,760

201404251020(201404251020)
5,171,340
10,476,630
21,564,270
5,694,960
6,290,760

201404251021(201404251021)
5,171,340
10,476,630
21,564,270
5,694,960
6,290,760

201404251022(201404251022)
5,171,340
10,476,630
21,564,270
5,694,960
6,290,760

201404251029(201404251029)
5,171,340
10,476,630
21,564,270
5,701,950
6,290,760

201404251030(201404251030)
5,175,420
10,476,630
21,564,270
5,701,950
6,290,760

201404251031(201404251031)
5,175,420
10,476,630
21,564,270
5,701,950
6,290,760

201404251032(201404251032)
5,175,420
10,476,630
21,564,270
5,701,950
6,290,760

201404251039(201404251039)
5,181,540
10,476,630
21,564,270
5,703,600
6,309,030

201404251040(201404251040)
5,181,540
10,476,630
21,564,270
5,703,600
6,309,030

201404251041(201404251041)
5,181,540
10,476,630
21,564,270
5,703,600
6,309,030

201404251042(201404251042)
5,181,540
10,476,630
21,564,270
5,703,600
6,309,030

201404251049(201404251049)
5,181,540
10,479,420
21,564,270
5,703,600
6,309,570

201404251050(201404251050)
5,181,540
10,479,420
21,564,270
5,703,600
6,320,730

201404251051(201404251051)
5,181,540
10,483,170
21,564,270
5,703,600
6,320,730

201404251052(201404251052)
5,182,110
10,483,170
21,564,270
5,703,600
6,320,730

201404251059(201404251059)
5,196,930
10,503,330
21,564,270
5,705,790
6,324,630

201404251100(201404251100)
5,196,930
10,503,330
21,564,270
5,705,790
6,324,630

201404251101(201404251101)
5,196,930
10,503,330
21,564,270
5,705,790
6,324,630

201404251102(201404251102)
5,196,930
10,503,330
21,564,270
5,705,790
6,324,630

201404251109(201404251109)
5,196,930
10,503,330
21,564,270
5,705,790
6,324,630

201404251110(201404251110)
5,196,930
10,503,330
21,564,270
5,705,790
6,324,630

201404251111(201404251111)
5,196,930
10,503,330
21,564,270
5,705,790
6,324,630

201404251112(201404251112)
5,196,930
10,503,330
21,564,270
5,705,790
6,324,630

201404251119(201404251119)
5,202,300
10,518,120
21,564,270
5,705,790
6,324,630

201404251120(201404251120)
5,202,300
10,523,250
21,564,270
5,705,790
6,324,630

201404251121(201404251121)
5,202,300
10,523,250
21,564,270
5,705,790
6,324,630

201404251122(201404251122)
5,202,300
10,523,250
21,564,270
5,705,790
6,324,630

201404251129(201404251129)
5,211,090
10,526,490
21,564,270
5,705,790
6,324,630

201404251130(201404251130)
5,211,090
10,526,490
21,564,270
5,705,790
6,324,630

201404251131(201404251131)
5,211,090
10,526,490
21,564,270
5,705,790
6,324,630

201404251132(201404251132)
5,211,090
10,526,490
21,564,270
5,705,790
6,324,630

201404251139(201404251139)
5,212,530
10,526,490
21,564,270
5,705,790
6,324,630

201404251140(201404251140)
5,212,530
10,526,490
21,564,270
5,705,790
6,324,630

201404251141(201404251141)
5,212,530
10,526,490
21,564,270
5,705,790
6,324,630

201404251142(201404251142)
5,212,530
10,526,490
21,564,270
5,705,790
6,324,630

201404251149(201404251149)
5,215,050
10,526,490
21,564,270
5,728,590
6,324,630

201404251150(201404251150)
5,215,050
10,526,490
21,564,270
5,728,590
6,324,630

201404251151(201404251151)
5,215,050
10,526,490
21,564,270
5,728,590
6,332,790

201404251152(201404251152)
5,215,050
10,526,490
21,564,270
5,728,590
6,332,790

201404251159(201404251159)
5,216,100
10,540,470
21,564,270
5,755,950
6,332,790

201404251200(201404251200)
5,216,100
10,540,470
21,564,270
5,755,950
6,332,790

201404251201(201404251201)
5,216,100
10,546,170
21,564,270
5,773,890
6,332,790

201404251202(201404251202)
5,216,100
10,546,170
21,564,270
5,773,890
6,332,790

201404251209(201404251209)
5,227,950
10,546,170
21,564,270
5,773,890
6,332,790

201404251210(201404251210)
5,227,950
10,546,170
21,564,270
5,773,890
6,332,790

201404251211(201404251211)
5,227,950
10,546,170
21,564,270
5,773,890
6,332,790

201404251212(201404251212)
5,227,950
10,546,170
21,564,270
5,775,960
6,332,790

201404251219(201404251219)
5,250,690
10,552,590
21,564,270
5,776,890
6,346,470

201404251220(201404251220)
5,250,690
10,552,590
21,564,270
5,776,890
6,346,470

201404251221(201404251221)
5,250,690
10,552,590
21,564,270
5,776,890
6,346,470

201404251222(201404251222)
5,250,690
10,570,350
21,564,270
5,776,890
6,346,470

201404251229(201404251229)
5,250,690
10,570,350
21,564,270
5,794,980
6,347,100

201404251230(201404251230)
5,250,690
10,570,350
21,564,270
5,794,980
6,347,100

201404251231(201404251231)
5,250,690
10,570,350
21,564,270
5,794,980
6,347,100

201404251232(201404251232)
5,250,690
10,570,350
21,564,270
5,794,980
6,347,100

201404251239(201404251239)
5,251,500
10,574,610
21,564,270
5,796,600
6,355,590

201404251240(201404251240)
5,251,500
10,574,610
21,564,270
5,796,600
6,355,590

201404251241(201404251241)
5,251,500
10,574,610
21,564,270
5,796,600
6,355,590

201404251242(201404251242)
5,251,500
10,574,610
21,564,270
5,796,600
6,355,650

201404251249(201404251249)
5,251,500
10,574,610
21,564,270
5,803,050
6,355,800

201404251250(201404251250)
5,261,970
10,585,500
21,564,270
5,803,050
6,358,020

201404251251(201404251251)
5,261,970
10,585,500
21,564,270
5,803,050
6,358,020

201404251252(201404251252)
5,273,310
10,585,500
21,564,270
5,803,050
6,358,020

201404251259(201404251259)
5,287,830
10,585,500
21,564,270
5,807,370
6,368,580

201404251300(201404251300)
5,287,830
10,585,500
21,564,270
5,807,370
6,377,070

201404251301(201404251301)
5,287,830
10,585,500
21,564,270
5,807,370
6,377,070

201404251302(201404251302)
5,287,830
10,585,500
21,564,270
5,807,370
6,377,070

201404251309(201404251309)
5,287,830
10,585,500
21,564,270
5,807,910
6,385,260

201404251310(201404251310)
5,291,790
10,585,500
21,564,270
5,807,910
6,385,260

201404251311(201404251311)
5,291,790
10,585,500
21,564,270
5,807,910
6,385,260

201404251312(201404251312)
5,292,690
10,585,500
21,564,270
5,808,540
6,386,970

201404251319(201404251319)
5,293,290
10,585,500
21,564,270
5,808,540
6,389,910

201404251320(201404251320)
5,293,290
10,586,910
21,564,270
5,808,540
6,389,910

201404251321(201404251321)
5,293,290
10,586,910
21,564,270
5,808,540
6,389,910

201404251322(201404251322)
5,293,290
10,586,910
21,564,270
5,808,540
6,396,360

201404251329(201404251329)
5,305,530
10,600,680
21,564,270
5,824,830
6,405,450

201404251330(201404251330)
5,307,030
10,600,680
21,564,270
5,824,830
6,405,450

201404251331(201404251331)
5,307,030
10,600,680
21,564,270
5,824,830
6,405,450

201404251332(201404251332)
5,307,030
10,600,680
21,564,270
5,830,890
6,405,450

201404251339(201404251339)
5,334,360
10,621,920
21,564,270
5,830,890
6,405,870

201404251340(201404251340)
5,334,360
10,621,920
21,564,270
5,830,890
6,405,870

201404251341(201404251341)
5,334,360
10,621,920
21,564,270
5,830,890
6,405,870

201404251342(201404251342)
5,334,360
10,621,920
21,564,270
5,830,890
6,405,870

201404251349(201404251349)
5,334,390
10,621,920
21,564,270
5,837,940
6,424,050

201404251350(201404251350)
5,334,390
10,621,920
21,564,270
5,837,940
6,424,050

201404251351(201404251351)
5,334,390
10,621,920
21,564,270
5,837,940
6,424,050

201404251352(201404251352)
5,334,390
10,621,920
21,564,270
5,837,940
6,424,050

201404251359(201404251359)
5,334,390
10,649,640
21,564,270
5,837,940
6,424,050

201404251400(201404251400)
5,334,390
10,649,640
21,564,270
5,837,940
6,424,050

201404251401(201404251401)
5,334,390
10,649,640
21,564,270
5,837,940
6,424,050

201404251402(201404251402)
5,334,390
10,649,640
21,564,270
5,837,940
6,424,050

201404251409(201404251409)
5,334,390
10,649,640
21,564,270
5,837,940
6,424,050

201404251410(201404251410)
5,334,390
10,649,640
21,564,270
5,837,940
6,424,050

201404251411(201404251411)
5,334,390
10,649,640
21,564,270
5,837,940
6,424,050

201404251412(201404251412)
5,334,390
10,649,640
21,564,270
5,843,970
6,424,050

201404251419(201404251419)
5,337,390
10,649,910
21,564,270
5,843,970
6,432,210

201404251420(201404251420)
5,337,390
10,649,910
21,564,270
5,843,970
6,432,210

201404251421(201404251421)
5,337,390
10,649,910
21,564,270
5,853,150
6,432,210

201404251422(201404251422)
5,337,390
10,655,100
21,564,270
5,857,350
6,432,210

201404251429(201404251429)
5,337,390
10,655,100
21,564,270
5,871,240
6,432,210

201404251430(201404251430)
5,337,390
10,655,100
21,564,270
5,871,240
6,432,210

201404251431(201404251431)
5,337,390
10,655,100
21,564,270
5,871,240
6,432,210

201404251432(201404251432)
5,337,390
10,655,100
21,564,270
5,871,240
6,432,210

201404251439(201404251439)
5,339,580
10,660,110
21,564,270
5,872,590
6,432,210

201404251440(201404251440)
5,339,580
10,660,110
21,564,270
5,872,590
6,432,210

201404251441(201404251441)
5,339,580
10,660,110
21,564,270
5,872,590
6,432,210

201404251442(201404251442)
5,342,880
10,677,360
21,564,270
5,872,590
6,451,140

201404251449(201404251449)
5,344,440
10,682,880
21,564,270
5,872,590
6,451,140

201404251450(201404251450)
5,344,440
10,682,880
21,564,270
5,876,070
6,451,140

201404251451(201404251451)
5,344,440
10,682,880
21,564,270
5,876,070
6,451,140

201404251452(201404251452)
5,344,440
10,682,880
21,564,270
5,876,070
6,451,140

201404251459(201404251459)
5,344,440
10,682,880
21,564,270
5,876,070
6,458,760

201404251500(201404251500)
5,344,440
10,682,880
21,564,270
5,876,070
6,458,760

201404251501(201404251501)
5,348,250
10,682,880
21,564,270
5,876,070
6,458,760

201404251502(201404251502)
5,348,250
10,682,880
21,564,270
5,876,070
6,458,760

201404251509(201404251509)
5,348,250
10,690,620
21,564,270
5,900,940
6,458,760

201404251510(201404251510)
5,350,350
10,690,620
21,564,270
5,900,940
6,458,760

201404251511(201404251511)
5,350,350
10,690,620
21,564,270
5,901,600
6,458,760

201404251512(201404251512)
5,350,350
10,690,620
21,564,270
5,901,600
6,458,760

201404251519(201404251519)
5,350,350
10,690,620
21,564,270
5,905,950
6,458,760

201404251520(201404251520)
5,350,350
10,690,620
21,564,270
5,905,950
6,458,760

201404251521(201404251521)
5,350,350
10,690,620
21,564,270
5,905,950
6,458,760

201404251522(201404251522)
5,350,350
10,690,620
21,564,270
5,905,950
6,458,760

201404251529(201404251529)
5,350,350
10,690,620
21,564,270
5,905,950
6,458,760

201404251530(201404251530)
5,350,350
10,690,620
21,564,270
5,905,950
6,458,760

201404251531(201404251531)
5,350,350
10,690,620
21,564,270
5,905,950
6,458,760

201404251532(201404251532)
5,350,350
10,690,620
21,564,270
5,905,950
6,458,760

201404251539(201404251539)
5,350,350
10,690,620
21,564,270
5,906,880
6,476,100

201404251540(201404251540)
5,350,350
10,703,790
21,564,270
5,906,880
6,476,100

201404251541(201404251541)
5,350,350
10,709,070
21,564,270
5,906,880
6,476,100

201404251542(201404251542)
5,350,350
10,709,070
21,564,270
5,906,880
6,476,100

201404251549(201404251549)
5,351,760
10,709,070
21,564,270
5,906,880
6,476,100

201404251550(201404251550)
5,351,760
10,709,070
21,564,270
5,906,880
6,476,100

201404251551(201404251551)
5,351,760
10,709,070
21,564,270
5,906,880
6,476,100

201404251552(201404251552)
5,351,760
10,709,070
21,564,270
5,906,880
6,476,100

201404251559(201404251559)
5,368,800
10,709,520
21,564,270
5,913,300
6,477,210

201404251600(201404251600)
5,368,800
10,709,520
21,564,270
5,913,300
6,477,210

201404251601(201404251601)
5,379,330
10,709,520
21,564,270
5,915,100
6,477,210

201404251602(201404251602)
5,379,330
10,709,520
21,564,270
5,940,960
6,477,210

201404251609(201404251609)
5,379,330
10,709,520
21,564,270
5,944,410
6,482,100

201404251610(201404251610)
5,379,330
10,709,520
21,564,270
5,944,410
6,482,100

201404251611(201404251611)
5,379,330
10,709,520
21,564,270
5,944,410
6,482,100

201404251612(201404251612)
5,379,330
10,709,520
21,564,270
5,944,410
6,487,170

201404251619(201404251619)
5,394,900
10,709,520
21,564,270
5,944,410
6,487,170

201404251620(201404251620)
5,394,900
10,709,520
21,564,270
5,944,410
6,487,170

201404251621(201404251621)
5,394,900
10,709,520
21,564,270
5,944,410
6,487,170

201404251622(201404251622)
5,394,900
10,709,520
21,564,270
5,944,410
6,487,170

201404251629(201404251629)
5,394,960
10,709,520
21,564,270
5,949,450
6,487,440

201404251630(201404251630)
5,394,960
10,709,520
21,564,270
5,949,450
6,487,440

201404251631(201404251631)
5,394,960
10,709,520
21,564,270
5,949,450
6,487,440

201404251632(201404251632)
5,394,960
10,709,520
21,564,270
5,949,450
6,487,440

201404251639(201404251639)
5,404,320
10,723,080
21,564,270
5,963,040
6,498,840

201404251640(201404251640)
5,404,320
10,724,280
21,564,270
5,963,040
6,498,840

201404251641(201404251641)
5,404,320
10,724,280
21,564,270
5,963,040
6,498,840

201404251642(201404251642)
5,404,320
10,724,280
21,564,270
5,963,040
6,498,840

201404251649(201404251649)
5,404,320
10,727,100
21,564,270
5,963,040
6,500,490

201404251650(201404251650)
5,404,320
10,727,100
21,564,270
5,963,040
6,500,490

201404251651(201404251651)
5,404,320
10,727,100
21,564,270
5,963,040
6,500,490

201404251652(201404251652)
5,404,320
10,727,100
21,564,270
5,963,040
6,500,490

201404251659(201404251659)
5,416,530
10,727,100
21,564,270
5,967,000
6,503,670

201404251700(201404251700)
5,416,530
10,727,100
21,564,270
5,971,110
6,503,670

201404251701(201404251701)
5,434,860
10,727,100
21,564,270
5,971,110
6,503,670

201404251702(201404251702)
5,434,860
10,727,100
21,564,270
5,971,110
6,503,670

201404251709(201404251709)
5,436,390
10,727,100
21,564,270
5,971,110
6,509,280

201404251710(201404251710)
5,436,390
10,727,100
21,564,270
5,971,110
6,509,280

201404251711(201404251711)
5,436,390
10,727,100
21,564,270
5,971,110
6,509,280

201404251712(201404251712)
5,436,390
10,727,100
21,564,270
5,971,110
6,509,280

201404251719(201404251719)
5,436,390
10,727,100
21,564,270
5,971,110
6,523,140

201404251720(201404251720)
5,436,390
10,727,100
21,564,270
5,971,110
6,523,140

201404251721(201404251721)
5,436,390
10,727,100
21,634,590
5,971,110
6,523,140

201404251722(201404251722)
5,436,390
10,727,100
21,645,390
5,971,110
6,523,140

201404251729(201404251729)
5,436,720
10,727,100
21,660,990
5,971,110
6,534,480

201404251730(201404251730)
5,436,720
10,727,100
21,660,990
5,971,110
6,534,480

201404251731(201404251731)
5,446,560
10,727,100
21,660,990
5,971,110
6,534,480

201404251732(201404251732)
5,446,560
10,727,100
21,660,990
5,971,110
6,534,480

201404251739(201404251739)
5,459,130
10,727,100
21,802,890
5,984,190
6,534,480

201404251740(201404251740)
5,459,250
10,727,100
21,815,790
5,997,660
6,534,480

201404251741(201404251741)
5,459,250
10,727,100
21,815,790
6,000,150
6,534,480

201404251742(201404251742)
5,459,250
10,727,100
21,815,790
6,001,920
6,534,480

201404251749(201404251749)
5,459,250
10,727,100
22,254,360
6,012,510
6,558,570

201404251750(201404251750)
5,459,250
10,727,100
22,264,260
6,014,730
6,558,570

201404251751(201404251751)
5,459,250
10,727,100
22,382,460
6,014,730
6,558,570

201404251752(201404251752)
5,459,250
10,727,100
22,389,600
6,014,730
6,558,570

201404251759(201404251759)
5,459,250
10,727,100
22,389,600
6,014,730
6,565,260

201404251800(201404251800)
5,459,250
10,727,100
22,389,600
6,014,730
6,565,260

201404251801(201404251801)
5,459,250
10,727,100
22,389,600
6,014,730
6,565,260

201404251802(201404251802)
5,459,250
10,727,100
22,389,600
6,014,730
6,565,260

201404251809(201404251809)
5,469,900
10,728,300
22,389,600
6,024,210
6,565,260

201404251810(201404251810)
5,469,900
10,728,300
22,389,600
6,024,210
6,565,260

201404251811(201404251811)
5,469,900
10,728,300
22,389,600
6,024,210
6,565,260

201404251812(201404251812)
5,469,900
10,728,300
22,389,600
6,024,210
6,565,260

201404251819(201404251819)
5,469,900
10,728,300
22,389,600
6,030,030
6,570,240

201404251820(201404251820)
5,469,900
10,728,300
22,389,600
6,030,030
6,570,240

201404251821(201404251821)
5,469,900
10,728,300
22,389,600
6,030,030
6,571,410

201404251822(201404251822)
5,469,900
10,728,300
22,389,600
6,030,030
6,571,410

201404251829(201404251829)
10,728,300
22,389,600
6,030,030
6,585,390

201404251830(201404251830)
5,485,860
10,728,300
22,389,600
6,030,030
6,585,390

201404251831(201404251831)
5,485,860
10,728,300
22,389,600
6,030,030
6,585,390

201404251832(201404251832)
5,485,860
10,728,300
22,389,600
6,030,030
6,587,070

201404251839(201404251839)
5,485,860
10,741,470
22,389,600
6,034,950
6,605,100

201404251840(201404251840)
5,485,860
10,741,470
22,389,600
6,034,950
6,605,100

201404251841(201404251841)
5,485,860
10,741,470
22,389,600
6,034,950
6,605,100

201404251842(201404251842)
5,485,860
10,741,470
22,389,600
6,034,950
6,605,100

201404251849(201404251849)
5,500,050
10,741,470
22,389,600
6,036,630
6,606,240

201404251850(201404251850)
5,500,050
10,741,470
22,390,500
6,036,630
6,606,240

201404251851(201404251851)
5,500,050
10,741,470
22,390,500
6,036,630
6,606,240

201404251852(201404251852)
5,500,050
10,741,470
22,390,500
6,036,630
6,606,630

201404251859(201404251859)
5,502,150
10,741,470
22,390,500
6,036,630
6,606,630

201404251900(201404251900)
5,502,150
10,741,470
22,390,500
6,036,630
6,606,630

201404251901(201404251901)
5,502,150
10,741,470
22,390,500
6,036,630
6,606,630

201404251902(201404251902)
5,502,150
10,741,470
22,390,500
6,036,630
6,606,630

201404251909(201404251909)
5,508,360
10,741,470
22,390,500
6,044,850
6,606,630

201404251910(201404251910)
5,508,360
10,741,470
22,390,500
6,044,850
6,606,630

201404251911(201404251911)
5,508,360
10,741,470
22,390,500
6,044,850
6,609,360

201404251912(201404251912)
5,508,360
10,741,470
22,390,500
6,044,850
6,609,360

201404251919(201404251919)
5,513,340
10,742,910
22,390,500
6,047,520
6,609,360

201404251920(201404251920)
5,513,340
10,742,910
22,390,500
6,047,520
6,609,360

201404251921(201404251921)
5,513,340
10,742,910
22,390,500
6,047,520
6,609,360

201404251922(201404251922)
5,513,340
10,749,930
22,390,500
6,047,520
6,609,360

201404251929(201404251929)
5,518,170
10,813,110
22,390,500
6,047,520
6,609,360

201404251930(201404251930)
5,518,170
10,813,110
22,390,500
6,047,520
6,609,360

201404251931(201404251931)
5,518,170
10,813,110
22,390,500
6,060,030
6,609,360

201404251932(201404251932)
5,518,170
10,813,110
22,390,500
6,060,030
6,609,360

201404251939(201404251939)
5,518,170
10,813,110
22,390,500
6,066,030
6,609,360

201404251940(201404251940)
5,518,170
10,813,110
22,390,500
6,066,030
6,609,360

201404251941(201404251941)
5,518,170
10,813,110
22,390,500
6,066,030
6,609,360

201404251942(201404251942)
5,518,170
10,813,110
22,390,500
6,066,030
6,609,360

201404251949(201404251949)
5,523,810
10,813,110
22,932,000
6,074,070
6,617,250

201404251950(201404251950)
5,523,810
10,813,110
22,932,000
6,074,070
6,617,250

201404251951(201404251951)
5,523,810
10,813,110
22,932,000
6,074,070
6,617,250

201404251952(201404251952)
5,523,810
10,813,110
22,932,000
6,074,070
6,618,990

201404251959(201404251959)
5,523,810
10,813,110
22,932,000
6,080,970
6,625,890

201404252000(201404252000)
5,523,810
10,813,110
22,932,000
6,080,970
6,625,890

201404252001(201404252001)
5,523,810
10,813,110
22,932,000
6,080,970
6,634,020

201404252002(201404252002)
5,523,810
10,813,110
22,932,000
6,080,970
6,634,020

201404252009(201404252009)
5,530,320
10,869,540
22,932,000
6,093,090
6,639,150

201404252010(201404252010)
5,530,320
10,869,540
22,932,000
6,093,090
6,639,150

201404252011(201404252011)
5,530,320
10,869,540
22,932,000
6,093,090
6,649,800

201404252012(201404252012)
5,530,320
10,869,540
22,932,000
6,093,090
6,649,800

201404252019(201404252019)
5,542,590
10,884,720
22,932,000
6,097,620
6,649,800

201404252020(201404252020)
5,542,590
10,884,720
22,932,000
6,097,620
6,649,800

201404252021(201404252021)
5,542,590
10,884,720
22,932,000
6,097,620
6,651,510

201404252022(201404252022)
5,542,590
10,885,170
22,932,000
6,097,620
6,655,920

201404252029(201404252029)
5,554,500
10,885,170
22,932,000
6,111,780
6,656,700

201404252030(201404252030)
5,554,500
10,885,170
22,932,000
6,111,780
6,665,850

201404252031(201404252031)
5,554,500
10,885,170
22,932,000
6,111,780
6,665,850

201404252032(201404252032)
5,554,500
10,885,170
22,932,000
6,111,780
6,665,850

201404252039(201404252039)
5,554,500
10,891,170
22,932,000
6,111,780
6,665,850

201404252040(201404252040)
5,557,140
10,891,170
22,932,000
6,111,780
6,665,850

201404252041(201404252041)
5,557,140
10,891,170
22,932,000
6,111,780
6,665,850

201404252042(201404252042)
5,573,250
10,891,170
22,932,000
6,111,780
6,665,850

201404252049(201404252049)
5,573,250
10,891,290
22,932,000
6,114,030
6,688,590

201404252050(201404252050)
5,573,250
10,891,290
22,932,000
6,126,090
6,688,590

201404252051(201404252051)
5,578,290
10,891,290
22,932,000
6,126,090
6,688,590

201404252052(201404252052)
5,578,500
10,891,290
22,932,000
6,126,090
6,688,590

201404252059(201404252059)
5,582,850
10,891,290
22,950,750
6,131,790
6,695,850

201404252100(201404252100)
5,582,850
10,891,290
22,950,750
6,131,790
6,695,850

201404252101(201404252101)
5,582,850
10,891,290
22,950,750
6,131,790
6,695,850

201404252102(201404252102)
5,582,850
10,891,290
22,950,750
6,131,790
6,695,850

201404252109(201404252109)
5,582,850
10,891,290
22,950,750
6,131,790
6,702,360

201404252110(201404252110)
5,582,850
10,891,290
22,950,750
6,131,790
6,704,760

201404252111(201404252111)
5,582,850
10,903,680
22,950,750
6,131,790
6,710,700

201404252112(201404252112)
5,582,850
10,903,680
22,950,750
6,131,790
6,710,700

201404252119(201404252119)
5,582,850
10,915,770
22,950,750
6,139,650
6,720,990

201404252120(201404252120)
5,582,850
10,915,770
22,950,750
6,141,630
6,720,990

201404252121(201404252121)
5,582,850
10,915,770
22,950,750
6,143,700
6,720,990

201404252122(201404252122)
5,582,850
10,915,770
22,950,750
6,143,700
6,720,990

201404252129(201404252129)
5,584,800
10,915,770
22,950,750
6,144,120
6,722,550

201404252130(201404252130)
5,597,490
10,915,770
22,950,750
6,144,120
6,722,550

201404252131(201404252131)
5,598,690
10,977,780
22,950,750
6,144,120
6,722,550

201404252132(201404252132)
5,598,690
10,977,780
22,950,750
6,144,120
6,723,360

201404252139(201404252139)
5,620,890
10,977,780
22,950,750
6,169,470
6,723,360

201404252140(201404252140)
5,620,890
10,977,780
22,950,750
6,169,470
6,723,360

201404252141(201404252141)
5,620,890
10,977,780
22,950,750
6,169,470
6,723,360

201404252142(201404252142)
5,620,890
10,977,780
22,950,750
6,169,470
6,723,360

201404252149(201404252149)
5,622,600
10,977,780
22,950,750
6,178,800
6,723,360

201404252150(201404252150)
5,622,600
10,977,780
22,950,750
6,178,800
6,723,360

201404252151(201404252151)
5,622,600
10,981,830
22,950,750
6,181,110
6,723,360

201404252152(201404252152)
5,622,600
10,981,830
22,950,750
6,184,500
6,723,360

201404252159(201404252159)
5,625,450
10,981,830
22,950,750
6,196,890
6,741,900

201404252200(201404252200)
5,625,450
10,981,830
22,950,750
6,196,890
6,741,900

201404252201(201404252201)
5,625,450
10,981,830
22,950,750
6,209,730
6,741,900

201404252202(201404252202)
5,625,450
10,981,830
22,950,750
6,209,730
6,741,900

201404252209(201404252209)
5,625,450
10,983,810
22,950,750
6,210,330
6,741,900

201404252210(201404252210)
5,626,620
10,983,810
22,950,750
6,215,850
6,741,900

201404252211(201404252211)
5,626,620
10,983,810
22,950,750
6,215,850
6,741,900

201404252212(201404252212)
5,626,620
10,983,810
22,950,750
6,215,850
6,747,240

201404252219(201404252219)
5,632,800
10,990,290
22,950,750
6,220,020
6,767,160

201404252220(201404252220)
5,632,800
10,990,290
22,950,750
6,220,020
6,767,550

201404252221(201404252221)
5,632,800
10,990,290
22,950,750
6,220,020
6,767,550

201404252222(201404252222)
5,632,800
10,990,290
22,950,750
6,220,020
6,767,550

201404252229(201404252229)
5,634,690
10,994,040
22,950,750
6,230,370
6,807,060

201404252230(201404252230)
5,634,690
10,994,040
22,950,750
6,230,370
6,807,060

201404252231(201404252231)
5,634,690
11,012,730
22,950,750
6,230,370
6,807,060

201404252232(201404252232)
5,634,690
11,012,730
22,960,200
6,237,600
6,807,060

201404252239(201404252239)
5,663,100
11,053,890
23,106,240
6,255,720
6,813,990

201404252240(201404252240)
5,666,370
11,053,890
23,106,240
6,255,720
6,818,190

201404252241(201404252241)
5,666,550
11,053,890
23,106,240
6,255,720
6,818,190

201404252242(201404252242)
5,666,550
11,078,940
23,106,240
6,265,080
6,819,780

201404252249(201404252249)
5,666,550
11,078,940
23,106,240
6,265,170
6,820,410

201404252250(201404252250)
5,666,550
11,078,940
23,106,240
6,266,520
6,820,410

201404252251(201404252251)
5,666,550
11,078,940
23,106,240
6,268,350
6,829,680

201404252252(201404252252)
5,666,550
11,078,940
23,106,240
6,268,350
6,829,680

201404252259(201404252259)
5,675,400
11,078,940
23,106,240
6,273,210
6,829,680

201404252300(201404252300)
5,675,400
11,078,940
23,106,240
6,273,420
6,829,680

201404252301(201404252301)
5,675,400
11,083,980
23,106,240
6,273,480
6,829,680

201404252302(201404252302)
5,676,300
11,083,980
23,106,240
6,274,980
6,829,680

201404252309(201404252309)
5,686,710
11,083,980
23,106,240
6,276,960
6,841,200

201404252310(201404252310)
5,686,710
11,083,980
23,106,240
6,276,960
6,841,200

201404252311(201404252311)
5,686,710
11,083,980
23,106,240
6,276,960
6,841,200

201404252312(201404252312)
5,686,710
11,083,980
23,106,240
6,276,960
6,841,200

201404252319(201404252319)
5,694,960
11,085,420
23,162,100
6,276,960
6,841,200

201404252320(201404252320)
5,694,960
11,090,310
23,162,100
6,278,010
6,841,200

201404252321(201404252321)
5,694,960
11,090,310
23,162,100
6,278,010
6,841,200

201404252322(201404252322)
5,694,960
11,090,310
23,162,100
6,278,010
6,841,200

201404252329(201404252329)
5,721,900
11,090,310
23,162,100
6,278,010
6,844,590

201404252330(201404252330)
5,722,830
11,091,000
23,162,100
6,278,010
6,846,120

201404252331(201404252331)
5,731,590
11,091,000
23,162,100
6,278,010
6,846,120

201404252332(201404252332)
5,731,620
11,091,000
23,162,100
6,278,010
6,849,420

201404252339(201404252339)
5,739,540
11,091,000
23,162,100
6,293,100
6,884,310

201404252340(201404252340)
5,739,540
11,091,000
23,162,100
6,293,100
6,885,960

201404252341(201404252341)
5,739,540
11,091,000
23,162,100
6,293,100
6,889,860

201404252342(201404252342)
5,739,540
11,091,000
23,162,100
6,293,100
6,889,950

201404252349(201404252349)
5,739,690
11,097,000
23,162,100
6,297,510
6,898,650

201404252350(201404252350)
5,753,490
11,097,000
23,162,100
6,297,510
6,898,650

201404252351(201404252351)
5,753,490
11,097,000
23,162,100
6,297,510
6,898,650

201404252352(201404252352)
5,758,560
11,097,000
23,162,100
6,327,090
6,898,650

201404252359(201404252359)
5,760,900
11,103,330
23,162,100
6,336,090
6,942,930

201404260000(201404260000)
5,760,900
11,103,330
23,162,100
6,336,090
6,948,000

201404260001(201404260001)
5,760,900
11,103,330
23,162,100
6,336,090
6,956,940

201404260002(201404260002)
5,760,900
11,108,160
23,162,100
6,336,090
6,956,940

201404260009(201404260009)
5,760,900
11,126,400
23,162,100
6,338,940
6,957,840

201404260010(201404260010)
5,760,900
11,126,400
23,162,100
6,342,900
6,959,790

201404260011(201404260011)
5,760,900
11,126,400
23,162,100
6,342,900
6,959,790

201404260012(201404260012)
5,760,900
11,126,400
23,162,100
6,342,900
6,959,790

201404260019(201404260019)
5,775,180
11,177,010
23,162,100
6,342,900
6,959,790

201404260020(201404260020)
5,776,890
11,183,520
23,162,100
6,342,900
6,959,790

201404260021(201404260021)
5,776,890
11,183,520
23,162,100
6,342,900
6,959,790

201404260022(201404260022)
5,776,890
11,183,520
23,162,100
6,342,900
6,959,790

201404260029(201404260029)
5,813,190
11,192,130
23,162,100
6,355,590
6,967,620

201404260030(201404260030)
5,813,190
11,192,130
23,162,100
6,355,590
6,967,620

201404260031(201404260031)
5,813,190
11,192,610
23,162,100
6,355,590
6,967,620

201404260032(201404260032)
5,813,190
11,192,610
23,162,100
6,355,590
6,967,620

201404260039(201404260039)
5,825,610
11,240,370
23,162,100
6,362,670
6,973,290

201404260040(201404260040)
5,825,610
11,254,320
23,162,100
6,362,670
6,973,290

201404260041(201404260041)
5,825,610
11,256,180
23,162,100
6,362,670
6,973,290

201404260042(201404260042)
5,825,610
11,256,180
23,162,100
6,362,670
6,973,290

201404260049(201404260049)
5,825,610
11,272,200
23,162,100
6,374,850
6,973,290

201404260050(201404260050)
5,825,610
11,272,200
23,162,100
6,374,850
6,973,290

201404260051(201404260051)
5,826,810
11,272,200
23,162,100
6,374,850
6,973,290

201404260052(201404260052)
5,826,810
11,272,200
23,162,100
6,374,850
6,973,290

201404260104(201404260104)
5,840,400
11,276,310
23,162,100
6,380,340
6,990,270

201404260109(201404260109)
5,843,460
11,276,310
23,162,100
6,389,910
6,990,270

201404260110(201404260110)
5,843,460
11,276,310
23,162,100
6,389,910
6,992,160

201404260111(201404260111)
5,843,460
11,276,310
23,162,100
6,389,910
6,992,160

201404260112(201404260112)
5,843,460
11,276,310
23,162,100
6,389,910
6,992,160

