201404220109(201404220109)
2,549,340
5,704,560
14,048,970
2,790,780
3,125,460

201404220110(201404220110)
2,549,340
5,704,560
14,048,970
2,794,080
3,132,060

201404220111(201404220111)
2,549,340
5,712,750
14,048,970
2,794,080
3,132,060

201404220112(201404220112)
2,549,340
5,714,430
14,048,970
2,794,080
3,132,060

201404220119(201404220119)
2,555,880
5,718,840
14,048,970
2,795,610
3,132,060

201404220120(201404220120)
2,555,880
5,718,840
14,048,970
2,795,610
3,132,060

201404220121(201404220121)
2,556,120
5,718,840
14,048,970
2,795,610
3,132,060

201404220122(201404220122)
2,556,300
5,752,770
14,048,970
2,795,610
3,132,060

201404220129(201404220129)
2,559,390
5,752,770
14,048,970
2,804,940
3,132,120

201404220130(201404220130)
2,559,390
5,752,770
14,048,970
2,804,940
3,132,120

201404220131(201404220131)
2,559,390
5,752,770
14,048,970
2,804,940
3,132,120

201404220132(201404220132)
2,559,390
5,752,770
14,048,970
2,804,940
3,132,120

201404220139(201404220139)
2,559,390
5,752,770
14,048,970
2,805,510
3,133,170

201404220140(201404220140)
2,559,390
5,752,770
14,048,970
2,805,510
3,133,170

201404220141(201404220141)
2,561,460
5,752,770
14,048,970
2,805,510
3,133,170

201404220142(201404220142)
2,561,460
5,758,950
14,048,970
2,805,510
3,133,170

201404220149(201404220149)
2,564,280
5,758,950
14,048,970
2,815,710
3,133,500

201404220150(201404220150)
2,564,280
5,758,950
14,048,970
2,815,710
3,133,500

201404220151(201404220151)
2,566,020
5,758,950
14,048,970
2,815,710
3,133,500

201404220152(201404220152)
2,566,020
5,758,950
14,048,970
2,815,710
3,133,500

201404220159(201404220159)
2,572,470
5,758,950
14,048,970
2,826,420
3,139,650

201404220200(201404220200)
2,574,330
5,758,950
14,048,970
2,827,890
3,139,650

201404220201(201404220201)
2,574,330
5,758,950
14,048,970
2,827,890
3,139,650

201404220202(201404220202)
2,574,330
5,758,950
14,048,970
2,827,890
3,139,650

201404220209(201404220209)
2,574,330
5,759,070
14,048,970
2,831,730
3,141,660

201404220210(201404220210)
2,574,330
5,759,070
14,048,970
2,831,730
3,141,660

201404220211(201404220211)
2,574,330
5,759,070
14,048,970
2,831,730
3,144,720

201404220212(201404220212)
2,574,330
5,759,070
14,048,970
2,831,730
3,144,720

201404220219(201404220219)
2,580,660
5,759,070
14,048,970
2,836,260
3,150,240

201404220220(201404220220)
2,580,660
5,759,070
14,048,970
2,836,260
3,151,200

201404220221(201404220221)
2,580,660
5,759,070
14,048,970
2,836,260
3,151,200

201404220222(201404220222)
2,580,660
5,759,070
14,048,970
2,836,260
3,151,200

201404220229(201404220229)
2,580,660
5,778,660
14,048,970
2,836,290
3,153,630

201404220230(201404220230)
2,580,660
5,778,660
14,048,970
2,836,290
3,153,630

201404220231(201404220231)
2,580,660
5,779,110
14,048,970
2,836,290
3,153,630

201404220232(201404220232)
2,580,660
5,779,110
14,048,970
2,836,290
3,153,630

201404220239(201404220239)
2,580,660
5,779,110
14,048,970
2,836,290
3,153,630

201404220240(201404220240)
2,580,660
5,779,110
14,048,970
2,836,290
3,153,630

201404220241(201404220241)
2,580,660
5,779,110
14,048,970
2,836,290
3,153,630

201404220242(201404220242)
2,580,660
5,779,110
14,048,970
2,836,290
3,153,630

201404220249(201404220249)
2,580,660
5,779,110
14,048,970
2,836,290
3,153,630

201404220250(201404220250)
2,580,660
5,779,110
14,048,970
2,836,290
3,153,630

201404220251(201404220251)
2,580,660
5,779,110
14,048,970
2,836,290
3,153,630

201404220252(201404220252)
2,580,660
5,779,110
14,048,970
2,836,290
3,153,630

201404220259(201404220259)
2,580,660
5,790,990
14,048,970
2,836,290
3,153,630

201404220300(201404220300)
2,580,660
5,790,990
14,048,970
2,836,290
3,153,630

201404220301(201404220301)
2,580,660
5,790,990
14,048,970
2,836,290
3,153,630

201404220302(201404220302)
2,580,660
5,803,650
14,048,970
2,836,290
3,153,630

201404220309(201404220309)
2,586,990
5,814,360
14,048,970
2,836,290
3,153,630

201404220310(201404220310)
2,586,990
5,814,360
14,048,970
2,840,190
3,153,630

201404220311(201404220311)
2,586,990
5,814,360
14,048,970
2,840,190
3,153,630

201404220312(201404220312)
2,586,990
5,814,360
14,048,970
2,840,190
3,153,630

201404220319(201404220319)
2,587,530
5,814,360
14,048,970
2,843,610
3,156,750

201404220320(201404220320)
2,587,530
5,814,360
14,048,970
2,843,610
3,156,750

201404220321(201404220321)
2,587,530
5,814,360
14,048,970
2,843,610
3,156,750

201404220322(201404220322)
2,587,530
5,814,360
14,048,970
2,843,610
3,156,750

201404220329(201404220329)
2,587,530
5,823,270
14,048,970
2,846,310
3,156,750

201404220330(201404220330)
2,587,530
5,823,270
14,048,970
2,846,310
3,157,200

201404220331(201404220331)
2,587,530
5,823,270
14,048,970
2,846,310
3,157,200

201404220332(201404220332)
2,587,530
5,823,270
14,048,970
2,846,310
3,157,200

201404220339(201404220339)
2,588,430
5,823,270
14,048,970
2,846,310
3,157,200

201404220340(201404220340)
2,588,430
5,823,270
14,048,970
2,846,310
3,157,200

201404220341(201404220341)
2,588,430
5,823,270
14,048,970
2,846,310
3,157,200

201404220342(201404220342)
2,588,430
5,823,270
14,048,970
2,846,310
3,157,200

201404220349(201404220349)
2,588,430
5,823,270
14,048,970
2,847,360
3,164,790

201404220350(201404220350)
2,588,430
5,823,270
14,048,970
2,847,480
3,164,790

201404220351(201404220351)
2,588,430
5,823,270
14,048,970
2,847,480
3,164,790

201404220352(201404220352)
2,588,430
5,823,270
14,048,970
2,847,480
3,164,790

201404220359(201404220359)
2,590,920
5,823,270
14,048,970
2,850,420
3,164,790

201404220400(201404220400)
2,590,920
5,823,270
14,048,970
2,850,420
3,168,240

201404220401(201404220401)
2,590,920
5,823,270
14,048,970
2,850,420
3,168,240

201404220402(201404220402)
2,590,920
5,823,270
14,048,970
2,850,420
3,168,240

201404220409(201404220409)
2,602,590
5,823,270
14,048,970
2,855,070
3,168,240

201404220410(201404220410)
2,602,590
5,823,270
14,048,970
2,855,070
3,168,240

201404220411(201404220411)
2,602,590
5,823,270
14,048,970
2,855,070
3,168,240

201404220412(201404220412)
2,602,590
5,823,270
14,048,970
2,855,070
3,168,240

201404220419(201404220419)
2,602,590
5,823,270
14,048,970
2,857,560
3,168,780

201404220420(201404220420)
2,602,590
5,823,270
14,048,970
2,857,560
3,168,780

201404220421(201404220421)
2,602,590
5,823,270
14,048,970
2,857,560
3,168,780

201404220422(201404220422)
2,602,590
5,823,270
14,048,970
2,857,560
3,168,780

201404220429(201404220429)
2,602,590
5,823,270
14,048,970
2,857,560
3,168,780

201404220430(201404220430)
2,602,590
5,823,270
14,048,970
2,857,560
3,168,780

201404220431(201404220431)
2,602,590
5,823,270
14,048,970
2,857,560
3,168,780

201404220432(201404220432)
2,602,590
5,823,270
14,048,970
2,857,560
3,168,780

201404220439(201404220439)
2,602,590
5,823,270
14,048,970
2,857,560
3,168,780

201404220440(201404220440)
2,602,590
5,823,270
14,048,970
2,857,560
3,168,780

201404220441(201404220441)
2,602,590
5,823,270
14,048,970
2,857,560
3,168,780

201404220442(201404220442)
2,602,590
5,823,270
14,048,970
2,857,560
3,179,940

201404220449(201404220449)
2,608,110
5,823,270
14,048,970
2,857,560
3,184,080

201404220450(201404220450)
2,608,110
5,823,270
14,048,970
2,857,560
3,184,080

201404220451(201404220451)
2,608,110
5,823,270
14,048,970
2,857,560
3,184,080

201404220452(201404220452)
2,612,100
5,823,270
14,048,970
2,857,560
3,184,080

201404220459(201404220459)
2,612,100
5,832,720
14,048,970
2,862,540
3,184,080

201404220500(201404220500)
2,612,100
5,832,720
14,048,970
2,862,540
3,184,080

201404220501(201404220501)
2,612,100
5,832,720
14,048,970
2,862,540
3,184,080

201404220502(201404220502)
2,612,100
5,832,720
14,048,970
2,862,540
3,184,080

201404220509(201404220509)
2,612,100
5,832,720
14,048,970
2,862,540
3,184,080

201404220510(201404220510)
2,612,100
5,832,720
14,048,970
2,862,540
3,184,080

201404220511(201404220511)
2,612,100
5,832,720
14,048,970
2,862,540
3,186,240

201404220512(201404220512)
2,614,590
5,832,720
14,048,970
2,862,540
3,186,240

201404220519(201404220519)
2,614,590
5,832,720
14,048,970
2,862,540
3,186,240

201404220520(201404220520)
2,615,100
5,832,720
14,048,970
2,862,540
3,186,240

201404220521(201404220521)
2,615,100
5,832,720
14,048,970
2,862,540
3,186,240

201404220522(201404220522)
2,615,100
5,832,720
14,048,970
2,865,390
3,186,240

201404220529(201404220529)
2,615,100
5,832,720
14,048,970
2,865,390
3,186,240

201404220530(201404220530)
2,615,100
5,832,720
14,048,970
2,865,390
3,186,240

201404220531(201404220531)
2,615,100
5,832,720
14,048,970
2,865,390
3,186,240

201404220532(201404220532)
2,615,100
5,832,720
14,048,970
2,865,390
3,186,240

201404220539(201404220539)
2,615,100
5,832,720
14,048,970
2,865,390
3,186,240

201404220540(201404220540)
2,615,100
5,832,720
14,048,970
2,865,390
3,186,240

201404220541(201404220541)
2,615,100
5,832,720
14,048,970
2,865,390
3,186,240

201404220542(201404220542)
2,615,100
5,832,720
14,048,970
2,865,390
3,186,240

201404220549(201404220549)
2,616,150
5,832,720
14,048,970
2,865,390
3,186,240

201404220550(201404220550)
2,616,150
5,832,720
14,048,970
2,870,820
3,186,240

201404220551(201404220551)
2,616,150
5,832,720
14,048,970
2,870,820
3,186,240

201404220552(201404220552)
2,616,150
5,832,720
14,048,970
2,870,820
3,186,240

201404220559(201404220559)
2,618,400
5,835,720
14,048,970
2,871,360
3,186,240

201404220600(201404220600)
2,618,400
5,835,720
14,048,970
2,871,360
3,186,240

201404220601(201404220601)
2,618,400
5,835,720
14,048,970
2,871,360
3,186,240

201404220602(201404220602)
2,618,400
5,835,720
14,048,970
2,871,360
3,186,240

201404220609(201404220609)
2,619,360
5,847,780
14,048,970
2,871,840
3,187,290

201404220610(201404220610)
2,619,360
5,847,780
14,048,970
2,871,840
3,187,290

201404220611(201404220611)
2,619,360
5,847,780
14,048,970
2,871,840
3,187,290

201404220612(201404220612)
2,619,360
5,847,780
14,048,970
2,871,840
3,187,290

201404220619(201404220619)
2,619,360
5,863,260
14,048,970
2,871,840
3,196,380

201404220620(201404220620)
2,619,360
5,863,260
14,048,970
2,871,840
3,196,380

201404220621(201404220621)
2,619,360
5,863,260
14,048,970
2,871,840
3,196,380

201404220622(201404220622)
2,619,360
5,863,260
14,048,970
2,871,840
3,196,380

201404220629(201404220629)
2,624,970
5,863,260
14,048,970
2,877,810
3,196,380

201404220630(201404220630)
2,624,970
5,863,260
14,048,970
2,877,810
3,196,380

201404220631(201404220631)
2,624,970
5,863,260
14,048,970
2,877,810
3,196,380

201404220632(201404220632)
2,624,970
5,863,260
14,048,970
2,877,810
3,196,380

201404220639(201404220639)
2,624,970
5,863,260
14,048,970
2,880,690
3,200,490

201404220640(201404220640)
2,624,970
5,868,180
14,048,970
2,880,690
3,200,490

201404220641(201404220641)
2,624,970
5,870,850
14,048,970
2,884,170
3,200,490

201404220642(201404220642)
2,626,680
5,870,850
14,048,970
2,884,170
3,200,490

201404220649(201404220649)
2,626,680
5,870,850
14,048,970
2,888,070
3,202,110

201404220650(201404220650)
2,626,680
5,870,850
14,048,970
2,888,070
3,202,110

201404220651(201404220651)
2,626,680
5,870,850
14,048,970
2,888,070
3,202,110

201404220652(201404220652)
2,626,680
5,870,850
14,048,970
2,888,070
3,202,110

201404220659(201404220659)
2,628,300
5,870,850
14,048,970
2,888,880
3,207,270

201404220700(201404220700)
2,628,300
5,870,850
14,048,970
2,889,870
3,209,370

201404220701(201404220701)
2,628,300
5,870,850
14,048,970
2,893,620
3,209,370

201404220702(201404220702)
2,628,300
5,870,850
14,048,970
2,893,620
3,209,370

201404220709(201404220709)
2,632,350
5,878,590
14,048,970
2,893,620
3,209,370

201404220710(201404220710)
2,632,350
5,878,590
14,048,970
2,893,620
3,209,370

201404220711(201404220711)
2,632,350
5,878,590
14,048,970
2,893,620
3,209,370

201404220712(201404220712)
2,632,350
5,878,590
14,048,970
2,893,620
3,209,370

201404220719(201404220719)
2,646,000
5,884,650
14,052,270
2,895,360
3,209,370

201404220720(201404220720)
2,649,570
5,884,650
14,052,270
2,895,360
3,209,370

201404220721(201404220721)
2,649,570
5,884,650
14,052,270
2,895,360
3,209,370

201404220722(201404220722)
2,649,570
5,884,650
14,052,270
2,895,360
3,209,370

201404220729(201404220729)
2,649,630
5,884,650
14,052,270
2,897,610
3,214,380

201404220730(201404220730)
2,649,630
5,884,650
14,052,270
2,899,320
3,216,330

201404220731(201404220731)
2,649,630
5,884,650
14,052,270
2,899,320
3,217,770

201404220732(201404220732)
2,651,220
5,884,650
14,052,270
2,899,320
3,217,770

201404220739(201404220739)
5,884,650
14,052,270
2,900,250
3,217,770

201404220740(201404220740)
2,654,580
5,884,650
14,052,270
2,900,250
3,217,770

201404220741(201404220741)
2,654,580
5,884,650
14,052,270
2,900,250
3,217,770

201404220742(201404220742)
2,654,580
5,884,650
14,052,270
2,900,250
3,217,770

201404220749(201404220749)
2,654,580
5,894,430
14,052,270
2,900,250
3,226,020

201404220750(201404220750)
2,654,580
5,894,430
14,052,270
2,900,340
3,226,020

201404220751(201404220751)
2,654,580
5,894,430
14,052,270
2,900,340
3,226,020

201404220752(201404220752)
2,654,580
5,894,430
14,052,270
2,900,340
3,226,020

201404220759(201404220759)
2,655,180
5,894,430
14,052,270
2,900,340
3,226,020

201404220800(201404220800)
2,655,180
5,894,430
14,052,270
2,900,340
3,226,020

201404220801(201404220801)
2,655,180
5,894,430
14,052,270
2,900,340
3,226,020

201404220802(201404220802)
2,655,180
5,894,430
14,052,270
2,902,560
3,226,020

201404220809(201404220809)
2,655,180
5,894,430
14,052,270
2,902,620
3,226,020

201404220810(201404220810)
2,655,180
5,894,430
14,052,270
2,902,620
3,226,020

201404220811(201404220811)
2,655,180
5,894,430
14,052,270
2,902,620
3,226,020

201404220812(201404220812)
2,655,180
5,894,430
14,052,270
2,902,620
3,226,020

201404220819(201404220819)
2,668,110
5,894,430
14,052,270
2,902,620
3,231,210

201404220820(201404220820)
2,668,110
5,894,430
14,052,270
2,902,950
3,232,380

201404220821(201404220821)
2,668,110
5,894,430
14,052,270
2,909,550
3,232,380

201404220822(201404220822)
2,668,110
5,894,430
14,052,270
2,915,550
3,232,380

201404220829(201404220829)
2,669,550
5,901,960
14,052,270
2,919,630
3,232,380

201404220830(201404220830)
2,669,550
5,901,960
14,052,270
2,919,630
3,232,380

201404220831(201404220831)
2,669,550
5,901,960
14,052,270
2,921,070
3,232,380

201404220832(201404220832)
2,669,550
5,901,960
14,052,270
2,921,070
3,232,380

201404220839(201404220839)
2,674,650
5,901,960
14,052,270
2,924,640
3,237,720

201404220840(201404220840)
2,674,650
5,901,960
14,052,270
2,924,640
3,237,720

201404220841(201404220841)
2,676,600
5,901,960
14,052,270
2,924,640
3,237,720

201404220842(201404220842)
2,676,600
5,905,560
14,052,270
2,924,640
3,237,720

201404220849(201404220849)
2,678,760
5,905,560
14,052,270
2,924,640
3,242,430

201404220850(201404220850)
2,678,760
5,905,560
14,052,270
2,929,110
3,242,430

201404220851(201404220851)
2,678,760
5,905,560
14,052,270
2,929,110
3,244,200

201404220852(201404220852)
2,678,760
5,905,560
14,052,270
2,929,110
3,244,200

201404220859(201404220859)
2,683,410
5,905,560
14,052,270
2,930,610
3,257,040

201404220900(201404220900)
2,683,410
5,905,560
14,052,270
2,930,610
3,257,040

201404220901(201404220901)
2,683,410
5,905,560
14,052,270
2,930,610
3,257,040

201404220902(201404220902)
2,683,410
5,905,560
14,052,270
2,930,610
3,257,040

201404220909(201404220909)
2,683,410
5,905,560
14,052,270
2,930,610
3,257,670

201404220910(201404220910)
2,683,410
5,905,560
14,052,270
2,930,610
3,257,670

201404220911(201404220911)
2,683,410
5,905,560
14,052,270
2,930,610
3,257,670

201404220912(201404220912)
2,683,410
5,910,900
14,052,270
2,932,830
3,257,670

201404220919(201404220919)
2,684,430
5,910,900
14,052,270
2,936,610
3,257,670

201404220920(201404220920)
2,684,430
5,910,900
14,052,270
2,936,610
3,257,670

201404220921(201404220921)
2,684,430
5,910,900
14,052,270
2,936,610
3,257,670

201404220922(201404220922)
2,685,210
5,910,900
14,052,270
2,936,610
3,257,670

201404220929(201404220929)
2,685,210
5,910,900
14,052,270
2,937,090
3,257,670

201404220930(201404220930)
2,685,210
5,910,900
14,052,270
2,937,090
3,257,670

201404220931(201404220931)
2,685,210
5,910,900
14,052,270
2,937,090
3,257,670

201404220932(201404220932)
2,685,210
5,910,900
14,052,270
2,937,090
3,257,670

201404220939(201404220939)
2,685,210
5,918,130
14,052,270
2,937,090
3,258,510

201404220940(201404220940)
2,685,210
5,918,130
14,052,270
2,937,090
3,258,510

201404220941(201404220941)
2,685,210
5,918,130
14,052,270
2,937,090
3,258,510

201404220942(201404220942)
2,687,520
5,918,130
14,052,270
2,937,090
3,258,510

201404220949(201404220949)
2,688,600
5,918,130
14,052,270
2,939,520
3,261,390

201404220950(201404220950)
2,688,600
5,918,130
14,052,270
2,939,520
3,261,390

201404220951(201404220951)
2,688,600
5,918,130
14,052,270
2,939,520
3,262,290

201404220952(201404220952)
2,688,600
5,918,130
14,052,270
2,939,520
3,262,290

201404220959(201404220959)
2,688,600
5,918,130
14,052,270
2,940,600
3,262,290

201404221000(201404221000)
2,688,600
5,918,130
14,052,270
2,940,600
3,263,250

201404221001(201404221001)
2,688,600
5,918,130
14,052,270
2,940,600
3,263,250

201404221002(201404221002)
2,688,600
5,918,130
14,052,270
2,940,600
3,263,250

201404221009(201404221009)
2,688,600
5,920,980
14,052,270
2,940,600
3,264,990

201404221010(201404221010)
2,688,600
5,920,980
14,052,270
2,940,600
3,264,990

201404221011(201404221011)
2,691,780
5,920,980
14,052,270
2,940,600
3,264,990

201404221012(201404221012)
2,692,110
5,920,980
14,052,270
2,940,600
3,264,990

201404221019(201404221019)
2,692,110
5,920,980
14,052,270
2,946,210
3,265,590

201404221020(201404221020)
2,692,110
5,920,980
14,052,270
2,946,210
3,265,590

201404221021(201404221021)
2,692,110
5,920,980
14,052,270
2,946,210
3,265,590

201404221022(201404221022)
2,692,110
5,920,980
14,052,270
2,946,210
3,265,590

201404221029(201404221029)
2,692,110
5,920,980
14,052,270
2,946,210
3,265,590

201404221030(201404221030)
2,692,110
5,920,980
14,052,270
2,946,210
3,265,590

201404221031(201404221031)
2,692,110
5,920,980
14,052,270
2,946,210
3,265,590

201404221032(201404221032)
2,692,110
5,920,980
14,052,270
2,946,210
3,265,590

201404221039(201404221039)
2,705,850
5,920,980
14,052,270
2,956,020
3,265,590

201404221040(201404221040)
2,705,850
5,920,980
14,052,270
2,956,020
3,265,590

201404221041(201404221041)
2,705,850
5,920,980
14,052,270
2,956,020
3,265,590

201404221042(201404221042)
2,705,850
5,920,980
14,052,270
2,956,020
3,265,590

201404221049(201404221049)
2,705,850
5,920,980
14,052,270
2,956,020
3,265,590

201404221050(201404221050)
2,705,850
5,920,980
14,052,270
2,956,020
3,265,590

201404221051(201404221051)
2,705,850
5,920,980
14,052,270
2,956,020
3,265,590

201404221052(201404221052)
2,705,850
5,920,980
14,052,270
2,956,020
3,265,590

201404221059(201404221059)
2,705,850
5,920,980
14,052,270
2,956,530
3,265,590

201404221100(201404221100)
2,705,850
5,920,980
14,052,270
2,956,530
3,266,910

201404221101(201404221101)
2,705,850
5,920,980
14,052,270
2,956,530
3,266,910

201404221102(201404221102)
2,705,850
5,920,980
14,052,270
2,956,530
3,266,910

201404221109(201404221109)
2,705,850
5,920,980
14,052,270
2,956,530
3,266,910

201404221110(201404221110)
2,705,850
5,920,980
14,052,270
2,956,530
3,266,910

201404221111(201404221111)
2,705,850
5,920,980
14,052,270
2,956,530
3,266,910

201404221112(201404221112)
2,708,970
5,920,980
14,052,270
2,956,530
3,266,910

201404221119(201404221119)
2,708,970
5,920,980
14,052,270
2,958,240
3,267,960

201404221120(201404221120)
2,708,970
5,920,980
14,052,270
2,958,240
3,267,960

201404221121(201404221121)
2,708,970
5,927,190
14,052,270
2,958,240
3,267,960

201404221122(201404221122)
2,708,970
5,927,190
14,052,270
2,958,240
3,267,960

201404221129(201404221129)
2,711,550
5,927,190
14,052,270
2,958,240
3,268,140

201404221130(201404221130)
2,711,550
5,927,190
14,052,270
2,958,240
3,268,140

201404221131(201404221131)
2,711,550
5,927,190
14,052,270
2,958,240
3,268,140

201404221132(201404221132)
2,711,550
5,927,190
14,052,270
2,958,240
3,268,140

201404221139(201404221139)
2,713,860
5,927,190
14,052,270
2,966,250
3,268,140

201404221140(201404221140)
2,713,860
5,927,190
14,052,270
2,966,250
3,268,140

201404221141(201404221141)
2,713,860
5,927,190
14,052,270
2,966,250
3,268,140

201404221142(201404221142)
2,713,860
5,931,300
14,052,270
2,966,250
3,268,140

201404221149(201404221149)
2,718,810
5,934,600
14,052,270
2,968,590
3,278,970

201404221150(201404221150)
2,718,810
5,934,600
14,052,270
2,968,590
3,278,970

201404221151(201404221151)
2,718,810
5,934,600
14,052,270
2,968,590
3,278,970

201404221152(201404221152)
2,718,810
5,934,600
14,052,270
2,975,310
3,278,970

201404221159(201404221159)
2,719,140
5,934,600
14,052,270
2,975,310
3,278,970

201404221200(201404221200)
2,719,140
5,935,500
14,052,270
2,975,310
3,278,970

201404221201(201404221201)
2,719,140
5,938,170
14,052,270
2,975,310
3,278,970

201404221202(201404221202)
2,719,620
5,938,170
14,052,270
2,975,310
3,278,970

201404221209(201404221209)
2,720,040
5,944,860
14,052,270
2,983,980
3,287,010

201404221210(201404221210)
2,720,040
5,944,860
14,052,270
2,983,980
3,287,010

201404221211(201404221211)
2,720,040
5,944,860
14,052,270
2,983,980
3,287,010

201404221212(201404221212)
2,720,040
5,944,860
14,052,270
2,983,980
3,287,010

201404221219(201404221219)
2,728,410
5,947,020
14,052,270
2,984,430
3,291,120

201404221220(201404221220)
2,728,410
5,947,020
14,052,270
2,984,430
3,291,120

201404221221(201404221221)
2,728,410
5,947,020
14,052,270
2,984,430
3,291,120

201404221222(201404221222)
2,728,410
5,947,020
14,053,170
2,984,430
3,291,120

201404221229(201404221229)
2,730,780
5,979,180
14,167,170
2,985,600
3,291,120

201404221230(201404221230)
2,730,780
5,979,180
14,167,170
2,985,600
3,291,120

201404221231(201404221231)
2,730,780
5,979,330
14,167,170
2,985,600
3,291,120

201404221232(201404221232)
2,730,780
5,981,310
14,167,170
2,985,600
3,291,120

201404221239(201404221239)
2,737,440
6,009,930
14,167,170
2,986,260
3,293,790

201404221240(201404221240)
2,737,440
6,009,930
14,167,170
2,986,260
3,293,790

201404221241(201404221241)
2,737,440
6,009,930
14,167,170
2,986,260
3,293,790

201404221242(201404221242)
2,737,440
6,009,930
14,167,170
2,986,260
3,293,790

201404221249(201404221249)
2,737,440
6,010,920
14,167,170
2,991,660
3,297,480

201404221250(201404221250)
2,737,440
6,010,920
14,167,170
2,991,660
3,297,480

201404221251(201404221251)
2,737,440
6,010,920
14,167,170
2,991,660
3,297,480

201404221252(201404221252)
2,737,440
6,010,920
14,167,170
2,991,660
3,297,480

201404221259(201404221259)
2,741,760
6,010,920
14,167,170
2,991,870
3,306,030

201404221300(201404221300)
2,741,760
6,010,920
14,167,170
2,991,870
3,306,030

201404221301(201404221301)
2,741,760
6,010,920
14,167,170
2,991,870
3,306,030

201404221302(201404221302)
2,741,760
6,010,920
14,167,170
2,991,870
3,306,030

201404221309(201404221309)
2,741,760
6,010,920
14,167,170
2,993,970
3,306,690

201404221310(201404221310)
2,741,760
6,010,920
14,167,170
2,994,240
3,306,690

201404221311(201404221311)
2,741,760
6,010,920
14,167,170
2,994,240
3,306,690

201404221312(201404221312)
2,741,760
6,010,920
14,167,170
2,994,240
3,306,690

201404221319(201404221319)
2,741,760
6,019,500
14,167,170
3,001,920
3,306,690

201404221320(201404221320)
2,741,760
6,019,500
14,167,170
3,001,920
3,306,690

201404221321(201404221321)
2,741,760
6,019,500
14,167,170
3,001,920
3,306,690

201404221322(201404221322)
2,741,760
6,019,500
14,167,170
3,001,920
3,306,690

201404221329(201404221329)
2,746,290
6,019,500
14,173,710
3,007,080
3,306,690

201404221330(201404221330)
2,746,290
6,019,500
14,173,710
3,007,080
3,306,690

201404221331(201404221331)
2,746,290
6,019,500
14,173,710
3,007,080
3,306,690

201404221332(201404221332)
2,746,290
6,019,500
14,173,710
3,007,080
3,306,690

201404221339(201404221339)
2,753,280
6,019,500
14,173,710
3,007,080
3,306,690

201404221340(201404221340)
2,753,280
6,019,500
14,173,710
3,007,080
3,306,690

201404221341(201404221341)
2,753,280
6,019,500
14,173,710
3,007,080
3,306,690

201404221342(201404221342)
2,753,280
6,019,500
14,173,710
3,007,080
3,306,690

201404221349(201404221349)
2,759,040
6,019,500
14,173,710
3,008,940
3,306,720

201404221350(201404221350)
2,759,040
6,019,500
14,173,710
3,010,890
3,306,720

201404221351(201404221351)
2,759,040
6,019,500
14,173,710
3,010,890
3,306,720

201404221352(201404221352)
2,759,040
6,019,500
14,173,710
3,010,890
3,306,720

201404221359(201404221359)
2,759,040
6,024,810
14,173,710
3,010,890
3,307,620

201404221400(201404221400)
2,759,040
6,024,810
14,173,710
3,010,890
3,307,620

201404221401(201404221401)
2,759,040
6,024,810
14,173,710
3,010,890
3,307,620

201404221402(201404221402)
2,759,040
6,024,810
14,173,710
3,010,890
3,307,620

201404221409(201404221409)
2,764,200
6,024,810
14,173,710
3,010,890
3,307,620

201404221410(201404221410)
2,764,200
6,024,810
14,173,710
3,014,880
3,307,620

201404221411(201404221411)
2,764,200
6,024,810
14,173,710
3,017,400
3,307,620

201404221412(201404221412)
2,764,200
6,024,810
14,173,710
3,017,400
3,307,620

201404221419(201404221419)
2,764,950
6,024,810
14,173,710
3,017,400
3,313,200

201404221420(201404221420)
2,765,790
6,024,810
14,173,710
3,017,400
3,313,200

201404221421(201404221421)
2,767,080
6,024,810
14,173,710
3,017,400
3,313,200

201404221422(201404221422)
2,767,080
6,024,810
14,173,710
3,017,400
3,313,200

201404221429(201404221429)
2,767,080
6,024,810
14,173,710
3,017,400
3,313,200

201404221430(201404221430)
2,767,080
6,024,810
14,173,710
3,017,400
3,313,200

201404221431(201404221431)
2,767,080
6,024,810
14,173,710
3,017,400
3,313,200

201404221432(201404221432)
2,767,080
6,024,810
14,173,710
3,017,400
3,313,200

201404221439(201404221439)
2,767,080
6,024,810
14,173,710
3,017,400
3,313,200

201404221440(201404221440)
2,767,080
6,024,810
14,173,710
3,017,400
3,313,200

201404221441(201404221441)
2,767,080
6,024,810
14,173,710
3,017,400
3,313,200

201404221442(201404221442)
2,767,080
6,024,810
14,173,710
3,017,400
3,313,200

201404221449(201404221449)
2,767,080
6,029,730
14,173,710
3,026,790
3,313,200

201404221450(201404221450)
2,767,080
6,029,730
14,173,710
3,026,790
3,315,300

201404221451(201404221451)
2,767,080
6,029,730
14,173,710
3,026,790
3,315,300

201404221452(201404221452)
2,767,080
6,029,730
14,173,710
3,026,790
3,315,300

201404221459(201404221459)
2,767,080
6,029,730
14,173,710
3,026,790
3,315,300

201404221500(201404221500)
2,772,360
6,029,730
14,173,710
3,026,790
3,315,300

201404221501(201404221501)
2,772,360
6,029,730
14,173,710
3,027,510
3,315,300

201404221502(201404221502)
2,772,360
6,029,730
14,173,710
3,027,510
3,315,300

201404221509(201404221509)
2,772,360
6,029,730
14,173,710
3,028,110
3,315,300

201404221510(201404221510)
2,772,360
6,029,730
14,173,710
3,028,110
3,315,300

201404221511(201404221511)
2,772,360
6,029,730
14,173,710
3,028,110
3,315,300

201404221512(201404221512)
2,772,960
6,029,730
14,173,710
3,028,110
3,315,300

201404221519(201404221519)
2,772,960
6,030,750
14,173,710
3,028,110
3,315,450

201404221520(201404221520)
2,772,960
6,030,750
14,173,710
3,028,110
3,315,450

201404221521(201404221521)
2,772,960
6,030,750
14,173,710
3,028,110
3,315,450

201404221522(201404221522)
2,772,960
6,030,750
14,173,710
3,028,110
3,315,450

201404221529(201404221529)
2,773,770
6,030,750
14,173,710
3,030,360
3,316,440

201404221530(201404221530)
2,773,770
6,030,750
14,173,710
3,030,360
3,316,440

201404221531(201404221531)
2,773,770
6,030,750
14,173,710
3,030,360
3,316,440

201404221532(201404221532)
2,773,770
6,030,750
14,173,710
3,030,360
3,316,440

201404221539(201404221539)
2,773,770
6,030,750
14,173,710
3,030,360
3,316,440

201404221540(201404221540)
2,773,770
6,030,750
14,173,710
3,030,360
3,316,440

201404221541(201404221541)
2,777,910
6,030,750
14,173,710
3,030,360
3,316,440

201404221542(201404221542)
2,777,910
6,030,750
14,173,710
3,030,360
3,316,440

201404221549(201404221549)
2,780,010
6,030,750
14,173,710
3,035,550
3,316,770

201404221550(201404221550)
2,780,010
6,030,750
14,173,710
3,035,550
3,316,770

201404221551(201404221551)
2,780,010
6,030,750
14,173,710
3,035,550
3,317,310

201404221552(201404221552)
2,780,010
6,030,750
14,173,710
3,035,550
3,317,310

201404221559(201404221559)
2,780,010
6,056,820
14,173,710
3,036,090
3,318,240

201404221600(201404221600)
2,780,010
6,056,820
14,173,710
3,036,090
3,318,240

201404221601(201404221601)
2,780,010
6,056,820
14,173,710
3,036,090
3,318,240

201404221602(201404221602)
2,780,010
6,056,820
14,173,710
3,036,090
3,318,240

201404221609(201404221609)
2,781,120
6,056,820
14,173,710
3,036,090
3,318,240

201404221610(201404221610)
2,782,740
6,056,820
14,173,710
3,036,090
3,318,240

201404221611(201404221611)
2,782,740
6,056,820
14,173,710
3,036,090
3,318,240

201404221612(201404221612)
2,782,740
6,056,820
14,173,710
3,036,090
3,318,240

201404221619(201404221619)
2,789,010
6,056,820
14,173,710
3,037,050
3,318,240

201404221620(201404221620)
2,789,010
6,056,820
14,173,710
3,037,050
3,318,240

201404221621(201404221621)
2,789,010
6,056,820
14,173,710
3,037,050
3,318,240

201404221622(201404221622)
2,789,010
6,056,820
14,173,710
3,037,050
3,318,240

201404221629(201404221629)
2,790,480
6,056,820
14,173,710
3,037,050
3,329,130

201404221630(201404221630)
2,794,050
6,056,820
14,173,710
3,037,050
3,329,130

201404221631(201404221631)
2,794,050
6,056,820
14,173,710
3,037,050
3,329,130

201404221632(201404221632)
2,794,050
6,056,820
14,173,710
3,039,690
3,329,130

201404221639(201404221639)
2,794,050
6,056,820
14,173,710
3,039,990
3,334,110

201404221640(201404221640)
2,794,050
6,056,820
14,173,710
3,039,990
3,334,110

201404221641(201404221641)
2,794,050
6,056,820
14,173,710
3,039,990
3,334,110

201404221642(201404221642)
2,794,050
6,056,820
14,173,710
3,039,990
3,334,110

201404221649(201404221649)
2,796,180
6,056,820
14,173,710
3,041,460
3,334,920

201404221650(201404221650)
2,796,180
6,056,820
14,173,710
3,041,460
3,334,920

201404221651(201404221651)
2,796,180
6,056,820
14,173,710
3,041,460
3,334,920

201404221652(201404221652)
2,796,180
6,056,820
14,173,710
3,041,460
3,334,920

201404221659(201404221659)
2,800,860
6,066,420
14,173,710
3,046,740
3,334,920

201404221700(201404221700)
2,800,860
6,066,420
14,173,710
3,046,740
3,334,920

201404221701(201404221701)
2,800,860
6,066,420
14,173,710
3,046,890
3,334,920

201404221702(201404221702)
2,800,860
6,066,420
14,173,710
3,046,890
3,334,920

201404221709(201404221709)
2,821,650
6,066,420
14,173,710
3,076,290
3,338,940

201404221710(201404221710)
2,825,910
6,070,800
14,173,710
3,076,290
3,342,930

201404221711(201404221711)
2,826,330
6,070,800
14,173,710
3,078,420
3,344,430

201404221712(201404221712)
2,826,330
6,082,950
14,178,990
3,078,480
3,346,500

201404221719(201404221719)
2,838,210
6,085,140
14,178,990
3,115,140
3,369,540

201404221720(201404221720)
2,845,710
6,085,140
14,178,990
3,117,300
3,371,850

201404221721(201404221721)
2,846,310
6,085,140
14,178,990
3,124,380
3,375,090

201404221722(201404221722)
2,846,310
6,085,140
14,178,990
3,124,500
3,375,090

201404221729(201404221729)
2,847,870
6,090,630
14,251,080
3,129,810
3,381,870

201404221730(201404221730)
2,857,560
6,090,630
14,335,380
3,129,810
3,382,110

201404221731(201404221731)
2,857,560
6,090,630
14,335,380
3,129,810
3,382,110

201404221732(201404221732)
2,858,490
6,090,630
14,335,380
3,129,810
3,382,110

201404221739(201404221739)
2,867,550
6,108,810
14,407,770
3,147,840
3,401,220

201404221740(201404221740)
2,867,550
6,108,810
14,407,770
3,149,580
3,401,220

201404221741(201404221741)
2,867,550
6,113,370
14,407,770
3,149,580
3,412,920

201404221742(201404221742)
2,867,550
6,113,370
14,407,770
3,149,580
3,421,470

201404221749(201404221749)
2,871,840
6,143,430
14,407,770
3,155,970
3,437,940

201404221750(201404221750)
2,872,500
6,161,580
14,407,770
3,155,970
3,450,960

201404221751(201404221751)
2,874,390
6,169,440
14,407,770
3,155,970
3,450,960

201404221752(201404221752)
2,879,880
6,169,440
14,407,770
3,156,240
3,451,650

201404221759(201404221759)
2,892,480
6,179,580
14,407,770
3,161,070
3,467,700

201404221800(201404221800)
2,893,770
6,179,580
14,407,770
3,161,160
3,467,700

201404221801(201404221801)
2,893,770
6,179,580
14,435,250
3,161,160
3,467,700

201404221802(201404221802)
2,893,770
6,179,580
14,593,650
3,161,160
3,474,690

201404221809(201404221809)
2,899,320
6,187,920
14,599,350
3,163,200
3,477,210

201404221810(201404221810)
2,899,320
6,188,340
14,599,350
3,168,240
3,477,210

201404221811(201404221811)
2,899,320
6,188,340
14,599,350
3,168,240
3,477,210

201404221812(201404221812)
2,899,320
6,188,340
14,599,350
3,171,690
3,477,210

201404221819(201404221819)
2,903,910
6,205,770
14,713,170
3,186,240
3,494,700

201404221820(201404221820)
2,903,910
6,206,520
14,713,170
3,191,670
3,494,700

201404221821(201404221821)
2,903,910
6,206,520
14,713,170
3,191,670
3,496,140

201404221822(201404221822)
2,903,910
6,206,520
14,713,170
3,191,670
3,496,140

201404221829(201404221829)
2,909,790
6,235,260
14,713,170
3,194,790
3,498,210

201404221830(201404221830)
2,909,790
6,235,260
14,713,170
3,207,720
3,499,440

201404221831(201404221831)
2,909,790
6,235,260
14,713,170
3,207,720
3,499,440

201404221832(201404221832)
2,911,770
6,237,750
14,713,170
3,207,720
3,499,440

201404221839(201404221839)
2,911,770
6,267,300
14,751,990
3,209,670
3,512,340

201404221840(201404221840)
2,918,610
6,267,300
14,766,990
3,209,670
3,512,340

201404221841(201404221841)
2,920,110
6,267,300
14,803,230
3,216,540
3,512,340

201404221842(201404221842)
2,920,110
6,267,300
14,803,230
3,216,540
3,517,260

201404221849(201404221849)
2,932,170
6,274,950
15,033,180
3,226,020
3,529,890

201404221850(201404221850)
2,932,170
6,274,950
15,033,180
3,226,020
3,533,940

201404221851(201404221851)
2,932,170
6,274,950
15,033,180
3,226,020
3,533,940

201404221852(201404221852)
2,932,170
6,274,950
15,033,180
3,226,020
3,533,940

201404221859(201404221859)
2,936,610
6,284,280
15,033,180
3,232,500
3,534,840

201404221900(201404221900)
2,936,610
6,284,280
15,033,180
3,232,500
3,534,840

201404221901(201404221901)
2,936,610
6,284,280
15,033,180
3,232,500
3,534,840

201404221902(201404221902)
2,936,610
6,290,940
15,033,180
3,232,500
3,534,840

201404221909(201404221909)
2,943,900
6,328,170
15,033,180
3,234,180
3,534,840

201404221910(201404221910)
2,944,320
6,328,170
15,033,180
3,234,180
3,535,740

201404221911(201404221911)
2,944,410
6,328,170
15,033,180
3,236,820
3,535,800

201404221912(201404221912)
2,949,120
6,328,170
15,033,180
3,239,970
3,537,360

201404221919(201404221919)
2,956,890
6,382,830
15,033,180
3,261,390
3,542,700

201404221920(201404221920)
2,956,890
6,382,830
15,033,180
3,261,390
3,542,700

201404221921(201404221921)
2,956,890
6,382,830
15,033,180
3,262,290
3,542,700

201404221922(201404221922)
2,956,890
6,388,470
15,033,180
3,262,290
3,552,990

201404221929(201404221929)
2,966,250
6,400,020
15,033,180
3,268,290
3,563,700

201404221930(201404221930)
2,966,250
6,400,830
15,033,180
3,269,220
3,563,700

201404221931(201404221931)
2,968,440
6,400,830
15,033,180
3,269,220
3,566,700

201404221932(201404221932)
2,968,440
6,400,830
15,078,810
3,269,220
3,569,520

201404221939(201404221939)
2,969,460
6,411,150
15,078,810
3,272,790
3,569,520

201404221940(201404221940)
2,969,460
6,411,150
15,078,810
3,272,790
3,569,520

201404221941(201404221941)
2,969,460
6,411,150
15,078,810
3,272,790
3,576,090

201404221942(201404221942)
2,969,460
6,411,150
15,078,810
3,272,790
3,576,090

201404221949(201404221949)
2,985,600
6,417,660
15,078,810
3,273,060
3,577,830

201404221950(201404221950)
2,985,600
6,429,810
15,078,810
3,273,060
3,577,830

201404221951(201404221951)
2,985,600
6,429,810
15,078,810
3,273,150
3,578,790

201404221952(201404221952)
2,986,260
6,429,810
15,078,810
3,273,240
3,578,790

201404221959(201404221959)
2,986,320
6,444,480
15,078,810
3,280,170
3,584,220

201404222000(201404222000)
2,986,320
6,447,480
15,078,810
3,284,070
3,584,580

201404222001(201404222001)
2,987,130
6,448,980
15,078,810
3,284,070
3,587,100

201404222002(201404222002)
2,987,130
6,448,980
15,078,810
3,284,070
3,587,100

201404222009(201404222009)
2,989,140
6,473,310
15,078,810
3,285,330
3,604,350

201404222010(201404222010)
2,989,140
6,473,310
15,078,810
3,285,330
3,604,350

201404222011(201404222011)
2,989,140
6,473,310
15,078,810
3,291,990
3,604,350

201404222012(201404222012)
2,989,140
6,473,310
15,078,810
3,294,240
3,604,350

201404222019(201404222019)
2,989,140
6,485,280
15,078,810
3,303,450
3,618,090

201404222020(201404222020)
2,989,140
6,485,280
15,078,810
3,306,030
3,618,090

201404222021(201404222021)
2,990,460
6,485,280
15,092,160
3,307,110
3,618,090

201404222022(201404222022)
2,993,460
6,493,620
15,092,160
3,310,500
3,618,090

201404222029(201404222029)
3,001,920
6,513,660
15,092,160
3,321,600
3,626,850

201404222030(201404222030)
3,001,920
6,513,660
15,092,160
3,324,450
3,630,540

201404222031(201404222031)
3,004,980
6,521,220
15,092,160
3,329,220
3,634,020

201404222032(201404222032)
3,004,980
6,521,220
15,092,160
3,329,970
3,634,020

201404222039(201404222039)
3,017,400
6,529,620
15,092,160
3,331,590
3,646,530

201404222040(201404222040)
3,017,400
6,531,930
15,092,160
3,333,420
3,646,530

201404222041(201404222041)
3,017,400
6,531,930
15,092,160
3,334,920
3,646,530

201404222042(201404222042)
3,017,400
6,531,930
15,092,160
3,334,920
3,646,530

201404222049(201404222049)
3,025,560
6,532,650
15,219,180
3,338,280
3,650,010

201404222050(201404222050)
3,025,560
6,532,650
15,219,180
3,338,280
3,655,320

201404222051(201404222051)
3,028,110
6,532,650
15,219,180
3,338,280
3,656,940

201404222052(201404222052)
3,028,110
6,532,650
15,219,180
3,338,280
3,657,330

201404222059(201404222059)
3,039,690
6,532,650
15,219,180
3,338,280
3,663,540

201404222100(201404222100)
3,039,690
6,532,650
15,219,180
3,344,430
3,663,540

201404222101(201404222101)
3,039,690
6,536,190
15,219,180
3,344,430
3,663,540

201404222102(201404222102)
3,039,690
6,536,190
15,219,180
3,344,430
3,663,540

201404222109(201404222109)
3,050,430
6,595,080
15,219,180
3,348,870
3,671,250

201404222110(201404222110)
3,051,810
6,595,080
15,219,180
3,353,610
3,671,250

201404222111(201404222111)
3,057,270
6,595,080
15,219,180
3,353,610
3,671,250

201404222112(201404222112)
3,057,270
6,595,080
15,219,180
3,353,610
3,678,840

201404222119(201404222119)
3,076,290
6,627,960
15,306,540
3,370,860
3,700,140

201404222120(201404222120)
3,080,820
6,649,530
15,309,840
3,370,860
3,700,140

201404222121(201404222121)
3,080,820
6,649,530
15,373,500
3,371,940
3,703,830

201404222122(201404222122)
3,080,820
6,650,610
15,373,500
3,371,940
3,703,830

201404222129(201404222129)
3,090,930
6,653,700
15,373,500
3,374,880
3,709,050

201404222130(201404222130)
3,101,460
6,663,900
15,373,500
3,377,700
3,709,050

201404222131(201404222131)
3,101,460
6,665,640
15,373,500
3,377,700
3,709,050

201404222132(201404222132)
3,104,850
6,670,470
15,373,500
3,377,700
3,709,050

201404222139(201404222139)
3,112,380
6,686,100
15,373,500
3,385,920
3,714,840

201404222140(201404222140)
3,114,450
6,686,100
15,373,500
3,385,920
3,716,760

201404222141(201404222141)
3,118,350
6,695,190
15,373,500
3,385,920
3,716,760

201404222142(201404222142)
3,118,350
6,721,050
15,373,500
3,385,920
3,716,760

201404222149(201404222149)
3,124,380
6,723,420
15,373,500
3,385,920
3,720,120

201404222150(201404222150)
3,124,380
6,734,010
15,373,500
3,392,580
3,720,120

201404222151(201404222151)
3,124,380
6,740,670
15,373,500
3,392,580
3,724,890

201404222152(201404222152)
3,124,380
6,740,670
15,373,500
3,392,580
3,724,890

201404222159(201404222159)
3,131,700
6,757,410
15,373,500
3,435,120
3,736,590

201404222200(201404222200)
3,132,690
6,763,590
15,373,500
3,435,120
3,740,340

201404222201(201404222201)
3,132,690
6,763,590
15,373,500
3,435,300
3,740,490

201404222202(201404222202)
3,132,690
6,767,970
15,373,500
3,442,530
3,748,200

201404222209(201404222209)
3,140,010
6,797,130
15,373,500
3,450,960
3,748,950

201404222210(201404222210)
3,140,010
6,797,130
15,373,500
3,450,960
3,748,950

201404222211(201404222211)
3,140,010
6,797,130
15,394,050
3,452,400
3,748,950

201404222212(201404222212)
3,140,010
6,797,130
15,412,350
3,452,400
3,750,480

201404222219(201404222219)
3,154,530
6,804,840
15,461,520
3,482,430
3,765,750

201404222220(201404222220)
3,155,490
6,804,840
15,461,520
3,482,430
3,765,750

201404222221(201404222221)
3,155,970
6,804,840
15,461,520
3,485,490
3,765,750

201404222222(201404222222)
3,155,970
6,804,840
15,501,690
3,491,640
3,765,750

201404222229(201404222229)
3,162,300
6,855,150
15,501,690
3,500,070
3,775,890

201404222230(201404222230)
3,162,300
6,855,150
15,501,690
3,500,070
3,776,610

201404222231(201404222231)
3,162,300
6,855,150
15,501,690
3,500,640
3,778,980

201404222232(201404222232)
3,162,300
6,855,150
15,501,690
3,500,640
3,778,980

201404222239(201404222239)
3,168,240
6,855,150
15,521,940
3,517,260
3,799,350

201404222240(201404222240)
3,168,780
6,891,210
15,521,940
3,517,260
3,801,240

201404222241(201404222241)
3,171,360
6,891,210
15,521,940
3,517,260
3,801,420

201404222242(201404222242)
3,173,340
6,891,210
15,521,940
3,517,260
3,805,770

201404222249(201404222249)
3,180,630
6,943,740
15,599,400
3,524,010
3,816,420

201404222250(201404222250)
3,183,750
6,943,740
15,602,700
3,529,890
3,816,420

201404222251(201404222251)
3,183,750
6,943,740
15,604,200
3,529,890
3,819,540

201404222252(201404222252)
3,183,750
6,943,740
15,624,300
3,533,940
3,826,350

201404222259(201404222259)
3,183,750
7,000,560
15,625,500
3,542,220
3,838,980

201404222300(201404222300)
3,207,720
7,000,560
15,625,500
3,542,220
3,838,980

201404222301(201404222301)
3,207,720
7,000,560
15,625,500
3,542,220
3,838,980

201404222302(201404222302)
3,207,720
7,000,560
15,625,500
3,543,450
3,848,190

201404222309(201404222309)
3,209,670
7,000,560
15,673,950
3,576,090
3,857,610

201404222310(201404222310)
3,209,670
7,000,560
15,684,750
3,576,090
3,858,420

201404222311(201404222311)
3,209,670
7,000,560
15,688,050
3,576,090
3,858,420

201404222312(201404222312)
3,209,670
7,000,560
15,698,250
3,576,090
3,860,460

201404222319(201404222319)
3,221,940
7,000,920
15,990,000
3,579,780
3,865,860

201404222320(201404222320)
3,221,940
7,011,900
15,990,000
3,581,640
3,865,860

201404222321(201404222321)
3,221,940
7,012,890
15,990,000
3,582,090
3,868,710

201404222322(201404222322)
3,221,940
7,012,890
15,990,000
3,582,090
3,868,710

201404222329(201404222329)
3,234,390
7,042,770
15,990,000
3,592,590
3,873,810

201404222330(201404222330)
3,234,390
7,042,770
15,990,000
3,594,660
3,873,810

201404222331(201404222331)
3,235,500
7,042,770
15,990,000
3,596,460
3,879,300

201404222332(201404222332)
3,235,500
7,042,770
15,990,000
3,596,460
3,880,140

201404222339(201404222339)
3,244,860
7,042,770
15,990,000
3,598,020
3,894,720

201404222340(201404222340)
3,244,860
7,042,770
15,990,000
3,598,020
3,894,720

201404222341(201404222341)
3,244,860
7,053,300
15,990,000
3,598,020
3,894,720

201404222342(201404222342)
3,244,860
7,053,300
15,990,000
3,598,020
3,894,720

201404222349(201404222349)
3,244,860
7,053,300
15,990,000
3,608,010
3,900,300

201404222350(201404222350)
3,248,640
7,053,300
15,990,000
3,608,010
3,900,300

201404222351(201404222351)
3,252,360
7,054,620
15,990,000
3,608,010
3,900,300

201404222352(201404222352)
3,253,650
7,062,450
15,990,000
3,608,010
3,907,560

201404222359(201404222359)
3,253,650
7,068,090
16,035,060
3,617,220
3,917,490

201404230000(201404230000)
3,253,650
7,068,090
16,035,060
3,617,220
3,917,490

201404230001(201404230001)
3,253,650
7,068,090
16,260,180
3,618,090
3,917,490

201404230002(201404230002)
3,253,650
7,068,090
16,282,080
3,618,540
3,917,490

201404230009(201404230009)
3,255,030
7,068,090
16,438,680
3,624,660
3,923,430

201404230010(201404230010)
3,255,030
7,068,090
16,438,680
3,624,660
3,926,430

201404230011(201404230011)
3,255,030
7,068,090
16,438,680
3,624,660
3,926,430

201404230012(201404230012)
3,255,030
7,070,490
16,438,680
3,624,660
3,926,430

201404230019(201404230019)
3,273,060
7,072,830
16,560,780
3,625,920
3,952,290

201404230020(201404230020)
3,273,060
7,072,830
16,582,170
3,626,460
3,952,290

201404230021(201404230021)
3,273,060
7,077,270
16,582,170
3,626,460
3,954,750

201404230022(201404230022)
3,273,060
7,077,270
16,582,170
3,626,460
3,954,750

201404230029(201404230029)
3,278,400
7,096,440
16,582,170
3,629,250
3,957,420

201404230030(201404230030)
3,278,400
7,096,440
16,582,170
3,631,050
3,968,760

201404230031(201404230031)
3,278,400
7,096,440
16,582,170
3,631,050
3,970,230

201404230032(201404230032)
3,278,400
7,096,440
16,582,170
3,631,050
3,970,230

201404230039(201404230039)
3,281,400
7,150,830
16,584,570
3,636,240
3,982,320

201404230040(201404230040)
3,282,120
7,150,830
16,584,570
3,636,240
3,982,320

201404230041(201404230041)
3,282,120
7,150,830
16,584,570
3,637,770
3,982,320

201404230042(201404230042)
3,284,340
7,150,830
16,584,570
3,637,770
3,984,990

201404230049(201404230049)
3,292,890
7,180,020
16,584,570
3,649,590
4,008,420

201404230050(201404230050)
3,292,890
7,180,020
16,584,570
3,652,410
4,008,420

201404230051(201404230051)
3,292,890
7,180,020
16,584,570
3,652,410
4,009,920

201404230052(201404230052)
3,292,890
7,180,020
16,584,570
3,652,410
4,009,920

201404230059(201404230059)
3,294,240
7,222,530
16,584,570
3,661,050
4,012,530

201404230100(201404230100)
3,294,240
7,222,530
16,584,570
3,661,050
4,012,530

201404230101(201404230101)
3,294,240
7,222,530
16,584,570
3,662,160
4,017,420

201404230102(201404230102)
3,296,760
7,222,530
16,584,570
3,662,160
4,018,590

201404230109(201404230109)
3,306,030
7,235,160
16,584,570
3,666,420
4,025,070

201404230110(201404230110)
3,306,030
7,235,160
16,584,570
3,666,420
4,025,070

201404230111(201404230111)
3,306,030
7,235,160
16,584,570
3,666,420
4,040,280

201404230112(201404230112)
3,306,030
7,235,160
16,584,570
3,666,420
4,040,280

