201404180109(201404180109)
601,740
1,308,000
3,764,130

201404180110(201404180110)
602,820
1,308,000
3,764,130

201404180111(201404180111)
604,080
1,308,360
3,764,130

201404180112(201404180112)
604,860
1,308,360
3,764,130

201404180119(201404180119)
608,070
1,320,120
3,954,630

201404180120(201404180120)
608,160
1,327,800
3,954,630

201404180121(201404180121)
608,940
1,331,790
3,954,630

201404180122(201404180122)
608,970
1,334,670
3,954,630

201404180129(201404180129)
612,810
1,335,540
4,026,510

201404180130(201404180130)
612,990
1,335,540
4,026,510

201404180131(201404180131)
614,250
1,346,250
4,026,510

201404180132(201404180132)
614,250
1,351,200
4,026,510

201404180139(201404180139)
619,680
1,365,990
4,026,510

201404180140(201404180140)
619,680
1,366,020
4,026,510

201404180141(201404180141)
620,310
1,372,020
4,026,510

201404180142(201404180142)
621,480
1,372,020
4,026,510

201404180149(201404180149)
627,810
1,385,460
4,026,510

201404180150(201404180150)
628,560
1,385,460
4,026,510

201404180151(201404180151)
628,890
1,385,460
4,026,510

201404180152(201404180152)
629,400
1,385,460
4,026,510

201404180159(201404180159)
630,030
1,400,070
4,083,300

201404180200(201404180200)
630,390
1,400,070
4,083,300

201404180201(201404180201)
632,640
1,406,430
4,083,300

201404180202(201404180202)
632,640
1,407,720
4,083,300

201404180209(201404180209)
639,750
1,414,350
4,083,300

201404180210(201404180210)
640,200
1,414,350
4,083,300

201404180211(201404180211)
641,220
1,414,350
4,118,190

201404180212(201404180212)
641,760
1,414,350
4,118,190

201404180219(201404180219)
650,520
1,427,820
4,118,190

201404180220(201404180220)
650,880
1,428,990
4,118,190

201404180221(201404180221)
650,880
1,435,380
4,118,190

201404180222(201404180222)
650,880
1,435,380
4,118,190

201404180229(201404180229)
652,380
1,444,740
4,118,190

201404180230(201404180230)
652,470
1,444,740
4,118,190

201404180231(201404180231)
652,920
1,444,740
4,118,190

201404180232(201404180232)
652,920
1,444,740
4,118,190

201404180239(201404180239)
655,980
1,451,760
4,148,250

201404180240(201404180240)
656,190
1,451,880
4,148,250

201404180241(201404180241)
656,310
1,451,880
4,148,250

201404180242(201404180242)
658,050
1,451,880
4,148,250

201404180249(201404180249)
663,180
1,464,990
4,148,250

201404180250(201404180250)
663,180
1,464,990
4,148,250

201404180251(201404180251)
663,180
1,466,850
4,148,250

201404180252(201404180252)
663,180
1,467,240
4,148,250

201404180259(201404180259)
666,150
1,476,660
4,196,310

201404180300(201404180300)
666,240
1,476,660
4,196,310

201404180301(201404180301)
666,240
1,476,660
4,196,310

201404180302(201404180302)
666,240
1,480,500
4,196,310

201404180309(201404180309)
668,190
1,483,110
4,196,310

201404180310(201404180310)
668,460
1,483,110
4,196,310

201404180311(201404180311)
668,520
1,483,110
4,196,310

201404180312(201404180312)
668,520
1,483,110
4,196,310

201404180319(201404180319)
671,040
1,487,010
4,196,310

201404180320(201404180320)
671,040
1,490,760
4,196,310

201404180321(201404180321)
671,070
1,490,760
4,196,310

201404180322(201404180322)
672,090
1,490,760
4,196,310

201404180329(201404180329)
674,940
1,500,750
4,196,310

201404180330(201404180330)
674,940
1,500,750
4,196,310

201404180331(201404180331)
675,510
1,501,050
4,196,310

201404180332(201404180332)
676,230
1,501,050
4,196,310

201404180339(201404180339)
680,010
1,501,050
4,196,310

201404180340(201404180340)
680,010
1,501,080
4,196,310

201404180341(201404180341)
680,010
1,501,080
4,196,310

201404180342(201404180342)
680,010
1,501,080
4,196,310

201404180349(201404180349)
680,010
1,502,310
4,222,890

201404180350(201404180350)
680,010
1,502,310
4,222,890

201404180351(201404180351)
680,010
1,502,340
4,222,890

201404180352(201404180352)
680,010
1,502,340
4,222,890

201404180359(201404180359)
681,990
1,504,680
4,222,890

201404180400(201404180400)
681,990
1,504,680
4,222,890

201404180401(201404180401)
683,190
1,504,680
4,222,890

201404180402(201404180402)
683,520
1,504,680
4,222,890

201404180409(201404180409)
684,300
1,504,680
4,251,060

201404180410(201404180410)
684,300
1,504,680
4,251,060

201404180411(201404180411)
684,300
1,504,680
4,251,060

201404180412(201404180412)
684,330
1,504,680
4,251,060

201404180419(201404180419)
688,230
1,504,680
4,280,730

201404180420(201404180420)
688,380
1,504,680
4,280,730

201404180421(201404180421)
688,380
1,504,680
4,293,450

201404180422(201404180422)
688,380
1,504,680
4,293,450

201404180429(201404180429)
690,120
1,505,280
4,305,480

201404180430(201404180430)
690,120
1,505,280
4,305,480

201404180431(201404180431)
690,120
1,505,280
4,305,480

201404180432(201404180432)
690,120
1,505,280
4,305,480

201404180439(201404180439)
691,710
1,509,540
4,313,280

201404180440(201404180440)
694,230
1,509,540
4,313,280

201404180441(201404180441)
694,470
1,509,540
4,313,280

201404180442(201404180442)
694,470
1,509,540
4,313,280

201404180449(201404180449)
695,100
1,512,240
4,319,520

201404180450(201404180450)
695,100
1,512,240
4,319,520

201404180451(201404180451)
695,100
1,512,240
4,319,520

201404180452(201404180452)
695,100
1,512,240
4,319,520

201404180459(201404180459)
696,360
1,512,930
4,319,520

201404180500(201404180500)
696,930
1,512,930
4,319,520

201404180501(201404180501)
696,930
1,512,930
4,319,520

201404180502(201404180502)
697,170
1,512,930
4,319,520

201404180509(201404180509)
697,950
1,514,250
4,339,380

201404180510(201404180510)
697,950
1,514,250
4,339,380

201404180511(201404180511)
699,750
1,514,310
4,339,380

201404180512(201404180512)
699,750
1,514,310
4,339,380

201404180519(201404180519)
701,520
1,514,310
4,339,380

201404180520(201404180520)
702,720
1,514,640
4,339,380

201404180521(201404180521)
702,720
1,514,640
4,339,380

201404180522(201404180522)
702,720
1,514,640
4,339,380

201404180529(201404180529)
703,590
1,521,000
4,435,740

201404180530(201404180530)
703,710
1,521,000
4,435,740

201404180531(201404180531)
703,710
1,521,000
4,435,740

201404180532(201404180532)
703,710
1,521,330
4,435,740

201404180539(201404180539)
704,490
1,524,240
4,435,740

201404180540(201404180540)
704,490
1,524,240
4,435,740

201404180541(201404180541)
704,490
1,524,660
4,435,740

201404180542(201404180542)
704,490
1,526,040
4,435,740

201404180549(201404180549)
704,490
1,529,010
4,435,740

201404180550(201404180550)
705,060
1,529,550
4,435,740

201404180551(201404180551)
705,060
1,529,550
4,435,740

201404180552(201404180552)
706,080
1,529,550
4,435,740

201404180559(201404180559)
706,770
1,530,120
4,435,740

201404180600(201404180600)
706,770
1,530,120
4,435,740

201404180601(201404180601)
707,070
1,530,120
4,435,740

201404180602(201404180602)
707,070
1,530,120
4,435,740

201404180609(201404180609)
711,150
1,534,200
4,435,740

201404180610(201404180610)
711,150
1,534,200
4,435,740

201404180611(201404180611)
711,540
1,534,200
4,435,740

201404180612(201404180612)
711,930
1,534,200
4,435,740

201404180619(201404180619)
711,930
1,534,200
4,435,740

201404180620(201404180620)
712,200
1,534,200
4,435,740

201404180621(201404180621)
712,200
1,534,200
4,435,740

201404180622(201404180622)
712,200
1,534,200
4,435,740

201404180629(201404180629)
713,340
1,536,900
4,445,370

201404180630(201404180630)
713,340
1,536,900
4,445,370

201404180631(201404180631)
713,340
1,536,900
4,445,370

201404180632(201404180632)
713,520
1,536,900
4,445,370

201404180639(201404180639)
718,440
1,539,480
4,445,370

201404180640(201404180640)
718,590
1,540,200
4,445,370

201404180641(201404180641)
718,860
1,540,200
4,445,670

201404180642(201404180642)
718,860
1,540,200
4,447,170

201404180649(201404180649)
721,950
1,542,630
4,447,170

201404180650(201404180650)
722,490
1,547,670
4,447,170

201404180651(201404180651)
722,640
1,548,360
4,447,170

201404180652(201404180652)
723,660
1,548,360
4,447,170

201404180659(201404180659)
725,700
1,549,500
4,570,470

201404180700(201404180700)
726,780
1,549,500
4,570,470

201404180701(201404180701)
726,780
1,550,250
4,570,470

201404180702(201404180702)
727,560
1,550,490
4,570,470

201404180709(201404180709)
728,010
1,551,210
4,570,470

201404180710(201404180710)
728,970
1,551,210
4,570,470

201404180711(201404180711)
729,480
1,551,210
4,570,470

201404180712(201404180712)
729,480
1,552,350
4,570,470

201404180719(201404180719)
731,550
1,552,350
4,570,470

201404180720(201404180720)
731,550
1,552,350
4,570,470

201404180721(201404180721)
731,550
1,552,350
4,570,470

201404180722(201404180722)
731,550
1,552,410
4,570,470

201404180729(201404180729)
734,640
1,554,630
4,570,470

201404180730(201404180730)
734,790
1,554,630
4,570,470

201404180731(201404180731)
734,880
1,555,260
4,570,470

201404180732(201404180732)
734,880
1,557,450
4,570,470

201404180739(201404180739)
737,820
1,560,210
4,570,470

201404180740(201404180740)
739,080
1,560,210
4,570,470

201404180741(201404180741)
739,080
1,560,210
4,570,470

201404180742(201404180742)
739,470
1,560,210
4,570,470

201404180749(201404180749)
741,780
1,562,190
4,570,470

201404180750(201404180750)
743,370
1,562,190
4,570,470

201404180751(201404180751)
744,480
1,562,190
4,570,470

201404180752(201404180752)
744,480
1,562,190
4,570,470

201404180759(201404180759)
748,230
1,564,350
4,570,470

201404180800(201404180800)
748,710
1,564,350
4,570,470

201404180801(201404180801)
751,740
1,564,350
4,570,470

201404180802(201404180802)
752,250
1,566,150
4,570,470

201404180809(201404180809)
757,140
1,567,440
4,605,120

201404180810(201404180810)
757,950
1,567,440
4,605,120

201404180811(201404180811)
758,520
1,568,220
4,605,120

201404180812(201404180812)
758,520
1,568,220
4,605,120

201404180819(201404180819)
762,330
1,578,210
4,616,730

201404180820(201404180820)
762,330
1,578,210
4,616,730

201404180821(201404180821)
762,330
1,578,210
4,616,730

201404180822(201404180822)
765,150
1,578,210
4,616,730

201404180829(201404180829)
767,100
1,587,060
4,626,420

201404180830(201404180830)
770,160
1,587,060
4,626,420

201404180831(201404180831)
770,160
1,587,060
4,626,420

201404180832(201404180832)
770,160
1,587,420
4,626,420

201404180839(201404180839)
772,980
1,588,440
4,626,420

201404180840(201404180840)
773,370
1,593,840
4,626,420

201404180841(201404180841)
773,370
1,593,840
4,626,420

201404180842(201404180842)
773,670
1,593,840
4,626,420

201404180849(201404180849)
774,060
1,605,120
4,626,420

201404180850(201404180850)
774,060
1,605,120
4,626,420

201404180851(201404180851)
774,060
1,605,120
4,626,420

201404180852(201404180852)
774,990
1,605,120
4,626,420

201404180859(201404180859)
775,260
1,605,120
4,626,420

201404180900(201404180900)
776,700
1,605,120
4,626,420

201404180901(201404180901)
777,510
1,605,120
4,626,420

201404180902(201404180902)
778,530
1,605,120
4,626,420

201404180909(201404180909)
784,500
1,606,590
4,626,420

201404180910(201404180910)
784,500
1,609,080
4,626,420

201404180911(201404180911)
784,500
1,609,080
4,626,420

201404180912(201404180912)
784,500
1,609,080
4,626,420

201404180919(201404180919)
788,130
1,610,820
4,644,960

201404180920(201404180920)
788,850
1,610,820
4,644,960

201404180921(201404180921)
788,850
1,610,820
4,644,960

201404180922(201404180922)
788,850
1,610,820
4,644,960

201404180929(201404180929)
791,220
1,621,590
4,644,960

201404180930(201404180930)
791,220
1,621,590
4,644,960

201404180931(201404180931)
792,000
1,621,590
4,666,290

201404180932(201404180932)
792,690
1,621,590
4,666,290

201404180939(201404180939)
793,710
1,621,590
4,666,290

201404180940(201404180940)
794,190
1,621,590
4,666,290

201404180941(201404180941)
794,190
1,621,950
4,666,290

201404180942(201404180942)
794,460
1,621,950
4,666,290

201404180949(201404180949)
796,530
1,621,950
4,680,030

201404180950(201404180950)
797,310
1,621,950
4,680,030

201404180951(201404180951)
797,880
1,621,950
4,680,030

201404180952(201404180952)
798,540
1,624,650
4,680,030

201404180959(201404180959)
801,660
1,628,910
4,680,030

201404181000(201404181000)
801,660
1,631,700
4,680,030

201404181001(201404181001)
801,660
1,631,700
4,680,030

201404181002(201404181002)
801,660
1,631,700
4,695,630

201404181009(201404181009)
805,530
1,637,220
4,726,320

201404181010(201404181010)
805,530
1,637,220
4,726,320

201404181011(201404181011)
805,530
1,637,220
4,726,320

201404181012(201404181012)
805,770
1,637,220
4,726,320

201404181019(201404181019)
805,830
1,638,690
4,726,320

201404181020(201404181020)
805,830
1,638,690
4,726,320

201404181021(201404181021)
805,980
1,638,720
4,726,320

201404181022(201404181022)
805,980
1,638,720
4,726,320

201404181029(201404181029)
807,720
1,646,730
4,726,320

201404181030(201404181030)
807,720
1,646,730
4,726,320

201404181031(201404181031)
807,840
1,648,890
4,726,320

201404181032(201404181032)
813,570
1,648,890
4,726,320

201404181039(201404181039)
816,960
1,656,600
4,726,320

201404181040(201404181040)
816,960
1,656,600
4,726,320

201404181041(201404181041)
816,960
1,656,600
4,726,320

201404181042(201404181042)
818,310
1,656,600
4,726,320

201404181049(201404181049)
820,350
1,657,860
4,726,320

201404181050(201404181050)
821,190
1,657,860
4,737,210

201404181051(201404181051)
821,310
1,657,860
4,737,210

201404181052(201404181052)
821,730
1,657,860
4,737,210

201404181059(201404181059)
824,400
1,663,560
4,745,400

201404181100(201404181100)
824,400
1,671,900
4,745,400

201404181101(201404181101)
824,400
1,673,310
4,745,400

201404181102(201404181102)
824,640
1,673,310
4,745,400

201404181109(201404181109)
825,510
1,678,500
4,753,110

201404181110(201404181110)
825,660
1,678,500
4,753,110

201404181111(201404181111)
825,660
1,678,500
4,753,110

201404181112(201404181112)
826,980
1,678,500
4,753,110

201404181119(201404181119)
828,990
1,679,160
4,753,110

201404181120(201404181120)
829,770
1,679,160
4,753,110

201404181121(201404181121)
830,490
1,680,810
4,753,110

201404181122(201404181122)
831,240
1,681,200
4,753,110

201404181129(201404181129)
835,830
1,696,440
4,818,990

201404181130(201404181130)
835,830
1,696,440
4,818,990

201404181131(201404181131)
835,830
1,696,440
4,827,300

201404181132(201404181132)
835,830
1,696,440
4,827,300

201404181139(201404181139)
836,010
1,697,820
4,827,300

201404181140(201404181140)
836,010
1,697,820
4,827,300

201404181141(201404181141)
836,280
1,697,820
4,828,080

201404181142(201404181142)
836,280
1,698,660
4,828,080

201404181149(201404181149)
838,440
1,701,690
4,828,080

201404181150(201404181150)
840,420
1,701,690
4,828,080

201404181151(201404181151)
840,420
1,701,690
4,828,080

201404181152(201404181152)
840,720
1,701,690
4,828,080

201404181159(201404181159)
842,010
1,709,370
4,828,080

201404181200(201404181200)
842,550
1,709,370
4,828,080

201404181201(201404181201)
843,510
1,709,370
4,839,540

201404181202(201404181202)
843,780
1,709,370
4,852,080

201404181209(201404181209)
846,420
1,712,970
4,854,690

201404181210(201404181210)
846,420
1,712,970
4,854,690

201404181211(201404181211)
846,420
1,712,970
4,854,690

201404181212(201404181212)
846,420
1,712,970
4,854,690

201404181219(201404181219)
849,000
1,715,790
4,860,960

201404181220(201404181220)
849,000
1,715,790
4,860,960

201404181221(201404181221)
849,000
1,715,790
4,860,960

201404181222(201404181222)
849,000
1,715,790
4,860,960

201404181229(201404181229)
860,460
1,720,110
4,860,960

201404181230(201404181230)
864,150
1,720,110
4,860,960

201404181231(201404181231)
865,530
1,720,110
4,860,960

201404181232(201404181232)
865,530
1,720,110
4,860,960

201404181239(201404181239)
868,020
1,724,490
4,876,620

201404181240(201404181240)
868,020
1,724,490
4,885,890

201404181241(201404181241)
868,140
1,724,490
4,896,900

201404181242(201404181242)
868,290
1,724,490
4,908,300

201404181249(201404181249)
879,240
1,731,270
4,929,270

201404181250(201404181250)
879,240
1,731,270
4,929,270

201404181251(201404181251)
879,240
1,731,270
4,929,270

201404181252(201404181252)
879,240
1,731,270
4,929,270

201404181259(201404181259)
884,370
1,738,950
4,929,270

201404181300(201404181300)
884,460
1,738,950
4,929,270

201404181301(201404181301)
886,920
1,738,950
4,937,160

201404181302(201404181302)
887,040
1,738,950
4,937,160

201404181309(201404181309)
888,630
1,742,220
4,937,160

201404181310(201404181310)
891,240
1,743,720
4,949,400

201404181311(201404181311)
891,240
1,750,710
4,949,400

201404181312(201404181312)
891,240
1,753,890
4,951,440

201404181319(201404181319)
893,850
1,760,220
4,985,040

201404181320(201404181320)
893,850
1,760,220
4,985,040

201404181321(201404181321)
895,560
1,763,880
4,985,040

201404181322(201404181322)
896,550
1,763,880
4,985,040

201404181329(201404181329)
899,250
1,769,100
4,985,040

201404181330(201404181330)
899,400
1,769,850
4,985,040

201404181331(201404181331)
899,400
1,769,850
4,985,040

201404181332(201404181332)
902,130
1,769,850
4,991,640

201404181339(201404181339)
903,930
1,773,990
4,995,840

201404181340(201404181340)
904,080
1,773,990
4,995,840

201404181341(201404181341)
904,080
1,773,990
4,996,140

201404181342(201404181342)
904,080
1,773,990
4,996,140

201404181349(201404181349)
908,670
1,773,990
5,017,740

201404181350(201404181350)
908,670
1,776,990
5,017,740

201404181351(201404181351)
908,670
1,779,990
5,017,740

201404181352(201404181352)
909,180
1,781,580
5,017,740

201404181359(201404181359)
912,930
1,784,910
5,029,470

201404181400(201404181400)
912,930
1,784,910
5,029,470

201404181401(201404181401)
912,930
1,784,910
5,029,470

201404181402(201404181402)
913,740
1,788,510
5,029,470

201404181409(201404181409)
917,070
1,788,750
5,029,470

201404181410(201404181410)
917,070
1,788,750
5,029,470

201404181411(201404181411)
917,070
1,788,750
5,029,470

201404181412(201404181412)
917,070
1,788,750
5,029,470

201404181419(201404181419)
919,650
1,790,130
5,029,470

201404181420(201404181420)
919,650
1,790,130
5,029,470

201404181421(201404181421)
919,650
1,790,130
5,029,470

201404181422(201404181422)
919,710
1,790,130
5,029,470

201404181429(201404181429)
924,990
1,792,740
5,029,470

201404181430(201404181430)
924,990
1,792,740
5,029,470

201404181431(201404181431)
924,990
1,792,740
5,029,470

201404181432(201404181432)
924,990
1,792,740
5,029,470

201404181439(201404181439)
927,960
1,793,760
5,029,470

201404181440(201404181440)
928,080
1,795,500
5,029,470

201404181441(201404181441)
928,080
1,797,690
5,029,470

201404181442(201404181442)
928,080
1,797,690
5,029,470

201404181449(201404181449)
928,290
1,802,190
5,030,310

201404181450(201404181450)
928,290
1,803,900
5,030,310

201404181451(201404181451)
928,290
1,803,900
5,030,310

201404181452(201404181452)
928,290
1,803,900
5,030,310

201404181459(201404181459)
931,260
1,803,900
5,030,310

201404181500(201404181500)
931,260
1,803,900
5,030,310

201404181501(201404181501)
931,890
1,803,900
5,030,310

201404181502(201404181502)
933,090
1,803,900
5,030,310

201404181509(201404181509)
938,970
1,804,980
5,095,350

201404181510(201404181510)
938,970
1,808,460
5,095,350

201404181511(201404181511)
938,970
1,814,340
5,095,350

201404181512(201404181512)
940,200
1,814,340
5,095,350

201404181519(201404181519)
945,210
1,814,790
5,095,350

201404181520(201404181520)
945,210
1,814,790
5,095,350

201404181521(201404181521)
945,210
1,814,790
5,095,350

201404181522(201404181522)
945,210
1,814,790
5,095,350

201404181529(201404181529)
945,330
1,815,450
5,103,420

201404181530(201404181530)
945,330
1,815,450
5,103,420

201404181531(201404181531)
945,330
1,816,050
5,103,420

201404181532(201404181532)
945,330
1,817,190
5,103,420

201404181539(201404181539)
946,920
1,817,640
5,103,420

201404181540(201404181540)
946,920
1,817,640
5,132,040

201404181541(201404181541)
947,880
1,817,640
5,132,040

201404181542(201404181542)
949,410
1,817,640
5,132,040

201404181549(201404181549)
951,420
1,817,730
5,207,370

201404181550(201404181550)
951,420
1,817,730
5,250,390

201404181551(201404181551)
951,420
1,817,730
5,250,390

201404181552(201404181552)
951,420
1,817,730
5,250,390

201404181559(201404181559)
956,100
1,818,840
5,250,390

201404181600(201404181600)
957,120
1,824,270
5,250,390

201404181601(201404181601)
957,120
1,826,610
5,250,390

201404181602(201404181602)
957,750
1,826,610
5,250,390

201404181609(201404181609)
961,890
1,829,880
5,250,390

201404181610(201404181610)
963,210
1,831,080
5,250,390

201404181611(201404181611)
963,660
1,831,080
5,250,390

201404181612(201404181612)
963,660
1,831,080
5,250,390

201404181619(201404181619)
966,060
1,831,080
5,257,590

201404181620(201404181620)
966,090
1,831,080
5,257,590

201404181621(201404181621)
966,090
1,831,080
5,257,590

201404181622(201404181622)
966,090
1,831,080
5,257,590

201404181629(201404181629)
974,070
1,842,810
5,286,720

201404181630(201404181630)
974,070
1,842,810
5,286,720

201404181631(201404181631)
975,000
1,842,810
5,286,720

201404181632(201404181632)
978,960
1,844,730
5,286,720

201404181639(201404181639)
982,020
1,844,730
5,343,030

201404181640(201404181640)
982,020
1,844,730
5,343,030

201404181641(201404181641)
982,170
1,846,680
5,343,030

201404181642(201404181642)
982,170
1,853,160
5,343,030

201404181649(201404181649)
983,820
1,862,460
5,353,530

201404181650(201404181650)
983,820
1,862,460
5,361,930

201404181651(201404181651)
983,820
1,862,460
5,422,020

201404181652(201404181652)
985,410
1,862,520
5,422,020

201404181659(201404181659)
986,040
1,864,920
5,485,830

201404181700(201404181700)
987,540
1,864,920
5,485,830

201404181701(201404181701)
987,540
1,864,920
5,485,830

201404181702(201404181702)
987,540
1,864,920
5,504,400

201404181709(201404181709)
992,430
1,867,560
5,526,570

201404181710(201404181710)
992,430
1,867,560
5,526,570

201404181711(201404181711)
992,430
1,873,440
5,526,570

201404181712(201404181712)
992,430
1,873,440
5,526,570

201404181719(201404181719)
994,530
1,873,440
5,526,570

201404181720(201404181720)
994,950
1,873,440
5,526,570

201404181721(201404181721)
994,950
1,876,440
5,526,570

201404181722(201404181722)
996,060
1,876,440
5,526,570

201404181729(201404181729)
996,060
1,887,660
5,576,430

201404181730(201404181730)
996,060
1,896,300
5,576,430

201404181731(201404181731)
996,060
1,896,300
5,576,430

201404181732(201404181732)
996,060
1,896,300
5,576,430

201404181739(201404181739)
998,460
1,900,380
5,585,010

201404181740(201404181740)
999,540
1,900,380
5,585,010

201404181741(201404181741)
999,540
1,902,540
5,585,010

201404181742(201404181742)
999,540
1,902,540
5,585,010

201404181749(201404181749)
1,008,480
1,914,330
5,585,010

201404181750(201404181750)
1,008,480
1,914,420
5,585,010

201404181751(201404181751)
1,010,490
1,919,940
5,585,010

201404181752(201404181752)
1,011,540
1,922,610
5,585,010

201404181759(201404181759)
1,019,850
1,924,950
5,585,010

201404181800(201404181800)
1,019,850
1,924,950
5,585,010

201404181801(201404181801)
1,019,850
1,924,950
5,585,010

201404181802(201404181802)
1,019,850
1,924,950
5,585,010

201404181809(201404181809)
1,023,870
1,937,130
5,594,910

201404181810(201404181810)
1,023,990
1,941,270
5,594,910

201404181811(201404181811)
1,025,040
1,941,270
5,594,910

201404181812(201404181812)
1,025,040
1,944,300
5,594,910

201404181819(201404181819)
1,029,840
1,953,390
5,594,910

201404181820(201404181820)
1,029,840
1,955,850
5,594,910

201404181821(201404181821)
1,030,260
1,956,000
5,594,910

201404181822(201404181822)
1,030,260
1,956,000
5,594,910

201404181829(201404181829)
1,033,830
1,976,700
5,622,900

201404181830(201404181830)
1,034,130
1,976,700
5,622,900

201404181831(201404181831)
1,035,810
1,976,700
5,622,900

201404181832(201404181832)
1,035,810
1,976,700
5,622,900

201404181839(201404181839)
1,037,700
1,976,700
5,622,900

201404181840(201404181840)
1,038,000
1,978,560
5,622,900

201404181841(201404181841)
1,038,000
1,978,560
5,622,900

201404181842(201404181842)
1,038,000
1,978,560
5,622,900

201404181849(201404181849)
1,042,710
1,984,020
5,640,300

201404181850(201404181850)
1,043,400
1,984,020
5,647,350

201404181851(201404181851)
1,044,600
1,986,060
5,647,350

201404181852(201404181852)
1,047,240
1,989,360
5,647,350

201404181859(201404181859)
1,049,670
1,991,790
5,647,950

201404181900(201404181900)
1,049,670
1,991,790
5,647,950

201404181901(201404181901)
1,049,670
1,991,790
5,647,950

201404181902(201404181902)
1,049,670
1,991,790
5,647,950

201404181909(201404181909)
1,052,790
1,998,420
5,649,390

201404181910(201404181910)
1,053,630
1,998,420
5,649,390

201404181911(201404181911)
1,054,350
1,998,420
5,649,390

201404181912(201404181912)
1,054,350
1,998,420
5,649,390

201404181919(201404181919)
1,058,430
2,006,910
5,649,390

201404181920(201404181920)
1,058,430
2,006,910
5,649,390

201404181921(201404181921)
1,058,430
2,006,910
5,649,390

201404181922(201404181922)
1,058,430
2,013,750
5,699,550

201404181929(201404181929)
1,062,150
2,019,810
5,834,760

201404181930(201404181930)
1,062,870
2,019,810
5,834,760

201404181931(201404181931)
1,062,870
2,022,450
5,834,760

201404181932(201404181932)
1,062,930
2,022,450
5,834,760

201404181939(201404181939)
1,067,400
2,024,430
5,865,330

201404181940(201404181940)
1,068,720
2,024,430
5,898,750

201404181941(201404181941)
1,068,810
2,028,480
5,898,750

201404181942(201404181942)
1,068,810
2,028,480
5,898,750

201404181949(201404181949)
1,072,410
2,038,830
5,898,750

201404181950(201404181950)
1,072,890
2,041,620
5,898,750

201404181951(201404181951)
1,073,550
2,042,220
5,898,750

201404181952(201404181952)
1,073,550
2,042,220
5,898,750

201404181959(201404181959)
1,088,610
2,060,070
5,898,750

201404182000(201404182000)
1,088,610
2,060,100
5,898,750

201404182001(201404182001)
1,089,180
2,061,420
5,898,750

201404182002(201404182002)
1,089,180
2,061,420
5,898,750

201404182009(201404182009)
1,091,850
2,067,240
5,955,720

201404182010(201404182010)
1,093,260
2,067,240
5,955,720

201404182011(201404182011)
1,093,260
2,067,240
5,955,720

201404182012(201404182012)
1,093,530
2,067,300
5,955,720

201404182019(201404182019)
1,098,720
2,073,690
5,955,720

201404182020(201404182020)
1,098,720
2,073,690
5,955,720

201404182021(201404182021)
1,098,720
2,076,810
5,955,720

201404182022(201404182022)
1,101,690
2,076,810
5,955,720

201404182029(201404182029)
1,105,920
2,079,030
5,955,720

201404182030(201404182030)
1,105,920
2,079,030
5,955,720

201404182031(201404182031)
1,105,920
2,079,600
5,974,320

201404182032(201404182032)
1,105,920
2,079,600
5,974,320

201404182039(201404182039)
1,113,810
2,089,770
5,990,610

201404182040(201404182040)
1,114,290
2,089,770
5,990,610

201404182041(201404182041)
1,114,290
2,095,260
5,990,610

201404182042(201404182042)
1,114,350
2,102,850
5,994,480

201404182049(201404182049)
1,115,190
2,108,490
5,994,480

201404182050(201404182050)
1,115,190
2,108,490
5,994,480

201404182051(201404182051)
1,116,930
2,108,490
5,994,480

201404182052(201404182052)
1,117,050
2,108,490
5,994,480

201404182059(201404182059)
1,121,280
2,119,080
5,994,480

201404182100(201404182100)
1,122,210
2,132,460
5,994,480

201404182101(201404182101)
1,122,450
2,132,460
5,994,480

201404182102(201404182102)
1,122,450
2,132,460
5,994,480

201404182109(201404182109)
1,125,120
2,132,460
6,021,960

201404182110(201404182110)
1,125,960
2,132,460
6,036,960

201404182111(201404182111)
1,126,530
2,132,460
6,141,750

201404182112(201404182112)
1,126,530
2,132,460
6,189,600

201404182119(201404182119)
1,128,930
2,139,900
6,189,600

201404182120(201404182120)
1,129,020
2,143,710
6,189,600

201404182121(201404182121)
1,129,020
2,145,180
6,189,600

201404182122(201404182122)
1,130,940
2,145,180
6,189,600

201404182129(201404182129)
1,139,040
2,150,070
6,212,070

201404182130(201404182130)
1,141,830
2,150,070
6,212,070

201404182131(201404182131)
1,142,430
2,155,470
6,212,070

201404182132(201404182132)
1,142,430
2,168,130
6,212,070

201404182139(201404182139)
1,146,900
2,182,770
6,274,650

201404182140(201404182140)
1,146,900
2,182,770
6,274,650

201404182141(201404182141)
1,147,950
2,182,770
6,274,650

201404182142(201404182142)
1,147,950
2,182,770
6,274,650

201404182149(201404182149)
1,153,320
2,189,670
6,308,700

201404182150(201404182150)
1,155,600
2,195,100
6,308,700

201404182151(201404182151)
1,155,600
2,195,400
6,308,700

201404182152(201404182152)
1,156,050
2,211,330
6,308,700

201404182159(201404182159)
1,161,720
2,221,110
6,308,700

201404182200(201404182200)
1,162,530
2,222,730
6,308,700

201404182201(201404182201)
1,162,530
2,224,680
6,308,700

201404182202(201404182202)
1,164,390
2,232,990
6,313,080

201404182209(201404182209)
1,172,460
2,239,230
6,347,460

201404182210(201404182210)
1,172,670
2,239,230
6,347,460

201404182211(201404182211)
1,174,800
2,239,230
6,389,070

201404182212(201404182212)
1,174,800
2,239,230
6,389,070

201404182219(201404182219)
1,180,620
2,254,290
6,444,810

201404182220(201404182220)
1,181,130
2,254,290
6,444,810

201404182221(201404182221)
1,181,130
2,259,330
6,444,810

201404182222(201404182222)
1,181,130
2,259,330
6,444,810

201404182229(201404182229)
1,188,030
2,270,460
6,470,940

201404182230(201404182230)
1,188,960
2,276,400
6,470,940

201404182231(201404182231)
1,188,960
2,276,400
6,475,920

201404182232(201404182232)
1,189,470
2,276,400
6,486,720

201404182239(201404182239)
1,196,580
2,289,870
6,508,950

201404182240(201404182240)
1,198,800
2,289,870
6,510,570

201404182241(201404182241)
1,198,800
2,289,870
6,514,170

201404182242(201404182242)
1,199,520
2,290,620
6,515,820

201404182249(201404182249)
1,207,050
2,291,370
6,548,400

201404182250(201404182250)
1,207,980
2,291,370
6,548,400

201404182251(201404182251)
1,208,550
2,291,370
6,548,400

201404182252(201404182252)
1,209,270
2,291,370
6,548,400

201404182259(201404182259)
1,216,530
2,301,540
6,548,400

201404182300(201404182300)
1,216,530
2,305,920
6,548,400

201404182301(201404182301)
1,219,200
2,305,920
6,548,400

201404182302(201404182302)
1,219,200
2,305,920
6,548,400

201404182309(201404182309)
1,228,740
2,317,740
6,548,400

201404182310(201404182310)
1,228,980
2,317,740
6,548,400

201404182311(201404182311)
1,231,680
2,317,740
6,548,400

201404182312(201404182312)
1,232,070
2,317,740
6,548,400

201404182319(201404182319)
1,236,600
2,317,740
6,557,580

201404182320(201404182320)
1,236,600
2,317,740
6,577,860

201404182321(201404182321)
1,239,330
2,322,030
6,605,460

201404182322(201404182322)
1,241,400
2,328,120
6,617,160

201404182329(201404182329)
1,248,750
2,333,190
6,691,050

201404182330(201404182330)
1,248,750
2,338,500
6,691,050

201404182331(201404182331)
1,249,080
2,339,040
6,691,050

201404182332(201404182332)
1,249,950
2,350,680
6,691,050

201404182339(201404182339)
1,252,290
2,356,920
6,691,050

201404182340(201404182340)
1,252,290
2,356,920
6,691,050

201404182341(201404182341)
1,253,220
2,356,920
6,691,050

201404182342(201404182342)
1,253,340
2,367,840
6,691,050

201404182349(201404182349)
1,264,620
2,376,900
6,691,050

201404182350(201404182350)
1,264,620
2,376,900
6,691,050

201404182351(201404182351)
1,264,620
2,378,970
6,691,050

201404182352(201404182352)
1,265,400
2,381,880
6,691,050

201404182359(201404182359)
1,265,640
2,385,270
6,691,050

201404190000(201404190000)
1,267,050
2,385,270
6,691,050

201404190001(201404190001)
1,268,310
2,395,050
6,691,050

201404190002(201404190002)
1,268,310
2,395,050
6,691,050

201404190009(201404190009)
1,271,250
2,395,590
6,737,820

201404190010(201404190010)
1,272,360
2,400,360
6,737,820

201404190011(201404190011)
1,273,530
2,400,360
6,737,820

201404190012(201404190012)
1,275,930
2,400,360
6,737,820

201404190019(201404190019)
1,281,030
2,405,760
6,764,190

201404190020(201404190020)
1,283,160
2,405,760
6,764,190

201404190021(201404190021)
1,284,150
2,406,600
6,764,190

201404190022(201404190022)
1,284,150
2,419,410
6,764,190

201404190029(201404190029)
1,293,630
2,424,570
6,764,190

201404190030(201404190030)
1,293,630
2,424,570
6,764,190

201404190031(201404190031)
1,293,630
2,424,570
6,764,190

201404190032(201404190032)
1,293,630
2,424,570
6,764,190

201404190039(201404190039)
1,296,570
2,434,500
6,807,060

201404190040(201404190040)
1,296,570
2,434,500
6,807,060

201404190041(201404190041)
1,297,650
2,435,730
6,807,060

201404190042(201404190042)
1,297,650
2,435,730
6,807,060

201404190049(201404190049)
1,304,850
2,443,950
6,826,770

201404190050(201404190050)
1,307,430
2,447,790
6,826,770

201404190051(201404190051)
1,310,490
2,447,790
6,826,770

201404190052(201404190052)
1,310,490
2,449,350
6,826,770

201404190059(201404190059)
1,311,510
2,454,540
6,853,650

201404190100(201404190100)
1,311,510
2,458,500
6,853,650

201404190101(201404190101)
1,312,320
2,458,500
6,853,650

201404190102(201404190102)
1,312,860
2,458,830
6,853,650

