201404230119(201404230119)
3,310,500
7,255,980
16,584,570
3,666,420
4,040,910

201404230120(201404230120)
3,310,500
7,255,980
16,584,570
3,666,420
4,040,910

201404230121(201404230121)
3,310,500
7,255,980
16,584,570
3,667,530
4,040,910

201404230122(201404230122)
3,310,500
7,255,980
16,584,570
3,667,530
4,040,910

201404230129(201404230129)
3,316,770
7,255,980
16,584,570
3,689,280
4,051,350

201404230130(201404230130)
3,318,990
7,261,770
16,584,570
3,689,280
4,051,350

201404230131(201404230131)
3,318,990
7,263,060
16,584,570
3,689,280
4,051,350

201404230132(201404230132)
3,318,990
7,263,060
16,584,570
3,694,710
4,051,350

201404230139(201404230139)
3,331,500
7,263,060
16,584,570
3,694,830
4,051,830

201404230140(201404230140)
3,331,500
7,263,060
16,584,570
3,694,830
4,051,830

201404230141(201404230141)
3,331,500
7,263,060
16,584,570
3,694,830
4,051,830

201404230142(201404230142)
3,331,500
7,263,060
16,584,570
3,694,830
4,051,830

201404230149(201404230149)
3,333,450
7,272,780
16,584,570
3,706,230
4,051,830

201404230150(201404230150)
3,339,390
7,272,780
16,584,570
3,706,230
4,058,040

201404230151(201404230151)
3,339,390
7,272,780
16,645,320
3,706,230
4,058,040

201404230152(201404230152)
3,339,390
7,272,780
16,645,320
3,706,230
4,058,070

201404230159(201404230159)
3,348,750
7,272,780
16,645,320
3,707,340
4,058,070

201404230200(201404230200)
3,348,750
7,272,780
16,645,320
3,709,260
4,063,080

201404230201(201404230201)
3,348,750
7,275,000
16,645,320
3,709,260
4,063,080

201404230202(201404230202)
3,348,750
7,275,000
16,645,320
3,709,260
4,063,080

201404230209(201404230209)
3,350,610
7,344,570
16,693,350
3,712,800
4,069,950

201404230210(201404230210)
3,350,610
7,344,570
16,693,350
3,717,180
4,069,950

201404230211(201404230211)
3,350,790
7,344,570
16,693,350
3,717,180
4,069,950

201404230212(201404230212)
3,350,790
7,344,570
16,693,350
3,717,180
4,069,950

201404230219(201404230219)
3,350,790
7,344,570
16,693,350
3,717,180
4,077,180

201404230220(201404230220)
3,351,000
7,344,570
16,716,090
3,717,180
4,077,180

201404230221(201404230221)
3,351,000
7,344,570
16,716,090
3,720,120
4,077,180

201404230222(201404230222)
3,351,000
7,344,570
16,716,090
3,720,120
4,077,180

201404230229(201404230229)
3,354,090
7,350,960
16,716,090
3,733,200
4,078,200

201404230230(201404230230)
3,354,090
7,350,960
16,716,090
3,733,200
4,078,200

201404230231(201404230231)
3,354,090
7,350,960
16,716,090
3,733,200
4,083,150

201404230232(201404230232)
3,354,090
7,356,810
16,716,090
3,733,200
4,083,150

201404230239(201404230239)
3,354,090
7,356,810
16,716,090
3,736,320
4,086,150

201404230240(201404230240)
3,356,400
7,356,810
16,716,090
3,736,320
4,086,150

201404230241(201404230241)
3,356,400
7,356,810
16,716,090
3,736,320
4,086,150

201404230242(201404230242)
3,365,550
7,356,810
16,716,090
3,736,320
4,086,150

201404230249(201404230249)
3,365,550
7,356,810
16,716,090
3,736,320
4,086,150

201404230250(201404230250)
3,365,550
7,356,810
16,716,090
3,736,320
4,086,150

201404230251(201404230251)
3,365,550
7,356,810
16,716,090
3,736,320
4,086,150

201404230252(201404230252)
3,365,550
7,356,810
16,716,090
3,736,320
4,086,150

201404230259(201404230259)
3,365,820
7,380,150
16,716,090
3,736,320
4,088,130

201404230300(201404230300)
3,365,820
7,380,150
16,716,090
3,736,320
4,088,130

201404230301(201404230301)
3,365,820
7,380,150
16,716,090
3,736,320
4,088,130

201404230302(201404230302)
3,365,820
7,380,150
16,716,090
3,736,320
4,089,240

201404230309(201404230309)
3,367,410
7,397,580
16,716,090
3,736,620
4,089,630

201404230310(201404230310)
3,367,410
7,397,580
16,716,090
3,736,620
4,089,630

201404230311(201404230311)
3,367,410
7,397,580
16,716,090
3,737,970
4,089,630

201404230312(201404230312)
3,367,410
7,397,580
16,716,090
3,737,970
4,089,630

201404230319(201404230319)
3,367,410
7,397,580
16,716,090
3,738,000
4,100,400

201404230320(201404230320)
3,367,410
7,397,580
16,716,090
3,738,000
4,100,400

201404230321(201404230321)
3,367,410
7,397,580
16,716,090
3,738,000
4,100,400

201404230322(201404230322)
3,367,410
7,397,580
16,716,090
3,738,000
4,100,400

201404230329(201404230329)
3,367,410
7,397,580
16,716,090
3,749,700
4,102,080

201404230330(201404230330)
3,367,410
7,397,580
16,716,090
3,749,700
4,104,900

201404230331(201404230331)
3,367,410
7,397,580
16,716,090
3,749,700
4,104,900

201404230332(201404230332)
3,367,410
7,397,580
16,716,090
3,749,700
4,104,900

201404230339(201404230339)
3,367,410
7,397,580
16,716,090
3,750,540
4,122,780

201404230340(201404230340)
3,367,410
7,397,580
16,716,090
3,750,540
4,122,780

201404230341(201404230341)
3,367,410
7,397,580
16,716,090
3,750,540
4,122,780

201404230342(201404230342)
3,367,410
7,397,580
16,716,090
3,750,540
4,126,170

201404230349(201404230349)
3,367,410
7,397,580
16,716,090
3,750,540
4,131,900

201404230350(201404230350)
3,367,410
7,400,160
16,716,090
3,750,540
4,131,900

201404230351(201404230351)
3,371,940
7,400,160
16,716,090
3,750,540
4,131,900

201404230352(201404230352)
3,371,940
7,400,160
16,716,090
3,750,540
4,131,900

201404230359(201404230359)
3,371,940
7,400,820
16,716,090
3,752,040
4,134,000

201404230400(201404230400)
3,371,940
7,400,820
16,716,090
3,752,040
4,134,000

201404230401(201404230401)
3,371,940
7,400,820
16,716,090
3,752,040
4,134,000

201404230402(201404230402)
3,371,940
7,401,150
16,716,090
3,752,040
4,134,000

201404230409(201404230409)
3,371,940
7,414,890
16,716,090
3,752,040
4,135,740

201404230410(201404230410)
3,371,940
7,414,890
16,716,090
3,752,040
4,135,740

201404230411(201404230411)
3,371,940
7,414,890
16,716,090
3,752,040
4,135,740

201404230412(201404230412)
3,371,940
7,414,890
16,716,090
3,752,040
4,135,740

201404230419(201404230419)
3,371,940
7,431,510
16,716,090
3,752,040
4,145,850

201404230420(201404230420)
3,371,940
7,431,510
16,716,090
3,752,040
4,145,850

201404230421(201404230421)
3,371,940
7,431,510
16,716,090
3,752,040
4,145,850

201404230422(201404230422)
3,371,940
7,431,510
16,716,090
3,752,040
4,145,850

201404230429(201404230429)
3,371,940
7,431,510
16,716,090
3,752,040
4,145,850

201404230430(201404230430)
3,371,940
7,431,510
16,716,090
3,752,040
4,145,850

201404230431(201404230431)
3,371,940
7,431,510
16,716,090
3,752,040
4,145,850

201404230432(201404230432)
3,371,940
7,468,860
16,716,090
3,752,040
4,145,850

201404230439(201404230439)
3,371,940
7,468,860
16,716,090
3,752,040
4,145,850

201404230440(201404230440)
3,371,940
7,468,860
16,716,090
3,752,040
4,145,850

201404230441(201404230441)
3,371,940
7,468,860
16,716,090
3,752,040
4,145,850

201404230442(201404230442)
3,371,940
7,468,860
16,716,090
3,752,040
4,145,850

201404230449(201404230449)
3,371,940
7,470,660
16,716,090
3,752,040
4,145,850

201404230450(201404230450)
3,371,940
7,470,660
16,724,010
3,752,040
4,145,850

201404230451(201404230451)
3,371,940
7,470,660
16,724,010
3,752,040
4,145,850

201404230452(201404230452)
3,371,940
7,470,660
16,724,010
3,752,040
4,145,850

201404230459(201404230459)
3,377,700
7,485,120
16,724,010
3,752,040
4,145,850

201404230500(201404230500)
3,377,700
7,485,120
16,724,010
3,752,040
4,145,850

201404230501(201404230501)
3,377,700
7,485,120
16,724,010
3,754,320
4,145,850

201404230502(201404230502)
3,382,110
7,485,120
16,724,010
3,754,320
4,145,850

201404230509(201404230509)
3,382,110
7,485,120
16,724,010
3,762,150
4,145,850

201404230510(201404230510)
3,382,110
7,485,120
16,724,010
3,762,150
4,145,850

201404230511(201404230511)
3,383,310
7,485,120
16,724,010
3,762,150
4,151,370

201404230512(201404230512)
3,383,310
7,485,120
16,724,010
3,762,150
4,151,370

201404230519(201404230519)
3,386,490
7,485,120
16,724,010
3,765,750
4,151,430

201404230520(201404230520)
3,388,920
7,485,120
16,724,010
3,772,320
4,151,430

201404230521(201404230521)
3,388,920
7,485,120
16,724,010
3,772,320
4,151,430

201404230522(201404230522)
3,388,920
7,485,120
16,724,010
3,772,320
4,151,430

201404230529(201404230529)
3,406,440
7,485,120
16,724,010
3,775,080
4,151,430

201404230530(201404230530)
3,406,440
7,485,120
16,724,010
3,775,080
4,154,250

201404230531(201404230531)
3,406,440
7,485,120
16,724,010
3,775,080
4,157,070

201404230532(201404230532)
3,406,440
7,485,120
16,724,790
3,775,080
4,157,070

201404230539(201404230539)
3,416,850
7,485,120
16,726,440
3,775,080
4,161,810

201404230540(201404230540)
3,418,170
7,485,120
16,726,440
3,775,080
4,161,810

201404230541(201404230541)
3,418,170
7,485,120
16,726,440
3,775,080
4,161,810

201404230542(201404230542)
3,418,170
7,485,120
16,726,440
3,775,080
4,161,810

201404230549(201404230549)
3,418,170
7,485,780
16,726,440
3,775,080
4,161,810

201404230550(201404230550)
3,418,170
7,485,780
16,726,440
3,775,080
4,161,810

201404230551(201404230551)
3,418,170
7,485,780
16,726,440
3,775,080
4,161,810

201404230552(201404230552)
3,418,170
7,485,780
16,726,440
3,775,080
4,161,810

201404230559(201404230559)
3,418,170
7,485,780
16,726,440
3,775,080
4,168,620

201404230600(201404230600)
3,418,170
7,485,780
16,726,440
3,775,080
4,168,620

201404230601(201404230601)
3,418,170
7,508,550
16,726,440
3,775,080
4,168,620

201404230602(201404230602)
3,418,170
7,515,870
16,726,440
3,775,080
4,174,140

201404230609(201404230609)
3,418,170
7,515,870
16,726,440
3,775,080
4,174,140

201404230610(201404230610)
3,418,170
7,515,870
16,726,440
3,775,080
4,174,140

201404230611(201404230611)
3,418,170
7,538,160
16,726,440
3,775,080
4,174,140

201404230612(201404230612)
3,418,170
7,538,160
16,726,440
3,775,080
4,174,140

201404230619(201404230619)
3,418,170
7,538,160
16,726,440
3,775,890
4,176,510

201404230620(201404230620)
3,418,170
7,538,160
16,726,440
3,775,890
4,176,510

201404230621(201404230621)
3,418,170
7,538,160
16,726,440
3,775,890
4,176,510

201404230622(201404230622)
3,418,170
7,538,160
16,726,440
3,775,890
4,176,510

201404230629(201404230629)
3,418,170
7,539,960
16,726,440
3,778,740
4,176,510

201404230630(201404230630)
3,418,170
7,539,960
16,726,440
3,778,740
4,176,510

201404230631(201404230631)
3,418,170
7,539,960
16,726,440
3,778,740
4,176,510

201404230632(201404230632)
3,418,170
7,539,960
16,726,440
3,778,740
4,176,510

201404230639(201404230639)
3,419,850
7,539,960
16,726,440
3,778,980
4,180,920

201404230640(201404230640)
3,419,850
7,539,960
16,726,440
3,778,980
4,180,920

201404230641(201404230641)
3,419,850
7,551,990
16,726,440
3,779,790
4,180,920

201404230642(201404230642)
3,419,850
7,551,990
16,726,440
3,779,790
4,180,920

201404230649(201404230649)
3,419,850
7,551,990
16,726,440
3,779,790
4,182,150

201404230650(201404230650)
3,419,850
7,551,990
16,726,440
3,781,590
4,182,150

201404230651(201404230651)
3,435,120
7,551,990
16,726,440
3,781,590
4,182,150

201404230652(201404230652)
3,435,120
7,551,990
16,731,540
3,781,590
4,182,150

201404230659(201404230659)
3,452,280
7,551,990
16,936,170
3,789,120
4,188,630

201404230700(201404230700)
3,452,280
7,551,990
16,936,170
3,789,120
4,188,630

201404230701(201404230701)
3,452,280
7,551,990
16,936,170
3,789,120
4,188,630

201404230702(201404230702)
3,452,280
7,551,990
16,936,170
3,789,120
4,188,630

201404230709(201404230709)
3,452,280
7,551,990
16,936,170
3,796,620
4,188,630

201404230710(201404230710)
3,452,280
7,551,990
16,936,170
3,796,620
4,189,170

201404230711(201404230711)
3,452,280
7,551,990
16,936,170
3,796,620
4,189,170

201404230712(201404230712)
3,452,280
7,551,990
16,936,170
3,797,700
4,193,610

201404230719(201404230719)
3,452,400
7,552,470
16,936,170
3,801,420
4,193,610

201404230720(201404230720)
3,452,400
7,552,470
16,936,170
3,801,420
4,201,080

201404230721(201404230721)
3,452,400
7,552,470
16,936,170
3,801,420
4,201,080

201404230722(201404230722)
3,452,400
7,552,470
16,936,170
3,801,420
4,201,080

201404230729(201404230729)
3,460,620
7,587,630
16,936,170
3,801,420
4,201,080

201404230730(201404230730)
3,460,620
7,587,630
16,936,170
3,801,420
4,201,080

201404230731(201404230731)
3,460,620
7,587,630
16,936,170
3,801,420
4,201,080

201404230732(201404230732)
3,460,620
7,587,630
16,936,170
3,801,420
4,201,080

201404230739(201404230739)
3,462,300
7,587,630
16,963,560
3,802,650
4,201,740

201404230740(201404230740)
3,462,300
7,587,630
16,963,560
3,802,650
4,201,740

201404230741(201404230741)
3,462,300
7,587,630
16,963,560
3,802,650
4,201,740

201404230742(201404230742)
3,464,430
7,587,630
16,963,560
3,802,650
4,201,740

201404230749(201404230749)
3,477,180
7,587,630
16,963,560
3,813,090
4,201,740

201404230750(201404230750)
3,477,180
7,587,630
16,963,560
3,813,090
4,201,740

201404230751(201404230751)
3,477,180
7,587,630
16,963,560
3,813,090
4,205,190

201404230752(201404230752)
3,477,180
7,587,630
16,963,560
3,816,840
4,205,190

201404230759(201404230759)
3,477,180
7,587,630
16,963,560
3,820,950
4,212,150

201404230800(201404230800)
3,477,180
7,587,630
16,963,560
3,820,950
4,212,810

201404230801(201404230801)
3,477,180
7,587,630
16,963,560
3,820,950
4,212,810

201404230802(201404230802)
3,479,490
7,587,630
16,963,560
3,820,950
4,212,810

201404230809(201404230809)
3,483,630
7,587,630
16,963,560
3,827,670
4,212,810

201404230810(201404230810)
3,483,630
7,587,630
16,963,560
3,827,670
4,212,810

201404230811(201404230811)
3,483,630
7,587,630
16,963,560
3,827,670
4,212,810

201404230812(201404230812)
3,483,630
7,587,630
16,963,560
3,827,670
4,212,810

201404230819(201404230819)
3,483,630
7,587,630
16,963,560
3,827,670
4,212,810

201404230820(201404230820)
3,483,630
7,587,630
16,963,560
3,827,670
4,212,810

201404230821(201404230821)
3,483,630
7,587,630
16,963,560
3,827,670
4,212,810

201404230822(201404230822)
3,483,630
7,587,630
16,963,560
3,827,670
4,217,130

201404230829(201404230829)
3,483,630
7,594,200
17,048,700
3,827,670
4,217,130

201404230830(201404230830)
3,483,630
7,594,200
17,048,700
3,827,670
4,217,130

201404230831(201404230831)
3,483,630
7,594,200
17,048,700
3,827,670
4,217,130

201404230832(201404230832)
3,485,880
7,594,200
17,048,700
3,827,670
4,232,550

201404230839(201404230839)
3,488,250
7,609,890
17,048,700
3,829,350
4,232,550

201404230840(201404230840)
3,488,250
7,609,890
17,048,700
3,829,350
4,233,450

201404230841(201404230841)
3,488,250
7,609,890
17,048,700
3,829,350
4,233,450

201404230842(201404230842)
3,488,250
7,609,890
17,048,700
3,829,350
4,233,450

201404230849(201404230849)
3,488,250
7,609,890
17,048,700
3,829,350
4,233,450

201404230850(201404230850)
3,488,250
7,609,890
17,048,700
3,829,350
4,233,450

201404230851(201404230851)
3,491,640
7,609,890
17,048,700
3,829,350
4,233,450

201404230852(201404230852)
3,491,640
7,609,890
17,048,700
3,829,350
4,233,450

201404230859(201404230859)
3,499,500
7,609,890
17,048,700
3,834,690
4,235,520

201404230900(201404230900)
3,499,500
7,609,890
17,048,700
3,834,690
4,235,520

201404230901(201404230901)
3,499,500
7,609,890
17,048,700
3,834,690
4,235,520

201404230902(201404230902)
3,499,500
7,609,890
17,048,700
3,834,690
4,236,420

201404230909(201404230909)
3,500,940
7,609,890
17,048,700
3,834,690
4,241,100

201404230910(201404230910)
3,500,940
7,609,890
17,048,700
3,834,690
4,241,100

201404230911(201404230911)
3,500,940
7,609,890
17,048,700
3,835,290
4,241,100

201404230912(201404230912)
3,500,940
7,609,890
17,048,700
3,835,290
4,241,100

201404230919(201404230919)
3,503,370
7,609,890
17,048,700
3,838,500
4,244,220

201404230920(201404230920)
3,506,820
7,609,890
17,048,700
3,838,500
4,244,220

201404230921(201404230921)
3,506,820
7,609,890
17,048,700
3,838,500
4,244,220

201404230922(201404230922)
3,506,820
7,609,890
17,048,700
3,838,500
4,244,220

201404230929(201404230929)
3,506,820
7,609,890
17,048,700
3,842,280
4,258,320

201404230930(201404230930)
3,506,820
7,609,890
17,048,700
3,842,280
4,258,650

201404230931(201404230931)
3,506,820
7,609,890
17,048,700
3,842,280
4,258,650

201404230932(201404230932)
3,508,470
7,609,890
17,048,700
3,842,280
4,259,310

201404230939(201404230939)
3,524,700
7,645,020
17,048,700
3,842,280
4,259,310

201404230940(201404230940)
3,524,700
7,647,960
17,048,700
3,842,280
4,259,310

201404230941(201404230941)
3,524,700
7,647,960
17,048,700
3,842,280
4,259,310

201404230942(201404230942)
3,524,700
7,647,960
17,048,700
3,842,280
4,259,310

201404230949(201404230949)
3,526,200
7,663,950
17,048,700
3,842,280
4,259,310

201404230950(201404230950)
3,526,200
7,663,950
17,048,700
3,842,280
4,259,310

201404230951(201404230951)
3,526,200
7,663,950
17,048,700
3,842,280
4,259,310

201404230952(201404230952)
3,526,200
7,663,950
17,048,700
3,842,280
4,259,310

201404230959(201404230959)
3,526,200
7,668,480
17,048,700
3,858,870
4,259,310

201404231000(201404231000)
3,526,200
7,668,480
17,048,700
3,858,870
4,259,310

201404231001(201404231001)
3,526,200
7,668,480
17,048,700
3,858,870
4,259,310

201404231002(201404231002)
3,526,200
7,668,480
17,048,700
3,858,870
4,261,680

201404231009(201404231009)
3,526,200
7,695,900
17,048,700
3,858,870
4,272,450

201404231010(201404231010)
3,526,200
7,695,900
17,048,700
3,858,870
4,272,450

201404231011(201404231011)
3,526,200
7,695,900
17,048,700
3,858,870
4,272,450

201404231012(201404231012)
3,526,200
7,695,900
17,048,700
3,858,870
4,272,450

201404231019(201404231019)
3,529,890
7,702,320
17,048,700
3,858,870
4,274,520

201404231020(201404231020)
3,529,890
7,702,320
17,048,700
3,859,440
4,274,520

201404231021(201404231021)
3,529,890
7,702,320
17,048,700
3,864,060
4,274,520

201404231022(201404231022)
3,533,880
7,702,320
17,048,700
3,864,060
4,274,520

201404231029(201404231029)
3,551,100
7,725,210
17,048,700
3,875,010
4,281,810

201404231030(201404231030)
3,551,100
7,725,210
17,048,700
3,875,370
4,281,810

201404231031(201404231031)
3,551,100
7,725,210
17,048,700
3,875,370
4,282,290

201404231032(201404231032)
3,551,100
7,725,630
17,048,700
3,875,370
4,282,290

201404231039(201404231039)
3,551,100
7,725,630
17,048,700
3,875,370
4,282,860

201404231040(201404231040)
3,551,100
7,725,630
17,048,700
3,875,370
4,282,860

201404231041(201404231041)
3,551,100
7,725,630
17,048,700
3,875,370
4,282,860

201404231042(201404231042)
3,551,100
7,725,630
17,048,700
3,875,370
4,282,860

201404231049(201404231049)
3,551,100
7,725,630
17,048,700
3,875,370
4,282,860

201404231050(201404231050)
3,552,630
7,725,630
17,048,700
3,875,370
4,282,860

201404231051(201404231051)
3,553,020
7,725,630
17,048,700
3,875,370
4,282,860

201404231052(201404231052)
3,553,020
7,725,630
17,048,700
3,875,370
4,282,860

201404231059(201404231059)
3,553,020
7,742,250
17,048,700
3,880,140
4,282,980

201404231100(201404231100)
3,553,020
7,742,250
17,048,700
3,880,140
4,282,980

201404231101(201404231101)
3,553,020
7,745,040
17,048,700
3,880,140
4,286,550

201404231102(201404231102)
3,553,020
7,748,910
17,048,700
3,880,140
4,286,550

201404231109(201404231109)
3,553,020
7,748,910
17,048,700
3,880,140
4,286,550

201404231110(201404231110)
3,553,020
7,748,910
17,048,700
3,880,140
4,286,550

201404231111(201404231111)
3,553,020
7,748,910
17,048,700
3,880,140
4,286,550

201404231112(201404231112)
3,553,020
7,748,910
17,048,700
3,880,140
4,286,550

201404231119(201404231119)
3,553,020
7,755,780
17,048,700
3,880,140
4,287,270

201404231120(201404231120)
3,553,020
7,755,780
17,048,700
3,880,140
4,287,270

201404231121(201404231121)
3,553,020
7,755,780
17,048,700
3,880,140
4,287,270

201404231122(201404231122)
3,553,020
7,755,780
17,048,700
3,880,140
4,287,270

201404231129(201404231129)
3,553,020
7,761,720
17,048,700
3,886,440
4,287,270

201404231130(201404231130)
3,553,020
7,761,720
17,048,700
3,886,440
4,287,270

201404231131(201404231131)
3,553,020
7,761,720
17,048,700
3,886,440
4,287,270

201404231132(201404231132)
3,553,020
7,761,720
17,048,700
3,886,440
4,287,270

201404231139(201404231139)
3,553,020
7,761,720
17,048,700
3,889,830
4,287,930

201404231140(201404231140)
3,553,020
7,761,720
17,048,700
3,889,830
4,287,930

201404231141(201404231141)
3,553,020
7,761,720
17,048,700
3,889,830
4,287,930

201404231142(201404231142)
3,553,020
7,761,720
17,048,700
3,889,830
4,287,930

201404231149(201404231149)
3,553,020
7,776,480
17,048,700
3,890,250
4,287,930

201404231150(201404231150)
3,553,020
7,776,480
17,048,700
3,890,250
4,288,770

201404231151(201404231151)
3,553,020
7,803,960
17,048,700
3,890,250
4,288,770

201404231152(201404231152)
3,553,020
7,803,960
17,048,700
3,890,250
4,288,770

201404231159(201404231159)
3,553,020
7,804,980
17,048,700
3,890,250
4,290,420

201404231200(201404231200)
3,553,020
7,804,980
17,048,700
3,890,250
4,290,420

201404231201(201404231201)
3,553,020
7,804,980
17,048,700
3,890,250
4,290,420

201404231202(201404231202)
3,553,020
7,804,980
17,048,700
3,890,250
4,290,420

201404231209(201404231209)
3,553,020
7,804,980
17,048,700
3,904,200
4,290,420

201404231210(201404231210)
3,553,020
7,804,980
17,048,700
3,904,200
4,290,420

201404231211(201404231211)
3,553,020
7,804,980
17,048,700
3,904,200
4,290,420

201404231212(201404231212)
3,553,020
7,804,980
17,048,700
3,904,200
4,292,010

201404231219(201404231219)
3,554,640
7,822,920
17,048,700
3,907,980
4,300,320

201404231220(201404231220)
3,554,640
7,822,920
17,048,700
3,917,940
4,300,320

201404231221(201404231221)
3,554,640
7,822,920
17,048,700
3,917,940
4,300,320

201404231222(201404231222)
3,554,640
7,822,920
17,048,700
3,917,940
4,301,610

201404231229(201404231229)
3,572,880
7,826,250
17,048,700
3,942,000
4,316,880

201404231230(201404231230)
3,572,880
7,826,250
17,048,700
3,948,390
4,316,880

201404231231(201404231231)
3,576,090
7,826,250
17,048,700
3,948,390
4,316,880

201404231232(201404231232)
3,576,090
7,826,250
17,048,700
3,948,390
4,316,880

201404231239(201404231239)
3,577,950
7,839,930
17,048,700
3,952,290
4,318,740

201404231240(201404231240)
3,577,950
7,839,930
17,048,700
3,952,290
4,318,740

201404231241(201404231241)
3,577,950
7,843,200
17,048,700
3,952,290
4,318,740

201404231242(201404231242)
3,577,950
7,843,200
17,048,700
3,952,290
4,318,740

201404231249(201404231249)
3,577,950
7,843,200
17,048,700
3,952,290
4,325,490

201404231250(201404231250)
3,577,950
7,843,200
17,048,700
3,963,180
4,325,490

201404231251(201404231251)
3,577,950
7,843,200
17,048,700
3,963,180
4,325,490

201404231252(201404231252)
3,579,600
7,843,200
17,048,700
3,963,180
4,325,490

201404231259(201404231259)
3,582,750
7,843,200
17,048,700
3,971,310
4,327,020

201404231300(201404231300)
3,585,030
7,843,200
17,048,700
3,971,310
4,346,730

201404231301(201404231301)
3,585,630
7,843,200
17,048,700
3,971,310
4,347,510

201404231302(201404231302)
3,585,630
7,843,200
17,048,700
3,972,120
4,347,510

201404231309(201404231309)
3,585,630
7,863,180
17,048,700
3,983,280
4,352,910

201404231310(201404231310)
3,585,630
7,863,180
17,048,700
3,983,280
4,352,910

201404231311(201404231311)
3,585,630
7,874,580
17,048,700
3,983,280
4,352,910

201404231312(201404231312)
3,585,630
7,874,580
17,048,700
3,983,280
4,352,910

201404231319(201404231319)
3,585,630
7,879,650
17,048,700
3,983,280
4,352,910

201404231320(201404231320)
3,585,630
7,879,650
17,048,700
3,983,280
4,352,910

201404231321(201404231321)
3,591,000
7,892,970
17,048,700
3,983,280
4,352,910

201404231322(201404231322)
3,601,020
7,892,970
17,048,700
3,983,280
4,352,910

201404231329(201404231329)
3,601,020
7,892,970
17,048,700
3,987,840
4,353,330

201404231330(201404231330)
3,601,020
7,892,970
17,048,700
3,987,840
4,353,330

201404231331(201404231331)
3,601,020
7,892,970
17,048,700
3,987,840
4,353,330

201404231332(201404231332)
3,601,890
7,892,970
17,048,700
3,987,840
4,353,330

201404231339(201404231339)
3,602,640
7,902,810
17,048,700
3,987,840
4,361,370

201404231340(201404231340)
3,602,640
7,902,810
17,048,700
3,995,910
4,361,370

201404231341(201404231341)
3,602,640
7,902,810
17,048,700
3,995,910
4,361,370

201404231342(201404231342)
3,602,640
7,902,810
17,048,700
3,995,910
4,361,370

201404231349(201404231349)
3,625,110
7,909,260
17,048,700
3,995,910
4,361,370

201404231350(201404231350)
3,625,110
7,909,260
17,048,700
3,995,910
4,371,570

201404231351(201404231351)
3,625,110
7,909,260
17,048,700
3,997,050
4,371,570

201404231352(201404231352)
3,625,110
7,909,260
17,048,700
3,997,050
4,371,570

201404231359(201404231359)
3,634,290
7,952,280
17,048,700
3,997,050
4,372,800

201404231400(201404231400)
3,634,290
7,952,280
17,048,700
4,001,100
4,372,800

201404231401(201404231401)
3,634,290
7,952,280
17,048,700
4,002,660
4,372,800

201404231402(201404231402)
3,634,290
7,952,280
17,048,700
4,002,660
4,374,060

201404231409(201404231409)
3,634,290
7,952,280
17,048,700
4,002,660
4,374,060

201404231410(201404231410)
3,634,290
7,952,280
17,048,700
4,002,660
4,374,060

201404231411(201404231411)
3,634,290
7,952,280
17,048,700
4,002,660
4,374,060

201404231412(201404231412)
3,634,290
7,952,280
17,048,700
4,002,660
4,374,060

201404231419(201404231419)
3,634,290
7,953,180
17,048,700
4,002,660
4,374,060

201404231420(201404231420)
3,634,290
7,953,180
17,048,700
4,002,660
4,374,060

201404231421(201404231421)
3,634,290
7,953,180
17,048,700
4,002,660
4,374,060

201404231422(201404231422)
3,635,940
7,966,440
17,048,700
4,002,660
4,374,060

201404231429(201404231429)
3,635,940
7,966,440
17,048,700
4,012,530
4,390,620

201404231430(201404231430)
3,636,090
7,966,440
17,048,700
4,012,530
4,390,620

201404231431(201404231431)
3,636,090
7,966,440
17,048,700
4,012,530
4,390,620

201404231432(201404231432)
3,636,090
7,966,440
17,048,700
4,016,520
4,390,620

201404231439(201404231439)
3,636,090
7,974,480
17,048,700
4,016,520
4,392,600

201404231440(201404231440)
3,636,090
7,974,480
17,048,700
4,016,520
4,392,600

201404231441(201404231441)
3,636,090
7,974,480
17,048,700
4,016,520
4,392,600

201404231442(201404231442)
3,636,270
7,975,200
17,048,700
4,016,520
4,392,600

201404231449(201404231449)
3,636,270
7,975,200
17,048,700
4,018,680
4,392,720

201404231450(201404231450)
3,636,270
7,975,200
17,048,700
4,018,680
4,392,720

201404231451(201404231451)
3,636,270
7,975,200
17,048,700
4,018,680
4,392,720

201404231452(201404231452)
3,636,270
7,975,200
17,048,700
4,018,680
4,392,720

201404231459(201404231459)
3,636,270
7,975,200
17,048,700
4,018,680
4,393,260

201404231500(201404231500)
3,636,270
7,975,200
17,048,700
4,018,680
4,393,260

201404231501(201404231501)
3,636,270
7,975,200
17,048,700
4,018,680
4,394,850

201404231502(201404231502)
3,636,270
7,975,200
17,048,700
4,018,680
4,394,850

201404231509(201404231509)
3,636,270
8,014,260
17,048,700
4,018,680
4,394,850

201404231510(201404231510)
3,636,270
8,014,260
17,048,700
4,018,680
4,394,850

201404231511(201404231511)
3,636,270
8,014,260
17,048,700
4,018,680
4,394,850

201404231512(201404231512)
3,636,270
8,014,260
17,048,700
4,018,680
4,394,850

201404231519(201404231519)
3,636,450
8,014,260
17,052,090
4,018,680
4,394,850

201404231520(201404231520)
3,636,450
8,014,260
17,330,790
4,018,680
4,394,850

201404231521(201404231521)
3,636,450
8,014,260
17,424,390
4,018,680
4,394,850

201404231522(201404231522)
3,639,120
8,014,260
17,667,390
4,018,680
4,394,850

201404231529(201404231529)
3,639,120
8,014,260
17,801,910
4,031,970
4,394,850

201404231530(201404231530)
3,639,120
8,014,260
17,801,910
4,031,970
4,394,850

201404231531(201404231531)
3,639,120
8,014,260
17,801,910
4,031,970
4,394,850

201404231532(201404231532)
3,639,120
8,014,260
17,801,910
4,031,970
4,394,850

201404231539(201404231539)
3,639,390
8,014,260
17,801,910
4,031,970
4,395,750

201404231540(201404231540)
3,639,390
8,014,260
17,801,910
4,031,970
4,395,750

201404231541(201404231541)
3,639,390
8,014,260
17,801,910
4,031,970
4,395,750

201404231542(201404231542)
3,639,390
8,014,260
17,801,910
4,031,970
4,395,750

201404231549(201404231549)
3,639,390
8,028,210
17,801,910
4,031,970
4,395,750

201404231550(201404231550)
3,639,390
8,028,210
17,801,910
4,031,970
4,395,750

201404231551(201404231551)
3,639,390
8,028,210
17,801,910
4,040,070
4,395,750

201404231552(201404231552)
3,640,050
8,028,210
17,801,910
4,040,070
4,395,750

201404231559(201404231559)
3,641,640
8,028,210
17,801,910
4,045,500
4,406,070

201404231600(201404231600)
3,641,640
8,028,210
17,801,910
4,045,500
4,406,070

201404231601(201404231601)
3,641,640
8,028,210
17,801,910
4,045,500
4,406,070

201404231602(201404231602)
3,641,640
8,028,210
17,801,910
4,045,500
4,406,070

201404231609(201404231609)
3,642,390
8,028,210
17,801,910
4,045,500
4,411,110

201404231610(201404231610)
3,642,390
8,028,210
17,801,910
4,045,500
4,411,110

201404231611(201404231611)
3,644,370
8,028,210
17,801,910
4,060,890
4,411,110

201404231612(201404231612)
3,644,370
8,028,210
17,801,910
4,060,890
4,411,110

201404231619(201404231619)
3,649,170
8,028,210
17,801,910
4,083,840
4,411,350

201404231620(201404231620)
3,649,170
8,028,210
17,801,910
4,083,840
4,411,350

201404231621(201404231621)
3,649,170
8,028,210
17,801,910
4,083,840
4,411,350

201404231622(201404231622)
3,649,170
8,028,210
17,801,910
4,083,840
4,411,350

201404231629(201404231629)
3,649,170
8,032,500
17,801,910
4,083,840
4,411,350

201404231630(201404231630)
3,649,170
8,032,500
17,801,910
4,083,840
4,411,350

201404231631(201404231631)
3,649,170
8,032,500
17,801,910
4,083,840
4,418,220

201404231632(201404231632)
3,649,170
8,032,500
17,801,910
4,083,840
4,418,220

201404231639(201404231639)
3,650,460
8,032,500
17,801,910
4,083,840
4,437,810

201404231640(201404231640)
3,650,460
8,065,380
17,801,910
4,083,840
4,437,810

201404231641(201404231641)
3,650,460
8,065,380
17,801,910
4,083,840
4,437,810

201404231642(201404231642)
3,650,460
8,065,380
17,801,910
4,083,840
4,437,810

201404231649(201404231649)
3,650,460
8,065,380
17,801,910
4,083,840
4,437,810

201404231650(201404231650)
3,650,460
8,065,380
17,801,910
4,083,840
4,437,810

201404231651(201404231651)
3,650,460
8,065,380
17,801,910
4,083,840
4,437,810

201404231652(201404231652)
3,650,460
8,065,380
17,801,910
4,083,840
4,437,810

201404231659(201404231659)
3,655,830
8,074,770
17,801,910
4,083,840
4,437,810

201404231700(201404231700)
3,660,840
8,074,770
17,801,910
4,083,840
4,437,810

201404231701(201404231701)
3,662,760
8,074,770
17,801,910
4,089,420
4,437,810

201404231702(201404231702)
3,666,570
8,081,280
17,801,910
4,089,420
4,437,810

201404231709(201404231709)
3,671,730
8,095,470
17,801,910
4,089,630
4,445,940

201404231710(201404231710)
3,671,730
8,095,470
17,801,910
4,089,630
4,445,940

201404231711(201404231711)
3,671,730
8,095,470
17,801,910
4,089,630
4,445,940

201404231712(201404231712)
3,671,730
8,095,470
17,801,910
4,091,430
4,445,940

201404231719(201404231719)
3,671,760
8,095,470
17,801,910
4,091,460
4,453,290

201404231720(201404231720)
3,671,760
8,095,470
17,801,910
4,091,460
4,455,270

201404231721(201404231721)
3,675,750
8,095,470
17,801,910
4,091,460
4,455,270

201404231722(201404231722)
3,675,750
8,095,470
17,801,910
4,091,460
4,455,270

201404231729(201404231729)
3,675,750
8,095,470
17,801,910
4,091,460
4,462,290

201404231730(201404231730)
3,675,750
8,095,470
17,801,910
4,091,460
4,462,290

201404231731(201404231731)
3,675,750
8,095,470
17,801,910
4,091,460
4,462,290

201404231732(201404231732)
3,675,750
8,095,470
17,801,910
4,091,460
4,462,290

201404231739(201404231739)
3,681,060
8,095,470
17,801,910
4,093,440
4,473,150

201404231740(201404231740)
3,681,060
8,095,470
17,801,910
4,093,440
4,473,150

201404231741(201404231741)
3,681,060
8,095,470
17,801,910
4,093,440
4,474,050

201404231742(201404231742)
3,681,060
8,095,470
17,801,910
4,093,440
4,474,050

201404231749(201404231749)
3,681,060
8,100,510
17,801,910
4,102,080
4,480,680

201404231750(201404231750)
3,681,060
8,100,510
17,801,910
4,102,080
4,480,680

201404231751(201404231751)
3,681,060
8,100,510
17,801,910
4,102,080
4,480,680

201404231752(201404231752)
3,686,820
8,100,510
17,801,910
4,107,600
4,480,680

201404231759(201404231759)
3,686,820
8,100,780
17,985,990
4,107,600
4,480,920

201404231800(201404231800)
3,686,820
8,100,780
17,985,990
4,107,600
4,480,920

201404231801(201404231801)
3,686,820
8,100,780
17,985,990
4,107,600
4,480,920

201404231802(201404231802)
3,686,820
8,105,580
17,985,990
4,107,600
4,480,920

201404231809(201404231809)
3,692,280
8,108,160
17,985,990
4,115,550
4,500,660

201404231810(201404231810)
3,692,280
8,109,630
17,985,990
4,115,550
4,500,660

201404231811(201404231811)
3,692,280
8,112,930
17,985,990
4,115,550
4,500,660

201404231812(201404231812)
3,696,300
8,136,120
17,985,990
4,115,550
4,500,660

201404231819(201404231819)
3,698,760
8,136,120
17,985,990
4,115,550
4,500,660

201404231820(201404231820)
3,698,760
8,136,120
17,985,990
4,115,550
4,500,660

201404231821(201404231821)
3,698,760
8,136,120
17,985,990
4,115,550
4,500,660

201404231822(201404231822)
3,698,760
8,136,120
17,985,990
4,115,550
4,500,660

201404231829(201404231829)
3,698,760
8,153,850
17,985,990
4,115,550
4,522,050

201404231830(201404231830)
3,698,760
8,153,850
17,985,990
4,115,550
4,522,050

201404231831(201404231831)
3,708,270
8,153,850
17,985,990
4,115,550
4,522,050

201404231832(201404231832)
3,708,270
8,153,850
17,985,990
4,115,550
4,522,050

201404231839(201404231839)
3,709,440
8,184,180
17,985,990
4,118,760
4,524,090

201404231840(201404231840)
3,709,440
8,184,180
17,985,990
4,118,760
4,524,090

201404231841(201404231841)
3,709,440
8,184,180
17,985,990
4,120,770
4,524,090

201404231842(201404231842)
3,709,440
8,184,180
17,985,990
4,120,770
4,524,090

201404231849(201404231849)
3,709,440
8,223,960
17,985,990
4,124,820
4,529,880

201404231850(201404231850)
3,709,440
8,223,960
17,985,990
4,124,820
4,529,880

201404231851(201404231851)
3,709,440
8,223,960
17,985,990
4,124,820
4,533,030

201404231852(201404231852)
3,711,690
8,223,960
17,985,990
4,124,820
4,533,030

201404231859(201404231859)
3,717,180
8,223,960
17,985,990
4,128,570
4,533,030

201404231900(201404231900)
3,717,180
8,223,960
17,985,990
4,128,570
4,533,030

201404231901(201404231901)
3,717,180
8,223,960
17,985,990
4,128,570
4,534,890

201404231902(201404231902)
3,717,180
8,223,960
17,985,990
4,128,570
4,534,890

201404231909(201404231909)
3,718,170
8,223,960
17,985,990
4,129,860
4,535,490

201404231910(201404231910)
3,729,240
8,223,960
17,985,990
4,129,860
4,535,490

201404231911(201404231911)
3,729,240
8,223,960
17,985,990
4,136,250
4,535,490

201404231912(201404231912)
3,729,240
8,223,960
17,985,990
4,136,250
4,535,490

201404231919(201404231919)
3,731,910
8,223,960
17,985,990
4,146,270
4,556,550

201404231920(201404231920)
3,731,910
8,223,960
17,985,990
4,146,270
4,556,550

201404231921(201404231921)
3,739,140
8,223,960
17,985,990
4,146,270
4,566,330

201404231922(201404231922)
3,739,140
8,223,960
17,985,990
4,146,270
4,566,330

201404231929(201404231929)
3,740,100
8,225,970
17,985,990
4,157,580
4,566,330

201404231930(201404231930)
3,740,100
8,225,970
17,985,990
4,157,580
4,566,330

201404231931(201404231931)
3,740,100
8,225,970
17,985,990
4,157,580
4,566,330

201404231932(201404231932)
3,740,100
8,225,970
17,985,990
4,161,540
4,566,330

201404231939(201404231939)
3,740,100
8,235,450
17,985,990
4,161,540
4,585,200

201404231940(201404231940)
3,740,100
8,235,450
17,985,990
4,161,540
4,585,200

201404231941(201404231941)
3,740,100
8,235,450
17,985,990
4,161,540
4,585,200

201404231942(201404231942)
3,740,100
8,235,450
17,985,990
4,161,540
4,585,200

201404231949(201404231949)
3,740,100
8,259,180
17,985,990
4,163,040
4,587,660

201404231950(201404231950)
3,740,100
8,268,180
17,988,090
4,164,990
4,587,660

201404231951(201404231951)
3,740,100
8,268,180
17,994,210
4,164,990
4,587,660

201404231952(201404231952)
3,740,100
8,268,180
17,994,210
4,164,990
4,587,660

201404231959(201404231959)
3,740,550
8,268,180
17,994,210
4,164,990
4,598,400

201404232000(201404232000)
3,740,550
8,268,180
17,994,210
4,164,990
4,598,400

201404232001(201404232001)
3,740,550
8,268,180
17,994,210
4,164,990
4,603,560

201404232002(201404232002)
3,740,550
8,273,880
17,994,210
4,164,990
4,603,560

201404232009(201404232009)
3,753,090
8,275,320
17,994,210
4,171,920
4,603,560

201404232010(201404232010)
3,753,090
8,275,320
17,994,210
4,171,920
4,603,800

201404232011(201404232011)
3,756,300
8,275,320
17,994,210
4,171,920
4,603,800

201404232012(201404232012)
3,756,300
8,275,320
17,994,210
4,173,960
4,603,800

201404232019(201404232019)
3,760,020
8,275,320
17,994,210
4,181,490
4,622,580

201404232020(201404232020)
3,760,020
8,275,320
17,994,210
4,181,490
4,627,770

201404232021(201404232021)
3,760,020
8,275,320
17,994,210
4,183,920
4,627,770

201404232022(201404232022)
3,760,020
8,275,320
17,994,210
4,183,920
4,632,990

201404232029(201404232029)
3,773,280
8,319,660
17,994,210
4,199,040
4,636,950

201404232030(201404232030)
3,775,080
8,319,660
17,994,210
4,200,000
4,636,950

201404232031(201404232031)
3,775,080
8,319,660
17,994,210
4,200,000
4,636,950

201404232032(201404232032)
3,775,080
8,319,660
17,994,210
4,200,000
4,636,950

201404232039(201404232039)
3,777,000
8,338,170
17,994,210
4,200,000
4,673,760

201404232040(201404232040)
3,777,000
8,342,100
17,994,210
4,200,000
4,677,510

201404232041(201404232041)
3,777,000
8,342,100
17,994,210
4,200,000
4,677,510

201404232042(201404232042)
3,777,000
8,342,100
17,994,210
4,204,560
4,677,510

201404232049(201404232049)
3,783,060
8,342,100
17,994,210
4,214,430
4,693,920

201404232050(201404232050)
3,783,060
8,342,100
17,994,210
4,219,920
4,707,090

201404232051(201404232051)
3,783,060
8,342,100
17,994,210
4,220,340
4,707,090

201404232052(201404232052)
3,786,060
8,342,100
17,994,210
4,220,340
4,708,140

201404232059(201404232059)
3,787,920
8,342,100
17,994,210
4,224,780
4,709,160

201404232100(201404232100)
3,787,920
8,342,100
17,994,210
4,224,780
4,709,160

201404232101(201404232101)
3,791,340
8,342,100
17,994,210
4,224,780
4,709,160

201404232102(201404232102)
3,797,700
8,342,100
17,994,210
4,224,780
4,709,160

201404232109(201404232109)
3,801,060
8,342,340
17,994,210
4,224,780
4,715,820

201404232110(201404232110)
3,801,060
8,342,340
17,994,210
4,224,780
4,715,820

201404232111(201404232111)
3,801,060
8,342,340
17,994,210
4,224,780
4,715,820

201404232112(201404232112)
3,801,420
8,342,340
17,994,210
4,224,780
4,715,820

201404232119(201404232119)
3,802,440
8,344,470
17,994,210
4,245,240
4,715,820

201404232120(201404232120)
3,802,440
8,344,470
18,006,720
4,248,180
4,717,050

201404232121(201404232121)
3,802,440
8,344,470
18,025,590
4,248,180
4,719,930

201404232122(201404232122)
3,802,440
8,344,470
18,025,590
4,248,750
4,719,930

201404232129(201404232129)
3,802,650
8,369,850
18,108,870
4,251,600
4,748,520

201404232130(201404232130)
3,802,650
8,369,850
18,108,870
4,251,600
4,748,520

201404232131(201404232131)
3,802,650
8,369,850
18,108,870
4,253,520
4,748,520

201404232132(201404232132)
3,802,650
8,369,850
18,108,870
4,262,730
4,750,770

201404232139(201404232139)
3,803,100
8,369,850
18,108,870
4,262,730
4,751,370

201404232140(201404232140)
3,803,100
8,369,850
18,108,870
4,262,730
4,751,370

201404232141(201404232141)
3,814,020
8,369,850
18,108,870
4,262,730
4,751,370

201404232142(201404232142)
3,814,020
8,369,850
18,108,870
4,262,730
4,751,370

201404232149(201404232149)
3,821,580
8,369,850
18,180,840
4,263,450
4,759,620

201404232150(201404232150)
3,821,580
8,369,850
18,180,840
4,263,450
4,759,620

201404232151(201404232151)
3,822,300
8,375,670
18,180,840
4,271,610
4,766,940

201404232152(201404232152)
3,822,300
8,375,670
18,225,720
4,271,610
4,766,940

201404232159(201404232159)
3,831,810
8,381,370
18,308,520
4,274,520
4,770,180

201404232200(201404232200)
3,831,810
8,381,370
18,308,520
4,275,420
4,770,180

201404232201(201404232201)
3,831,810
8,385,840
18,308,520
4,275,420
4,770,180

201404232202(201404232202)
3,835,290
8,385,840
18,308,520
4,285,440
4,770,180

201404232209(201404232209)
3,843,150
8,385,840
18,308,520
4,292,760
4,795,650

201404232210(201404232210)
3,853,980
8,385,840
18,308,520
4,293,570
4,795,650

201404232211(201404232211)
3,853,980
8,385,840
18,308,520
4,293,570
4,795,650

201404232212(201404232212)
3,853,980
8,386,590
18,308,520
4,293,900
4,795,650

201404232219(201404232219)
3,885,630
8,395,410
18,308,520
4,301,220
4,804,440

201404232220(201404232220)
3,885,630
8,395,410
18,308,520
4,301,220
4,804,440

201404232221(201404232221)
3,887,070
8,396,550
18,308,520
4,301,220
4,806,930

201404232222(201404232222)
3,887,070
8,404,950
18,308,520
4,301,220
4,806,930

201404232229(201404232229)
3,906,750
8,432,700
18,308,520
4,307,130
4,807,110

201404232230(201404232230)
3,907,980
8,432,700
18,308,520
4,307,130
4,807,110

201404232231(201404232231)
3,907,980
8,432,700
18,308,520
4,310,610
4,808,040

201404232232(201404232232)
3,907,980
8,456,010
18,308,520
4,310,610
4,809,750

201404232239(201404232239)
3,914,670
8,456,010
18,308,520
4,320,630
4,831,950

201404232240(201404232240)
3,914,670
8,477,490
18,308,520
4,325,490
4,831,950

201404232241(201404232241)
3,916,170
8,477,490
18,308,520
4,325,490
4,831,950

201404232242(201404232242)
3,917,940
8,485,290
18,308,520
4,325,490
4,831,950

201404232249(201404232249)
3,929,670
8,502,780
18,308,520
4,326,990
4,834,800

201404232250(201404232250)
3,929,670
8,502,780
18,308,520
4,329,420
4,834,800

201404232251(201404232251)
3,929,670
8,502,780
18,308,520
4,329,420
4,834,800

201404232252(201404232252)
3,940,170
8,502,780
18,308,520
4,329,420
4,835,250

201404232259(201404232259)
3,949,650
8,543,520
18,308,520
4,349,880
4,839,930

201404232300(201404232300)
3,951,450
8,543,520
18,308,520
4,349,880
4,839,930

201404232301(201404232301)
3,951,450
8,562,090
18,308,520
4,349,880
4,839,930

201404232302(201404232302)
3,951,450
8,562,090
18,308,520
4,349,880
4,839,930

201404232309(201404232309)
3,968,670
8,571,330
18,308,520
4,350,060
4,843,980

201404232310(201404232310)
3,968,670
8,571,330
18,308,520
4,355,190
4,843,980

201404232311(201404232311)
3,983,580
8,571,330
18,308,520
4,355,190
4,843,980

201404232312(201404232312)
3,986,580
8,571,330
18,308,520
4,355,190
4,847,700

201404232319(201404232319)
3,986,580
8,595,420
18,308,520
4,361,370
4,870,980

201404232320(201404232320)
3,992,340
8,595,420
18,308,520
4,361,370
4,870,980

201404232321(201404232321)
3,992,340
8,595,420
18,308,520
4,361,370
4,870,980

201404232322(201404232322)
4,002,660
8,601,060
18,308,520
4,361,370
4,870,980

201404232329(201404232329)
4,011,960
8,609,610
18,510,240
4,383,210
4,885,290

201404232330(201404232330)
4,011,960
8,609,610
18,510,240
4,383,210
4,892,790

201404232331(201404232331)
4,011,960
8,609,610
18,510,240
4,383,210
4,892,790

201404232332(201404232332)
4,011,960
8,609,610
18,510,240
4,390,620
4,892,790

201404232339(201404232339)
4,021,980
8,609,610
18,510,240
4,390,620
4,892,790

201404232340(201404232340)
4,021,980
8,609,610
18,510,240
4,390,620
4,892,790

201404232341(201404232341)
4,021,980
8,612,670
18,510,240
4,390,620
4,892,790

201404232342(201404232342)
4,021,980
8,612,670
18,510,240
4,390,620
4,892,790

201404232349(201404232349)
4,021,980
8,613,510
18,609,930
4,397,940
4,892,790

201404232350(201404232350)
4,021,980
8,613,510
18,609,930
4,397,940
4,892,790

201404232351(201404232351)
4,021,980
8,613,510
18,609,930
4,397,940
4,892,790

201404232352(201404232352)
4,021,980
8,613,510
18,609,930
4,397,940
4,906,980

201404232359(201404232359)
4,047,870
8,621,220
18,609,930
4,398,600
4,920,750

201404240000(201404240000)
4,047,870
8,621,220
18,609,930
4,404,960
4,920,750

201404240001(201404240001)
4,047,870
8,621,220
18,609,930
4,404,960
4,928,910

201404240002(201404240002)
4,047,870
8,621,220
18,609,930
4,406,070
4,928,910

201404240009(201404240009)
4,048,290
8,632,410
18,641,100
4,419,600
4,938,060

201404240010(201404240010)
4,048,290
8,632,410
18,641,100
4,419,600
4,938,060

201404240011(201404240011)
4,053,540
8,632,410
18,641,100
4,419,600
4,938,060

201404240012(201404240012)
4,053,540
8,632,410
18,641,100
4,419,600
4,942,500

201404240019(201404240019)
4,079,790
8,635,140
18,641,100
4,448,430
4,942,560

201404240020(201404240020)
4,079,790
8,635,140
18,670,920
4,453,290
4,942,560

201404240021(201404240021)
4,079,790
8,656,680
18,670,920
4,453,290
4,957,980

201404240022(201404240022)
4,079,790
8,656,680
18,670,920
4,453,290
4,957,980

201404240029(201404240029)
4,079,790
8,714,010
18,670,920
4,466,400
4,958,220

201404240030(201404240030)
4,079,790
8,724,630
18,670,920
4,466,400
4,958,220

201404240031(201404240031)
4,079,790
8,724,630
18,670,920
4,468,950
4,958,220

201404240032(201404240032)
4,082,340
8,731,410
18,670,920
4,468,950
4,958,220

201404240039(201404240039)
4,089,600
8,752,350
18,670,920
4,476,600
4,959,570

201404240040(201404240040)
4,089,630
8,752,350
18,670,920
4,480,680
4,960,620

201404240041(201404240041)
4,089,840
8,752,350
18,670,920
4,480,680
4,960,620

201404240042(201404240042)
4,089,840
8,752,350
18,670,920
4,480,680
4,962,750

201404240049(201404240049)
4,102,080
8,775,510
18,670,920
4,481,370
4,968,270

201404240050(201404240050)
4,108,290
8,775,510
18,670,920
4,481,370
4,968,270

201404240051(201404240051)
4,108,290
8,775,510
18,670,920
4,481,370
4,968,270

201404240052(201404240052)
4,108,290
8,775,510
18,670,920
4,481,370
4,969,710

201404240059(201404240059)
4,109,280
8,775,510
18,670,920
4,494,690
4,972,320

201404240100(201404240100)
4,109,280
8,775,510
18,670,920
4,494,690
4,972,320

201404240101(201404240101)
4,109,280
8,775,510
18,670,920
4,494,690
4,972,320

201404240102(201404240102)
4,109,280
8,775,510
18,670,920
4,496,100
4,972,320

