201404260119(201404260119)
5,852,040
11,276,310
23,162,100
6,392,610
6,992,160

201404260120(201404260120)
5,853,750
11,276,310
23,162,100
6,392,610
6,992,160

201404260121(201404260121)
5,871,420
11,276,310
23,162,100
6,392,610
6,992,160

201404260122(201404260122)
5,871,420
11,276,310
23,162,100
6,392,610
6,992,160

201404260129(201404260129)
5,871,420
11,292,150
23,162,100
6,392,610
6,992,160

201404260130(201404260130)
5,871,420
11,295,120
23,162,100
6,392,610
6,992,160

201404260131(201404260131)
5,871,420
11,295,120
23,162,100
6,392,610
6,992,160

201404260132(201404260132)
5,871,420
11,295,120
23,162,100
6,392,610
6,992,160

201404260134(201404260134)
5,882,220
11,295,120
23,162,100
6,392,610
6,992,160

201404260136(201404260136)
5,882,220
11,295,120
23,162,100
6,397,350
6,992,160

201404260138(201404260138)
5,882,220
11,295,120
23,162,100
6,397,350
7,002,090

201404260139(201404260139)
5,882,220
11,295,120
23,162,100
6,398,910
7,014,150

201404260140(201404260140)
5,882,220
11,295,120
23,162,100
6,398,910
7,014,150

201404260141(201404260141)
5,882,220
11,295,120
23,162,100
6,398,910
7,014,150

201404260142(201404260142)
5,882,220
11,295,120
23,162,100
6,398,910
7,014,150

201404260149(201404260149)
5,890,020
11,316,990
23,162,100
6,398,910
7,018,980

201404260150(201404260150)
5,894,070
11,316,990
23,162,100
6,398,910
7,018,980

201404260151(201404260151)
5,894,070
11,316,990
23,162,100
6,398,910
7,018,980

201404260152(201404260152)
5,894,070
11,316,990
23,162,100
6,410,550
7,018,980

201404260159(201404260159)
5,906,880
11,316,990
23,162,100
6,424,020
7,048,860

201404260200(201404260200)
5,906,880
11,316,990
23,162,100
6,424,020
7,048,860

201404260201(201404260201)
5,906,880
11,316,990
23,162,100
6,424,020
7,048,860

201404260202(201404260202)
5,906,880
11,316,990
23,162,100
6,435,540
7,048,860

201404260209(201404260209)
5,909,550
11,316,990
23,162,100
6,448,950
7,057,680

201404260210(201404260210)
5,909,550
11,316,990
23,162,100
6,448,950
7,057,680

201404260211(201404260211)
5,909,550
11,319,060
23,162,100
6,448,950
7,057,680

201404260212(201404260212)
5,909,550
11,319,060
23,162,100
6,448,950
7,064,580

201404260219(201404260219)
5,909,550
11,331,360
23,162,100
6,448,950
7,064,580

201404260220(201404260220)
5,909,550
11,331,360
23,162,100
6,448,950
7,064,580

201404260221(201404260221)
5,909,550
11,337,360
23,165,970
6,448,950
7,064,580

201404260222(201404260222)
5,909,550
11,337,360
23,209,200
6,448,950
7,064,580

201404260229(201404260229)
5,909,550
11,363,970
23,209,200
6,458,760
7,071,990

201404260230(201404260230)
5,909,550
11,363,970
23,209,200
6,458,760
7,071,990

201404260231(201404260231)
5,909,550
11,364,570
23,209,200
6,458,760
7,071,990

201404260232(201404260232)
5,909,550
11,364,570
23,209,200
6,458,760
7,071,990

201404260239(201404260239)
5,909,550
11,364,570
23,209,200
6,468,570
7,074,180

201404260240(201404260240)
5,909,550
11,364,570
23,209,200
6,469,920
7,074,180

201404260241(201404260241)
5,909,550
11,364,570
23,209,200
6,469,920
7,074,180

201404260242(201404260242)
5,909,550
11,365,320
23,209,200
6,469,920
7,079,820

201404260249(201404260249)
5,909,550
11,381,640
23,209,200
6,469,920
7,079,820

201404260250(201404260250)
5,909,550
11,381,640
23,209,200
6,469,920
7,079,820

201404260251(201404260251)
5,909,550
11,381,640
23,209,200
6,469,920
7,079,820

201404260252(201404260252)
5,909,550
11,381,640
23,209,200
6,469,920
7,079,820

201404260259(201404260259)
5,909,550
11,381,640
23,209,200
6,473,910
7,079,820

201404260300(201404260300)
5,909,550
11,381,640
23,209,200
6,473,910
7,079,820

201404260301(201404260301)
5,909,550
11,381,640
23,209,200
6,473,910
7,079,820

201404260302(201404260302)
5,909,550
11,381,640
23,209,200
6,473,910
7,079,820

201404260309(201404260309)
5,922,630
11,381,640
23,209,200
6,473,910
7,083,450

201404260310(201404260310)
5,922,630
11,381,640
23,209,200
6,473,910
7,083,450

201404260311(201404260311)
5,922,630
11,381,640
23,209,200
6,495,960
7,083,450

201404260312(201404260312)
5,922,630
11,381,640
23,209,200
6,495,960
7,083,450

201404260319(201404260319)
5,944,260
11,412,090
23,209,200
6,495,960
7,084,950

201404260320(201404260320)
5,944,260
11,426,400
23,209,200
6,495,960
7,084,950

201404260321(201404260321)
5,949,450
11,453,220
23,209,200
6,495,960
7,084,950

201404260322(201404260322)
5,949,450
11,453,220
23,209,200
6,495,960
7,084,950

201404260329(201404260329)
5,949,450
11,453,220
23,209,200
6,500,640
7,093,770

201404260330(201404260330)
5,954,640
11,453,220
23,209,200
6,500,640
7,093,770

201404260331(201404260331)
5,954,640
11,453,220
23,209,200
6,500,640
7,101,570

201404260332(201404260332)
5,954,640
11,453,220
23,209,200
6,500,640
7,101,570

201404260339(201404260339)
5,954,640
11,454,330
23,209,200
6,502,470
7,101,720

201404260340(201404260340)
5,954,640
11,454,330
23,209,200
6,502,470
7,101,720

201404260341(201404260341)
5,954,640
11,454,330
23,209,200
6,502,470
7,101,720

201404260342(201404260342)
5,954,640
11,454,330
23,209,200
6,502,470
7,101,720

201404260349(201404260349)
5,954,640
11,454,330
23,209,200
6,502,470
7,101,720

201404260350(201404260350)
5,954,640
11,454,330
23,209,200
6,502,470
7,101,720

201404260351(201404260351)
5,954,640
11,454,330
23,209,200
6,502,470
7,101,720

201404260352(201404260352)
5,954,640
11,454,330
23,209,200
6,502,470
7,101,720

201404260359(201404260359)
5,954,640
11,465,820
23,209,200
6,502,470
7,101,720

201404260400(201404260400)
5,954,640
11,465,820
23,209,200
6,502,470
7,101,720

201404260401(201404260401)
5,954,640
11,467,470
23,209,200
6,502,470
7,101,720

201404260402(201404260402)
5,954,640
11,468,220
23,209,200
6,502,470
7,101,720

201404260409(201404260409)
5,954,640
11,480,520
23,209,200
6,502,470
7,101,720

201404260410(201404260410)
5,954,640
11,482,020
23,209,200
6,502,470
7,101,720

201404260411(201404260411)
5,954,640
11,483,310
23,209,200
6,502,470
7,101,720

201404260412(201404260412)
5,954,640
11,483,310
23,209,200
6,502,470
7,101,720

201404260419(201404260419)
5,954,640
11,483,310
23,209,200
6,502,470
7,101,720

201404260420(201404260420)
5,957,670
11,483,310
23,209,200
6,502,470
7,101,720

201404260421(201404260421)
5,957,670
11,483,310
23,209,200
6,502,470
7,101,720

201404260422(201404260422)
5,957,670
11,483,310
23,209,200
6,502,470
7,101,720

201404260429(201404260429)
5,961,900
11,483,310
23,209,200
6,509,550
7,111,320

201404260430(201404260430)
5,961,900
11,483,310
23,209,200
6,509,550
7,111,320

201404260431(201404260431)
5,961,900
11,483,310
23,209,200
6,534,780
7,111,320

201404260432(201404260432)
5,961,900
11,483,310
23,209,200
6,534,780
7,111,320

201404260439(201404260439)
5,961,900
11,483,310
23,209,200
6,534,780
7,113,540

201404260440(201404260440)
5,961,900
11,483,310
23,209,200
6,534,780
7,115,070

201404260441(201404260441)
5,961,900
11,483,310
23,209,200
6,534,780
7,119,780

201404260442(201404260442)
5,961,900
11,483,310
23,209,200
6,534,780
7,119,780

201404260449(201404260449)
5,963,490
11,483,310
23,209,200
6,536,730
7,119,900

201404260450(201404260450)
5,963,490
11,483,310
23,209,200
6,536,730
7,119,900

201404260451(201404260451)
5,963,490
11,483,310
23,209,200
6,536,730
7,119,900

201404260452(201404260452)
5,963,490
11,483,310
23,209,200
6,536,730
7,119,900

201404260459(201404260459)
5,963,490
11,483,310
23,209,200
6,537,060
7,124,490

201404260500(201404260500)
5,974,290
11,487,210
23,209,200
6,537,060
7,124,490

201404260501(201404260501)
5,974,290
11,496,030
23,209,200
6,537,060
7,124,490

201404260502(201404260502)
5,974,290
11,496,030
23,209,200
6,537,060
7,124,490

201404260509(201404260509)
5,982,990
11,496,030
23,209,200
6,537,060
7,124,490

201404260510(201404260510)
5,982,990
11,496,030
23,209,200
6,537,060
7,124,490

201404260511(201404260511)
5,982,990
11,496,030
23,209,200
6,537,060
7,124,490

201404260512(201404260512)
5,982,990
11,496,030
23,209,200
6,537,060
7,124,490

201404260519(201404260519)
5,982,990
11,496,030
23,209,200
6,542,580
7,124,490

201404260520(201404260520)
5,982,990
11,496,030
23,209,200
6,542,580
7,124,490

201404260521(201404260521)
5,982,990
11,496,030
23,209,200
6,565,260
7,124,490

201404260522(201404260522)
5,982,990
11,496,030
23,209,200
6,565,260
7,124,490

201404260529(201404260529)
5,982,990
11,496,030
23,209,200
6,565,260
7,126,590

201404260530(201404260530)
5,982,990
11,496,030
23,209,200
6,566,640
7,126,590

201404260531(201404260531)
5,982,990
11,496,030
23,209,200
6,566,640
7,126,590

201404260532(201404260532)
5,982,990
11,496,030
23,209,200
6,566,640
7,126,590

201404260539(201404260539)
5,982,990
11,496,030
23,209,200
6,570,240
7,126,590

201404260540(201404260540)
5,982,990
11,496,030
23,209,200
6,570,240
7,126,590

201404260541(201404260541)
5,982,990
11,496,030
23,209,200
6,570,240
7,126,590

201404260542(201404260542)
5,982,990
11,496,030
23,209,200
6,570,240
7,126,590

201404260549(201404260549)
5,982,990
11,499,990
23,283,930
6,570,240
7,131,330

201404260550(201404260550)
5,982,990
11,499,990
23,283,930
6,570,240
7,131,330

201404260551(201404260551)
5,982,990
11,499,990
23,283,930
6,570,240
7,131,330

201404260552(201404260552)
5,982,990
11,499,990
23,283,930
6,570,240
7,131,330

201404260559(201404260559)
5,982,990
11,499,990
23,283,930
6,580,260
7,140,210

201404260600(201404260600)
5,982,990
11,499,990
23,283,930
6,580,260
7,140,210

201404260601(201404260601)
5,982,990
11,499,990
23,283,930
6,580,260
7,140,210

201404260602(201404260602)
5,982,990
11,499,990
23,283,930
6,580,260
7,140,210

201404260609(201404260609)
6,014,340
11,499,990
23,283,930
6,581,670
7,143,360

201404260610(201404260610)
6,014,340
11,499,990
23,359,050
6,581,670
7,143,360

201404260611(201404260611)
6,014,340
11,499,990
23,359,050
6,581,670
7,143,360

201404260612(201404260612)
6,014,340
11,499,990
23,359,050
6,582,900
7,143,360

201404260619(201404260619)
6,014,340
11,516,430
23,359,050
6,582,900
7,143,360

201404260620(201404260620)
6,014,340
11,516,430
23,359,050
6,588,240
7,143,360

201404260621(201404260621)
6,014,340
11,516,430
23,359,050
6,588,240
7,143,360

201404260622(201404260622)
6,014,340
11,516,430
23,359,050
6,588,240
7,143,360

201404260629(201404260629)
6,019,290
11,516,430
23,359,050
6,588,240
7,154,850

201404260630(201404260630)
6,019,290
11,516,430
23,359,050
6,588,240
7,154,850

201404260631(201404260631)
6,019,290
11,516,430
23,359,050
6,588,240
7,154,850

201404260632(201404260632)
6,019,290
11,516,430
23,359,050
6,588,240
7,154,850

201404260639(201404260639)
6,033,450
11,516,430
23,359,050
6,588,240
7,154,850

201404260640(201404260640)
6,033,450
11,516,430
23,359,050
6,588,240
7,154,850

201404260641(201404260641)
6,033,450
11,516,430
23,359,050
6,592,770
7,154,850

201404260642(201404260642)
6,033,450
11,516,430
23,359,050
6,593,220
7,154,850

201404260649(201404260649)
6,033,450
11,516,430
23,359,050
6,595,920
7,154,850

201404260650(201404260650)
6,033,450
11,516,430
23,359,050
6,595,920
7,154,850

201404260651(201404260651)
6,033,450
11,521,170
23,359,050
6,595,920
7,158,780

201404260652(201404260652)
6,033,450
11,521,170
23,359,050
6,595,920
7,159,410

201404260659(201404260659)
6,033,780
11,521,170
23,359,050
6,595,920
7,159,410

201404260700(201404260700)
6,033,780
11,521,170
23,359,050
6,595,920
7,162,770

201404260701(201404260701)
6,033,780
11,521,170
23,359,050
6,595,920
7,162,770

201404260702(201404260702)
6,033,780
11,521,170
23,359,050
6,595,920
7,162,770

201404260709(201404260709)
6,033,780
11,521,650
23,359,050
6,596,970
7,175,040

201404260710(201404260710)
6,033,780
11,521,650
23,359,050
6,599,730
7,175,040

201404260711(201404260711)
6,033,780
11,521,650
23,359,050
6,599,730
7,175,040

201404260712(201404260712)
6,037,200
11,521,650
23,359,050
6,599,730
7,177,500

201404260719(201404260719)
6,037,200
11,521,650
23,359,950
6,605,100
7,177,500

201404260720(201404260720)
6,037,200
11,521,650
23,359,950
6,606,630
7,177,500

201404260721(201404260721)
6,037,200
11,521,650
23,359,950
6,607,200
7,177,500

201404260722(201404260722)
6,037,200
11,521,650
23,359,950
6,607,200
7,194,690

201404260729(201404260729)
6,037,200
11,528,100
23,359,950
6,617,850
7,200,900

201404260730(201404260730)
6,039,150
11,528,100
23,359,950
6,617,850
7,200,900

201404260731(201404260731)
6,039,150
11,528,100
23,359,950
6,617,850
7,200,900

201404260732(201404260732)
6,039,150
11,528,100
23,359,950
6,617,850
7,200,900

201404260739(201404260739)
6,049,800
11,544,150
23,359,950
6,621,450
7,228,470

201404260740(201404260740)
6,049,800
11,544,150
23,359,950
6,621,450
7,228,470

201404260741(201404260741)
6,049,800
11,544,150
23,359,950
6,621,450
7,228,470

201404260742(201404260742)
6,049,800
11,544,150
23,359,950
6,621,450
7,228,470

201404260749(201404260749)
6,049,800
11,547,090
23,359,950
6,621,450
7,232,940

201404260750(201404260750)
6,049,800
11,547,090
23,359,950
6,621,450
7,232,940

201404260751(201404260751)
6,049,800
11,547,090
23,359,950
6,621,450
7,232,940

201404260752(201404260752)
6,049,800
11,547,090
23,359,950
6,621,450
7,232,940

201404260759(201404260759)
6,049,800
11,547,090
23,359,950
6,627,210
7,237,230

201404260800(201404260800)
6,049,800
11,547,090
23,359,950
6,627,210
7,243,170

201404260801(201404260801)
6,049,800
11,547,090
23,359,950
6,627,210
7,243,170

201404260802(201404260802)
6,049,800
11,547,090
23,359,950
6,627,210
7,243,170

201404260809(201404260809)
6,056,430
11,557,980
23,359,950
6,627,630
7,243,170

201404260810(201404260810)
6,056,430
11,557,980
23,359,950
6,627,630
7,243,170

201404260811(201404260811)
6,056,430
11,557,980
23,359,950
6,632,100
7,243,170

201404260812(201404260812)
6,056,430
11,557,980
23,359,950
6,633,720
7,243,170

201404260819(201404260819)
6,056,430
11,557,980
23,359,950
6,633,720
7,243,980

201404260820(201404260820)
6,056,430
11,557,980
23,359,950
6,633,720
7,243,980

201404260821(201404260821)
6,066,030
11,557,980
23,359,950
6,633,720
7,243,980

201404260822(201404260822)
6,066,030
11,565,210
23,359,950
6,633,720
7,243,980

201404260829(201404260829)
6,066,030
11,566,890
23,359,950
6,637,560
7,251,120

201404260830(201404260830)
6,066,030
11,566,890
23,359,950
6,637,560
7,251,120

201404260831(201404260831)
6,066,030
11,566,890
23,359,950
6,637,560
7,251,210

201404260832(201404260832)
6,066,030
11,566,890
23,359,950
6,637,560
7,251,210

201404260839(201404260839)
6,083,700
11,568,330
23,359,950
6,637,560
7,253,760

201404260840(201404260840)
6,083,700
11,568,330
23,359,950
6,637,560
7,255,500

201404260841(201404260841)
6,095,640
11,568,330
23,359,950
6,649,230
7,259,700

201404260842(201404260842)
6,095,640
11,570,490
23,359,950
6,649,230
7,263,390

201404260849(201404260849)
6,095,640
11,586,270
23,359,950
6,653,400
7,268,430

201404260850(201404260850)
6,095,640
11,586,270
23,359,950
6,653,400
7,268,430

201404260851(201404260851)
6,095,640
11,586,270
23,359,950
6,659,370
7,268,430

201404260852(201404260852)
6,095,640
11,586,270
23,359,950
6,659,370
7,268,430

201404260859(201404260859)
6,097,860
11,586,270
23,359,950
6,668,190
7,282,440

201404260900(201404260900)
6,097,860
11,586,270
23,359,950
6,668,190
7,295,100

201404260901(201404260901)
6,097,860
11,586,270
23,359,950
6,668,190
7,295,100

201404260902(201404260902)
6,097,860
11,586,270
23,359,950
6,668,190
7,295,100

201404260909(201404260909)
6,097,860
11,606,460
23,359,950
6,670,350
7,295,100

201404260910(201404260910)
6,097,860
11,606,460
23,359,950
6,670,350
7,310,370

201404260911(201404260911)
6,097,860
11,606,460
23,359,950
6,670,350
7,310,370

201404260912(201404260912)
6,097,860
11,606,460
23,359,950
6,670,350
7,310,370

201404260919(201404260919)
6,097,860
11,606,460
23,359,950
6,671,490
7,319,040

201404260920(201404260920)
6,097,860
11,606,460
23,359,950
6,671,490
7,319,040

201404260921(201404260921)
6,097,860
11,606,460
23,359,950
6,671,490
7,319,040

201404260922(201404260922)
6,097,860
11,606,460
23,359,950
6,671,940
7,319,040

201404260929(201404260929)
6,102,570
11,606,460
23,359,950
6,679,860
7,325,370

201404260930(201404260930)
6,102,780
11,606,460
23,359,950
6,688,920
7,325,370

201404260931(201404260931)
6,102,780
11,606,460
23,359,950
6,688,920
7,325,370

201404260932(201404260932)
6,102,780
11,606,460
23,359,950
6,688,920
7,325,370

201404260939(201404260939)
6,105,720
11,606,460
23,359,950
6,688,920
7,325,370

201404260940(201404260940)
6,105,720
11,606,460
23,359,950
6,691,740
7,325,370

201404260941(201404260941)
6,111,780
11,606,460
23,359,950
6,691,740
7,325,370

201404260942(201404260942)
6,114,210
11,606,460
23,359,950
6,691,740
7,327,500

201404260949(201404260949)
6,114,210
11,606,460
23,359,950
6,698,850
7,327,500

201404260950(201404260950)
6,114,210
11,606,460
23,359,950
6,698,850
7,327,500

201404260951(201404260951)
6,114,210
11,606,460
23,359,950
6,698,850
7,337,250

201404260952(201404260952)
6,114,210
11,606,460
23,359,950
6,698,850
7,337,250

201404260959(201404260959)
6,118,980
11,645,820
23,359,950
6,698,850
7,337,250

201404261000(201404261000)
6,118,980
11,645,820
23,359,950
6,698,850
7,337,250

201404261001(201404261001)
6,118,980
11,645,820
23,359,950
6,698,850
7,337,250

201404261002(201404261002)
6,118,980
11,645,820
23,359,950
6,698,850
7,337,250

201404261009(201404261009)
6,121,320
11,652,120
23,359,950
6,698,850
7,344,840

201404261010(201404261010)
6,121,320
11,652,120
23,359,950
6,698,850
7,344,840

201404261011(201404261011)
6,121,320
11,652,120
23,359,950
6,698,850
7,344,840

201404261012(201404261012)
6,121,320
11,652,120
23,359,950
6,704,190
7,358,850

201404261019(201404261019)
6,121,320
11,661,510
23,359,950
6,704,190
7,360,110

201404261020(201404261020)
6,121,320
11,661,510
23,359,950
6,704,190
7,360,110

201404261021(201404261021)
6,121,320
11,661,510
23,359,950
6,704,190
7,360,110

201404261022(201404261022)
6,121,320
11,661,510
23,359,950
6,704,190
7,360,110

201404261029(201404261029)
6,121,320
11,661,510
23,510,520
6,704,190
7,360,110

201404261030(201404261030)
6,121,320
11,661,510
23,510,520
6,704,190
7,360,110

201404261031(201404261031)
6,121,320
11,661,510
23,510,520
6,704,190
7,360,110

201404261032(201404261032)
6,121,320
11,672,220
23,510,520
6,704,190
7,360,110

201404261039(201404261039)
6,121,320
11,672,220
23,510,520
6,710,010
7,360,110

201404261040(201404261040)
6,121,320
11,672,220
23,510,520
6,710,010
7,360,110

201404261041(201404261041)
6,121,320
11,672,220
23,510,520
6,723,690
7,360,110

201404261042(201404261042)
6,121,320
11,672,220
23,510,520
6,723,690
7,360,110

201404261049(201404261049)
6,121,320
11,672,220
23,510,520
6,723,690
7,360,110

201404261050(201404261050)
6,121,320
11,672,220
23,510,520
6,723,690
7,360,110

201404261051(201404261051)
6,121,320
11,672,220
23,510,520
6,723,690
7,360,110

201404261052(201404261052)
6,121,320
11,672,220
23,510,520
6,723,690
7,360,110

201404261059(201404261059)
6,121,320
11,674,530
23,510,520
6,734,340
7,368,840

201404261100(201404261100)
6,121,320
11,674,530
23,510,520
6,734,340
7,368,840

201404261101(201404261101)
6,121,320
11,674,530
23,510,520
6,734,340
7,368,840

201404261102(201404261102)
6,124,140
11,674,530
23,510,520
6,734,340
7,368,840

201404261109(201404261109)
6,146,850
11,674,530
23,510,520
6,734,340
7,378,050

201404261110(201404261110)
6,146,850
11,674,530
23,510,520
6,734,340
7,378,050

201404261111(201404261111)
6,146,850
11,674,530
23,510,520
6,734,340
7,378,050

201404261112(201404261112)
6,146,850
11,674,530
23,510,520
6,748,950
7,378,050

201404261119(201404261119)
6,149,850
11,674,530
23,510,520
6,752,100
7,392,780

201404261120(201404261120)
6,149,850
11,674,530
23,510,520
6,752,100
7,392,780

201404261121(201404261121)
6,149,850
11,674,530
23,510,520
6,752,100
7,392,780

201404261122(201404261122)
6,149,850
11,674,530
23,510,520
6,752,100
7,392,780

201404261129(201404261129)
6,149,850
11,674,530
23,510,520
6,752,100
7,411,830

201404261130(201404261130)
6,149,850
11,674,530
23,510,520
6,752,100
7,411,830

201404261131(201404261131)
6,149,850
11,674,530
23,510,520
6,752,100
7,411,830

201404261132(201404261132)
6,149,850
11,674,530
23,510,520
6,752,100
7,411,830

201404261139(201404261139)
6,149,850
11,674,530
23,510,520
6,804,900
7,411,830

201404261140(201404261140)
6,149,850
11,674,530
23,510,520
6,804,900
7,411,830

201404261141(201404261141)
6,149,850
11,674,530
23,510,520
6,804,900
7,411,830

201404261142(201404261142)
6,149,850
11,674,530
23,510,520
6,804,900
7,415,820

201404261149(201404261149)
6,149,850
11,674,530
23,510,520
6,804,900
7,427,160

201404261150(201404261150)
6,149,850
11,674,530
23,510,520
6,804,900
7,427,160

201404261151(201404261151)
6,149,850
11,674,530
23,510,520
6,804,900
7,429,350

201404261152(201404261152)
6,149,850
11,674,530
23,510,520
6,804,900
7,429,350

201404261159(201404261159)
6,153,690
11,674,530
23,510,520
6,807,060
7,429,350

201404261200(201404261200)
6,153,690
11,674,530
23,510,520
6,807,060
7,429,350

201404261201(201404261201)
6,153,690
11,674,530
23,510,520
6,807,060
7,429,350

201404261202(201404261202)
6,153,690
11,674,530
23,510,520
6,807,060
7,429,350

201404261209(201404261209)
6,173,610
11,674,530
23,510,520
6,807,060
7,435,860

201404261210(201404261210)
6,190,410
11,674,530
23,510,520
6,807,060
7,435,860

201404261211(201404261211)
6,202,020
11,674,530
23,510,520
6,807,060
7,435,860

201404261212(201404261212)
6,202,020
11,684,310
23,510,520
6,807,060
7,435,860

201404261219(201404261219)
6,202,020
11,684,310
23,510,520
6,807,060
7,438,230

201404261220(201404261220)
6,202,020
11,684,310
23,510,520
6,807,060
7,438,230

201404261221(201404261221)
6,218,220
11,684,310
23,510,520
6,807,060
7,438,230

201404261222(201404261222)
6,226,140
11,684,310
23,510,520
6,807,060
7,438,230

201404261229(201404261229)
6,226,140
11,684,970
23,510,520
6,819,150
7,438,230

201404261230(201404261230)
6,237,600
11,684,970
23,510,520
6,819,150
7,439,220

201404261231(201404261231)
6,237,600
11,684,970
23,510,520
6,819,150
7,439,220

201404261232(201404261232)
6,237,600
11,684,970
23,510,520
6,819,150
7,439,220

201404261239(201404261239)
6,237,600
11,700,720
23,570,340
6,819,150
7,445,760

201404261240(201404261240)
6,237,600
11,700,720
23,570,340
6,819,150
7,445,760

201404261241(201404261241)
6,237,600
11,700,720
23,570,340
6,819,150
7,445,760

201404261242(201404261242)
6,237,600
11,700,720
23,570,340
6,819,150
7,445,760

201404261249(201404261249)
6,237,600
11,700,720
23,570,340
6,828,780
7,445,760

201404261250(201404261250)
6,237,600
11,700,720
23,570,340
6,828,780
7,445,760

201404261251(201404261251)
6,237,600
11,700,720
23,570,340
6,828,780
7,446,840

201404261252(201404261252)
6,237,600
11,700,720
23,570,340
6,828,780
7,446,840

201404261259(201404261259)
6,237,600
11,700,720
23,570,340
6,828,780
7,450,890

201404261300(201404261300)
6,237,600
11,700,720
23,570,340
6,828,780
7,450,890

201404261301(201404261301)
6,237,600
11,700,720
23,570,340
6,828,780
7,450,890

201404261302(201404261302)
6,237,600
11,700,720
23,570,340
6,828,780
7,450,890

201404261309(201404261309)
6,237,600
11,700,720
23,570,340
6,846,420
7,450,890

201404261310(201404261310)
6,237,600
11,700,720
23,570,340
6,846,540
7,450,890

201404261311(201404261311)
6,237,600
11,700,720
23,570,340
6,846,540
7,450,890

201404261312(201404261312)
6,237,600
11,700,720
23,570,340
6,846,540
7,457,340

201404261319(201404261319)
6,239,550
11,700,720
23,570,340
6,846,540
7,460,400

201404261320(201404261320)
6,239,550
11,700,720
23,570,340
6,846,540
7,460,400

201404261321(201404261321)
6,240,960
11,700,720
23,570,340
6,846,540
7,460,400

201404261322(201404261322)
6,240,960
11,700,720
23,570,340
6,848,010
7,460,400

201404261329(201404261329)
6,254,910
11,700,720
23,570,340
6,855,900
7,460,400

201404261330(201404261330)
6,254,910
11,700,720
23,570,340
6,855,900
7,460,400

201404261331(201404261331)
6,254,910
11,700,720
23,570,340
6,855,900
7,460,400

201404261332(201404261332)
6,254,910
11,700,720
23,570,340
6,855,900
7,460,400

201404261339(201404261339)
6,254,910
11,700,720
23,570,340
6,855,900
7,463,580

201404261340(201404261340)
6,254,910
11,700,720
23,570,340
6,855,900
7,464,810

201404261341(201404261341)
6,254,910
11,700,720
23,570,340
6,855,900
7,464,810

201404261342(201404261342)
6,254,910
11,700,720
23,570,340
6,855,900
7,464,810

201404261349(201404261349)
6,267,900
11,702,760
23,755,950
6,882,870
7,466,700

201404261350(201404261350)
6,267,900
11,702,760
23,755,950
6,882,870
7,466,700

201404261351(201404261351)
6,267,900
11,702,760
23,755,950
6,887,490
7,466,700

201404261352(201404261352)
6,267,900
11,702,760
23,755,950
6,887,490
7,466,700

201404261359(201404261359)
6,267,900
11,702,760
23,755,950
6,887,490
7,472,220

201404261400(201404261400)
6,267,900
11,702,760
23,755,950
6,893,970
7,473,900

201404261401(201404261401)
6,267,900
11,702,760
23,755,950
6,893,970
7,473,900

201404261402(201404261402)
6,267,900
11,702,760
23,755,950
6,893,970
7,473,900

201404261409(201404261409)
6,267,900
11,724,510
23,755,950
6,893,970
7,473,900

201404261410(201404261410)
6,267,900
11,724,510
23,755,950
6,893,970
7,473,900

201404261411(201404261411)
6,270,750
11,724,510
23,755,950
6,893,970
7,473,900

201404261412(201404261412)
6,270,750
11,724,510
23,755,950
6,893,970
7,473,900

201404261419(201404261419)
6,270,750
11,724,510
23,755,950
6,893,970
7,474,080

201404261420(201404261420)
6,272,100
11,724,510
23,755,950
6,893,970
7,474,080

201404261421(201404261421)
6,282,750
11,724,510
23,755,950
6,893,970
7,474,080

201404261422(201404261422)
6,282,750
11,724,510
23,755,950
6,893,970
7,474,650

201404261429(201404261429)
6,294,450
11,724,510
23,755,950
6,905,550
7,477,140

201404261430(201404261430)
6,294,450
11,724,510
23,755,950
6,905,550
7,477,140

201404261431(201404261431)
6,297,510
11,781,450
23,755,950
6,911,760
7,477,140

201404261432(201404261432)
6,297,510
11,781,450
23,755,950
6,911,760
7,477,140

201404261439(201404261439)
6,297,510
11,781,450
23,755,950
6,911,760
7,486,830

201404261440(201404261440)
6,297,510
11,781,450
23,755,950
6,911,760
7,487,100

201404261441(201404261441)
6,297,510
11,781,450
23,755,950
6,911,760
7,487,100

201404261442(201404261442)
6,297,510
11,781,450
23,755,950
6,911,760
7,487,100

201404261449(201404261449)
6,299,550
11,782,410
23,755,950
6,911,760
7,503,870

201404261450(201404261450)
6,299,760
11,782,410
23,755,950
6,911,760
7,503,870

201404261451(201404261451)
6,304,950
11,782,410
23,755,950
6,911,760
7,503,870

201404261452(201404261452)
6,304,950
11,782,410
23,755,950
6,911,760
7,503,870

201404261459(201404261459)
6,306,750
11,782,410
23,755,950
6,923,370
7,503,870

201404261500(201404261500)
6,306,750
11,782,410
23,755,950
6,923,370
7,504,170

201404261501(201404261501)
6,306,750
11,782,410
23,755,950
6,923,370
7,505,460

201404261502(201404261502)
6,306,750
11,782,410
23,755,950
6,923,370
7,505,460

201404261509(201404261509)
6,308,850
11,782,410
23,755,950
6,923,370
7,505,460

201404261510(201404261510)
6,308,850
11,782,410
23,755,950
6,923,370
7,505,460

201404261511(201404261511)
6,342,900
11,782,410
23,755,950
6,923,370
7,506,600

201404261512(201404261512)
6,342,900
11,782,410
23,755,950
6,923,370
7,506,600

201404261519(201404261519)
6,343,440
11,796,000
23,755,950
6,932,100
7,508,310

201404261520(201404261520)
6,350,640
11,796,000
23,755,950
6,932,100
7,508,310

201404261521(201404261521)
6,350,640
11,796,000
23,755,950
6,934,860
7,508,310

201404261522(201404261522)
6,350,640
11,796,000
23,755,950
6,934,860
7,508,310

201404261529(201404261529)
6,370,380
11,796,000
23,755,950
6,938,550
7,509,900

201404261530(201404261530)
6,370,380
11,796,000
23,755,950
6,944,580
7,509,900

201404261531(201404261531)
6,370,380
11,796,000
23,755,950
6,944,580
7,509,900

201404261532(201404261532)
6,370,380
11,796,000
23,755,950
6,944,580
7,509,900

201404261539(201404261539)
6,370,380
11,796,000
23,755,950
6,956,850
7,516,140

201404261540(201404261540)
6,370,380
11,796,720
23,755,950
6,956,850
7,516,140

201404261541(201404261541)
6,370,380
11,803,560
23,755,950
6,958,200
7,516,140

201404261542(201404261542)
6,370,380
11,803,560
23,755,950
6,958,200
7,516,140

201404261549(201404261549)
6,370,380
11,803,560
23,755,950
6,958,200
7,516,770

201404261550(201404261550)
6,370,380
11,803,560
23,755,950
6,958,200
7,527,900

201404261551(201404261551)
6,370,380
11,804,730
23,755,950
6,958,200
7,544,700

201404261552(201404261552)
6,370,380
11,804,730
23,755,950
6,958,200
7,549,830

201404261559(201404261559)
6,370,380
11,804,730
23,755,950
6,958,200
7,550,880

201404261600(201404261600)
6,370,380
11,804,730
23,755,950
6,958,200
7,550,880

201404261601(201404261601)
6,370,380
11,804,730
23,755,950
6,958,200
7,550,880

201404261602(201404261602)
6,370,380
11,804,730
23,755,950
6,958,200
7,550,880

201404261609(201404261609)
6,370,380
11,804,730
23,755,950
6,958,200
7,557,900

201404261610(201404261610)
6,370,380
11,804,730
23,755,950
6,958,200
7,557,900

201404261611(201404261611)
6,370,380
11,804,730
23,755,950
6,961,500
7,557,900

201404261612(201404261612)
6,370,380
11,804,730
23,755,950
6,964,380
7,557,990

201404261619(201404261619)
6,370,380
11,805,900
23,755,950
6,965,280
7,557,990

201404261620(201404261620)
6,370,380
11,805,900
23,755,950
6,965,280
7,571,460

201404261621(201404261621)
6,370,380
11,805,900
23,755,950
6,965,280
7,571,460

201404261622(201404261622)
6,370,380
11,805,900
23,755,950
6,965,280
7,571,460

201404261629(201404261629)
6,389,910
11,805,900
23,755,950
6,969,840
7,573,680

201404261630(201404261630)
6,391,530
11,805,900
23,755,950
6,969,840
7,573,680

201404261631(201404261631)
6,391,530
11,805,900
23,755,950
6,969,840
7,578,900

201404261632(201404261632)
6,391,530
11,805,900
23,755,950
6,969,840
7,578,900

201404261639(201404261639)
6,393,600
11,807,250
23,755,950
6,975,570
7,612,860

201404261640(201404261640)
6,393,600
11,807,250
23,755,950
6,975,570
7,612,860

201404261641(201404261641)
6,393,600
11,807,250
23,755,950
6,975,570
7,612,860

201404261642(201404261642)
6,393,600
11,807,250
23,755,950
6,975,570
7,612,860

201404261649(201404261649)
6,393,600
11,815,410
23,755,950
6,977,040
7,640,010

201404261650(201404261650)
6,393,600
11,824,380
23,755,950
6,977,040
7,641,780

201404261651(201404261651)
6,393,600
11,830,110
23,755,950
6,977,040
7,641,780

201404261652(201404261652)
6,393,600
11,830,110
23,755,950
6,977,040
7,641,810

201404261659(201404261659)
6,396,390
11,833,020
23,755,950
6,985,650
7,645,680

201404261700(201404261700)
6,396,780
11,833,020
23,755,950
6,985,650
7,645,680

201404261701(201404261701)
6,396,780
11,833,020
23,755,950
6,985,650
7,645,680

201404261702(201404261702)
6,396,780
11,833,020
23,755,950
6,985,650
7,645,680

201404261709(201404261709)
6,405,450
11,833,020
23,755,950
6,985,650
7,666,950

201404261710(201404261710)
6,405,450
11,833,020
23,755,950
6,985,650
7,666,950

201404261711(201404261711)
6,405,450
11,834,820
23,755,950
6,985,650
7,666,950

201404261712(201404261712)
6,414,210
11,834,820
23,755,950
6,985,650
7,666,950

201404261719(201404261719)
6,423,210
11,834,820
23,755,950
7,014,150
7,670,580

201404261720(201404261720)
6,423,210
11,834,820
23,755,950
7,014,150
7,670,580

201404261721(201404261721)
6,423,210
11,834,820
23,755,950
7,014,150
7,670,580

201404261722(201404261722)
6,423,210
11,834,820
23,755,950
7,018,980
7,670,580

201404261729(201404261729)
6,423,210
11,834,820
23,755,950
7,023,780
7,675,020

201404261730(201404261730)
6,423,210
11,838,270
23,755,950
7,023,780
7,675,020

201404261731(201404261731)
6,423,210
11,838,270
23,755,950
7,023,780
7,675,020

201404261732(201404261732)
6,423,210
11,838,270
23,755,950
7,023,780
7,675,020

201404261739(201404261739)
6,463,620
11,842,980
23,755,950
7,032,180
7,675,020

201404261740(201404261740)
6,463,620
11,842,980
23,755,950
7,032,180
7,675,020

201404261741(201404261741)
6,469,920
11,842,980
23,761,050
7,032,180
7,675,020

201404261742(201404261742)
6,469,920
11,842,980
23,846,850
7,039,710
7,675,020

201404261749(201404261749)
6,469,920
11,842,980
23,869,860
7,083,450
7,680,090

201404261750(201404261750)
6,469,920
11,849,820
23,869,860
7,083,450
7,680,090

201404261751(201404261751)
6,469,920
11,849,820
23,869,860
7,083,450
7,680,090

201404261752(201404261752)
6,469,920
11,849,820
23,869,860
7,096,410
7,680,090

201404261759(201404261759)
6,483,660
11,858,460
23,869,860
7,111,260
7,708,080

201404261800(201404261800)
6,483,660
11,868,540
23,869,860
7,111,260
7,708,080

201404261801(201404261801)
6,483,660
11,868,540
23,869,860
7,111,800
7,708,080

201404261802(201404261802)
6,483,660
11,868,540
23,869,860
7,111,800
7,714,950

201404261809(201404261809)
6,486,750
11,868,540
23,870,610
7,115,070
7,719,840

201404261810(201404261810)
6,486,750
11,868,540
23,870,610
7,115,070
7,719,840

201404261811(201404261811)
6,486,750
11,868,540
23,870,610
7,115,070
7,719,840

201404261812(201404261812)
6,486,750
11,870,190
23,870,610
7,115,070
7,719,840

201404261819(201404261819)
6,491,700
11,883,030
23,870,610
7,115,070
7,731,060

201404261820(201404261820)
6,491,700
11,883,030
23,870,610
7,115,070
7,731,060

201404261821(201404261821)
6,491,700
11,883,030
23,870,610
7,115,070
7,731,060

201404261822(201404261822)
6,491,700
11,883,030
23,870,610
7,115,070
7,731,060

201404261829(201404261829)
6,499,710
11,886,210
23,870,610
7,122,270
7,738,500

201404261830(201404261830)
6,504,540
11,886,210
23,870,610
7,122,270
7,738,500

201404261831(201404261831)
6,504,540
11,886,210
23,870,610
7,122,270
7,738,500

201404261832(201404261832)
6,504,540
11,886,210
23,870,610
7,122,270
7,738,500

201404261839(201404261839)
6,522,840
11,886,210
23,870,610
7,129,170
7,740,030

201404261840(201404261840)
6,522,840
11,886,210
23,870,610
7,129,170
7,740,030

201404261841(201404261841)
6,536,400
11,886,210
23,870,610
7,129,170
7,740,030

201404261842(201404261842)
6,536,730
11,895,330
23,870,610
7,129,170
7,740,030

201404261849(201404261849)
6,537,000
11,898,480
23,870,610
7,134,840
7,747,770

201404261850(201404261850)
6,537,000
11,898,480
23,870,610
7,134,840
7,747,770

201404261851(201404261851)
6,546,600
11,898,480
23,870,610
7,134,840
7,747,770

201404261852(201404261852)
6,546,600
11,898,480
23,870,610
7,134,840
7,747,770

201404261859(201404261859)
6,548,460
11,898,780
23,870,610
7,134,840
7,752,210

201404261900(201404261900)
6,548,910
11,903,610
23,870,610
7,135,380
7,752,210

201404261901(201404261901)
6,561,450
11,904,060
23,870,610
7,142,280
7,752,210

201404261902(201404261902)
6,561,450
11,904,060
23,870,610
7,142,760
7,752,210

201404261909(201404261909)
6,561,450
11,909,310
23,870,610
7,158,870
7,752,210

201404261910(201404261910)
6,561,450
11,909,310
23,870,610
7,158,870
7,752,210

201404261911(201404261911)
6,561,450
11,909,310
23,870,610
7,158,870
7,752,210

201404261912(201404261912)
6,561,450
11,909,310
23,870,610
7,158,870
7,754,520

201404261919(201404261919)
6,564,960
11,923,110
23,870,610
7,175,670
7,756,740

201404261920(201404261920)
6,565,860
11,923,110
23,870,610
7,192,440
7,756,740

201404261921(201404261921)
6,570,060
11,923,110
23,870,610
7,192,440
7,756,740

201404261922(201404261922)
6,570,060
11,923,110
23,870,610
7,192,440
7,756,740

201404261929(201404261929)
6,570,060
11,924,700
23,870,610
7,206,000
7,767,990

201404261930(201404261930)
6,570,060
11,924,700
23,870,610
7,206,000
7,767,990

201404261931(201404261931)
6,572,790
11,924,700
23,870,610
7,207,290
7,768,950

201404261932(201404261932)
6,572,790
11,924,700
23,870,610
7,207,290
7,768,950

201404261939(201404261939)
6,572,790
11,924,700
23,870,610
7,207,290
7,768,950

201404261940(201404261940)
6,572,790
11,924,700
23,870,610
7,207,290
7,768,950

201404261941(201404261941)
6,572,790
11,924,700
23,870,610
7,207,290
7,774,260

201404261942(201404261942)
6,572,790
11,966,100
23,870,610
7,207,290
7,774,260

201404261949(201404261949)
6,572,790
11,966,100
23,870,610
7,207,290
7,774,260

201404261950(201404261950)
6,572,790
11,966,100
23,870,610
7,207,290
7,774,260

201404261951(201404261951)
6,577,140
11,966,100
23,870,610
7,207,290
7,774,260

201404261952(201404261952)
6,577,140
11,966,100
23,870,610
7,207,290
7,774,260

201404261959(201404261959)
6,577,140
11,966,100
23,870,610
7,226,940
7,780,350

201404262000(201404262000)
6,577,140
11,966,100
23,870,610
7,226,940
7,780,350

201404262001(201404262001)
6,577,140
11,966,100
23,870,610
7,226,940
7,782,750

201404262002(201404262002)
6,577,140
11,966,100
23,870,610
7,226,940
7,784,310

201404262009(201404262009)
6,579,780
11,983,260
23,870,610
7,232,340
7,787,250

201404262010(201404262010)
6,579,780
11,985,930
23,870,610
7,232,340
7,787,250

201404262011(201404262011)
6,580,590
11,985,930
23,870,610
7,232,340
7,787,250

201404262012(201404262012)
6,580,590
11,985,930
23,870,610
7,238,130
7,787,250

201404262019(201404262019)
6,580,590
11,985,930
23,870,610
7,240,650
7,795,320

201404262020(201404262020)
6,580,590
11,985,930
23,870,610
7,240,650
7,795,320

201404262021(201404262021)
6,580,590
11,985,930
23,870,610
7,240,650
7,814,040

201404262022(201404262022)
6,580,590
11,985,930
23,870,610
7,240,650
7,814,040

201404262029(201404262029)
6,595,920
11,985,930
23,870,610
7,243,620
7,851,720

201404262030(201404262030)
6,595,920
11,985,930
23,870,610
7,243,620
7,851,720

201404262031(201404262031)
6,595,920
11,985,930
23,870,610
7,243,620
7,851,720

201404262032(201404262032)
6,595,950
11,985,930
23,870,610
7,243,620
7,851,720

201404262039(201404262039)
6,595,950
11,985,930
23,870,610
7,250,940
7,871,970

201404262040(201404262040)
6,595,950
11,985,930
23,870,610
7,250,940
7,871,970

201404262041(201404262041)
6,599,730
11,990,190
23,870,610
7,250,940
7,875,090

201404262042(201404262042)
6,607,830
11,990,190
23,870,610
7,250,940
7,875,090

201404262049(201404262049)
6,614,880
11,990,190
23,870,610
7,258,470
7,877,010

201404262050(201404262050)
6,614,880
11,990,190
23,870,610
7,258,470
7,877,010

201404262051(201404262051)
6,614,880
11,990,190
23,870,610
7,258,470
7,877,010

201404262052(201404262052)
6,614,880
11,990,190
23,870,610
7,258,470
7,877,010

201404262059(201404262059)
6,634,170
11,990,190
23,870,610
7,258,620
7,891,350

201404262100(201404262100)
6,637,500
11,990,190
23,870,610
7,258,620
7,891,350

201404262101(201404262101)
6,637,500
11,993,310
23,870,610
7,266,690
7,891,350

201404262102(201404262102)
6,637,500
11,993,310
23,870,610
7,269,690
7,891,350

201404262109(201404262109)
6,651,510
11,993,310
23,870,610
7,298,220
7,913,580

201404262110(201404262110)
6,654,630
11,993,310
23,870,610
7,298,220
7,913,580

201404262111(201404262111)
6,654,630
11,993,310
23,870,610
7,298,220
7,913,580

201404262112(201404262112)
6,654,630
11,993,310
23,870,610
7,298,220
7,926,720

201404262119(201404262119)
6,679,860
11,993,310
23,870,610
7,317,330
7,926,720

201404262120(201404262120)
6,679,860
11,993,310
23,870,610
7,317,330
7,932,540

201404262121(201404262121)
6,679,860
11,993,310
23,870,610
7,317,330
7,944,810

201404262122(201404262122)
6,685,710
11,993,310
23,870,610
7,317,330
7,944,810

201404262129(201404262129)
6,688,320
11,993,310
23,870,610
7,337,250
7,956,540

201404262130(201404262130)
6,688,320
11,993,310
23,870,610
7,337,250
7,956,540

201404262131(201404262131)
6,688,320
11,993,310
23,870,610
7,337,250
7,956,540

201404262132(201404262132)
6,695,340
11,993,310
23,870,610
7,337,910
7,956,540

201404262139(201404262139)
6,701,130
12,013,350
23,870,610
7,337,910
7,979,610

201404262140(201404262140)
6,701,130
12,013,350
23,870,610
7,337,910
7,979,610

201404262141(201404262141)
6,701,130
12,013,350
23,870,610
7,337,910
7,979,610

201404262142(201404262142)
6,701,130
12,013,350
23,870,610
7,337,910
7,979,610

201404262149(201404262149)
6,701,130
12,070,050
23,870,610
7,338,510
8,001,240

201404262150(201404262150)
6,701,130
12,070,050
23,870,610
7,344,540
8,001,240

201404262151(201404262151)
6,701,130
12,070,050
23,870,610
7,344,540
8,001,240

201404262152(201404262152)
6,701,130
12,070,050
23,870,610
7,344,540
8,003,460

201404262159(201404262159)
6,704,100
12,093,270
23,870,610
7,344,540
8,012,070

201404262200(201404262200)
6,704,100
12,093,270
23,870,610
7,344,540
8,012,070

201404262201(201404262201)
6,704,100
12,093,270
23,870,610
7,344,540
8,021,370

201404262202(201404262202)
6,704,100
12,093,270
23,870,610
7,344,540
8,021,370

201404262209(201404262209)
6,704,100
12,101,010
23,870,610
7,368,840
8,049,810

201404262210(201404262210)
6,704,100
12,112,650
23,870,610
7,368,840
8,053,590

201404262211(201404262211)
6,704,100
12,112,650
23,870,610
7,368,840
8,056,980

201404262212(201404262212)
6,704,100
12,112,650
23,870,610
7,368,840
8,059,320

201404262219(201404262219)
6,704,100
12,121,230
23,871,360
7,374,360
8,062,590

201404262220(201404262220)
6,704,100
12,121,230
23,871,360
7,374,360
8,062,590

201404262221(201404262221)
6,704,100
12,121,230
23,871,360
7,374,360
8,062,590

201404262222(201404262222)
6,720,330
12,121,230
23,871,360
7,374,360
8,062,590

201404262229(201404262229)
6,730,410
12,132,090
23,871,360
7,394,820
8,072,730

201404262230(201404262230)
6,739,920
12,132,090
23,871,360
7,394,820
8,072,730

201404262231(201404262231)
6,739,920
12,132,090
23,871,360
7,394,820
8,072,730

201404262232(201404262232)
6,739,920
12,133,080
23,871,360
7,394,820
8,072,730

201404262239(201404262239)
6,739,920
12,140,640
23,871,360
7,412,400
8,087,580

201404262240(201404262240)
6,739,920
12,140,640
23,871,360
7,421,520
8,087,700

201404262241(201404262241)
6,739,920
12,140,640
23,871,360
7,421,520
8,087,700

201404262242(201404262242)
6,739,920
12,140,640
23,871,360
7,421,520
8,087,700

201404262249(201404262249)
6,764,340
12,164,010
23,871,360
7,433,520
8,098,140

201404262250(201404262250)
6,764,340
12,164,010
23,871,360
7,433,520
8,098,140

201404262251(201404262251)
6,764,340
12,164,010
23,871,360
7,433,520
8,098,140

201404262252(201404262252)
6,764,340
12,164,010
23,871,360
7,435,860
8,098,140

201404262259(201404262259)
6,797,100
12,177,900
23,871,360
7,447,620
8,122,530

201404262300(201404262300)
6,797,100
12,177,900
23,871,360
7,451,550
8,125,650

201404262301(201404262301)
6,797,100
12,184,650
23,871,360
7,451,550
8,125,650

201404262302(201404262302)
6,797,100
12,184,650
23,871,360
7,461,570
8,125,650

201404262309(201404262309)
6,798,300
12,184,650
23,871,360
7,470,870
8,125,650

201404262310(201404262310)
6,801,600
12,184,650
23,871,360
7,470,870
8,125,650

201404262311(201404262311)
6,807,300
12,184,650
23,871,360
7,475,070
8,125,650

201404262312(201404262312)
6,808,080
12,184,650
23,871,360
7,479,480
8,125,650

201404262319(201404262319)
6,808,080
12,192,600
23,871,360
7,479,480
8,141,550

201404262320(201404262320)
6,808,080
12,192,600
23,871,360
7,481,460
8,141,550

201404262321(201404262321)
6,808,080
12,192,600
23,871,360
7,490,430
8,141,550

201404262322(201404262322)
6,808,080
12,192,600
23,871,360
7,490,430
8,141,550

201404262329(201404262329)
6,846,540
12,237,480
23,884,140
7,499,310
8,162,370

201404262330(201404262330)
6,846,540
12,237,480
23,884,140
7,499,310
8,175,000

201404262331(201404262331)
6,846,540
12,237,480
23,884,140
7,499,310
8,175,000

201404262332(201404262332)
6,846,540
12,237,480
23,884,140
7,506,150
8,175,000

201404262339(201404262339)
6,855,900
12,251,130
23,884,140
7,507,920
8,175,000

201404262340(201404262340)
6,855,900
12,253,140
23,884,140
7,507,920
8,179,200

201404262341(201404262341)
6,855,900
12,253,140
23,962,830
7,507,920
8,179,200

201404262342(201404262342)
6,855,900
12,253,140
24,050,130
7,508,310
8,179,200

201404262349(201404262349)
6,855,900
12,264,720
24,054,030
7,508,310
8,180,430

201404262350(201404262350)
6,860,400
12,264,720
24,054,030
7,508,310
8,180,430

201404262351(201404262351)
6,860,400
12,264,720
24,054,030
7,536,540
8,181,780

201404262352(201404262352)
6,860,400
12,264,720
24,055,530
7,536,540
8,186,070

201404262359(201404262359)
6,864,360
12,264,720
24,398,130
7,554,570
8,202,630

201404270000(201404270000)
6,873,000
12,264,720
24,623,130
7,554,570
8,202,630

201404270001(201404270001)
6,873,000
12,264,720
24,714,330
7,554,570
8,202,630

201404270002(201404270002)
6,873,000
12,264,720
24,794,730
7,554,570
8,203,800

201404270009(201404270009)
6,881,220
12,321,990
24,847,860
7,564,590
8,245,500

201404270010(201404270010)
6,887,490
12,328,050
24,847,860
7,564,590
8,245,500

201404270011(201404270011)
6,887,490
12,328,050
24,847,860
7,564,590
8,249,190

201404270012(201404270012)
6,891,180
12,328,050
24,847,860
7,564,590
8,249,190

201404270019(201404270019)
6,891,180
12,344,160
24,847,860
7,574,130
8,257,500

201404270020(201404270020)
6,891,180
12,344,160
24,847,860
7,574,130
8,258,220

201404270021(201404270021)
6,891,180
12,344,160
24,847,860
7,574,130
8,273,070

201404270022(201404270022)
6,891,180
12,344,160
24,847,860
7,578,900
8,273,070

201404270029(201404270029)
6,893,310
12,344,160
24,847,860
7,582,200
8,293,770

201404270030(201404270030)
6,895,950
12,344,160
24,847,860
7,588,950
8,293,770

201404270031(201404270031)
6,895,950
12,344,160
24,847,860
7,588,950
8,293,770

201404270032(201404270032)
6,895,950
12,344,160
24,847,860
7,588,950
8,314,230

201404270039(201404270039)
6,926,100
12,370,620
24,847,860
7,588,950
8,323,380

201404270040(201404270040)
6,932,850
12,386,880
24,847,860
7,588,950
8,323,380

201404270041(201404270041)
6,932,850
12,386,880
24,847,860
7,588,950
8,323,380

201404270042(201404270042)
6,932,850
12,386,880
24,847,860
7,593,390
8,323,560

201404270049(201404270049)
6,940,110
12,391,560
24,847,860
7,615,110
8,335,290

201404270050(201404270050)
6,940,110
12,391,560
24,847,860
7,615,110
8,335,740

201404270051(201404270051)
6,940,110
12,391,560
24,847,860
7,615,110
8,343,000

201404270052(201404270052)
6,950,190
12,391,560
24,847,860
7,615,740
8,343,000

201404270059(201404270059)
6,956,160
12,391,560
24,847,860
7,626,150
8,343,000

201404270100(201404270100)
6,956,160
12,400,200
24,847,860
7,626,150
8,343,000

201404270101(201404270101)
6,956,160
12,423,360
24,847,860
7,626,150
8,343,000

201404270102(201404270102)
6,956,160
12,423,360
24,847,860
7,626,150
8,343,000

201404270109(201404270109)
6,956,160
12,423,360
25,019,100
7,632,570
8,348,940

201404270110(201404270110)
6,956,160
12,423,360
25,023,000
7,632,570
8,358,210

201404270111(201404270111)
6,956,160
12,423,360
25,026,600
7,632,570
8,358,210

201404270112(201404270112)
6,956,160
12,423,360
25,028,400
7,632,570
8,358,210

201404270119(201404270119)
6,956,160
12,425,310
25,052,100
7,632,570
8,358,210

201404270120(201404270120)
6,956,160
12,430,260
25,058,100
7,632,570
8,359,740

201404270121(201404270121)
6,956,160
12,430,260
25,071,900
7,632,570
8,359,740

201404270122(201404270122)
6,956,160
12,445,830
25,077,900
7,632,570
8,370,000

201404270129(201404270129)
6,956,160
12,448,380
25,117,800
7,632,570
8,370,000

201404270130(201404270130)
6,956,160
12,448,380
25,117,800
7,632,570
8,370,000

201404270131(201404270131)
6,956,160
12,448,380
25,117,800
7,632,570
8,370,000

201404270132(201404270132)
6,963,750
12,448,380
25,117,800
7,632,570
8,370,000

201404270139(201404270139)
6,973,650
12,448,380
25,117,800
7,649,130
8,370,420

201404270140(201404270140)
6,975,570
12,448,380
25,117,800
7,649,130
8,370,420

201404270141(201404270141)
6,975,570
12,448,380
25,117,800
7,649,130
8,370,420

201404270142(201404270142)
6,975,570
12,448,380
25,117,800
7,666,950
8,370,420

