201404210009(201404210009)
2,153,550
4,747,950
12,531,780
2,340,030
2,602,650

201404210010(201404210010)
2,154,300
4,747,950
12,531,780
2,340,030
2,602,650

201404210011(201404210011)
2,154,600
4,747,950
12,531,780
2,340,030
2,602,860

201404210012(201404210012)
2,154,600
4,747,950
12,531,780
2,340,480
2,602,860

201404210019(201404210019)
2,158,800
4,748,580
12,536,910
2,346,150
2,607,660

201404210020(201404210020)
2,158,800
4,748,580
12,536,910
2,350,950
2,607,660

201404210021(201404210021)
2,161,110
4,748,580
12,536,910
2,350,950
2,607,660

201404210022(201404210022)
2,165,670
4,756,290
12,536,910
2,350,950
2,607,660

201404210029(201404210029)
2,176,380
4,791,300
12,536,910
2,359,800
2,607,660

201404210030(201404210030)
2,176,380
4,791,300
12,536,910
2,359,800
2,607,660

201404210031(201404210031)
2,176,380
4,791,300
12,536,910
2,359,800
2,607,660

201404210032(201404210032)
2,176,380
4,798,260
12,536,910
2,359,800
2,613,150

201404210039(201404210039)
2,192,520
4,807,200
12,536,910
2,368,950
2,614,980

201404210040(201404210040)
2,192,520
4,807,200
12,536,910
2,370,270
2,615,610

201404210041(201404210041)
2,192,520
4,807,200
12,536,910
2,370,270
2,615,610

201404210042(201404210042)
2,192,520
4,807,200
12,536,910
2,370,270
2,616,180

201404210049(201404210049)
2,195,850
4,850,700
12,536,910
2,372,700
2,616,180

201404210050(201404210050)
2,195,850
4,850,700
12,536,910
2,372,700
2,616,180

201404210051(201404210051)
2,195,850
4,850,700
12,536,910
2,372,700
2,616,180

201404210052(201404210052)
2,195,850
4,850,700
12,536,910
2,372,700
2,616,180

201404210059(201404210059)
2,195,850
4,850,700
12,572,100
2,372,700
2,616,180

201404210100(201404210100)
2,195,850
4,850,700
12,588,000
2,372,700
2,622,600

201404210101(201404210101)
2,195,850
4,866,750
12,588,000
2,376,240
2,622,600

201404210102(201404210102)
2,196,960
4,866,750
12,588,000
2,376,240
2,627,100

201404210109(201404210109)
2,196,960
4,866,750
12,588,000
2,376,240
2,631,150

201404210110(201404210110)
2,201,580
4,866,750
12,588,000
2,376,240
2,631,150

201404210111(201404210111)
2,201,580
4,866,750
12,588,000
2,377,200
2,631,150

201404210112(201404210112)
2,201,580
4,866,750
12,588,000
2,377,950
2,631,150

201404210119(201404210119)
2,201,580
4,866,750
12,606,750
2,382,990
2,635,110

201404210120(201404210120)
2,201,580
4,866,750
12,606,750
2,382,990
2,635,110

201404210121(201404210121)
2,201,580
4,866,750
12,606,750
2,382,990
2,635,110

201404210122(201404210122)
2,201,580
4,866,750
12,606,750
2,383,050
2,635,110

201404210129(201404210129)
2,201,850
4,866,750
12,624,720
2,384,850
2,638,440

201404210130(201404210130)
2,201,850
4,866,750
12,624,720
2,384,850
2,638,440

201404210131(201404210131)
2,201,850
4,866,750
12,624,720
2,384,850
2,641,050

201404210132(201404210132)
2,201,850
4,866,750
12,624,720
2,385,330
2,641,050

201404210139(201404210139)
2,201,850
4,866,750
12,725,370
2,385,330
2,641,980

201404210140(201404210140)
2,201,850
4,866,750
12,725,370
2,385,330
2,641,980

201404210141(201404210141)
2,202,720
4,866,750
12,725,370
2,385,330
2,641,980

201404210142(201404210142)
2,202,720
4,866,750
12,725,370
2,385,330
2,641,980

201404210149(201404210149)
2,207,700
4,866,750
12,725,370
2,386,410
2,641,980

201404210150(201404210150)
2,207,700
4,877,190
12,725,370
2,386,410
2,641,980

201404210151(201404210151)
2,208,360
4,877,190
12,725,370
2,386,410
2,641,980

201404210152(201404210152)
2,208,360
4,877,190
12,725,370
2,386,410
2,641,980

201404210159(201404210159)
2,212,470
4,877,190
12,725,370
2,390,730
2,644,380

201404210200(201404210200)
2,213,100
4,877,190
12,725,370
2,390,730
2,644,650

201404210201(201404210201)
2,213,100
4,877,190
12,725,370
2,390,730
2,644,650

201404210202(201404210202)
2,214,240
4,884,240
12,725,370
2,390,730
2,644,650

201404210209(201404210209)
2,214,240
4,889,160
12,725,370
2,395,020
2,647,800

201404210210(201404210210)
2,214,240
4,889,160
12,725,370
2,395,020
2,647,800

201404210211(201404210211)
2,214,240
4,889,610
12,725,370
2,395,020
2,647,800

201404210212(201404210212)
2,214,240
4,890,150
12,725,370
2,395,020
2,647,800

201404210219(201404210219)
2,219,100
4,890,150
12,725,370
2,395,020
2,647,800

201404210220(201404210220)
2,219,100
4,890,150
12,725,370
2,395,020
2,647,800

201404210221(201404210221)
2,219,100
4,890,150
12,725,370
2,395,020
2,647,800

201404210222(201404210222)
2,219,100
4,890,150
12,725,370
2,395,020
2,647,800

201404210229(201404210229)
2,219,910
4,890,150
12,725,370
2,397,840
2,649,630

201404210230(201404210230)
2,219,910
4,890,150
12,725,370
2,397,840
2,649,630

201404210231(201404210231)
2,219,910
4,890,150
12,725,370
2,397,840
2,649,630

201404210232(201404210232)
2,219,910
4,891,350
12,725,370
2,397,840
2,649,690

201404210239(201404210239)
2,219,910
4,900,860
12,725,370
2,397,840
2,649,690

201404210240(201404210240)
2,219,910
4,900,860
12,725,370
2,397,840
2,649,690

201404210241(201404210241)
2,219,910
4,900,860
12,725,370
2,397,840
2,649,690

201404210242(201404210242)
2,219,910
4,900,860
12,725,370
2,397,840
2,649,690

201404210249(201404210249)
2,219,910
4,900,860
12,725,370
2,397,840
2,649,690

201404210250(201404210250)
2,222,610
4,900,860
12,725,370
2,397,840
2,649,690

201404210251(201404210251)
2,222,610
4,900,860
12,725,370
2,397,840
2,649,690

201404210252(201404210252)
2,222,610
4,900,860
12,725,370
2,397,840
2,649,690

201404210259(201404210259)
2,222,610
4,900,860
12,725,370
2,397,840
2,649,690

201404210300(201404210300)
2,222,610
4,900,860
12,725,370
2,400,090
2,649,690

201404210301(201404210301)
2,222,610
4,900,860
12,725,370
2,400,090
2,649,690

201404210302(201404210302)
2,222,610
4,900,860
12,725,370
2,400,090
2,649,690

201404210309(201404210309)
2,222,610
4,900,860
12,725,370
2,409,330
2,649,690

201404210310(201404210310)
2,222,610
4,900,860
12,725,370
2,409,330
2,649,690

201404210311(201404210311)
2,222,610
4,900,860
12,725,370
2,409,330
2,649,690

201404210312(201404210312)
2,222,610
4,900,860
12,725,370
2,409,330
2,649,690

201404210319(201404210319)
2,222,610
4,903,890
12,725,370
2,412,930
2,649,690

201404210320(201404210320)
2,223,090
4,903,890
12,725,370
2,412,930
2,649,690

201404210321(201404210321)
2,223,090
4,903,890
12,725,370
2,412,930
2,650,110

201404210322(201404210322)
2,223,090
4,905,870
12,725,370
2,417,340
2,650,110

201404210329(201404210329)
2,224,470
4,911,180
12,725,370
2,419,830
2,650,110

201404210330(201404210330)
2,224,470
4,911,180
12,725,370
2,419,830
2,650,110

201404210331(201404210331)
2,224,470
4,911,180
12,725,370
2,419,830
2,650,110

201404210332(201404210332)
2,224,470
4,911,180
12,725,370
2,419,830
2,650,110

201404210339(201404210339)
2,226,660
4,911,180
12,725,370
2,419,830
2,650,110

201404210340(201404210340)
2,226,660
4,911,180
12,725,370
2,419,830
2,650,110

201404210341(201404210341)
2,226,660
4,911,180
12,725,370
2,419,830
2,650,110

201404210342(201404210342)
2,226,660
4,911,180
12,725,370
2,419,830
2,650,110

201404210349(201404210349)
2,227,320
4,911,180
12,725,370
2,421,030
2,650,110

201404210350(201404210350)
2,227,320
4,911,180
12,725,370
2,421,030
2,650,110

201404210351(201404210351)
2,227,320
4,911,180
12,725,370
2,421,030
2,650,110

201404210352(201404210352)
2,227,320
4,911,180
12,725,370
2,421,030
2,650,110

201404210359(201404210359)
2,230,560
4,911,180
12,725,370
2,421,030
2,668,350

201404210400(201404210400)
2,230,560
4,911,180
12,725,370
2,421,030
2,668,350

201404210401(201404210401)
2,230,560
4,911,180
12,725,370
2,421,030
2,668,350

201404210402(201404210402)
2,230,560
4,911,180
12,725,370
2,421,030
2,668,350

201404210409(201404210409)
2,230,560
4,911,180
12,725,370
2,422,650
2,668,350

201404210410(201404210410)
2,235,330
4,911,180
12,725,370
2,422,650
2,668,350

201404210411(201404210411)
2,235,330
4,911,180
12,725,370
2,428,800
2,668,350

201404210412(201404210412)
2,235,330
4,911,180
12,725,370
2,428,800
2,669,280

201404210419(201404210419)
2,235,330
4,924,830
12,725,370
2,429,340
2,669,280

201404210420(201404210420)
2,235,330
4,924,830
12,725,370
2,429,340
2,669,280

201404210421(201404210421)
2,235,330
4,924,830
12,725,370
2,429,340
2,669,280

201404210422(201404210422)
2,235,330
4,924,830
12,725,370
2,429,340
2,669,280

201404210429(201404210429)
2,235,330
4,924,830
12,725,370
2,429,340
2,669,280

201404210430(201404210430)
2,235,330
4,924,830
12,725,370
2,429,340
2,669,280

201404210431(201404210431)
2,235,330
4,925,340
12,725,370
2,429,340
2,669,280

201404210432(201404210432)
2,235,330
4,925,340
12,725,370
2,429,340
2,669,280

201404210439(201404210439)
2,235,330
4,925,340
12,725,370
2,429,340
2,669,280

201404210440(201404210440)
2,235,330
4,925,340
12,725,370
2,429,340
2,669,280

201404210441(201404210441)
2,235,330
4,925,340
12,725,370
2,429,340
2,669,280

201404210442(201404210442)
2,235,330
4,925,340
12,725,370
2,429,340
2,669,280

201404210449(201404210449)
2,235,330
4,925,340
12,725,370
2,429,340
2,669,280

201404210450(201404210450)
2,235,330
4,925,340
12,725,370
2,429,340
2,669,280

201404210451(201404210451)
2,235,330
4,925,340
12,725,370
2,429,340
2,669,280

201404210452(201404210452)
2,235,330
4,925,340
12,725,370
2,429,340
2,669,280

201404210459(201404210459)
2,235,330
4,925,340
12,725,370
2,429,340
2,669,280

201404210500(201404210500)
2,235,330
4,925,340
12,725,370
2,429,340
2,669,280

201404210501(201404210501)
2,235,330
4,925,340
12,725,370
2,429,340
2,669,280

201404210502(201404210502)
2,235,330
4,925,340
12,725,370
2,429,340
2,669,280

201404210509(201404210509)
2,235,330
4,939,020
12,725,370
2,429,340
2,669,280

201404210510(201404210510)
2,235,330
4,939,020
12,725,370
2,429,340
2,669,280

201404210511(201404210511)
2,235,330
4,939,020
12,725,370
2,429,340
2,669,280

201404210512(201404210512)
2,235,330
4,939,020
12,725,370
2,429,340
2,669,280

201404210519(201404210519)
2,235,330
4,962,510
12,725,370
2,429,340
2,669,970

201404210520(201404210520)
2,235,330
4,962,510
12,725,370
2,429,340
2,669,970

201404210521(201404210521)
2,235,330
4,962,510
12,725,370
2,429,340
2,669,970

201404210522(201404210522)
2,235,330
4,962,510
12,725,370
2,429,340
2,669,970

201404210529(201404210529)
2,235,330
4,964,640
12,725,370
2,429,340
2,669,970

201404210530(201404210530)
2,235,330
4,976,220
12,725,370
2,429,340
2,669,970

201404210531(201404210531)
2,235,330
4,976,220
12,725,370
2,429,340
2,669,970

201404210532(201404210532)
2,235,330
4,976,220
12,725,370
2,429,340
2,669,970

201404210539(201404210539)
2,235,330
4,976,220
12,725,370
2,430,060
2,672,790

201404210540(201404210540)
2,235,330
4,976,220
12,725,370
2,430,060
2,672,790

201404210541(201404210541)
2,235,330
4,976,220
12,725,370
2,430,060
2,672,790

201404210542(201404210542)
2,235,330
4,976,220
12,725,370
2,430,060
2,672,790

201404210549(201404210549)
2,235,330
4,976,220
12,725,370
2,430,060
2,673,660

201404210550(201404210550)
2,238,690
4,976,220
12,725,370
2,430,060
2,673,660

201404210551(201404210551)
2,238,690
4,976,220
12,725,370
2,430,060
2,673,660

201404210552(201404210552)
2,238,690
4,976,220
12,725,370
2,430,060
2,673,660

201404210559(201404210559)
2,238,990
4,978,980
12,725,370
2,431,680
2,674,530

201404210600(201404210600)
2,238,990
4,978,980
12,725,370
2,432,730
2,674,530

201404210601(201404210601)
2,238,990
4,978,980
12,725,370
2,432,730
2,674,530

201404210602(201404210602)
2,238,990
4,978,980
12,725,370
2,432,730
2,674,530

201404210609(201404210609)
2,238,990
4,978,980
12,725,370
2,433,810
2,674,530

201404210610(201404210610)
2,238,990
4,978,980
12,725,370
2,433,810
2,674,530

201404210611(201404210611)
2,238,990
4,978,980
12,725,370
2,433,810
2,674,530

201404210612(201404210612)
2,245,140
4,981,530
12,725,370
2,433,810
2,674,530

201404210619(201404210619)
2,248,620
4,984,500
12,725,370
2,434,080
2,681,880

201404210620(201404210620)
2,248,620
4,984,500
12,725,370
2,434,080
2,681,880

201404210621(201404210621)
2,248,920
4,984,500
12,725,370
2,434,080
2,681,880

201404210622(201404210622)
2,248,920
4,984,500
12,725,370
2,434,080
2,681,880

201404210629(201404210629)
2,250,420
4,984,500
12,725,370
2,435,340
2,682,870

201404210630(201404210630)
2,250,420
4,984,500
12,725,370
2,435,340
2,682,870

201404210631(201404210631)
2,250,420
4,984,500
12,725,370
2,435,340
2,682,870

201404210632(201404210632)
2,250,420
4,984,500
12,725,370
2,435,340
2,682,870

201404210639(201404210639)
2,250,420
4,985,460
12,725,370
2,435,340
2,682,870

201404210640(201404210640)
2,250,420
4,985,460
12,725,370
2,435,340
2,682,870

201404210641(201404210641)
2,250,420
4,985,460
12,725,370
2,435,340
2,683,710

201404210642(201404210642)
2,250,420
4,985,460
12,725,370
2,437,260
2,684,430

201404210649(201404210649)
2,250,420
5,004,690
12,725,370
2,437,260
2,684,430

201404210650(201404210650)
2,250,420
5,004,690
12,725,370
2,437,260
2,684,430

201404210651(201404210651)
2,250,420
5,004,690
12,725,370
2,437,260
2,684,430

201404210652(201404210652)
2,250,420
5,004,690
12,725,370
2,437,260
2,684,430

201404210659(201404210659)
2,259,060
5,024,130
12,725,370
2,442,480
2,684,760

201404210700(201404210700)
2,259,060
5,024,130
12,725,370
2,443,020
2,684,760

201404210701(201404210701)
2,259,060
5,024,130
12,725,370
2,443,020
2,684,760

201404210702(201404210702)
2,259,060
5,024,130
12,725,370
2,443,020
2,684,760

201404210709(201404210709)
2,260,320
5,025,180
12,725,370
2,446,830
2,687,550

201404210710(201404210710)
2,260,320
5,025,180
12,725,370
2,446,830
2,687,550

201404210711(201404210711)
2,260,320
5,025,180
12,725,370
2,446,830
2,687,550

201404210712(201404210712)
2,260,320
5,025,180
12,725,370
2,446,830
2,687,550

201404210719(201404210719)
2,260,320
5,025,180
12,750,720
2,446,830
2,687,550

201404210720(201404210720)
2,260,320
5,025,180
12,750,720
2,446,830
2,687,550

201404210721(201404210721)
2,261,730
5,025,180
12,750,720
2,446,830
2,687,550

201404210722(201404210722)
2,261,730
5,025,180
12,750,720
2,446,830
2,687,550

201404210729(201404210729)
2,263,830
5,027,730
12,750,720
2,446,830
2,687,550

201404210730(201404210730)
2,263,830
5,027,730
12,750,720
2,446,830
2,687,550

201404210731(201404210731)
2,263,830
5,027,730
12,750,720
2,449,530
2,687,550

201404210732(201404210732)
2,263,830
5,027,730
12,750,720
2,449,530
2,687,550

201404210739(201404210739)
2,264,670
5,031,210
12,750,720
2,449,530
2,687,550

201404210740(201404210740)
2,265,030
5,031,210
12,750,720
2,449,530
2,688,600

201404210741(201404210741)
2,265,030
5,031,210
12,750,720
2,449,530
2,694,240

201404210742(201404210742)
2,265,030
5,031,210
12,750,720
2,451,030
2,694,240

201404210749(201404210749)
2,265,540
5,031,210
12,750,720
2,453,910
2,695,770

201404210750(201404210750)
2,265,540
5,031,210
12,750,720
2,453,910
2,695,770

201404210751(201404210751)
2,265,540
5,031,210
12,750,720
2,454,630
2,695,770

201404210752(201404210752)
2,265,540
5,031,210
12,750,720
2,454,630
2,695,770

201404210759(201404210759)
2,266,560
5,031,210
12,750,720
2,454,630
2,705,250

201404210800(201404210800)
2,267,400
5,031,210
12,750,720
2,454,630
2,706,000

201404210801(201404210801)
2,268,540
5,031,210
12,750,720
2,456,280
2,709,270

201404210802(201404210802)
2,269,800
5,031,210
12,750,720
2,456,280
2,709,270

201404210809(201404210809)
2,269,800
5,034,720
12,750,720
2,456,280
2,711,250

201404210810(201404210810)
2,269,800
5,034,720
12,750,720
2,456,280
2,711,250

201404210811(201404210811)
2,269,800
5,034,720
12,750,720
2,456,280
2,711,250

201404210812(201404210812)
2,269,800
5,034,720
12,750,720
2,456,280
2,711,250

201404210819(201404210819)
2,269,800
5,046,270
12,750,720
2,456,280
2,711,250

201404210820(201404210820)
2,269,800
5,046,270
12,750,720
2,456,280
2,711,250

201404210821(201404210821)
2,269,800
5,046,270
12,750,720
2,456,280
2,711,250

201404210822(201404210822)
2,269,800
5,046,270
12,750,720
2,456,280
2,711,250

201404210829(201404210829)
2,270,460
5,046,270
12,750,720
2,460,510
2,711,250

201404210830(201404210830)
2,270,460
5,046,270
12,750,720
2,462,820
2,711,250

201404210831(201404210831)
2,270,460
5,046,270
12,750,720
2,462,820
2,711,250

201404210832(201404210832)
2,270,460
5,046,270
12,750,720
2,462,820
2,711,250

201404210839(201404210839)
2,270,460
5,046,270
12,750,720
2,463,720
2,711,550

201404210840(201404210840)
2,270,460
5,046,270
12,750,720
2,463,720
2,711,550

201404210841(201404210841)
2,270,460
5,046,270
12,750,720
2,463,930
2,711,550

201404210842(201404210842)
2,270,460
5,046,270
12,750,720
2,463,930
2,711,550

201404210849(201404210849)
2,272,890
5,046,270
12,750,720
2,466,060
2,711,550

201404210850(201404210850)
2,272,890
5,046,270
12,750,720
2,468,970
2,711,550

201404210851(201404210851)
2,272,890
5,046,270
12,750,720
2,469,450
2,711,550

201404210852(201404210852)
2,272,890
5,046,270
12,750,720
2,469,450
2,711,550

201404210859(201404210859)
2,278,530
5,046,270
12,750,720
2,477,760
2,714,130

201404210900(201404210900)
2,278,530
5,046,270
12,750,720
2,477,760
2,714,130

201404210901(201404210901)
2,278,950
5,046,270
12,750,720
2,477,760
2,714,130

201404210902(201404210902)
2,278,950
5,046,270
12,750,720
2,482,020
2,714,130

201404210909(201404210909)
2,281,680
5,046,930
12,750,720
2,482,020
2,719,200

201404210910(201404210910)
2,281,680
5,046,930
12,750,720
2,482,020
2,719,200

201404210911(201404210911)
2,281,680
5,046,930
12,750,720
2,482,020
2,719,200

201404210912(201404210912)
2,281,680
5,046,930
12,750,720
2,482,020
2,720,700

201404210919(201404210919)
2,281,680
5,046,930
12,829,650
2,486,820
2,720,700

201404210920(201404210920)
2,281,680
5,046,930
12,829,650
2,486,820
2,720,700

201404210921(201404210921)
2,281,680
5,046,930
12,829,650
2,486,820
2,720,700

201404210922(201404210922)
2,281,680
5,046,930
12,829,650
2,486,820
2,720,700

201404210929(201404210929)
2,283,090
5,046,930
12,829,650
2,486,820
2,720,700

201404210930(201404210930)
2,283,090
5,046,930
12,829,650
2,486,820
2,720,700

201404210931(201404210931)
2,283,090
5,046,930
12,829,650
2,486,820
2,720,700

201404210932(201404210932)
2,283,090
5,046,930
12,829,650
2,486,820
2,720,700

201404210939(201404210939)
2,287,380
5,046,930
12,829,650
2,488,110
2,720,700

201404210940(201404210940)
2,287,380
5,046,930
12,829,650
2,488,110
2,720,700

201404210941(201404210941)
2,287,380
5,064,630
12,829,650
2,488,110
2,720,700

201404210942(201404210942)
2,287,380
5,068,170
12,829,650
2,494,050
2,720,700

201404210949(201404210949)
2,289,870
5,068,170
12,829,650
2,496,960
2,724,300

201404210950(201404210950)
2,289,870
5,068,170
12,829,650
2,496,960
2,724,300

201404210951(201404210951)
2,289,870
5,068,170
12,829,650
2,497,380
2,724,300

201404210952(201404210952)
2,289,870
5,068,170
12,829,650
2,497,380
2,724,300

201404210959(201404210959)
2,294,610
5,068,170
12,829,650
2,498,700
2,724,300

201404211000(201404211000)
2,294,610
5,068,170
12,829,650
2,498,700
2,724,300

201404211001(201404211001)
2,294,610
5,068,170
12,829,650
2,498,700
2,724,300

201404211002(201404211002)
2,294,610
5,068,170
12,829,650
2,498,700
2,724,300

201404211009(201404211009)
2,298,450
5,068,170
12,829,650
2,498,850
2,728,410

201404211010(201404211010)
2,298,450
5,068,170
12,829,650
2,498,850
2,728,410

201404211011(201404211011)
2,298,450
5,068,170
12,829,650
2,498,850
2,728,410

201404211012(201404211012)
2,298,450
5,068,170
12,829,650
2,498,850
2,728,410

201404211019(201404211019)
2,299,140
5,068,170
12,829,650
2,499,780
2,728,410

201404211020(201404211020)
2,299,140
5,068,170
12,829,650
2,499,780
2,728,410

201404211021(201404211021)
2,299,140
5,068,170
12,829,650
2,499,780
2,728,410

201404211022(201404211022)
2,299,140
5,068,170
12,829,650
2,500,140
2,728,410

201404211029(201404211029)
2,300,430
5,068,170
12,829,650
2,502,150
2,728,410

201404211030(201404211030)
2,300,430
5,068,170
12,829,650
2,502,150
2,728,710

201404211031(201404211031)
2,300,430
5,068,170
12,829,650
2,502,150
2,728,710

201404211032(201404211032)
2,300,430
5,068,170
12,829,650
2,502,150
2,728,710

201404211039(201404211039)
2,300,430
5,068,170
12,829,650
2,502,150
2,729,100

201404211040(201404211040)
2,300,430
5,068,170
12,829,650
2,502,150
2,729,100

201404211041(201404211041)
2,300,430
5,068,170
12,829,650
2,502,150
2,729,100

201404211042(201404211042)
2,300,430
5,068,170
12,829,650
2,502,150
2,729,100

201404211049(201404211049)
2,300,430
5,087,130
12,829,650
2,502,150
2,732,010

201404211050(201404211050)
2,300,430
5,087,130
12,829,650
2,502,150
2,732,010

201404211051(201404211051)
2,300,430
5,087,130
12,829,650
2,502,150
2,732,010

201404211052(201404211052)
2,300,430
5,087,130
12,829,650
2,502,150
2,732,010

201404211059(201404211059)
2,300,430
5,087,130
12,829,650
2,508,930
2,732,010

201404211100(201404211100)
2,300,430
5,087,130
12,829,650
2,508,930
2,732,400

201404211101(201404211101)
2,300,430
5,087,130
12,829,650
2,508,930
2,732,400

201404211102(201404211102)
2,300,430
5,087,130
12,829,650
2,508,930
2,732,400

201404211109(201404211109)
2,304,420
5,087,130
12,829,650
2,511,750
2,732,400

201404211110(201404211110)
2,304,420
5,087,130
12,829,650
2,511,750
2,732,400

201404211111(201404211111)
2,304,420
5,087,130
12,829,650
2,511,750
2,732,400

201404211112(201404211112)
2,304,420
5,087,130
12,829,650
2,511,750
2,737,440

201404211119(201404211119)
2,305,680
5,092,440
12,829,650
2,513,820
2,737,440

201404211120(201404211120)
2,305,680
5,092,440
12,829,650
2,513,820
2,737,440

201404211121(201404211121)
2,305,680
5,094,090
12,829,650
2,513,820
2,737,830

201404211122(201404211122)
2,305,680
5,094,990
12,829,650
2,513,820
2,738,910

201404211129(201404211129)
2,306,700
5,103,510
12,829,650
2,514,210
2,738,910

201404211130(201404211130)
2,306,700
5,103,510
12,829,650
2,514,210
2,738,910

201404211131(201404211131)
2,306,700
5,103,510
12,829,650
2,514,210
2,742,450

201404211132(201404211132)
2,306,700
5,103,510
12,829,650
2,514,210
2,742,450

201404211139(201404211139)
2,306,700
5,103,510
12,829,650
2,514,210
2,742,450

201404211140(201404211140)
2,306,700
5,103,510
12,829,650
2,514,210
2,742,450

201404211141(201404211141)
2,306,700
5,103,510
12,829,650
2,514,210
2,742,450

201404211142(201404211142)
2,306,700
5,103,510
12,829,650
2,514,210
2,742,450

201404211149(201404211149)
2,306,700
5,112,330
12,829,650
2,516,430
2,742,450

201404211150(201404211150)
2,306,700
5,113,440
12,829,650
2,516,430
2,742,450

201404211151(201404211151)
2,306,700
5,113,440
12,829,650
2,516,430
2,742,450

201404211152(201404211152)
2,306,700
5,113,440
12,829,650
2,516,430
2,742,450

201404211159(201404211159)
2,316,720
5,113,440
12,829,650
2,524,590
2,753,760

201404211200(201404211200)
2,316,720
5,113,440
12,829,650
2,530,530
2,753,760

201404211201(201404211201)
2,316,720
5,113,440
12,829,650
2,530,530
2,754,990

201404211202(201404211202)
2,316,720
5,113,440
12,829,650
2,530,530
2,754,990

201404211209(201404211209)
2,316,720
5,113,440
12,829,650
2,530,530
2,759,040

201404211210(201404211210)
2,316,720
5,113,440
12,829,650
2,530,530
2,759,040

201404211211(201404211211)
2,316,720
5,113,440
12,829,650
2,530,530
2,759,040

201404211212(201404211212)
2,316,720
5,117,700
12,829,650
2,530,530
2,759,040

201404211219(201404211219)
2,316,720
5,117,700
12,829,650
2,531,940
2,760,150

201404211220(201404211220)
2,316,720
5,117,700
12,829,650
2,531,940
2,763,210

201404211221(201404211221)
2,316,720
5,117,700
12,829,650
2,531,940
2,763,210

201404211222(201404211222)
2,316,720
5,117,700
12,829,650
2,531,940
2,764,200

201404211229(201404211229)
2,319,090
5,129,520
12,829,650
2,532,630
2,773,770

201404211230(201404211230)
2,319,090
5,129,520
12,829,650
2,532,630
2,773,770

201404211231(201404211231)
2,319,090
5,129,520
12,829,650
2,533,260
2,773,770

201404211232(201404211232)
2,319,090
5,129,520
12,829,650
2,533,260
2,773,770

201404211239(201404211239)
2,323,890
5,130,150
12,829,650
2,535,120
2,773,770

201404211240(201404211240)
2,323,890
5,130,150
12,829,650
2,535,120
2,773,770

201404211241(201404211241)
2,323,890
5,138,070
12,829,650
2,535,120
2,773,770

201404211242(201404211242)
2,323,890
5,138,070
12,829,650
2,535,120
2,773,770

201404211249(201404211249)
2,325,240
5,140,290
12,829,650
2,535,690
2,773,770

201404211250(201404211250)
2,325,240
5,140,290
12,829,650
2,535,690
2,773,770

201404211251(201404211251)
2,325,240
5,142,600
12,829,650
2,535,690
2,773,770

201404211252(201404211252)
2,325,240
5,142,600
12,829,650
2,535,690
2,773,770

201404211259(201404211259)
2,333,940
5,144,670
12,829,650
2,535,690
2,776,950

201404211300(201404211300)
2,333,940
5,144,670
12,829,650
2,535,690
2,776,950

201404211301(201404211301)
2,333,940
5,144,670
12,829,650
2,535,690
2,776,950

201404211302(201404211302)
2,333,940
5,144,670
12,905,250
2,535,690
2,776,950

201404211309(201404211309)
2,338,230
5,144,670
12,960,510
2,535,690
2,776,950

201404211310(201404211310)
2,338,230
5,144,670
12,960,510
2,535,960
2,776,950

201404211311(201404211311)
2,338,230
5,144,670
12,960,510
2,535,960
2,776,950

201404211312(201404211312)
2,338,800
5,144,670
12,960,510
2,535,960
2,776,950

201404211319(201404211319)
2,338,800
5,144,670
12,960,510
2,535,960
2,777,910

201404211320(201404211320)
2,338,800
5,146,320
12,960,510
2,535,960
2,777,910

201404211321(201404211321)
2,338,800
5,146,320
12,960,510
2,535,960
2,780,730

201404211322(201404211322)
2,338,800
5,146,320
13,017,120
2,535,960
2,780,730

201404211329(201404211329)
5,146,320
13,019,520
2,545,140
2,783,040

201404211330(201404211330)
2,340,030
5,146,320
13,019,520
2,545,710
2,783,040

201404211331(201404211331)
2,340,030
5,146,320
13,019,520
2,545,710
2,783,040

201404211332(201404211332)
2,340,030
5,146,320
13,019,520
2,545,710
2,783,040

201404211339(201404211339)
2,340,030
5,146,320
13,025,250
2,545,710
2,783,040

201404211340(201404211340)
2,340,030
5,161,860
13,027,860
2,545,710
2,783,040

201404211341(201404211341)
2,340,030
5,161,860
13,027,860
2,547,270
2,783,040

201404211342(201404211342)
2,340,480
5,161,860
13,027,860
2,547,270
2,789,970

201404211349(201404211349)
2,343,930
5,167,320
13,027,860
2,563,380
2,791,500

201404211350(201404211350)
2,343,930
5,167,320
13,027,860
2,563,380
2,791,500

201404211351(201404211351)
2,343,930
5,171,670
13,027,860
2,563,380
2,791,500

201404211352(201404211352)
2,343,930
5,171,670
13,027,860
2,563,380
2,791,500

201404211359(201404211359)
2,343,930
5,171,670
13,028,640
2,563,380
2,793,900

201404211400(201404211400)
2,343,930
5,171,670
13,028,640
2,563,380
2,793,900

201404211401(201404211401)
2,343,930
5,171,670
13,028,640
2,563,380
2,793,900

201404211402(201404211402)
2,345,340
5,171,670
13,028,640
2,563,380
2,793,900

201404211409(201404211409)
2,346,240
5,171,670
13,028,640
2,568,000
2,801,760

201404211410(201404211410)
2,346,240
5,171,670
13,028,640
2,568,000
2,801,760

201404211411(201404211411)
2,346,240
5,171,670
13,028,640
2,568,000
2,801,760

201404211412(201404211412)
2,346,240
5,171,670
13,028,640
2,568,000
2,801,760

201404211419(201404211419)
2,350,350
5,171,670
13,028,640
2,568,000
2,801,760

201404211420(201404211420)
2,350,350
5,171,670
13,028,640
2,568,000
2,801,760

201404211421(201404211421)
2,350,350
5,171,670
13,028,640
2,568,000
2,801,760

201404211422(201404211422)
2,350,350
5,171,670
13,028,640
2,568,000
2,801,760

201404211429(201404211429)
2,350,950
5,171,670
13,028,640
2,568,000
2,804,100

201404211430(201404211430)
2,350,950
5,171,670
13,028,640
2,569,920
2,804,100

201404211431(201404211431)
2,350,950
5,171,670
13,028,640
2,569,920
2,804,100

201404211432(201404211432)
2,350,950
5,171,670
13,028,640
2,569,920
2,804,310

201404211439(201404211439)
2,350,950
5,175,930
13,028,640
2,571,300
2,805,420

201404211440(201404211440)
2,350,950
5,175,930
13,028,640
2,571,300
2,805,420

201404211441(201404211441)
2,350,950
5,175,930
13,028,640
2,571,300
2,805,420

201404211442(201404211442)
2,350,950
5,175,930
13,028,640
2,571,300
2,805,420

201404211449(201404211449)
2,357,970
5,175,930
13,028,640
2,572,500
2,805,420

201404211450(201404211450)
2,357,970
5,175,930
13,028,640
2,572,500
2,805,420

201404211451(201404211451)
2,357,970
5,175,930
13,028,640
2,572,500
2,805,420

201404211452(201404211452)
2,357,970
5,175,930
13,028,640
2,572,500
2,805,420

201404211459(201404211459)
2,357,970
5,183,610
13,028,640
2,576,340
2,805,420

201404211500(201404211500)
2,357,970
5,183,610
13,028,640
2,577,030
2,805,420

201404211501(201404211501)
2,357,970
5,183,610
13,028,640
2,577,030
2,805,420

201404211502(201404211502)
2,357,970
5,183,610
13,028,640
2,580,420
2,805,420

201404211509(201404211509)
2,363,070
5,183,610
13,028,640
2,585,790
2,817,810

201404211510(201404211510)
2,364,600
5,183,610
13,028,640
2,585,790
2,817,810

201404211511(201404211511)
2,364,600
5,183,610
13,028,640
2,585,790
2,817,810

201404211512(201404211512)
2,364,600
5,183,610
13,028,640
2,585,790
2,817,810

201404211519(201404211519)
2,368,950
5,188,620
13,028,640
2,587,710
2,817,810

201404211520(201404211520)
2,368,950
5,188,620
13,028,640
2,587,710
2,817,810

201404211521(201404211521)
2,368,950
5,188,620
13,028,640
2,587,710
2,817,810

201404211522(201404211522)
2,368,950
5,188,620
13,028,640
2,587,710
2,817,810

201404211529(201404211529)
2,369,970
5,189,070
13,066,530
2,587,710
2,817,810

201404211530(201404211530)
2,369,970
5,189,070
13,066,530
2,587,710
2,817,810

201404211531(201404211531)
2,372,580
5,189,070
13,066,530
2,587,710
2,817,810

201404211532(201404211532)
2,372,580
5,189,070
13,066,530
2,587,710
2,817,810

201404211539(201404211539)
2,372,700
5,189,070
13,066,530
2,588,580
2,820,150

201404211540(201404211540)
2,372,700
5,189,070
13,066,530
2,588,580
2,824,320

201404211541(201404211541)
2,372,700
5,189,070
13,066,530
2,588,580
2,824,320

201404211542(201404211542)
2,372,700
5,189,070
13,066,530
2,588,580
2,824,320

201404211549(201404211549)
2,372,700
5,189,070
13,066,530
2,588,580
2,824,320

201404211550(201404211550)
2,372,700
5,189,070
13,066,530
2,588,580
2,824,320

201404211551(201404211551)
2,372,700
5,189,070
13,066,530
2,588,580
2,824,320

201404211552(201404211552)
2,372,700
5,189,070
13,066,530
2,588,580
2,824,320

201404211559(201404211559)
2,374,170
5,189,070
13,066,530
2,589,420
2,832,420

201404211600(201404211600)
2,374,170
5,189,070
13,066,530
2,589,420
2,832,420

201404211601(201404211601)
2,374,170
5,189,070
13,066,530
2,589,420
2,832,420

201404211602(201404211602)
2,378,100
5,189,070
13,066,530
2,589,420
2,835,000

201404211609(201404211609)
2,379,090
5,189,070
13,066,530
2,590,950
2,835,000

201404211610(201404211610)
2,379,090
5,194,830
13,066,530
2,590,950
2,835,000

201404211611(201404211611)
2,379,090
5,194,830
13,066,530
2,590,950
2,835,000

201404211612(201404211612)
2,379,090
5,194,830
13,066,530
2,592,090
2,835,000

201404211619(201404211619)
2,379,090
5,194,830
13,066,530
2,592,090
2,835,000

201404211620(201404211620)
2,379,090
5,194,830
13,066,530
2,592,090
2,835,000

201404211621(201404211621)
2,379,090
5,194,830
13,066,530
2,592,090
2,835,000

201404211622(201404211622)
2,379,090
5,194,830
13,066,530
2,592,090
2,835,000

201404211629(201404211629)
2,379,510
5,194,830
13,066,530
2,597,670
2,835,000

201404211630(201404211630)
2,379,510
5,194,830
13,066,530
2,597,670
2,835,000

201404211631(201404211631)
2,379,510
5,194,830
13,066,530
2,597,670
2,835,000

201404211632(201404211632)
2,382,660
5,194,830
13,066,530
2,597,670
2,835,000

201404211639(201404211639)
2,382,990
5,202,960
13,066,530
2,598,240
2,836,950

201404211640(201404211640)
2,382,990
5,202,960
13,100,580
2,598,240
2,836,950

201404211641(201404211641)
2,382,990
5,202,960
13,100,580
2,598,240
2,836,950

201404211642(201404211642)
2,382,990
5,202,960
13,100,580
2,598,240
2,836,950

201404211649(201404211649)
2,382,990
5,202,960
13,100,580
2,608,380
2,839,410

201404211650(201404211650)
2,382,990
5,202,960
13,100,580
2,608,380
2,839,410

201404211651(201404211651)
2,382,990
5,202,960
13,100,580
2,608,380
2,839,410

201404211652(201404211652)
2,382,990
5,202,960
13,100,580
2,608,380
2,839,410

201404211659(201404211659)
2,384,910
5,202,960
13,100,580
2,608,380
2,839,410

201404211700(201404211700)
2,384,910
5,202,960
13,100,580
2,608,380
2,839,410

201404211701(201404211701)
2,384,910
5,202,960
13,100,580
2,608,380
2,846,310

201404211702(201404211702)
2,384,910
5,202,960
13,100,580
2,608,380
2,846,310

201404211709(201404211709)
2,384,910
5,202,960
13,100,580
2,610,060
2,846,310

201404211710(201404211710)
2,384,910
5,202,960
13,100,580
2,610,090
2,846,310

201404211711(201404211711)
2,384,910
5,202,960
13,100,580
2,610,090
2,846,310

201404211712(201404211712)
2,384,910
5,206,710
13,100,580
2,610,090
2,846,310

201404211719(201404211719)
2,385,810
5,241,480
13,100,580
2,613,150
2,847,570

201404211720(201404211720)
2,385,810
5,241,480
13,100,580
2,613,150
2,849,550

201404211721(201404211721)
2,385,810
5,241,480
13,100,580
2,613,150
2,849,550

201404211722(201404211722)
2,385,810
5,241,480
13,100,580
2,613,210
2,849,550

201404211729(201404211729)
2,385,810
5,242,650
13,100,580
2,613,210
2,850,600

201404211730(201404211730)
2,385,810
5,242,650
13,100,580
2,613,210
2,850,600

201404211731(201404211731)
2,385,810
5,242,650
13,100,580
2,613,210
2,850,600

201404211732(201404211732)
2,385,810
5,242,650
13,100,580
2,613,210
2,850,600

201404211739(201404211739)
2,385,960
5,242,650
13,100,580
2,613,210
2,853,420

201404211740(201404211740)
2,386,830
5,242,650
13,100,580
2,615,550
2,853,420

201404211741(201404211741)
2,386,830
5,242,650
13,100,580
2,615,550
2,853,420

201404211742(201404211742)
2,386,830
5,242,650
13,100,580
2,615,550
2,854,410

201404211749(201404211749)
2,390,730
5,244,300
13,100,580
2,615,550
2,854,620

201404211750(201404211750)
2,390,730
5,244,300
13,100,580
2,615,550
2,854,620

201404211751(201404211751)
2,390,730
5,244,300
13,100,580
2,615,550
2,854,620

201404211752(201404211752)
2,390,730
5,244,300
13,100,580
2,615,550
2,854,620

201404211759(201404211759)
2,395,020
5,256,990
13,123,020
2,615,550
2,858,190

201404211800(201404211800)
2,395,020
5,256,990
13,123,020
2,615,550
2,858,190

201404211801(201404211801)
2,395,020
5,259,870
13,123,020
2,615,550
2,858,190

201404211802(201404211802)
2,397,720
5,259,870
13,123,020
2,615,550
2,858,190

201404211809(201404211809)
2,400,060
5,259,870
13,123,020
2,615,550
2,859,900

201404211810(201404211810)
2,400,060
5,259,870
13,123,020
2,615,550
2,859,900

201404211811(201404211811)
2,400,060
5,259,870
13,123,020
2,621,460
2,859,900

201404211812(201404211812)
2,402,490
5,259,870
13,123,020
2,621,460
2,859,900

201404211819(201404211819)
2,406,390
5,259,870
13,123,020
2,624,130
2,859,990

201404211820(201404211820)
2,411,910
5,259,870
13,123,020
2,624,130
2,859,990

201404211821(201404211821)
2,411,910
5,266,890
13,123,020
2,624,130
2,859,990

201404211822(201404211822)
2,411,910
5,269,290
13,123,020
2,624,130
2,859,990

201404211829(201404211829)
2,411,910
5,288,010
13,123,020
2,624,130
2,859,990

201404211830(201404211830)
2,411,910
5,288,010
13,123,020
2,624,130
2,859,990

201404211831(201404211831)
2,411,910
5,288,010
13,123,020
2,624,130
2,859,990

201404211832(201404211832)
2,411,910
5,288,010
13,123,020
2,624,130
2,859,990

201404211839(201404211839)
2,414,070
5,316,000
13,152,030
2,634,600
2,859,990

201404211840(201404211840)
2,414,070
5,316,000
13,152,030
2,634,600
2,859,990

201404211841(201404211841)
2,414,070
5,316,000
13,152,030
2,634,600
2,859,990

201404211842(201404211842)
2,414,070
5,316,000
13,152,030
2,634,600
2,859,990

201404211849(201404211849)
2,419,830
5,316,000
13,152,030
2,644,560
2,862,390

201404211850(201404211850)
2,419,830
5,316,000
13,152,030
2,644,560
2,862,390

201404211851(201404211851)
2,419,830
5,316,000
13,152,030
2,644,560
2,862,390

201404211852(201404211852)
2,419,890
5,316,000
13,152,030
2,644,560
2,862,390

201404211859(201404211859)
2,420,940
5,316,000
13,157,970
2,644,560
2,865,390

201404211900(201404211900)
2,420,940
5,316,000
13,157,970
2,649,630
2,865,390

201404211901(201404211901)
2,420,940
5,316,000
13,157,970
2,649,630
2,865,390

201404211902(201404211902)
2,420,940
5,316,000
13,157,970
2,649,630
2,865,390

201404211909(201404211909)
2,421,030
5,323,860
13,157,970
2,660,190
2,872,380

201404211910(201404211910)
2,421,030
5,323,860
13,157,970
2,660,190
2,872,380

201404211911(201404211911)
2,421,030
5,323,860
13,157,970
2,660,190
2,872,380

201404211912(201404211912)
2,421,030
5,323,860
13,157,970
2,660,190
2,872,380

201404211919(201404211919)
2,421,030
5,323,860
13,157,970
2,660,190
2,873,550

201404211920(201404211920)
2,421,030
5,323,860
13,157,970
2,660,190
2,873,550

201404211921(201404211921)
2,421,030
5,323,860
13,157,970
2,660,190
2,873,550

201404211922(201404211922)
2,422,500
5,323,860
13,157,970
2,660,190
2,873,550

201404211929(201404211929)
2,422,500
5,323,860
13,157,970
2,660,190
2,874,510

201404211930(201404211930)
2,422,500
5,323,860
13,157,970
2,660,190
2,874,510

201404211931(201404211931)
2,422,500
5,323,860
13,157,970
2,660,190
2,874,510

201404211932(201404211932)
2,422,500
5,337,900
13,157,970
2,660,190
2,874,510

201404211939(201404211939)
2,422,500
5,337,900
13,165,560
2,662,410
2,874,510

201404211940(201404211940)
2,422,500
5,337,900
13,165,560
2,662,410
2,874,510

201404211941(201404211941)
2,422,500
5,337,900
13,165,560
2,662,410
2,874,510

201404211942(201404211942)
2,422,500
5,337,900
13,165,560
2,662,410
2,874,510

201404211949(201404211949)
2,427,450
5,348,100
13,165,560
2,662,410
2,877,690

201404211950(201404211950)
2,427,450
5,348,100
13,165,560
2,662,410
2,877,690

201404211951(201404211951)
2,427,450
5,348,100
13,165,560
2,665,950
2,877,690

201404211952(201404211952)
2,427,450
5,348,100
13,165,560
2,665,950
2,877,690

201404211959(201404211959)
2,430,300
5,364,540
13,165,560
2,668,350
2,881,650

201404212000(201404212000)
2,430,300
5,364,540
13,165,560
2,674,560
2,881,650

201404212001(201404212001)
2,430,300
5,364,540
13,165,560
2,674,560
2,881,650

201404212002(201404212002)
2,430,300
5,364,540
13,165,560
2,674,560
2,881,650

201404212009(201404212009)
2,430,300
5,381,370
13,165,560
2,678,160
2,881,920

201404212010(201404212010)
2,431,500
5,381,370
13,165,560
2,678,160
2,881,920

201404212011(201404212011)
2,431,500
5,381,370
13,165,560
2,678,160
2,881,920

201404212012(201404212012)
2,431,680
5,381,370
13,165,560
2,678,160
2,881,920

201404212019(201404212019)
2,431,710
5,381,370
13,262,280
2,681,520
2,883,000

201404212020(201404212020)
2,433,390
5,381,370
13,262,280
2,681,520
2,883,000

201404212021(201404212021)
2,433,390
5,381,370
13,262,280
2,681,520
2,883,000

201404212022(201404212022)
2,434,080
5,381,370
13,262,280
2,681,520
2,884,560

201404212029(201404212029)
2,434,080
5,419,110
13,405,080
2,681,520
2,884,560

201404212030(201404212030)
2,434,080
5,419,110
13,449,720
2,681,520
2,884,560

201404212031(201404212031)
2,434,080
5,419,110
13,449,720
2,681,520
2,884,560

201404212032(201404212032)
2,434,080
5,419,110
13,449,720
2,681,520
2,884,560

201404212039(201404212039)
2,444,130
5,430,990
13,449,720
2,681,520
2,884,560

201404212040(201404212040)
2,444,130
5,433,600
13,449,720
2,683,920
2,884,560

201404212041(201404212041)
2,444,130
5,433,600
13,449,720
2,683,920
2,884,560

201404212042(201404212042)
2,444,130
5,433,600
13,449,720
2,683,920
2,884,560

201404212049(201404212049)
2,444,130
5,433,600
13,449,720
2,684,430
2,893,530

201404212050(201404212050)
2,444,130
5,433,600
13,449,720
2,684,430
2,893,530

201404212051(201404212051)
2,444,130
5,433,600
13,449,720
2,684,430
2,893,530

201404212052(201404212052)
2,444,130
5,433,600
13,449,720
2,687,520
2,893,530

201404212059(201404212059)
2,451,270
5,439,720
13,449,720
2,695,440
2,910,750

201404212100(201404212100)
2,451,270
5,439,720
13,449,720
2,695,440
2,910,750

201404212101(201404212101)
2,451,270
5,439,720
13,449,720
2,695,440
2,910,750

201404212102(201404212102)
2,451,270
5,440,470
13,449,720
2,695,440
2,910,750

201404212109(201404212109)
2,452,110
5,440,470
13,449,720
2,697,300
2,923,050

201404212110(201404212110)
2,452,110
5,440,470
13,449,720
2,697,300
2,928,990

201404212111(201404212111)
2,453,730
5,440,470
13,449,720
2,697,300
2,928,990

201404212112(201404212112)
2,453,730
5,440,470
13,449,720
2,697,360
2,928,990

201404212119(201404212119)
2,455,560
5,444,310
13,449,720
2,697,660
2,929,110

201404212120(201404212120)
2,455,560
5,444,310
13,449,720
2,699,460
2,929,110

201404212121(201404212121)
2,455,560
5,444,310
13,449,720
2,699,460
2,929,110

201404212122(201404212122)
2,455,560
5,444,310
13,449,720
2,699,460
2,929,110

201404212129(201404212129)
2,456,820
5,444,310
13,449,720
2,704,890
2,930,700

201404212130(201404212130)
2,456,820
5,444,310
13,449,720
2,704,890
2,934,150

201404212131(201404212131)
2,456,820
5,444,310
13,449,720
2,704,890
2,934,150

201404212132(201404212132)
2,456,820
5,444,310
13,449,720
2,704,890
2,934,150

201404212139(201404212139)
2,456,820
5,448,240
13,509,150
2,704,890
2,946,210

201404212140(201404212140)
2,456,820
5,448,240
13,509,150
2,704,890
2,946,210

201404212141(201404212141)
2,456,820
5,448,240
13,509,150
2,704,890
2,946,210

201404212142(201404212142)
2,456,820
5,448,240
13,509,150
2,704,890
2,946,210

201404212149(201404212149)
2,456,820
5,448,240
13,656,660
2,704,890
2,946,210

201404212150(201404212150)
2,456,820
5,448,240
13,656,660
2,704,890
2,946,210

201404212151(201404212151)
2,456,820
5,448,240
13,656,660
2,704,890
2,946,210

201404212152(201404212152)
2,456,820
5,448,240
13,656,660
2,704,890
2,951,250

201404212159(201404212159)
2,457,300
5,450,790
13,662,810
2,706,720
2,960,910

201404212200(201404212200)
2,457,300
5,450,790
13,662,810
2,706,720
2,960,910

201404212201(201404212201)
2,457,300
5,450,790
13,662,810
2,706,720
2,960,910

201404212202(201404212202)
2,460,780
5,450,790
13,662,810
2,706,720
2,960,910

201404212209(201404212209)
2,469,780
5,475,570
13,662,810
2,708,370
2,964,030

201404212210(201404212210)
2,469,780
5,475,570
13,662,810
2,708,370
2,964,030

201404212211(201404212211)
2,469,780
5,475,570
13,662,810
2,708,370
2,964,030

201404212212(201404212212)
2,469,780
5,475,570
13,662,810
2,708,370
2,964,030

201404212219(201404212219)
2,469,780
5,498,550
13,726,440
2,711,550
2,972,970

201404212220(201404212220)
2,469,780
5,498,550
13,726,440
2,711,550
2,972,970

201404212221(201404212221)
2,469,780
5,498,550
13,726,440
2,711,550
2,972,970

201404212222(201404212222)
2,469,780
5,498,550
13,726,440
2,711,550
2,972,970

201404212229(201404212229)
2,473,740
5,508,840
13,726,440
2,711,550
2,976,810

201404212230(201404212230)
2,473,740
5,508,840
13,726,440
2,711,550
2,976,810

201404212231(201404212231)
2,473,740
5,508,840
13,726,440
2,711,550
2,978,340

201404212232(201404212232)
2,476,800
5,521,050
13,726,440
2,711,550
2,978,340

201404212239(201404212239)
2,476,800
5,521,050
13,726,440
2,711,550
2,978,340

201404212240(201404212240)
2,476,800
5,521,050
13,726,440
2,712,210
2,978,340

201404212241(201404212241)
2,476,800
5,521,380
13,726,440
2,712,210
2,978,340

201404212242(201404212242)
2,477,760
5,522,520
13,726,440
2,712,210
2,978,340

201404212249(201404212249)
2,478,120
5,532,810
13,726,440
2,717,910
2,987,550

201404212250(201404212250)
2,478,120
5,532,810
13,726,440
2,717,910
2,987,550

201404212251(201404212251)
2,478,120
5,532,810
13,726,440
2,717,910
2,987,550

201404212252(201404212252)
2,478,900
5,532,810
13,772,670
2,717,910
2,987,550

201404212259(201404212259)
2,478,900
5,564,490
13,772,670
2,717,910
2,987,640

201404212300(201404212300)
2,478,900
5,564,490
13,772,670
2,717,910
2,988,540

201404212301(201404212301)
2,481,300
5,564,490
13,772,670
2,717,910
2,988,540

201404212302(201404212302)
2,481,300
5,564,490
13,772,670
2,717,910
2,988,540

201404212309(201404212309)
2,493,150
5,564,490
13,772,670
2,724,360
2,996,340

201404212310(201404212310)
2,493,150
5,564,490
13,772,670
2,733,180
2,999,190

201404212311(201404212311)
2,500,710
5,564,490
13,772,670
2,733,180
3,006,000

201404212312(201404212312)
2,500,710
5,564,490
13,772,670
2,733,180
3,006,000

201404212319(201404212319)
2,504,100
5,577,420
13,772,670
2,740,680
3,009,510

201404212320(201404212320)
2,504,100
5,577,420
13,772,670
2,740,680
3,009,510

201404212321(201404212321)
2,504,100
5,578,050
13,772,670
2,740,680
3,009,510

201404212322(201404212322)
2,508,930
5,578,050
13,772,670
2,740,680
3,009,510

201404212329(201404212329)
2,511,750
5,578,050
13,772,670
2,741,760
3,012,390

201404212330(201404212330)
2,511,750
5,578,050
13,772,670
2,742,090
3,012,390

201404212331(201404212331)
2,511,750
5,578,050
13,772,670
2,742,090
3,012,390

201404212332(201404212332)
2,511,750
5,578,050
13,775,970
2,742,090
3,012,390

201404212339(201404212339)
2,513,820
5,580,270
13,780,890
2,746,380
3,032,700

201404212340(201404212340)
2,513,820
5,580,270
13,780,890
2,746,380
3,032,700

201404212341(201404212341)
2,513,820
5,580,270
13,780,890
2,746,380
3,032,700

201404212342(201404212342)
2,513,820
5,580,270
13,780,890
2,746,380
3,032,700

201404212349(201404212349)
2,513,820
5,580,270
13,780,890
2,749,920
3,033,960

201404212350(201404212350)
5,580,270
13,780,890
2,749,920
3,033,960

201404212351(201404212351)
2,513,820
5,580,270
13,780,890
2,749,920
3,033,960

201404212352(201404212352)
2,513,820
5,580,270
13,780,890
2,749,920
3,033,960

201404212359(201404212359)
2,519,160
5,627,400
13,780,890
2,751,510
3,033,960

201404220000(201404220000)
2,519,160
5,627,400
13,780,890
2,751,510
3,033,960

201404220001(201404220001)
2,519,160
5,627,400
13,780,890
2,751,510
3,033,960

201404220002(201404220002)
2,519,160
5,627,400
13,780,890
2,751,510
3,033,960

201404220009(201404220009)
2,519,160
5,627,400
13,780,890
2,760,150
3,039,120

201404220010(201404220010)
2,519,160
5,627,400
13,780,890
2,760,150
3,039,120

201404220011(201404220011)
2,519,160
5,627,400
13,780,890
2,760,150
3,042,840

201404220012(201404220012)
2,524,740
5,627,400
13,780,890
2,760,150
3,042,840

201404220019(201404220019)
2,525,640
5,674,140
13,780,890
2,766,960
3,053,850

201404220020(201404220020)
2,525,640
5,674,140
13,780,890
2,766,960
3,053,850

201404220021(201404220021)
2,525,640
5,674,140
13,780,890
2,766,960
3,053,850

201404220022(201404220022)
2,535,330
5,674,140
13,780,890
2,766,960
3,073,620

201404220029(201404220029)
2,535,330
5,674,710
13,837,680
2,770,350
3,077,460

201404220030(201404220030)
2,535,330
5,674,710
13,868,370
2,770,350
3,077,460

201404220031(201404220031)
2,538,420
5,674,710
13,868,370
2,770,350
3,077,460

201404220032(201404220032)
2,538,420
5,674,710
13,868,370
2,773,770
3,077,460

201404220039(201404220039)
2,538,420
5,676,120
14,048,220
2,774,910
3,100,200

201404220040(201404220040)
2,538,420
5,676,120
14,048,220
2,774,910
3,100,800

201404220041(201404220041)
2,538,420
5,676,120
14,048,220
2,775,240
3,101,550

201404220042(201404220042)
2,538,420
5,676,120
14,048,220
2,778,690
3,101,550

201404220049(201404220049)
2,542,410
5,676,120
14,048,220
2,778,690
3,108,420

201404220050(201404220050)
2,542,410
5,676,120
14,048,220
2,778,690
3,108,420

201404220051(201404220051)
2,543,910
5,676,120
14,048,220
2,780,730
3,108,420

201404220052(201404220052)
2,549,340
5,677,110
14,048,220
2,780,730
3,108,420

201404220059(201404220059)
2,549,340
5,698,530
14,048,970
2,789,580
3,124,830

201404220100(201404220100)
2,549,340
5,698,530
14,048,970
2,789,580
3,125,460

201404220101(201404220101)
2,549,340
5,698,530
14,048,970
2,789,580
3,125,460

201404220102(201404220102)
2,549,340
5,698,530
14,048,970
2,789,580
3,125,460

