201405181719(201405181719)
337,386
674,726
2,074,949
374,475
403,098

201405181720(201405181720)
337,386
674,726
2,074,949
374,475
404,103

201405181721(201405181721)
337,386
674,726
2,074,949
374,475
404,103

201405181722(201405181722)
337,386
674,726
2,074,949
374,475
404,103

201405181729(201405181729)
337,823
674,726
2,074,949
374,498
404,572

201405181730(201405181730)
338,023
674,726
2,074,949
374,559
404,600

201405181731(201405181731)
338,634
674,726
2,074,949
374,559
404,600

201405181732(201405181732)
338,634
674,726
2,074,949
374,559
404,600

201405181739(201405181739)
339,854
681,713
2,074,949
374,755
405,367

201405181740(201405181740)
339,854
681,713
2,074,949
374,755
405,367

201405181741(201405181741)
339,854
681,713
2,078,508
374,755
405,367

201405181742(201405181742)
339,854
681,713
2,078,508
374,755
405,367

201405181749(201405181749)
341,949
682,741
2,078,508
375,469
405,662

201405181750(201405181750)
342,062
682,741
2,078,508
376,302
406,291

201405181751(201405181751)
342,062
683,451
2,081,735
376,302
406,291

201405181752(201405181752)
342,062
683,451
2,103,657
376,302
406,291

201405181759(201405181759)
344,448
685,250
2,123,106
376,696
407,683

201405181800(201405181800)
344,448
685,520
2,123,106
376,899
407,683

201405181801(201405181801)
344,628
685,750
2,123,106
377,352
407,683

201405181802(201405181802)
344,758
685,750
2,123,106
377,352
407,683

201405181809(201405181809)
346,061
691,316
2,146,570
377,619
409,734

201405181810(201405181810)
346,061
691,316
2,146,570
377,619
409,734

201405181811(201405181811)
346,061
691,316
2,146,570
377,619
409,734

201405181812(201405181812)
346,061
691,316
2,146,570
377,785
410,476

201405181819(201405181819)
346,411
691,850
2,146,625
378,174
411,044

201405181820(201405181820)
346,411
692,889
2,146,625
378,174
411,044

201405181821(201405181821)
346,411
692,889
2,146,625
378,174
411,115

201405181822(201405181822)
347,035
692,889
2,146,625
378,174
411,115

201405181829(201405181829)
348,159
696,470
2,146,625
379,009
412,594

201405181830(201405181830)
348,159
698,702
2,146,625
379,009
412,594

201405181831(201405181831)
348,240
698,702
2,146,625
379,009
412,594

201405181832(201405181832)
348,920
698,702
2,146,625
379,172
412,594

201405181839(201405181839)
350,479
699,500
2,146,625
379,918
413,482

201405181840(201405181840)
350,596
699,500
2,146,625
380,255
413,482

201405181841(201405181841)
350,596
699,500
2,146,680
380,255
413,482

201405181842(201405181842)
351,748
699,500
2,146,680
380,478
413,482

201405181849(201405181849)
352,423
702,355
2,146,680
380,871
413,555

201405181850(201405181850)
352,632
702,355
2,146,680
380,871
413,858

201405181851(201405181851)
352,632
702,355
2,146,680
380,937
413,858

201405181852(201405181852)
352,632
703,007
2,146,680
380,937
413,905

201405181859(201405181859)
353,115
704,855
2,146,680
381,885
413,905

201405181900(201405181900)
353,115
704,855
2,146,680
381,974
414,434

201405181901(201405181901)
353,115
704,855
2,146,680
381,974
414,434

201405181902(201405181902)
353,349
705,845
2,146,680
381,974
414,434

201405181909(201405181909)
354,206
705,845
2,146,680
382,654
414,975

201405181910(201405181910)
354,499
705,845
2,146,680
383,214
415,101

201405181911(201405181911)
354,499
705,845
2,146,680
383,214
415,521

201405181912(201405181912)
354,499
705,845
2,146,680
383,214
415,521

201405181919(201405181919)
356,103
705,959
2,146,680
384,732
415,722

201405181920(201405181920)
356,103
705,959
2,146,680
385,274
415,722

201405181921(201405181921)
356,399
705,959
2,146,680
385,482
415,722

201405181922(201405181922)
356,399
705,959
2,146,680
385,531
415,722

201405181929(201405181929)
357,321
706,996
2,146,790
385,907
415,911

201405181930(201405181930)
357,321
706,996
2,146,790
386,000
415,911

201405181931(201405181931)
357,321
706,996
2,146,790
386,000
415,911

201405181932(201405181932)
357,538
709,610
2,146,790
386,000
416,184

201405181939(201405181939)
358,610
711,268
2,146,790
386,305
416,971

201405181940(201405181940)
358,610
711,268
2,146,790
386,305
416,971

201405181941(201405181941)
358,610
711,268
2,146,790
386,305
416,971

201405181942(201405181942)
358,610
711,410
2,146,790
386,305
416,971

201405181949(201405181949)
360,322
711,410
2,149,915
386,575
418,054

201405181950(201405181950)
360,322
711,410
2,149,915
387,440
418,572

201405181951(201405181951)
361,282
711,410
2,149,915
387,448
418,572

201405181952(201405181952)
361,282
711,410
2,149,915
387,448
418,572

201405181959(201405181959)
361,645
711,410
2,149,915
388,095
419,566

201405182000(201405182000)
361,645
711,410
2,149,915
388,397
419,616

201405182001(201405182001)
361,645
711,410
2,149,915
388,397
419,616

201405182002(201405182002)
362,176
711,410
2,149,915
388,397
419,616

201405182009(201405182009)
363,902
711,410
2,149,915
388,696
419,655

201405182010(201405182010)
363,921
711,410
2,149,915
388,696
420,656

201405182011(201405182011)
363,933
711,410
2,149,915
388,696
420,656

201405182012(201405182012)
364,335
711,410
2,149,915
388,696
420,656

201405182019(201405182019)
364,921
712,377
2,149,915
390,627
420,667

201405182020(201405182020)
365,201
712,630
2,149,915
390,627
420,667

201405182021(201405182021)
365,206
712,691
2,149,915
391,009
420,667

201405182022(201405182022)
365,206
712,691
2,149,915
391,009
421,076

201405182029(201405182029)
366,000
712,691
2,149,915
392,076
422,271

201405182030(201405182030)
366,000
712,691
2,149,915
392,076
422,271

201405182031(201405182031)
366,715
712,691
2,149,915
392,346
422,271

201405182032(201405182032)
366,715
712,691
2,149,915
392,346
422,271

201405182039(201405182039)
367,079
715,104
2,153,579
392,841
422,941

201405182040(201405182040)
367,079
715,104
2,153,579
392,984
423,431

201405182041(201405182041)
367,191
715,104
2,153,579
392,984
423,431

201405182042(201405182042)
367,191
715,104
2,153,579
393,972
423,431

201405182049(201405182049)
367,395
715,104
2,153,939
394,384
423,506

201405182050(201405182050)
367,395
715,104
2,153,939
394,384
424,644

201405182051(201405182051)
367,423
715,104
2,153,939
394,401
426,184

201405182052(201405182052)
367,526
716,091
2,153,939
394,401
426,186

201405182059(201405182059)
369,129
716,091
2,153,939
395,153
427,832

201405182100(201405182100)
369,570
716,091
2,178,565
395,157
427,832

201405182101(201405182101)
369,999
716,468
2,184,149
395,824
428,037

201405182102(201405182102)
370,008
717,542
2,184,149
396,293
428,403

201405182109(201405182109)
370,529
725,897
2,184,149
397,342
431,041

201405182110(201405182110)
371,045
725,897
2,184,149
397,355
431,041

201405182111(201405182111)
371,045
725,897
2,184,149
397,355
431,041

201405182112(201405182112)
371,045
727,000
2,184,149
397,355
431,241

201405182119(201405182119)
371,617
727,000
2,184,149
398,772
431,484

201405182120(201405182120)
372,143
727,000
2,184,149
399,094
431,484

201405182121(201405182121)
372,143
727,000
2,184,149
399,144
431,484

201405182122(201405182122)
372,769
727,210
2,184,149
399,348
431,484

201405182129(201405182129)
373,352
727,641
2,193,033
399,580
433,042

201405182130(201405182130)
373,352
728,279
2,242,061
399,580
433,042

201405182131(201405182131)
373,938
728,279
2,242,061
399,580
433,042

201405182132(201405182132)
374,034
728,327
2,242,061
399,862
433,097

201405182139(201405182139)
374,845
731,628
2,242,061
403,037
435,864

201405182140(201405182140)
374,845
731,719
2,242,061
403,160
435,864

201405182141(201405182141)
374,845
731,719
2,242,061
403,160
436,048

201405182142(201405182142)
374,845
732,047
2,242,061
403,160
436,048

201405182149(201405182149)
376,696
733,286
2,242,061
404,184
437,288

201405182150(201405182150)
376,696
733,452
2,242,061
404,184
437,288

201405182151(201405182151)
376,707
733,693
2,242,061
404,184
437,288

201405182152(201405182152)
376,707
733,693
2,242,061
404,207
437,288

201405182159(201405182159)
376,707
733,693
2,242,061
405,155
438,244

201405182200(201405182200)
376,786
733,840
2,242,061
405,236
438,244

201405182201(201405182201)
376,786
733,840
2,242,061
405,236
438,244

201405182202(201405182202)
377,757
733,840
2,242,061
405,256
438,244

201405182209(201405182209)
379,918
734,155
2,242,061
406,604
438,421

201405182210(201405182210)
379,918
734,314
2,242,061
408,199
438,421

201405182211(201405182211)
379,918
734,526
2,242,061
408,199
438,421

201405182212(201405182212)
379,918
734,791
2,242,061
408,199
438,421

201405182219(201405182219)
380,527
735,730
2,242,061
408,595
438,835

201405182220(201405182220)
380,527
737,109
2,242,061
408,595
438,942

201405182221(201405182221)
380,937
737,710
2,242,061
409,031
440,037

201405182222(201405182222)
381,144
737,710
2,242,061
409,623
440,037

201405182229(201405182229)
382,006
738,530
2,242,061
410,643
440,920

201405182230(201405182230)
382,089
739,287
2,242,061
410,643
440,920

201405182231(201405182231)
382,702
739,287
2,242,061
410,643
440,920

201405182232(201405182232)
382,702
739,287
2,242,061
411,262
440,920

201405182239(201405182239)
383,516
743,060
2,242,061
411,640
442,869

201405182240(201405182240)
383,516
743,060
2,242,061
411,640
442,869

201405182241(201405182241)
383,516
743,060
2,242,061
411,640
442,869

201405182242(201405182242)
383,516
743,596
2,242,061
411,977
443,136

201405182249(201405182249)
383,570
743,917
2,243,982
412,892
443,834

201405182250(201405182250)
383,570
743,917
2,243,982
412,892
443,834

201405182251(201405182251)
383,570
743,917
2,243,982
412,892
443,834

201405182252(201405182252)
384,084
743,917
2,273,790
413,336
443,834

201405182259(201405182259)
384,084
746,408
2,283,060
413,336
444,300

201405182300(201405182300)
384,084
746,408
2,283,060
413,336
444,300

201405182301(201405182301)
384,196
746,408
2,283,060
413,336
444,300

201405182302(201405182302)
384,383
746,408
2,283,060
413,336
444,300

201405182309(201405182309)
385,031
747,563
2,283,060
414,940
444,300

201405182310(201405182310)
385,031
747,865
2,283,060
414,940
444,534

201405182311(201405182311)
385,031
748,838
2,283,060
414,940
444,534

201405182312(201405182312)
385,031
749,342
2,283,060
414,940
444,534

201405182319(201405182319)
386,112
749,375
2,283,060
415,079
445,718

201405182320(201405182320)
386,112
749,375
2,283,060
415,079
445,718

201405182321(201405182321)
386,112
750,626
2,283,060
415,337
445,768

201405182322(201405182322)
387,255
750,626
2,283,060
415,337
445,768

201405182329(201405182329)
388,095
753,778
2,285,946
416,949
447,728

201405182330(201405182330)
388,095
755,704
2,285,946
416,949
447,728

201405182331(201405182331)
388,160
755,704
2,285,946
416,971
447,868

201405182332(201405182332)
388,749
757,276
2,285,946
417,161
448,089

201405182339(201405182339)
389,312
757,460
2,295,448
417,573
448,178

201405182340(201405182340)
389,312
757,485
2,295,448
417,694
448,263

201405182341(201405182341)
389,312
757,485
2,295,448
417,694
448,263

201405182342(201405182342)
389,312
757,502
2,295,448
417,694
448,263

201405182349(201405182349)
390,106
757,987
2,295,448
418,086
450,289

201405182350(201405182350)
390,106
757,987
2,295,448
418,195
450,289

201405182351(201405182351)
390,106
757,987
2,295,448
418,195
450,289

201405182352(201405182352)
390,136
758,625
2,295,448
418,195
450,289

201405182359(201405182359)
391,155
762,413
2,295,448
418,584
450,350

201405190000(201405190000)
391,624
763,629
2,295,448
419,036
450,719

201405190001(201405190001)
391,729
763,629
2,295,448
419,247
450,835

201405190002(201405190002)
391,729
763,629
2,295,448
419,247
450,835

201405190009(201405190009)
392,489
764,466
2,295,448
419,655
451,069

201405190010(201405190010)
392,489
764,466
2,295,448
419,655
451,069

201405190011(201405190011)
392,489
764,466
2,295,448
419,655
451,400

201405190012(201405190012)
392,489
764,466
2,295,448
419,811
451,400

201405190019(201405190019)
394,304
766,364
2,295,448
421,791
452,788

201405190020(201405190020)
394,304
766,364
2,295,448
422,007
452,788

201405190021(201405190021)
394,304
766,364
2,295,448
422,371
452,788

201405190022(201405190022)
394,304
766,364
2,295,448
422,371
452,788

201405190029(201405190029)
394,930
766,364
2,295,448
422,752
453,214

201405190030(201405190030)
395,016
766,364
2,295,448
422,941
453,214

201405190031(201405190031)
395,016
766,364
2,295,448
423,396
453,214

201405190032(201405190032)
395,016
766,847
2,295,448
423,396
453,826

201405190039(201405190039)
395,528
766,847
2,312,710
423,431
454,460

201405190040(201405190040)
395,528
766,847
2,312,710
423,431
454,460

201405190041(201405190041)
395,528
767,512
2,312,710
423,431
454,460

201405190042(201405190042)
395,528
767,512
2,312,710
423,431
454,460

201405190049(201405190049)
395,685
772,291
2,312,710
423,891
455,068

201405190050(201405190050)
395,685
772,291
2,312,710
423,891
455,068

201405190051(201405190051)
395,685
774,661
2,312,710
423,891
455,068

201405190052(201405190052)
395,685
774,661
2,312,710
423,891
455,068

201405190059(201405190059)
395,998
774,661
2,312,710
425,328
455,845

201405190100(201405190100)
395,998
774,661
2,312,710
425,328
455,845

201405190101(201405190101)
395,998
774,661
2,312,710
425,328
455,845

201405190102(201405190102)
395,998
774,661
2,312,710
425,328
456,540

201405190109(201405190109)
396,293
774,661
2,316,003
427,651
456,650

201405190110(201405190110)
396,293
774,661
2,316,003
427,651
456,981

201405190111(201405190111)
396,349
774,661
2,316,003
427,832
458,083

201405190112(201405190112)
396,349
774,661
2,316,003
427,832
458,121

201405190119(201405190119)
396,674
780,846
2,316,003
427,832
459,834

201405190120(201405190120)
396,674
783,940
2,316,003
427,832
459,834

201405190121(201405190121)
397,168
783,940
2,316,003
427,833
459,834

201405190122(201405190122)
397,175
783,940
2,316,003
427,833
459,834

201405190129(201405190129)
397,175
785,095
2,316,003
428,058
461,410

201405190130(201405190130)
397,175
790,397
2,316,003
428,058
461,626

201405190131(201405190131)
397,175
790,840
2,316,003
428,058
461,830

201405190132(201405190132)
397,515
790,840
2,316,003
428,058
461,830

201405190139(201405190139)
397,515
790,840
2,316,003
428,058
462,152

201405190140(201405190140)
397,515
791,012
2,316,003
428,141
462,152

201405190141(201405190141)
397,515
791,012
2,316,003
428,141
462,152

201405190142(201405190142)
397,515
791,012
2,316,003
428,141
462,152

201405190149(201405190149)
399,130
794,193
2,316,003
428,660
462,477

201405190150(201405190150)
399,130
794,193
2,316,003
428,660
463,041

201405190151(201405190151)
399,130
794,193
2,316,003
428,660
463,041

201405190152(201405190152)
399,130
794,193
2,316,003
428,660
463,041

201405190159(201405190159)
400,441
795,303
2,333,918
428,660
463,041

201405190200(201405190200)
400,441
795,303
2,333,918
428,799
463,041

201405190201(201405190201)
401,087
795,303
2,333,918
428,799
463,041

201405190202(201405190202)
401,192
795,615
2,333,918
428,799
463,041

201405190209(201405190209)
401,908
795,615
2,339,660
429,824
463,624

201405190210(201405190210)
401,908
795,615
2,340,080
429,824
463,624

201405190211(201405190211)
401,908
795,615
2,340,260
429,824
463,624

201405190212(201405190212)
401,908
795,615
2,340,260
430,918
463,624

201405190219(201405190219)
402,437
795,615
2,340,260
431,529
463,624

201405190220(201405190220)
402,437
795,615
2,342,078
432,600
463,624

201405190221(201405190221)
402,437
797,251
2,342,078
432,600
463,624

201405190222(201405190222)
402,437
797,251
2,342,078
432,799
463,624

201405190229(201405190229)
403,160
797,251
2,342,078
433,097
464,374

201405190230(201405190230)
403,160
797,251
2,342,078
433,097
464,530

201405190231(201405190231)
403,214
797,251
2,342,078
433,097
464,551

201405190232(201405190232)
403,611
797,251
2,342,078
433,342
464,551

201405190239(201405190239)
403,764
797,251
2,352,083
433,916
464,551

201405190240(201405190240)
404,103
797,251
2,352,516
433,916
464,551

201405190241(201405190241)
404,103
797,251
2,352,516
433,916
464,551

201405190242(201405190242)
404,103
797,251
2,352,516
433,916
464,551

201405190249(201405190249)
404,184
797,251
2,352,516
434,317
464,551

201405190250(201405190250)
404,207
797,251
2,352,516
434,317
464,551

201405190251(201405190251)
404,207
797,251
2,352,516
434,317
464,551

201405190252(201405190252)
404,207
797,251
2,352,516
434,317
464,551

201405190259(201405190259)
404,341
798,258
2,352,516
434,553
464,551

201405190300(201405190300)
404,341
798,258
2,352,516
434,553
464,551

201405190301(201405190301)
404,341
798,258
2,352,516
434,553
464,551

201405190302(201405190302)
404,341
798,544
2,352,516
434,553
464,551

201405190309(201405190309)
404,495
798,544
2,352,624
434,553
464,850

201405190310(201405190310)
404,495
798,544
2,352,624
434,810
465,292

201405190311(201405190311)
404,495
798,544
2,352,624
434,810
465,292

201405190312(201405190312)
404,495
798,647
2,352,624
434,810
465,292

201405190319(201405190319)
405,256
798,647
2,352,624
436,107
465,294

201405190320(201405190320)
405,256
798,647
2,352,624
436,107
465,294

201405190321(201405190321)
405,256
798,647
2,352,624
436,108
465,294

201405190322(201405190322)
405,256
798,647
2,352,624
436,108
465,294

201405190329(201405190329)
405,288
798,647
2,352,624
437,524
465,473

201405190330(201405190330)
405,288
798,647
2,352,624
437,524
465,473

201405190331(201405190331)
405,288
798,647
2,352,624
437,524
465,473

201405190332(201405190332)
405,288
798,647
2,352,624
437,524
465,473

201405190339(201405190339)
405,288
798,647
2,352,624
437,524
465,473

201405190340(201405190340)
405,288
798,647
2,352,624
437,524
466,432

201405190341(201405190341)
405,288
798,647
2,352,624
437,524
466,432

201405190342(201405190342)
405,288
798,647
2,352,624
437,575
466,432

201405190349(201405190349)
405,288
800,163
2,352,624
437,575
466,499

201405190350(201405190350)
405,288
800,163
2,352,624
437,575
466,499

201405190351(201405190351)
405,288
800,163
2,352,880
437,575
466,499

201405190352(201405190352)
405,762
800,163
2,352,880
437,575
466,499

201405190359(201405190359)
407,059
801,400
2,352,880
437,575
466,499

201405190400(201405190400)
407,059
801,400
2,352,880
437,575
466,499

201405190401(201405190401)
407,059
803,287
2,352,880
437,575
466,499

201405190402(201405190402)
407,731
803,287
2,352,880
437,611
466,499

201405190409(201405190409)
407,892
803,287
2,352,880
437,614
466,499

201405190410(201405190410)
407,892
803,287
2,352,880
437,614
466,499

201405190411(201405190411)
407,892
803,287
2,352,880
437,614
466,499

201405190412(201405190412)
408,595
803,287
2,352,880
437,764
466,499

201405190419(201405190419)
408,599
803,287
2,352,880
438,994
466,499

201405190420(201405190420)
408,599
803,287
2,352,880
438,994
466,499

201405190421(201405190421)
408,657
803,287
2,352,880
439,114
466,499

201405190422(201405190422)
408,657
803,287
2,352,880
439,114
466,499

201405190429(201405190429)
409,058
805,268
2,352,880
439,393
466,848

201405190430(201405190430)
409,058
805,268
2,352,880
439,393
466,848

201405190431(201405190431)
409,144
805,268
2,352,880
439,393
466,848

201405190432(201405190432)
409,520
805,268
2,352,880
439,562
466,848

201405190439(201405190439)
409,520
805,268
2,352,880
439,562
466,848

201405190440(201405190440)
409,520
805,268
2,352,880
439,562
466,848

201405190441(201405190441)
409,520
805,268
2,352,880
439,562
466,848

201405190442(201405190442)
409,650
805,268
2,352,880
439,562
466,848

201405190449(201405190449)
409,650
806,426
2,352,880
439,562
466,848

201405190450(201405190450)
409,650
806,426
2,352,880
439,562
466,848

201405190451(201405190451)
409,650
806,426
2,352,880
439,562
466,848

201405190452(201405190452)
409,650
806,426
2,352,880
439,562
466,848

201405190459(201405190459)
409,650
806,426
2,352,880
439,562
467,058

201405190500(201405190500)
409,650
806,426
2,352,880
439,562
467,058

201405190501(201405190501)
409,650
806,426
2,352,880
439,562
467,058

201405190502(201405190502)
409,650
806,426
2,352,880
439,562
467,058

201405190509(201405190509)
409,734
806,432
2,352,880
440,198
467,058

201405190510(201405190510)
409,734
806,432
2,352,880
440,198
467,058

201405190511(201405190511)
409,734
806,432
2,352,880
440,198
467,058

201405190512(201405190512)
409,734
806,432
2,352,880
440,198
467,058

201405190519(201405190519)
409,808
806,432
2,352,880
440,198
467,058

201405190520(201405190520)
409,808
806,432
2,352,880
440,198
467,290

201405190521(201405190521)
409,808
806,432
2,352,880
440,198
467,290

201405190522(201405190522)
409,808
806,432
2,352,880
440,198
467,290

201405190529(201405190529)
410,013
806,432
2,352,880
440,233
467,290

201405190530(201405190530)
410,013
806,432
2,352,880
440,233
467,290

201405190531(201405190531)
410,013
806,432
2,352,880
440,233
467,290

201405190532(201405190532)
411,466
806,432
2,352,880
440,479
467,290

201405190539(201405190539)
411,466
806,432
2,352,880
440,479
468,328

201405190540(201405190540)
411,466
806,432
2,352,880
440,479
468,328

201405190541(201405190541)
411,466
806,432
2,352,880
440,479
468,328

201405190542(201405190542)
411,466
806,432
2,352,880
440,479
468,328

201405190549(201405190549)
411,466
806,432
2,352,880
440,811
468,598

201405190550(201405190550)
411,466
806,432
2,352,880
440,811
468,598

201405190551(201405190551)
411,466
806,432
2,352,880
440,811
468,598

201405190552(201405190552)
411,466
806,432
2,352,880
440,811
468,598

201405190559(201405190559)
411,466
806,432
2,352,880
440,862
468,598

201405190600(201405190600)
411,466
806,432
2,352,880
440,862
468,598

201405190601(201405190601)
411,466
806,432
2,352,880
440,862
468,598

201405190602(201405190602)
411,466
806,432
2,352,880
440,862
468,598

201405190609(201405190609)
411,885
806,849
2,352,880
441,366
469,457

201405190610(201405190610)
411,885
806,849
2,352,880
441,366
469,509

201405190611(201405190611)
411,885
806,849
2,352,880
441,827
469,609

201405190612(201405190612)
411,885
806,849
2,352,880
441,827
469,609

201405190619(201405190619)
413,117
806,849
2,352,880
442,110
469,609

201405190620(201405190620)
413,117
806,849
2,352,880
442,110
469,609

201405190621(201405190621)
413,117
806,849
2,352,880
442,110
469,609

201405190622(201405190622)
413,117
806,849
2,352,880
442,548
469,609

201405190629(201405190629)
413,590
809,357
2,352,880
442,906
470,377

201405190630(201405190630)
413,590
809,357
2,352,880
442,906
470,377

201405190631(201405190631)
414,762
809,357
2,352,880
442,906
470,377

201405190632(201405190632)
414,762
809,357
2,352,880
443,384
470,377

201405190639(201405190639)
414,792
809,357
2,352,880
443,384
470,377

201405190640(201405190640)
414,792
809,357
2,352,880
443,384
470,377

201405190641(201405190641)
414,792
813,049
2,352,880
443,601
470,377

201405190642(201405190642)
414,792
813,049
2,352,880
443,601
470,617

201405190649(201405190649)
414,971
813,655
2,352,880
443,834
470,961

201405190650(201405190650)
415,552
813,655
2,352,880
443,834
470,961

201405190651(201405190651)
415,552
813,655
2,352,880
443,834
470,961

201405190652(201405190652)
415,552
813,655
2,352,880
443,834
470,961

201405190659(201405190659)
415,552
813,655
2,353,393
444,830
472,872

201405190700(201405190700)
415,552
813,655
2,353,393
444,867
472,872

201405190701(201405190701)
415,552
813,655
2,353,393
444,867
472,872

201405190702(201405190702)
415,552
814,739
2,353,393
444,867
472,872

201405190709(201405190709)
415,552
816,836
2,353,393
444,867
473,585

201405190710(201405190710)
415,552
816,836
2,353,393
444,867
473,585

201405190711(201405190711)
415,552
816,836
2,353,393
444,867
473,585

201405190712(201405190712)
415,552
816,836
2,353,393
444,867
473,585

201405190719(201405190719)
417,024
818,533
2,353,393
445,217
473,585

201405190720(201405190720)
417,024
818,533
2,353,393
445,417
473,585

201405190721(201405190721)
417,024
818,533
2,353,393
445,718
473,738

201405190722(201405190722)
417,024
818,533
2,353,393
445,718
473,795

201405190729(201405190729)
417,024
818,533
2,353,393
445,840
474,592

201405190730(201405190730)
417,024
818,533
2,353,393
445,840
474,592

201405190731(201405190731)
417,024
818,533
2,353,393
445,840
474,592

201405190732(201405190732)
417,183
818,533
2,353,393
445,840
474,592

201405190739(201405190739)
418,460
818,674
2,353,393
446,288
474,996

201405190740(201405190740)
418,460
818,674
2,353,393
446,288
475,618

201405190741(201405190741)
418,460
818,674
2,353,393
446,288
475,618

201405190742(201405190742)
418,460
818,674
2,353,393
446,375
475,618

201405190749(201405190749)
418,626
818,674
2,353,393
446,791
475,826

201405190750(201405190750)
418,780
818,674
2,353,393
446,791
475,826

201405190751(201405190751)
418,780
818,674
2,353,393
446,791
475,826

201405190752(201405190752)
418,780
818,674
2,353,393
446,791
475,826

201405190759(201405190759)
418,919
818,674
2,353,393
447,713
475,901

201405190800(201405190800)
418,919
818,674
2,353,393
447,780
475,901

201405190801(201405190801)
418,919
818,674
2,353,393
447,780
475,901

201405190802(201405190802)
418,919
818,674
2,353,393
448,002
475,901

201405190809(201405190809)
419,247
819,322
2,353,393
448,724
479,298

201405190810(201405190810)
419,247
819,735
2,353,393
448,724
479,298

201405190811(201405190811)
419,355
819,853
2,353,393
448,724
479,298

201405190812(201405190812)
419,355
820,209
2,353,393
448,724
480,075

201405190819(201405190819)
419,577
821,032
2,353,393
448,862
480,957

201405190820(201405190820)
419,577
821,032
2,353,393
448,864
480,957

201405190821(201405190821)
419,809
821,867
2,353,393
448,864
480,957

201405190822(201405190822)
419,809
821,867
2,353,393
448,864
480,957

201405190829(201405190829)
419,809
822,808
2,353,393
449,257
484,479

201405190830(201405190830)
419,809
822,808
2,353,393
449,257
484,479

201405190831(201405190831)
419,923
822,808
2,353,393
449,681
485,135

201405190832(201405190832)
419,923
822,808
2,353,393
449,681
485,242

201405190839(201405190839)
419,979
824,256
2,353,393
450,137
487,389

201405190840(201405190840)
419,979
824,256
2,353,393
450,194
487,462

201405190841(201405190841)
419,979
824,256
2,353,393
450,404
487,781

201405190842(201405190842)
419,979
824,256
2,353,393
450,404
487,781

201405190849(201405190849)
420,836
824,256
2,353,393
450,912
487,781

201405190850(201405190850)
421,041
825,191
2,353,393
450,912
487,896

201405190851(201405190851)
421,041
825,696
2,353,393
450,912
487,896

201405190852(201405190852)
421,041
825,696
2,353,393
450,912
487,896

201405190859(201405190859)
421,963
825,994
2,426,357
451,680
488,244

201405190900(201405190900)
421,963
825,994
2,426,357
451,693
488,244

201405190901(201405190901)
421,963
825,994
2,428,393
451,693
488,244

201405190902(201405190902)
421,963
826,425
2,428,451
451,873
488,435

201405190909(201405190909)
422,371
829,333
2,443,275
452,115
488,474

201405190910(201405190910)
422,371
830,006
2,443,275
453,081
488,474

201405190911(201405190911)
422,371
830,006
2,443,275
453,081
488,474

201405190912(201405190912)
422,371
830,006
2,443,275
453,081
488,474

201405190919(201405190919)
422,576
830,006
2,443,275
453,176
488,867

201405190920(201405190920)
422,576
830,006
2,443,275
453,176
488,867

201405190921(201405190921)
422,576
830,006
2,443,275
453,245
488,867

201405190922(201405190922)
422,576
830,006
2,443,275
453,245
488,867

201405190929(201405190929)
422,958
830,006
2,443,275
453,404
488,867

201405190930(201405190930)
422,958
830,006
2,443,275
453,404
488,867

201405190931(201405190931)
422,958
830,006
2,443,275
453,404
488,873

201405190932(201405190932)
422,958
830,006
2,443,275
453,404
489,049

201405190939(201405190939)
422,958
830,006
2,443,275
453,404
489,049

201405190940(201405190940)
422,958
830,006
2,443,275
453,404
489,049

201405190941(201405190941)
422,958
830,006
2,443,275
453,404
489,049

201405190942(201405190942)
422,967
830,006
2,443,275
453,404
489,049

201405190949(201405190949)
422,967
830,138
2,443,275
453,906
489,538

201405190950(201405190950)
422,967
830,138
2,443,275
453,906
489,538

201405190951(201405190951)
422,967
830,138
2,443,275
453,906
489,538

201405190952(201405190952)
422,967
830,138
2,443,275
453,906
489,538

201405190959(201405190959)
422,967
830,428
2,443,275
454,118
489,634

201405191000(201405191000)
422,967
830,428
2,443,275
454,118
489,634

201405191001(201405191001)
422,967
830,428
2,443,275
454,118
489,634

201405191002(201405191002)
423,053
831,390
2,443,275
454,118
489,634

201405191009(201405191009)
425,338
831,390
2,443,275
454,118
489,634

201405191010(201405191010)
425,338
831,390
2,443,275
454,715
489,793

201405191011(201405191011)
425,338
831,390
2,443,275
454,715
489,793

201405191012(201405191012)
425,338
831,390
2,443,275
454,715
490,186

201405191019(201405191019)
425,338
832,421
2,443,275
454,715
490,186

201405191020(201405191020)
425,665
832,421
2,443,275
454,715
490,186

201405191021(201405191021)
425,665
832,421
2,443,275
454,715
490,186

201405191022(201405191022)
425,665
832,421
2,443,275
454,715
490,186

201405191029(201405191029)
425,835
832,421
2,443,275
454,965
490,186

201405191030(201405191030)
425,835
832,421
2,443,275
454,965
490,186

201405191031(201405191031)
425,835
832,421
2,443,275
454,965
490,186

201405191032(201405191032)
425,835
834,062
2,443,275
454,965
490,186

201405191039(201405191039)
426,737
834,146
2,443,275
454,965
490,387

201405191040(201405191040)
426,737
834,146
2,443,275
454,965
490,694

201405191041(201405191041)
426,737
834,146
2,443,275
454,965
490,694

201405191042(201405191042)
426,737
834,146
2,443,275
455,297
490,929

201405191049(201405191049)
427,702
834,308
2,443,275
455,743
490,929

201405191050(201405191050)
427,702
834,308
2,443,275
455,890
490,929

201405191051(201405191051)
427,702
834,308
2,443,275
455,890
490,929

201405191052(201405191052)
427,702
834,308
2,443,275
455,890
490,929

201405191059(201405191059)
427,702
834,308
2,443,275
455,947
491,945

201405191100(201405191100)
427,702
834,308
2,443,275
455,947
491,945

201405191101(201405191101)
427,788
834,308
2,443,275
455,947
491,945

201405191102(201405191102)
427,788
834,308
2,443,275
455,947
491,945

201405191109(201405191109)
428,204
834,308
2,443,275
456,540
491,993

201405191110(201405191110)
428,204
834,308
2,443,275
456,540
491,993

201405191111(201405191111)
428,204
834,308
2,443,275
456,661
491,993

201405191112(201405191112)
428,204
834,308
2,443,275
456,661
491,993

201405191119(201405191119)
428,204
835,161
2,443,275
456,661
492,353

201405191120(201405191120)
428,204
835,161
2,443,275
456,661
492,353

201405191121(201405191121)
428,204
836,330
2,443,275
456,661
492,353

201405191122(201405191122)
428,204
837,591
2,443,275
456,661
492,353

201405191129(201405191129)
428,204
837,591
2,443,275
456,661
492,353

201405191130(201405191130)
428,204
837,591
2,443,275
456,661
492,353

201405191131(201405191131)
428,492
837,591
2,443,275
456,661
492,354

201405191132(201405191132)
428,492
837,591
2,443,275
456,661
492,354

201405191139(201405191139)
429,495
839,659
2,443,275
456,944
492,354

201405191140(201405191140)
429,495
839,659
2,443,275
456,944
492,354

201405191141(201405191141)
429,495
841,709
2,443,275
456,944
492,354

201405191142(201405191142)
429,495
841,709
2,443,275
456,944
492,354

201405191149(201405191149)
429,495
842,098
2,443,275
456,944
492,354

201405191150(201405191150)
429,495
842,098
2,443,275
456,944
492,354

201405191151(201405191151)
429,495
842,098
2,443,275
456,944
492,354

201405191152(201405191152)
429,495
842,098
2,443,275
456,944
492,354

201405191159(201405191159)
429,937
843,261
2,443,275
456,956
493,737

201405191200(201405191200)
429,986
843,261
2,443,275
457,128
493,737

201405191201(201405191201)
429,986
843,261
2,443,275
457,128
493,737

201405191202(201405191202)
429,986
843,261
2,443,275
457,128
493,737

201405191209(201405191209)
430,181
843,261
2,443,275
457,390
493,850

201405191210(201405191210)
430,181
843,261
2,443,275
457,390
493,850

201405191211(201405191211)
430,181
843,261
2,443,275
457,390
493,850

201405191212(201405191212)
430,181
843,261
2,443,275
457,390
493,850

201405191219(201405191219)
431,507
843,605
2,443,275
458,121
493,902

201405191220(201405191220)
431,507
843,605
2,443,275
458,121
494,006

201405191221(201405191221)
432,492
843,605
2,443,275
458,121
494,261

201405191222(201405191222)
432,500
843,605
2,443,275
458,121
494,261

201405191229(201405191229)
433,785
843,725
2,443,275
458,920
494,817

201405191230(201405191230)
434,009
843,725
2,443,275
458,920
495,119

201405191231(201405191231)
434,009
843,725
2,443,275
459,908
495,119

201405191232(201405191232)
434,009
843,725
2,443,275
460,343
495,119

201405191239(201405191239)
434,395
843,836
2,443,845
461,813
496,189

201405191240(201405191240)
434,395
850,760
2,443,845
461,813
496,189

201405191241(201405191241)
434,469
850,760
2,443,845
461,813
496,502

201405191242(201405191242)
435,735
850,760
2,443,845
461,813
496,902

201405191249(201405191249)
435,735
851,106
2,446,467
462,477
497,373

201405191250(201405191250)
435,735
851,106
2,446,467
462,477
497,373

201405191251(201405191251)
435,788
851,106
2,446,467
462,477
497,373

201405191252(201405191252)
435,788
851,106
2,446,467
463,013
497,846

201405191259(201405191259)
435,853
854,322
2,475,533
463,398
497,846

201405191300(201405191300)
435,853
854,376
2,475,533
463,398
497,846

201405191301(201405191301)
435,892
854,376
2,475,533
463,398
498,024

201405191302(201405191302)
435,892
854,376
2,475,533
463,578
498,410

201405191309(201405191309)
435,892
855,520
2,475,533
463,955
498,410

201405191310(201405191310)
435,892
855,578
2,475,533
463,955
498,410

201405191311(201405191311)
435,892
855,578
2,475,533
464,328
498,410

201405191312(201405191312)
435,892
855,578
2,475,533
464,328
498,410

201405191319(201405191319)
436,717
856,855
2,479,456
466,432
499,214

201405191320(201405191320)
436,717
856,855
2,479,456
466,432
499,835

201405191321(201405191321)
436,717
856,855
2,479,456
466,432
499,903

201405191322(201405191322)
436,717
856,855
2,479,456
466,432
499,903

201405191329(201405191329)
437,614
857,638
2,479,456
466,602
499,903

201405191330(201405191330)
437,764
859,183
2,479,456
466,602
499,903

201405191331(201405191331)
437,951
859,183
2,479,456
466,602
499,903

201405191332(201405191332)
437,951
859,385
2,479,456
466,602
499,903

201405191339(201405191339)
437,951
859,385
2,479,456
468,055
500,153

201405191340(201405191340)
437,951
859,385
2,482,392
468,386
500,153

201405191341(201405191341)
437,951
859,385
2,482,392
468,386
500,153

201405191342(201405191342)
437,951
859,385
2,482,392
468,386
500,905

201405191349(201405191349)
439,533
859,385
2,482,392
468,386
500,905

201405191350(201405191350)
439,533
859,385
2,482,392
468,394
502,027

201405191351(201405191351)
439,533
859,385
2,482,392
468,829
502,079

201405191352(201405191352)
439,533
859,385
2,482,392
468,829
502,235

201405191359(201405191359)
439,533
860,333
2,482,392
469,118
503,520

201405191400(201405191400)
439,825
860,333
2,482,392
469,118
503,520

201405191401(201405191401)
439,825
860,333
2,482,392
469,118
503,520

201405191402(201405191402)
439,825
860,333
2,482,392
469,118
503,520

201405191409(201405191409)
439,825
860,333
2,482,392
469,118
503,520

201405191410(201405191410)
439,825
860,801
2,482,392
469,824
503,786

201405191411(201405191411)
439,825
860,801
2,482,392
469,824
503,786

201405191412(201405191412)
439,825
860,801
2,482,392
469,911
503,786

201405191419(201405191419)
440,913
864,064
2,482,392
469,911
503,813

201405191420(201405191420)
440,913
864,064
2,482,392
469,932
503,813

201405191421(201405191421)
441,827
864,064
2,482,392
469,932
504,210

201405191422(201405191422)
441,827
864,064
2,482,392
469,932
504,210

201405191429(201405191429)
442,194
868,479
2,482,392
470,137
504,210

201405191430(201405191430)
442,194
868,479
2,482,392
470,137
504,210

201405191431(201405191431)
442,194
868,479
2,482,392
470,137
504,210

201405191432(201405191432)
442,194
868,479
2,482,392
470,137
504,210

201405191439(201405191439)
442,194
870,360
2,482,392
470,475
504,210

201405191440(201405191440)
442,429
870,360
2,482,392
470,475
504,210

201405191441(201405191441)
442,548
870,360
2,482,392
470,475
504,210

201405191442(201405191442)
442,548
870,360
2,482,392
470,475
504,210

201405191449(201405191449)
442,840
870,536
2,482,392
470,624
504,785

201405191450(201405191450)
442,840
870,536
2,482,392
470,624
504,785

201405191451(201405191451)
442,890
870,536
2,482,392
470,624
504,785

201405191452(201405191452)
442,890
870,536
2,482,392
470,808
505,036

201405191459(201405191459)
442,906
870,536
2,482,392
471,158
506,129

201405191500(201405191500)
442,906
870,536
2,482,392
471,158
506,129

201405191501(201405191501)
442,906
870,536
2,482,392
471,305
506,593

201405191502(201405191502)
442,906
870,536
2,482,392
471,305
506,593

201405191509(201405191509)
443,642
870,749
2,482,392
472,761
506,841

201405191510(201405191510)
443,642
870,749
2,482,392
472,761
506,841

201405191511(201405191511)
444,432
870,749
2,482,392
472,761
506,968

201405191512(201405191512)
444,432
870,749
2,482,392
472,878
507,244

201405191519(201405191519)
444,432
871,199
2,482,392
473,920
507,614

201405191520(201405191520)
444,432
871,199
2,482,392
473,920
507,614

201405191521(201405191521)
444,432
871,199
2,482,392
473,920
507,614

201405191522(201405191522)
444,432
871,199
2,482,392
474,185
507,614

201405191529(201405191529)
444,432
871,199
2,482,392
474,329
507,614

201405191530(201405191530)
444,432
871,199
2,482,392
474,580
507,614

201405191531(201405191531)
444,432
871,199
2,482,392
474,592
507,614

201405191532(201405191532)
444,806
871,199
2,482,392
474,592
507,614

201405191539(201405191539)
445,716
872,212
2,482,392
475,479
509,409

201405191540(201405191540)
445,716
873,444
2,482,392
475,479
509,409

201405191541(201405191541)
445,716
873,444
2,482,392
475,479
509,409

201405191542(201405191542)
445,716
874,127
2,482,392
475,479
509,409

201405191549(201405191549)
445,840
874,127
2,482,392
475,800
509,413

201405191550(201405191550)
445,840
875,665
2,482,392
475,800
509,413

201405191551(201405191551)
445,840
875,665
2,482,392
475,800
509,413

201405191552(201405191552)
445,840
875,665
2,482,392
475,800
509,413

201405191559(201405191559)
445,976
875,665
2,482,392
475,816
510,611

201405191600(201405191600)
445,976
875,665
2,482,392
475,816
510,611

201405191601(201405191601)
445,976
875,665
2,482,392
475,901
510,679

201405191602(201405191602)
445,976
875,665
2,482,392
475,901
510,725

201405191609(201405191609)
446,802
875,665
2,482,392
476,810
511,468

201405191610(201405191610)
446,852
875,665
2,482,392
476,987
512,081

201405191611(201405191611)
446,852
875,665
2,482,392
476,987
512,081

201405191612(201405191612)
446,852
875,665
2,482,392
476,987
512,081

201405191619(201405191619)
446,852
875,858
2,482,392
477,021
512,343

201405191620(201405191620)
446,852
875,858
2,482,392
477,021
512,343

201405191621(201405191621)
446,852
875,858
2,482,392
477,021
512,343

201405191622(201405191622)
446,852
875,858
2,482,392
477,021
512,343

201405191629(201405191629)
447,150
882,772
2,484,571
477,021
512,955

201405191630(201405191630)
447,150
882,772
2,484,571
477,021
512,955

201405191631(201405191631)
447,150
882,772
2,484,571
477,021
512,955

201405191632(201405191632)
447,150
882,772
2,484,571
477,021
513,174

201405191639(201405191639)
447,150
882,772
2,484,571
477,051
513,426

201405191640(201405191640)
447,150
882,772
2,484,571
477,051
513,426

201405191641(201405191641)
447,150
882,772
2,484,571
477,051
513,426

201405191642(201405191642)
447,150
883,787
2,484,571
477,051
513,426

201405191649(201405191649)
449,076
884,255
2,484,571
477,778
514,051

201405191650(201405191650)
449,133
884,255
2,484,571
477,778
514,051

201405191651(201405191651)
449,173
884,255
2,484,571
477,778
514,051

201405191652(201405191652)
449,173
884,255
2,484,571
477,778
514,051

201405191659(201405191659)
449,235
884,255
2,492,387
478,021
515,531

201405191700(201405191700)
449,359
884,255
2,492,387
478,021
515,531

201405191701(201405191701)
449,359
884,255
2,492,387
478,021
515,531

201405191702(201405191702)
449,359
884,255
2,492,387
478,021
515,531

