201405231720(201405231720)
924,356
1,736,436
3,874,852
1,010,289
1,094,584
1,737,983
3,874,852
1,013,419
1,094,584

201405231721(201405231721)
924,360
1,738,227
3,874,852
1,013,419
1,094,584

201405231722(201405231722)
924,360
1,738,227
3,874,852
1,013,476
1,094,584

201405231723(201405231723)
924,360
1,738,227
3,874,852
1,013,476
1,094,584

201405231730(201405231730)
924,894
1,738,353
3,874,852
1,016,846
1,095,548

201405231730(201405231730)
924,954
1,738,353
3,874,852
1,016,846
1,095,548

201405231731(201405231731)
925,074
1,738,353
3,874,852
1,016,846
1,095,548

201405231732(201405231732)
925,121
1,738,577
3,874,852
1,016,846
1,095,548

201405231741(201405231741)
925,448
1,738,577
3,874,852
1,016,846

201405231742(201405231742)
925,448
1,738,577
3,874,852
1,016,846
1,095,548

201405231743(201405231743)
925,448
1,738,577
3,874,852
1,016,846
1,095,548

201405231749(201405231749)
925,448
1,741,253
3,874,852
1,017,587
1,096,828

201405231751(201405231751)
925,448
1,741,253
3,874,852
1,017,587
1,096,828
925,448
1,741,253
3,874,852
1,017,587
1,096,828

201405231752(201405231752)
925,448
1,741,253
3,874,852
1,017,587
1,096,828

201405231753(201405231753)
925,448
1,741,253
3,874,852
1,017,587
1,096,828

201405231759(201405231759)
925,945
1,742,008
3,874,852
1,017,587
1,096,828

201405231801(201405231801)
925,945
1,742,008
3,874,852
1,017,587
1,096,828

201405231802(201405231802)
925,971
1,742,008
3,874,852
1,017,587
1,096,828

201405231803(201405231803)
925,971
1,742,008
3,874,852
1,017,866
1,096,828

201405231811(201405231811)
926,180
1,742,008
1,742,008
1,017,866
3,874,852

201405231812(201405231812)
926,180
1,742,008
1,742,008
1,017,866
1,097,321

201405231813(201405231813)
926,180
1,750,731
3,874,852
1,017,866
1,097,321

201405231820(201405231820)
927,770
1,752,540
3,874,852
1,017,866
1,097,860

201405231821(201405231821)
927,770
1,752,540
3,874,852
1,017,866
1,097,860

201405231822(201405231822)
929,199
1,752,550
3,874,852
1,017,866
1,097,860

201405231823(201405231823)
929,761
1,752,550
3,874,852
1,017,866
1,097,860

201405231830(201405231830)
930,770
1,759,234
3,874,852
1,017,866
1,098,593

201405231831(201405231831)
930,770
1,759,234
3,874,852
1,017,866
1,098,593
1,760,788
3,874,852
1,017,866
1,101,231

201405231832(201405231832)
930,770
1,760,788
3,883,041
1,017,866
1,102,270

201405231833(201405231833)
930,770
1,760,788
3,883,041
1,019,601
1,102,270

201405231840(201405231840)
931,413
1,760,984
3,883,041
1,019,601
1,104,015

201405231841(201405231841)
931,413
1,760,984
3,883,041
1,019,864
1,104,015

201405231842(201405231842)
931,413
1,760,984
3,883,041
1,019,864
1,104,015

201405231843(201405231843)
931,413
1,760,984
3,883,041
1,019,864
1,104,015

201405231850(201405231850)
931,413
1,767,581
3,883,041
1,020,612
1,104,485

201405231851(201405231851)
931,852
1,767,581
3,883,041
1,020,612
1,105,322

201405231852(201405231852)
932,058
1,767,581
3,883,041
1,021,994
1,107,559

201405231853(201405231853)
932,058
1,767,581
3,883,041
1,021,994
1,107,559

201405231900(201405231900)
932,135
1,770,078
3,883,041
1,027,593
1,108,517

201405231901(201405231901)
932,135
1,770,078
3,883,041
1,027,593
1,108,517
932,135
1,770,078
1,770,078
3,883,041
1,108,517

201405231902(201405231902)
932,135
1,770,078
3,883,041
1,027,593
1,108,517
932,135
1,770,078
1,770,078
3,883,041
1,108,517
1,770,078
3,883,041
1,027,593
1,108,517

201405231903(201405231903)
932,135
1,770,078
3,883,041
1,027,593
1,108,808

201405231911(201405231911)
934,288
1,771,127
3,883,041
1,028,356
1,110,330

201405231912(201405231912)
934,288
1,771,127
3,883,041
1,028,356
1,110,330
1,771,127
3,883,041
1,028,356
1,110,330

201405231913(201405231913)
934,413
1,771,127
3,883,041
1,028,356
1,110,330

201405231920(201405231920)
935,232
1,771,127
3,883,041
1,028,961
1,110,953

201405231921(201405231921)
935,232
1,771,127
3,909,157
1,028,961
1,110,953

201405231922(201405231922)
935,232
1,771,127
3,909,157
1,028,961
1,028,961

201405231923(201405231923)
935,232
1,771,127
3,909,157
1,028,961
1,110,953

201405231929(201405231929)
1,771,343
3,909,157
1,028,961
1,115,324

201405231930(201405231930)
936,076
1,771,343
3,909,157
1,028,961
1,115,324

201405231931(201405231931)
937,295
1,771,343
3,909,157
1,028,961
1,115,324

201405231932(201405231932)
937,295
1,771,343
3,909,157
1,028,961
1,115,324

201405231940(201405231940)
937,295
1,771,343
3,909,157
1,028,961
1,115,324
1,775,423
3,909,157
1,031,540
1,116,436

201405231941(201405231941)
937,295
1,771,343
3,909,157
1,028,961
1,115,324
1,775,423
3,909,157
1,031,540
1,116,436
1,775,423
3,909,157
1,031,540
1,116,436

201405231942(201405231942)
937,295
1,771,343
3,909,157
1,028,961
1,115,324
1,775,423
3,909,157
1,031,540
1,116,436
1,775,423
3,909,157
1,031,540
1,116,436
1,776,321
3,909,157
1,031,540
1,116,436

201405231943(201405231943)
937,354
1,776,321
3,909,157
1,031,540
1,116,436

201405231950(201405231950)
940,655
1,782,165
3,909,157
1,032,067
1,116,436

201405231951(201405231951)
940,655
1,782,297
3,909,157
1,033,634
1,116,436

201405231952(201405231952)
940,655
1,782,297
3,909,157
1,033,634
1,033,634

201405231953(201405231953)
940,842
1,782,750
3,909,157
1,033,634
1,116,512

201405232000(201405232000)
940,842
1,787,269
1,035,485
1,116,512

201405232001(201405232001)
940,842
1,787,269
3,909,157
1,035,485
1,116,512

201405232002(201405232002)
940,842
1,787,269
3,909,157
1,035,485
1,116,512

201405232002(201405232002)
940,842
1,787,269
3,909,157
1,035,485
1,116,512

201405232011(201405232011)
942,261
1,787,900
3,909,157
1,035,485
1,121,621

201405232012(201405232012)
942,261
1,787,900
3,909,157
1,035,485
1,121,621

201405232013(201405232013)
942,551
1,788,637
3,909,157
3,909,157
1,121,621

201405232019(201405232019)
944,793
1,790,895
3,909,157
1,037,304
1,121,671

201405232020(201405232020)
944,793
1,790,895
3,909,157
1,039,788
1,121,671

201405232021(201405232021)
944,973
1,796,372
3,909,157
1,039,788
1,121,671

201405232022(201405232022)
944,973
1,796,372
3,909,157
1,039,788
1,121,671

201405232030(201405232030)
1,797,497
3,909,157
1,043,115
1,122,018

201405232030(201405232030)
1,797,497
3,909,157
1,043,115
1,122,018
947,632
1,797,497
3,909,157
1,044,085
1,122,170

201405232031(201405232031)
947,632
1,797,513
3,909,157
1,044,085
1,123,073

201405232034(201405232034)
947,632
1,797,513
1,797,513
1,797,513
































































































































































































































































































































































































































































201405241519(201405241519)
2,078,267
4,251,906
1,235,063
1,343,518

201405241520(201405241520)
2,078,267
4,251,906
1,235,429
1,343,579

201405241521(201405241521)
2,078,267
4,251,906
1,235,429
1,343,635

201405241522(201405241522)
2,078,267
4,251,906
1,235,429
1,343,635

201405241529(201405241529)
2,080,059
4,251,906
1,238,314
1,344,061

201405241530(201405241530)
2,080,059
4,251,906
1,238,314
1,344,120

201405241531(201405241531)
2,080,059
4,251,906
1,238,314
1,344,297

201405241532(201405241532)
2,080,059
4,251,906
1,238,314
1,344,297

201405241539(201405241539)
2,083,085
4,251,906
1,242,263
1,344,882

201405241540(201405241540)
2,083,085
4,251,906
1,242,263
1,344,882

201405241541(201405241541)
2,083,085
4,251,906
1,242,263
1,344,882

201405241542(201405241542)
2,083,085
4,251,906
1,242,263
1,344,882

201405241549(201405241549)
2,085,395
4,251,906
1,242,703
1,347,032

201405241550(201405241550)
2,085,395
4,251,906
1,242,703
1,347,032

201405241551(201405241551)
2,085,395
4,251,906
1,243,721
1,347,032

201405241552(201405241552)
2,085,395
4,251,906
1,243,721
1,347,032

201405241559(201405241559)
2,085,597
4,251,906
1,245,691
1,348,314

201405241600(201405241600)
2,085,597
4,251,906
1,245,691
1,348,314

201405241601(201405241601)
2,085,597
4,251,906
1,245,691
1,348,314

201405241602(201405241602)
2,085,597
4,251,906
1,245,691
1,348,314

201405241609(201405241609)
2,085,597
4,267,495
1,249,594
1,348,314

201405241610(201405241610)
2,085,597
4,267,495
1,250,014
1,348,314

201405241611(201405241611)
2,085,597
4,267,495
1,250,014
1,350,521

201405241612(201405241612)
2,085,597
4,267,495
1,250,014
1,350,521

201405241619(201405241619)
2,092,913
4,267,495
1,250,014
1,351,179

201405241620(201405241620)
2,092,913
4,267,495
1,250,014
1,351,307

201405241621(201405241621)
2,092,913
4,267,495
1,250,014
1,351,307

201405241622(201405241622)
2,092,913
4,267,495
1,250,014
1,351,307

201405241629(201405241629)
2,092,913
4,267,495
1,253,046
1,351,307

201405241630(201405241630)
2,098,284
4,267,495
1,253,046
1,351,307

201405241631(201405241631)
2,098,556
4,267,495
1,253,046
1,351,307

201405241632(201405241632)
2,098,556
4,267,495
1,253,046
1,351,307

201405241639(201405241639)
2,099,187
4,267,495
1,253,046
1,352,394

201405241640(201405241640)
2,099,187
4,267,495
1,253,046
1,352,394

201405241641(201405241641)
2,099,187
4,267,495
1,254,017
1,352,394

201405241642(201405241642)
2,099,187
4,267,495
1,254,017
1,352,394

201405241649(201405241649)
2,099,187
4,267,495
1,256,815
1,354,608

201405241650(201405241650)
2,099,187
4,267,495
1,256,872
1,354,608

201405241651(201405241651)
2,099,187
4,267,495
1,260,074
1,354,608

201405241652(201405241652)
2,099,187
4,267,495
1,260,435
1,354,608

201405241659(201405241659)
2,099,187
4,270,600
1,261,086
1,357,570

201405241700(201405241700)
2,099,187
4,270,600
1,261,086
1,357,570

201405241701(201405241701)
2,099,187
4,270,600
1,261,100
1,357,570

201405241702(201405241702)
2,099,434
4,270,600
1,262,004
1,357,570

