201405171239(201405171239)
161,445
400,081
1,207,418
175,434
195,953

201405171240(201405171240)
161,445
400,081
1,207,418
175,434
195,953

201405171241(201405171241)
161,530
400,081
1,207,418
175,530
195,957

201405171242(201405171242)
161,714
400,081
1,207,418
175,530
196,049

201405171249(201405171249)
162,366
403,548
1,207,418
176,472
197,546

201405171250(201405171250)
162,366
403,548
1,207,418
176,472
197,546

201405171251(201405171251)
162,489
403,548
1,207,418
176,677
197,546

201405171252(201405171252)
162,755
404,184
1,207,418
176,677
197,621

201405171259(201405171259)
163,763
404,849
1,216,087
176,880
197,632

201405171300(201405171300)
164,232
405,256
1,216,087
177,188
197,632

201405171301(201405171301)
164,232
405,256
1,216,087
177,188
197,632

201405171302(201405171302)
164,232
405,256
1,216,087
177,324
197,884

201405171309(201405171309)
164,298
406,534
1,224,005
177,854
199,079

201405171310(201405171310)
164,369
407,028
1,224,005
177,854
199,079

201405171311(201405171311)
164,517
407,095
1,232,828
178,027
199,079

201405171312(201405171312)
164,523
407,277
1,232,828
178,027
199,136

201405171319(201405171319)
164,783
408,054
1,232,828
178,306
199,348

201405171320(201405171320)
164,783
408,054
1,232,828
178,306
199,348

201405171321(201405171321)
164,844
408,054
1,232,828
178,306
199,348

201405171322(201405171322)
164,844
408,054
1,232,828
178,306
199,348

201405171329(201405171329)
165,870
408,054
1,243,854
179,046
199,712

201405171330(201405171330)
165,951
408,054
1,243,854
179,140
199,712

201405171331(201405171331)
165,951
408,054
1,243,854
179,140
200,250

201405171332(201405171332)
165,961
408,054
1,243,854
179,187
200,250

201405171339(201405171339)
167,081
409,447
1,263,194
179,976
201,018

201405171340(201405171340)
167,081
409,447
1,263,194
179,976
201,018

201405171341(201405171341)
167,081
409,447
1,263,194
179,976
201,018

201405171342(201405171342)
167,345
409,447
1,263,194
180,012
201,122

201405171349(201405171349)
167,795
409,808
1,273,024
180,665
201,197

201405171350(201405171350)
167,795
409,808
1,273,024
180,828
201,197

201405171351(201405171351)
167,815
409,808
1,273,024
180,828
201,197

201405171352(201405171352)
168,175
409,808
1,273,024
180,828
201,197

201405171359(201405171359)
168,202
411,640
1,276,472
181,738
201,377

201405171400(201405171400)
168,202
411,640
1,276,472
181,763
201,377

201405171401(201405171401)
168,222
411,640
1,276,472
181,763
201,377

201405171402(201405171402)
168,222
411,640
1,276,472
181,763
201,377

201405171409(201405171409)
168,678
413,598
1,277,156
182,699
202,417

201405171410(201405171410)
168,678
413,598
1,277,156
182,699
202,997

201405171411(201405171411)
168,678
413,598
1,277,156
182,868
202,997

201405171412(201405171412)
168,788
413,598
1,277,156
182,870
203,012

201405171419(201405171419)
169,436
413,800
1,280,438
183,761
204,098

201405171420(201405171420)
169,740
413,800
1,280,438
183,761
204,098

201405171421(201405171421)
169,740
414,823
1,280,438
183,761
204,098

201405171422(201405171422)
169,740
416,652
1,280,438
183,761
204,098

201405171429(201405171429)
170,193
417,923
1,280,438
184,530
204,240

201405171430(201405171430)
170,496
418,449
1,283,959
184,594
204,244

201405171431(201405171431)
170,496
418,449
1,283,959
184,594
204,244

201405171432(201405171432)
170,496
418,449
1,283,959
184,594
204,244

201405171439(201405171439)
170,739
418,710
1,285,568
184,790
205,172

201405171440(201405171440)
171,403
418,710
1,285,568
184,790
205,172

201405171441(201405171441)
171,403
418,875
1,285,568
184,790
205,790

201405171442(201405171442)
171,403
418,930
1,285,568
184,875
205,790

201405171449(201405171449)
171,829
419,373
1,306,114
186,170
205,968

201405171450(201405171450)
171,829
419,616
1,306,114
186,170
206,017

201405171451(201405171451)
172,007
419,616
1,306,114
186,170
206,234

201405171452(201405171452)
172,007
419,616
1,306,114
186,170
206,282

201405171459(201405171459)
172,359
420,569
1,306,114
187,407
207,902

201405171500(201405171500)
172,359
420,569
1,306,114
187,407
207,961

201405171501(201405171501)
172,631
420,569
1,306,114
187,407
207,982

201405171502(201405171502)
172,631
420,569
1,306,114
187,407
208,030

201405171509(201405171509)
173,326
421,906
1,306,114
187,714
208,272

201405171510(201405171510)
173,326
421,906
1,306,114
188,163
208,312

201405171511(201405171511)
173,326
421,906
1,306,114
188,163
208,312

201405171512(201405171512)
173,421
421,906
1,306,114
188,326
208,312

201405171519(201405171519)
174,007
421,906
1,306,114
188,607
209,566

201405171520(201405171520)
174,007
423,799
1,306,114
188,607
209,566

201405171521(201405171521)
174,007
423,799
1,306,114
188,607
209,566

201405171522(201405171522)
174,007
423,799
1,306,114
188,787
209,566

201405171529(201405171529)
174,229
426,088
1,306,114
190,524
210,519

201405171530(201405171530)
174,229
426,088
1,309,947
190,602
210,519

201405171531(201405171531)
174,229
426,088
1,309,947
190,623
210,652

201405171532(201405171532)
174,677
426,088
1,309,947
190,872
211,662

201405171539(201405171539)
175,312
428,167
1,318,386
192,562
212,138

201405171540(201405171540)
175,427
428,167
1,318,386
192,562
212,138

201405171541(201405171541)
175,883
428,167
1,318,386
192,765
212,236

201405171542(201405171542)
175,928
428,167
1,318,386
192,765
212,349

201405171549(201405171549)
176,341
428,313
1,318,386
193,755
213,021

201405171550(201405171550)
176,341
428,313
1,318,386
193,755
213,621

201405171551(201405171551)
176,472
428,313
1,319,272
193,755
214,498

201405171552(201405171552)
176,770
428,313
1,319,272
193,823
214,579

201405171559(201405171559)
178,264
430,051
1,319,272
194,630
214,604

201405171600(201405171600)
178,445
430,051
1,319,272
194,630
214,604

201405171601(201405171601)
179,029
430,051
1,330,477
194,946
214,643

201405171602(201405171602)
179,029
430,051
1,330,599
195,186
214,643

201405171609(201405171609)
179,328
430,689
1,333,452
196,492
214,775

201405171610(201405171610)
179,367
430,689
1,333,452
196,492
215,834

201405171611(201405171611)
179,367
431,481
1,333,452
196,492
216,409

201405171612(201405171612)
179,448
431,481
1,333,452
196,492
216,800

201405171619(201405171619)
180,308
433,500
1,333,452
197,621
219,629

201405171620(201405171620)
180,308
433,647
1,333,452
197,632
219,629

201405171621(201405171621)
180,516
433,647
1,333,452
197,884
219,651

201405171622(201405171622)
180,516
433,647
1,333,452
197,884
219,677

201405171629(201405171629)
181,220
433,647
1,333,452
198,432
221,392

201405171630(201405171630)
181,763
433,647
1,333,452
198,650
221,392

201405171631(201405171631)
181,763
433,647
1,333,452
199,077
221,392

201405171632(201405171632)
181,763
433,647
1,333,452
199,077
221,392

201405171639(201405171639)
182,012
435,002
1,333,452
199,458
223,459

201405171640(201405171640)
182,059
435,002
1,333,452
199,458
223,468

201405171641(201405171641)
182,059
437,264
1,333,452
199,458
223,468

201405171642(201405171642)
182,230
437,264
1,333,452
199,458
223,468

201405171649(201405171649)
182,868
438,304
1,352,923
201,122
224,827

201405171650(201405171650)
182,870
438,315
1,352,923
201,122
224,827

201405171651(201405171651)
183,100
438,315
1,353,027
201,122
224,827

201405171652(201405171652)
183,100
438,315
1,353,027
201,122
224,827

201405171659(201405171659)
183,659
438,315
1,353,027
201,122
224,827

201405171700(201405171700)
183,659
440,517
1,356,563
201,341
225,757

201405171701(201405171701)
183,659
440,517
1,356,563
201,341
225,986

201405171702(201405171702)
183,754
440,517
1,356,563
201,492
226,184

201405171709(201405171709)
184,089
441,939
1,356,563
201,492
226,272

201405171710(201405171710)
184,089
441,939
1,356,563
201,505
226,951

201405171711(201405171711)
184,089
441,939
1,356,563
201,505
226,951

201405171712(201405171712)
184,155
442,289
1,356,563
201,513
226,951

201405171719(201405171719)
184,237
442,317
1,356,563
201,719
227,577

201405171720(201405171720)
184,438
442,520
1,356,563
201,719
227,651

201405171721(201405171721)
184,594
443,308
1,356,563
201,719
227,720

201405171722(201405171722)
184,594
443,308
1,356,563
201,719
227,720

201405171729(201405171729)
184,624
444,010
1,356,563
202,060
228,832

201405171730(201405171730)
184,624
444,358
1,356,563
202,153
229,074

201405171731(201405171731)
184,841
444,358
1,356,563
202,153
229,074

201405171732(201405171732)
184,884
444,358
1,356,563
202,312
229,074

201405171739(201405171739)
185,301
445,571
1,356,563
203,967
230,289

201405171740(201405171740)
185,469
445,662
1,356,563
203,967
230,289

201405171741(201405171741)
185,469
445,791
1,356,563
203,967
230,289

201405171742(201405171742)
185,469
445,791
1,356,563
203,967
230,590

201405171749(201405171749)
186,170
445,791
1,395,203
204,118
231,441

201405171750(201405171750)
186,267
445,791
1,395,203
204,240
231,441

201405171751(201405171751)
186,267
445,791
1,395,203
204,240
231,441

201405171752(201405171752)
186,267
445,791
1,395,203
204,240
231,441

201405171759(201405171759)
186,774
446,176
1,395,203
204,816
231,689

201405171800(201405171800)
186,774
446,240
1,395,203
204,816
231,689

201405171801(201405171801)
186,774
447,311
1,395,203
204,816
231,689

201405171802(201405171802)
186,774
447,311
1,395,203
204,816
231,689

201405171809(201405171809)
187,681
449,224
1,395,203
205,763
231,882

201405171810(201405171810)
187,725
449,224
1,395,203
205,763
231,882

201405171811(201405171811)
187,725
449,224
1,395,203
205,763
231,882

201405171812(201405171812)
187,756
449,224
1,395,203
205,763
231,882

201405171819(201405171819)
187,841
451,444
1,395,203
207,790
233,153

201405171820(201405171820)
187,841
451,444
1,395,203
207,790
233,153

201405171821(201405171821)
187,841
451,444
1,395,203
207,790
233,153

201405171822(201405171822)
187,841
451,444
1,395,203
207,910
233,153

201405171829(201405171829)
188,632
453,952
1,400,857
207,961
234,037

201405171830(201405171830)
188,645
453,952
1,404,947
207,961
234,364

201405171831(201405171831)
188,843
453,952
1,423,851
208,266
234,454

201405171832(201405171832)
188,884
453,952
1,423,851
208,266
234,659

201405171839(201405171839)
189,549
455,485
1,428,484
209,166
234,973

201405171840(201405171840)
189,549
455,485
1,428,484
209,166
235,824

201405171841(201405171841)
190,184
455,485
1,428,484
209,166
235,824

201405171842(201405171842)
190,465
455,485
1,428,484
209,227
236,288

201405171849(201405171849)
191,087
455,485
1,428,484
211,944
237,015

201405171850(201405171850)
191,177
455,924
1,428,484
212,340
237,015

201405171851(201405171851)
191,949
455,924
1,428,484
212,340
237,023

201405171852(201405171852)
191,949
455,924
1,428,484
212,834
237,023

201405171859(201405171859)
192,446
456,033
1,428,497
213,325
238,848

201405171900(201405171900)
192,446
456,033
1,428,497
213,325
239,054

201405171901(201405171901)
192,765
456,033
1,428,497
213,325
239,054

201405171902(201405171902)
192,765
456,033
1,428,497
213,325
239,054

201405171909(201405171909)
193,826
457,973
1,435,645
214,498
240,640

201405171910(201405171910)
193,875
457,973
1,435,645
214,653
240,885

201405171911(201405171911)
193,939
457,973
1,435,645
214,653
240,990

201405171912(201405171912)
194,098
457,973
1,435,645
214,750
241,161

201405171919(201405171919)
194,630
460,190
1,443,483
215,693
243,896

201405171920(201405171920)
194,673
460,190
1,443,483
215,868
243,896

201405171921(201405171921)
194,967
460,190
1,443,483
215,868
244,183

201405171922(201405171922)
194,967
460,190
1,443,483
215,909
244,183

201405171929(201405171929)
195,230
462,351
1,447,165
217,244
244,819

201405171930(201405171930)
195,522
462,541
1,447,165
217,538
245,275

201405171931(201405171931)
195,558
462,541
1,447,165
217,538
245,275

201405171932(201405171932)
195,558
462,541
1,447,165
217,689
245,275

201405171939(201405171939)
196,849
466,065
1,447,165
220,317
246,263

201405171940(201405171940)
196,849
466,065
1,447,165
220,317
246,294

201405171941(201405171941)
197,485
466,065
1,447,165
220,317
246,294

201405171942(201405171942)
197,514
466,065
1,447,165
220,317
246,294

201405171949(201405171949)
199,038
466,658
1,447,165
221,747
247,015

201405171950(201405171950)
199,038
466,902
1,447,165
221,747
247,015

201405171951(201405171951)
199,110
468,271
1,447,165
221,747
247,015

201405171952(201405171952)
199,175
468,444
1,447,165
222,192
247,146

201405171959(201405171959)
199,735
469,710
1,467,558
223,243
249,031

201405172000(201405172000)
200,243
471,532
1,467,558
223,922
249,437

201405172001(201405172001)
200,243
471,982
1,467,558
223,922
249,458

201405172002(201405172002)
200,243
471,982
1,467,558
223,922
249,458

201405172009(201405172009)
201,513
475,216
1,467,558
224,469
250,438

201405172010(201405172010)
201,722
475,525
1,467,558
224,511
250,462

201405172011(201405172011)
201,722
475,525
1,467,558
224,511
250,462

201405172012(201405172012)
201,722
475,525
1,467,558
224,511
250,462

201405172019(201405172019)
202,158
476,223
1,498,384
225,439
251,525

201405172020(201405172020)
202,158
476,223
1,498,384
225,489
252,456

201405172021(201405172021)
202,962
476,223
1,498,384
225,688
252,456

201405172022(201405172022)
203,368
476,223
1,498,384
225,863
252,456

201405172029(201405172029)
203,892
478,967
1,498,384
226,951
254,401

201405172030(201405172030)
203,892
478,967
1,498,384
227,367
254,401

201405172031(201405172031)
203,892
481,124
1,498,384
227,367
254,401

201405172032(201405172032)
203,892
481,124
1,498,384
227,367
255,075

201405172039(201405172039)
203,983
481,124
1,511,474
228,159
256,205

201405172040(201405172040)
204,073
481,124
1,511,474
228,272
256,241

201405172041(201405172041)
204,073
481,124
1,511,474
228,415
256,241

201405172042(201405172042)
204,098
481,124
1,511,474
228,415
256,241

201405172049(201405172049)
204,383
482,209
1,511,474
229,300
257,190

201405172050(201405172050)
204,383
482,209
1,511,474
229,300
257,706

201405172051(201405172051)
204,630
482,209
1,511,474
229,300
257,706

201405172052(201405172052)
205,169
482,209
1,511,474
229,544
257,706

201405172059(201405172059)
206,838
487,240
1,524,799
232,469
259,267

201405172100(201405172100)
207,234
487,266
1,524,799
232,469
259,267

201405172101(201405172101)
207,263
487,266
1,524,799
232,469
259,267

201405172102(201405172102)
207,263
487,266
1,524,799
232,469
259,418

201405172109(201405172109)
209,048
488,705
1,545,225
233,030
259,800

201405172110(201405172110)
209,048
488,819
1,545,225
233,030
260,166

201405172111(201405172111)
209,472
488,819
1,545,225
233,030
260,166

201405172112(201405172112)
210,037
488,819
1,545,225
233,030
260,166

201405172119(201405172119)
210,626
491,206
1,545,225
234,916
261,211

201405172120(201405172120)
210,626
491,206
1,545,225
234,916
261,211

201405172121(201405172121)
210,626
491,206
1,545,225
234,916
261,211

201405172122(201405172122)
210,626
491,206
1,545,225
234,916
261,463

201405172129(201405172129)
211,364
491,972
1,561,581
235,824
262,289

201405172130(201405172130)
211,364
492,144
1,561,581
235,824
262,289

201405172131(201405172131)
211,364
492,144
1,561,581
235,824
262,289

201405172132(201405172132)
211,364
492,144
1,561,581
235,824
262,857

201405172139(201405172139)
213,205
492,440
1,568,417
235,980
263,247

201405172140(201405172140)
213,562
492,453
1,568,477
236,611
263,247

201405172141(201405172141)
213,619
492,906
1,568,477
236,807
263,247

201405172142(201405172142)
213,619
492,906
1,568,477
236,807
263,247

201405172149(201405172149)
214,653
495,488
1,568,477
237,157
265,659

201405172150(201405172150)
214,758
495,488
1,568,477
237,834
266,821

201405172151(201405172151)
214,758
495,488
1,568,477
238,269
266,981

201405172152(201405172152)
214,758
495,717
1,568,477
238,269
267,527

201405172159(201405172159)
215,365
495,717
1,568,477
239,247
270,411

201405172200(201405172200)
215,384
497,167
1,568,477
239,648
270,662

201405172201(201405172201)
215,868
497,167
1,568,477
240,405
271,098

201405172202(201405172202)
215,934
497,167
1,568,477
240,956
271,098

201405172209(201405172209)
217,153
498,795
1,577,455
241,812
272,498

201405172210(201405172210)
217,244
498,795
1,577,455
242,141
272,498

201405172211(201405172211)
217,244
498,795
1,577,455
242,141
272,704

201405172212(201405172212)
217,538
498,795
1,577,455
242,499
272,704

201405172219(201405172219)
218,498
498,795
1,633,857
244,471
275,249

201405172220(201405172220)
218,498
498,795
1,633,857
244,515
275,822

201405172221(201405172221)
218,498
498,795
1,633,857
244,528
275,918

201405172222(201405172222)
218,498
498,795
1,633,857
244,528
276,048

201405172229(201405172229)
220,723
499,504
1,649,242
245,249
279,974

201405172230(201405172230)
221,000
499,504
1,650,290
245,351
280,286

201405172231(201405172231)
221,096
499,601
1,650,290
245,351
280,286

201405172232(201405172232)
221,096
499,939
1,650,290
245,351
280,286

201405172239(201405172239)
224,077
502,221
1,650,290
246,179
282,120

201405172240(201405172240)
224,369
502,221
1,650,290
246,814
282,120

201405172241(201405172241)
224,380
502,221
1,650,290
247,411
282,120

201405172242(201405172242)
224,380
503,933
1,650,290
247,483
282,120

201405172249(201405172249)
225,863
504,643
1,650,290
248,901
283,114

201405172250(201405172250)
225,863
504,643
1,650,290
248,901
283,114

201405172251(201405172251)
225,903
504,643
1,650,290
248,945
283,114

201405172252(201405172252)
225,903
504,643
1,650,290
248,945
283,114

201405172259(201405172259)
226,366
504,643
1,650,290
250,536
284,135

201405172300(201405172300)
226,366
504,643
1,650,290
250,536
284,789

201405172301(201405172301)
226,366
504,643
1,650,290
250,536
285,756

201405172302(201405172302)
226,366
505,497
1,650,290
250,536
285,756

201405172309(201405172309)
228,604
507,044
1,650,290
251,874
287,281

201405172310(201405172310)
228,604
507,209
1,650,290
251,955
287,281

201405172311(201405172311)
228,604
507,734
1,650,290
252,238
287,281

201405172312(201405172312)
228,744
507,734
1,650,290
252,725
287,373

201405172319(201405172319)
229,300
507,734
1,650,290
252,881
288,073

201405172320(201405172320)
229,300
508,303
1,650,290
252,881
288,073

201405172321(201405172321)
229,637
508,303
1,650,290
252,881
288,073

201405172322(201405172322)
229,645
508,303
1,650,290
252,881
288,508

201405172329(201405172329)
230,743
508,948
1,658,850
253,651
289,802

201405172330(201405172330)
231,480
508,948
1,659,370
253,651
289,802

201405172331(201405172331)
231,529
508,948
1,659,825
253,651
289,802

201405172332(201405172332)
232,297
508,948
1,667,064
253,748
289,802

201405172339(201405172339)
232,813
508,948
1,690,149
257,706
290,546

201405172340(201405172340)
232,813
508,948
1,690,149
257,706
290,546

201405172341(201405172341)
233,007
509,220
1,690,149
257,827
290,550

201405172342(201405172342)
233,025
509,220
1,690,149
257,827
290,913

201405172349(201405172349)
234,200
511,108
1,690,149
259,303
292,433

201405172350(201405172350)
234,200
512,384
1,701,365
259,303
292,433

201405172351(201405172351)
234,200
513,673
1,701,365
259,303
292,433

201405172352(201405172352)
234,895
513,673
1,701,365
260,482
292,433

201405172359(201405172359)
235,024
514,788
1,701,365
261,211
292,824

201405180000(201405180000)
235,024
514,788
1,701,365
261,211
292,824

201405180001(201405180001)
235,136
514,788
1,701,365
261,211
292,824

201405180002(201405180002)
235,236
515,085
1,701,365
261,211
292,841

201405180009(201405180009)
235,725
517,381
1,708,491
261,637
292,841

201405180010(201405180010)
235,824
517,381
1,708,491
262,011
292,841

201405180011(201405180011)
236,130
517,381
1,709,885
262,011
292,841

201405180012(201405180012)
236,130
517,381
1,709,885
262,011
292,841

201405180019(201405180019)
236,967
520,159
1,709,885
263,247
295,177

201405180020(201405180020)
236,967
520,726
1,709,885
263,247
295,177

201405180021(201405180021)
237,009
521,268
1,709,885
263,247
295,221

201405180022(201405180022)
237,009
521,268
1,709,885
263,502
295,221

201405180029(201405180029)
237,672
522,663
1,709,885
264,505
295,754

201405180030(201405180030)
237,672
522,663
1,709,885
266,821
295,925

201405180031(201405180031)
237,672
522,663
1,709,885
266,821
296,756

201405180032(201405180032)
237,672
524,426
1,709,885
266,981
296,756

201405180039(201405180039)
238,146
524,517
1,709,885
270,064
299,764

201405180040(201405180040)
238,261
524,979
1,709,885
270,064
299,764

201405180041(201405180041)
238,722
524,979
1,709,885
270,064
300,496

201405180042(201405180042)
239,200
524,979
1,709,885
270,230
300,496

201405180049(201405180049)
241,577
527,051
1,709,885
270,694
301,925

201405180050(201405180050)
241,622
527,077
1,709,885
270,694
301,925

201405180051(201405180051)
241,772
527,077
1,709,885
270,884
302,990

201405180052(201405180052)
241,925
527,151
1,709,885
270,884
303,084

201405180059(201405180059)
243,783
528,797
1,709,885
272,193
303,403

201405180100(201405180100)
243,783
529,287
1,710,145
272,193
303,601

201405180101(201405180101)
243,783
529,287
1,711,122
272,498
303,601

201405180102(201405180102)
243,783
530,244
1,715,648
272,498
303,601

201405180109(201405180109)
244,471
535,587
1,715,648
273,438
304,494

201405180110(201405180110)
244,471
535,587
1,715,648
273,438
304,494

201405180111(201405180111)
244,819
535,587
1,715,648
273,831
304,494

201405180112(201405180112)
244,819
535,587
1,715,648
273,831
304,494

201405180119(201405180119)
245,091
537,130
1,715,648
274,026
304,871

201405180120(201405180120)
245,091
537,130
1,715,648
274,026
304,871

201405180121(201405180121)
245,091
537,130
1,715,648
274,920
305,708

201405180122(201405180122)
245,091
537,130
1,727,440
274,920
305,708

201405180129(201405180129)
246,331
538,698
1,727,440
276,298
305,994

201405180130(201405180130)
247,046
538,941
1,727,440
276,298
305,994

201405180131(201405180131)
247,214
538,979
1,727,440
276,298
305,994

201405180132(201405180132)
247,214
538,979
1,727,440
276,298
305,994

201405180139(201405180139)
247,458
541,553
1,727,440
278,327
308,347

201405180140(201405180140)
248,031
541,553
1,727,440
278,327
308,347

201405180141(201405180141)
248,031
541,553
1,727,440
279,543
308,347

201405180142(201405180142)
248,031
542,318
1,727,440
279,543
308,347

201405180149(201405180149)
248,705
543,072
1,727,440
280,789
310,237

201405180150(201405180150)
248,852
543,444
1,727,440
280,802
310,482

201405180151(201405180151)
248,852
543,444
1,727,440
280,802
310,706

201405180152(201405180152)
248,867
544,772
1,727,440
280,802
310,733

201405180159(201405180159)
250,969
544,809
1,727,440
282,389
312,071

201405180200(201405180200)
250,969
545,584
1,727,440
282,515
312,635

201405180201(201405180201)
250,969
545,639
1,727,440
282,515
312,635

201405180202(201405180202)
251,643
545,694
1,727,440
282,515
312,635

201405180209(201405180209)
254,098
549,025
1,727,440
284,276
313,005

201405180210(201405180210)
254,098
549,025
1,727,440
284,276
313,005

201405180211(201405180211)
254,277
550,451
1,727,440
284,276
313,850

201405180212(201405180212)
254,401
550,451
1,727,440
284,276
313,850

201405180219(201405180219)
255,408
552,562
1,750,211
285,048
314,584

201405180220(201405180220)
255,408
552,562
1,753,612
285,048
315,827

201405180221(201405180221)
255,408
552,562
1,787,930
285,048
315,913

201405180222(201405180222)
255,495
552,562
1,804,609
285,048
315,913

201405180229(201405180229)
256,335
554,000
1,804,609
285,548
315,913

201405180230(201405180230)
256,335
554,059
1,804,609
285,548
315,913

201405180231(201405180231)
256,675
554,059
1,804,609
285,548
315,913

201405180232(201405180232)
256,675
554,059
1,804,609
285,548
315,913

201405180239(201405180239)
257,118
556,211
1,804,609
285,951
316,774

201405180240(201405180240)
257,118
556,211
1,804,609
286,045
316,774

201405180241(201405180241)
257,118
556,211
1,804,609
286,148
316,774

201405180242(201405180242)
257,118
556,211
1,804,609
286,148
316,843

201405180249(201405180249)
257,118
558,230
1,804,609
287,126
317,101

201405180250(201405180250)
257,118
558,230
1,804,609
287,126
317,430

201405180251(201405180251)
257,118
558,230
1,804,609
287,386
317,430

201405180252(201405180252)
257,118
558,230
1,804,609
287,386
317,430

201405180259(201405180259)
257,208
558,230
1,804,609
287,873
319,095

201405180300(201405180300)
257,208
558,230
1,804,609
287,873
319,095

201405180301(201405180301)
257,208
558,230
1,804,609
287,873
319,095

201405180302(201405180302)
257,250
558,230
1,804,609
287,888
319,095

201405180309(201405180309)
258,180
558,230
1,804,609
288,430
319,483

201405180310(201405180310)
258,180
558,230
1,804,609
288,508
319,710

201405180311(201405180311)
258,180
558,230
1,804,609
288,508
319,754

201405180312(201405180312)
258,180
558,230
1,804,609
288,508
319,836

201405180319(201405180319)
258,180
558,544
1,804,609
288,508
319,942

201405180320(201405180320)
258,180
558,734
1,804,609
289,592
320,007

201405180321(201405180321)
258,514
559,052
1,804,609
289,615
320,007

201405180322(201405180322)
258,514
559,370
1,804,609
289,615
320,007

201405180329(201405180329)
258,971
559,451
1,804,609
289,615
320,165

201405180330(201405180330)
258,971
559,451
1,804,609
289,615
320,165

201405180331(201405180331)
258,971
559,451
1,804,609
289,615
320,165

201405180332(201405180332)
259,046
559,451
1,804,609
289,615
320,165

201405180339(201405180339)
259,136
559,451
1,804,609
289,827
320,748

201405180340(201405180340)
259,136
559,451
1,804,609
289,947
320,748

201405180341(201405180341)
259,136
560,029
1,804,609
289,947
320,748

201405180342(201405180342)
259,136
560,029
1,804,609
289,947
320,748

201405180349(201405180349)
259,136
560,029
1,804,609
289,998
321,211

201405180350(201405180350)
259,136
560,029
1,804,609
289,998
322,223

201405180351(201405180351)
259,136
560,029
1,804,609
289,998
322,223

201405180352(201405180352)
259,136
560,029
1,804,609
289,998
322,223

201405180359(201405180359)
259,807
560,029
1,804,609
290,008
322,223

201405180400(201405180400)
259,807
560,029
1,822,758
290,010
322,223

201405180401(201405180401)
259,988
560,029
1,825,567
290,010
322,223

201405180402(201405180402)
259,988
560,029
1,830,245
290,010
322,223

201405180409(201405180409)
260,322
560,029
1,830,245
290,157
322,223

201405180410(201405180410)
260,482
560,029
1,830,245
290,157
322,223

201405180411(201405180411)
260,482
560,029
1,830,245
290,550
322,285

201405180412(201405180412)
260,482
560,029
1,830,245
290,550
322,285

201405180419(201405180419)
260,792
560,029
1,830,245
290,868
322,745

201405180420(201405180420)
260,792
560,029
1,830,245
290,868
322,745

201405180421(201405180421)
261,406
560,029
1,830,245
290,913
322,745

201405180422(201405180422)
261,406
560,029
1,830,245
290,913
322,745

201405180429(201405180429)
261,406
560,029
1,830,245
290,913
323,016

201405180430(201405180430)
261,406
560,029
1,830,245
290,913
323,016

201405180431(201405180431)
261,406
560,029
1,830,245
290,913
323,056

201405180432(201405180432)
261,406
560,029
1,830,245
290,913
323,056

201405180439(201405180439)
261,444
560,029
1,830,530
291,145
323,056

201405180440(201405180440)
261,444
560,029
1,830,644
291,145
323,056

201405180441(201405180441)
261,444
560,029
1,830,644
291,145
323,056

201405180442(201405180442)
261,444
560,029
1,830,644
291,349
323,056

201405180449(201405180449)
262,227
560,029
1,830,644
291,973
323,106

201405180450(201405180450)
262,227
560,376
1,830,644
291,973
323,106

201405180451(201405180451)
262,227
560,376
1,830,644
291,973
323,106

201405180452(201405180452)
262,308
560,376
1,830,644
292,123
323,106

201405180459(201405180459)
263,247
560,376
1,830,644
292,433
323,106

201405180500(201405180500)
263,247
560,376
1,830,644
292,433
323,106

201405180501(201405180501)
263,247
560,376
1,830,644
292,433
323,239

201405180502(201405180502)
263,247
560,376
1,830,644
292,433
323,239

201405180509(201405180509)
263,502
560,838
1,830,644
292,841
323,970

201405180510(201405180510)
263,502
560,838
1,830,644
292,841
323,970

201405180511(201405180511)
263,502
560,838
1,830,644
292,841
323,970

201405180512(201405180512)
263,502
560,838
1,830,644
292,841
323,970

201405180519(201405180519)
264,123
560,838
1,830,644
293,325
323,970

201405180520(201405180520)
264,123
560,838
1,830,644
293,325
323,970

201405180521(201405180521)
264,123
560,838
1,830,644
293,325
323,970

201405180522(201405180522)
264,123
560,838
1,830,644
293,325
323,970

201405180529(201405180529)
265,160
561,079
1,830,644
293,438
324,688

201405180530(201405180530)
265,160
561,079
1,830,644
293,438
324,805

201405180531(201405180531)
265,160
561,079
1,830,644
293,438
324,805

201405180532(201405180532)
265,160
561,079
1,830,644
293,438
324,805

201405180539(201405180539)
265,321
561,079
1,830,644
293,438
326,133

201405180540(201405180540)
265,321
561,079
1,830,644
293,438
326,133

201405180541(201405180541)
265,321
561,079
1,830,644
293,438
326,133

201405180542(201405180542)
265,321
561,079
1,830,644
293,438
326,133

201405180549(201405180549)
265,911
561,261
1,830,644
293,791
326,925

201405180550(201405180550)
265,911
561,261
1,830,644
293,791
326,925

201405180551(201405180551)
265,911
561,261
1,830,644
293,791
326,925

201405180552(201405180552)
265,911
561,261
1,830,644
293,791
326,925

201405180559(201405180559)
266,047
562,341
1,830,644
293,791
326,925

201405180600(201405180600)
266,047
562,341
1,830,644
293,791
326,925

201405180601(201405180601)
266,047
562,341
1,830,644
293,791
326,925

201405180602(201405180602)
266,047
562,341
1,830,644
293,791
326,925

201405180609(201405180609)
266,359
562,441
1,844,666
294,493
327,348

201405180610(201405180610)
266,359
562,441
1,844,666
294,493
327,348

201405180611(201405180611)
266,359
562,441
1,844,666
294,493
327,348

201405180612(201405180612)
266,554
562,441
1,844,666
294,493
327,348

201405180619(201405180619)
266,793
563,063
1,844,666
295,575
327,494

201405180620(201405180620)
266,836
563,063
1,844,666
295,575
327,494

201405180621(201405180621)
266,836
563,063
1,844,666
295,754
327,494

201405180622(201405180622)
266,836
563,063
1,844,666
295,754
327,494

201405180629(201405180629)
267,306
563,063
1,859,551
295,925
327,494

201405180630(201405180630)
267,306
563,063
1,859,551
295,925
327,494

201405180631(201405180631)
267,306
563,063
1,859,551
295,925
327,566

201405180632(201405180632)
267,306
563,063
1,859,551
295,925
328,859

201405180639(201405180639)
267,856
563,063
1,859,551
295,925
329,486

201405180640(201405180640)
268,067
563,063
1,859,551
296,243
329,486

201405180641(201405180641)
268,067
563,063
1,859,551
296,243
329,486

201405180642(201405180642)
268,067
563,063
1,859,551
296,243
329,486

201405180649(201405180649)
268,306
563,063
1,859,551
296,243
329,963

201405180650(201405180650)
268,763
563,063
1,859,551
296,422
329,963

201405180651(201405180651)
269,075
563,063
1,859,551
296,422
329,963

201405180652(201405180652)
269,075
563,063
1,859,551
296,422
329,963

201405180659(201405180659)
269,102
563,784
1,859,551
296,894
330,286

201405180700(201405180700)
269,102
563,888
1,859,551
296,894
330,286

201405180701(201405180701)
269,102
563,888
1,859,551
296,894
330,286

201405180702(201405180702)
269,102
563,888
1,859,551
297,238
330,748

201405180709(201405180709)
269,840
563,888
1,859,551
297,238
330,989

201405180710(201405180710)
269,840
563,888
1,859,551
297,238
330,989

201405180711(201405180711)
270,113
563,888
1,859,551
297,238
330,989

201405180712(201405180712)
270,388
563,888
1,859,551
297,529
330,989

201405180719(201405180719)
270,575
563,888
1,859,551
298,583
331,412

201405180720(201405180720)
270,694
563,888
1,859,551
298,849
331,412

201405180721(201405180721)
270,694
563,888
1,859,551
298,849
333,013

201405180722(201405180722)
271,021
563,888
1,859,551
298,849
333,013

201405180729(201405180729)
271,025
565,812
1,859,551
299,940
333,025

201405180730(201405180730)
271,221
565,812
1,859,551
300,093
333,025

201405180731(201405180731)
271,221
565,812
1,859,551
300,093
333,025

201405180732(201405180732)
271,221
565,812
1,859,551
300,759
333,025

201405180739(201405180739)
271,221
567,086
1,859,551
301,080
333,285

201405180740(201405180740)
271,221
567,086
1,859,551
301,080
333,285

201405180741(201405180741)
271,221
567,086
1,859,551
301,080
333,285

201405180742(201405180742)
271,221
567,086
1,859,551
301,080
333,285

201405180749(201405180749)
271,641
567,086
1,859,551
301,648
333,692

201405180750(201405180750)
271,641
567,086
1,859,551
301,648
333,692

201405180751(201405180751)
271,641
567,086
1,859,551
301,875
333,854

201405180752(201405180752)
271,641
567,086
1,859,551
301,875
333,854

201405180759(201405180759)
272,194
571,451
1,859,551
301,925
336,184

201405180800(201405180800)
272,194
571,451
1,859,551
301,925
336,184

201405180801(201405180801)
272,498
571,451
1,859,551
302,176
336,184

201405180802(201405180802)
272,522
571,451
1,859,551
302,470
336,184

201405180809(201405180809)
273,733
572,908
1,859,551
302,747
336,477

201405180810(201405180810)
274,698
572,908
1,859,551
303,033
336,477

201405180811(201405180811)
274,698
572,908
1,859,551
303,033
336,477

201405180812(201405180812)
274,698
572,908
1,859,551
303,033
336,477

201405180819(201405180819)
276,048
574,694
1,859,551
304,296
336,753

201405180820(201405180820)
277,128
574,694
1,859,551
304,296
336,753

201405180821(201405180821)
277,128
574,694
1,859,551
304,296
337,096

201405180822(201405180822)
277,128
574,694
1,859,551
305,470
337,116

201405180829(201405180829)
277,387
576,072
1,859,551
305,808
337,627

201405180830(201405180830)
277,992
576,072
1,859,551
305,808
337,627

201405180831(201405180831)
277,992
576,121
1,859,551
306,557
337,712

201405180832(201405180832)
277,992
576,366
1,859,551
306,557
337,712

201405180839(201405180839)
279,028
578,833
1,881,270
307,721
339,543

201405180840(201405180840)
279,028
578,833
1,881,270
307,721
339,543

201405180841(201405180841)
279,028
578,833
1,881,270
307,721
339,821

201405180842(201405180842)
279,095
578,833
1,881,270
307,837
339,821

201405180849(201405180849)
279,693
581,387
1,913,995
307,851
340,258

201405180850(201405180850)
279,693
581,387
1,926,214
307,851
340,258

201405180851(201405180851)
279,693
581,387
1,926,214
307,851
340,510

201405180852(201405180852)
279,693
581,387
1,926,214
307,960
341,236

201405180859(201405180859)
281,529
581,387
1,926,214
309,284
344,211

201405180900(201405180900)
281,963
581,387
1,926,214
309,284
344,211

201405180901(201405180901)
281,963
581,387
1,926,214
309,284
344,211

201405180902(201405180902)
282,120
581,387
1,926,214
309,681
344,269

201405180909(201405180909)
282,120
582,948
1,926,214
309,686
344,613

201405180910(201405180910)
282,120
584,631
1,926,214
309,686
344,613

201405180911(201405180911)
282,120
586,182
1,926,214
310,267
344,613

201405180912(201405180912)
282,350
586,182
1,926,214
310,267
344,613

201405180919(201405180919)
282,858
587,769
1,926,214
310,733
345,271

201405180920(201405180920)
283,342
587,769
1,926,214
310,733
345,446

201405180921(201405180921)
283,342
591,551
1,926,214
310,733
345,446

201405180922(201405180922)
283,421
591,909
1,926,214
311,054
345,855

201405180929(201405180929)
285,531
592,873
1,926,214
313,005
347,601

201405180930(201405180930)
285,531
592,930
1,926,214
313,005
347,601

201405180931(201405180931)
285,531
592,930
1,926,214
313,005
347,601

201405180932(201405180932)
285,531
593,259
1,926,214
313,186
347,649

201405180939(201405180939)
286,846
593,644
1,926,214
315,913
348,240

201405180940(201405180940)
287,035
593,644
1,926,214
315,913
348,240

201405180941(201405180941)
287,105
593,644
1,926,214
315,913
348,240

201405180942(201405180942)
287,105
593,644
1,926,214
316,018
348,681

201405180949(201405180949)
287,866
594,149
1,926,214
316,351
350,310

201405180950(201405180950)
287,866
594,149
1,926,214
316,351
350,596

201405180951(201405180951)
287,866
594,149
1,926,214
316,351
350,596

201405180952(201405180952)
287,866
594,149
1,926,214
317,612
350,984

201405180959(201405180959)
290,008
595,824
1,926,214
318,670
351,048

201405181000(201405181000)
290,008
595,824
1,926,214
318,772
351,048

201405181001(201405181001)
290,320
595,824
1,926,214
319,600
351,048

201405181002(201405181002)
290,320
595,824
1,926,214
319,600
351,048

201405181009(201405181009)
290,610
597,616
1,932,032
321,211
352,268

201405181010(201405181010)
290,610
597,616
1,950,963
321,211
352,695

201405181011(201405181011)
290,610
597,616
1,950,963
321,211
352,695

201405181012(201405181012)
290,913
597,616
1,950,963
321,211
352,695

201405181019(201405181019)
292,123
597,640
1,952,883
322,475
355,294

201405181020(201405181020)
292,831
597,640
1,952,883
322,745
355,294

201405181021(201405181021)
292,841
597,640
1,952,883
322,745
355,294

201405181022(201405181022)
292,841
597,640
1,952,883
322,877
355,294

201405181029(201405181029)
293,325
598,071
1,952,883
323,016
356,086

201405181030(201405181030)
293,325
598,071
1,952,883
323,016
356,377

201405181031(201405181031)
293,325
598,071
1,952,883
323,056
356,610

201405181032(201405181032)
293,325
598,071
1,952,883
323,056
356,748

201405181039(201405181039)
293,845
598,500
1,952,883
323,539
357,858

201405181040(201405181040)
293,845
598,500
1,952,883
323,565
357,858

201405181041(201405181041)
293,845
598,788
1,952,883
323,565
357,858

201405181042(201405181042)
293,845
598,788
1,952,883
323,565
357,858

201405181049(201405181049)
295,543
600,785
1,976,044
324,515
357,945

201405181050(201405181050)
295,543
600,785
1,976,044
324,515
357,945

201405181051(201405181051)
295,543
601,028
1,976,044
324,515
357,945

201405181052(201405181052)
295,543
601,028
1,976,044
324,515
357,945

201405181059(201405181059)
295,754
601,028
1,976,044
324,515
359,120

201405181100(201405181100)
295,815
601,570
1,976,044
324,515
360,262

201405181101(201405181101)
295,824
601,570
1,976,044
324,515
360,311

201405181102(201405181102)
295,824
601,570
1,976,044
324,515
360,515

201405181109(201405181109)
296,422
601,570
1,976,044
324,723
361,626

201405181110(201405181110)
296,422
601,570
1,976,044
324,723
361,747

201405181111(201405181111)
296,422
601,570
1,976,044
324,805
361,903

201405181112(201405181112)
297,378
601,570
1,978,783
325,921
362,087

201405181119(201405181119)
297,529
601,570
1,978,783
326,925
364,068

201405181120(201405181120)
298,373
601,570
1,978,783
326,927
364,068

201405181121(201405181121)
298,373
601,570
1,978,783
326,927
364,141

201405181122(201405181122)
298,373
601,570
1,978,783
327,348
364,141

201405181129(201405181129)
298,373
603,202
1,978,783
328,094
365,206

201405181130(201405181130)
298,373
603,202
1,978,783
328,094
365,206

201405181131(201405181131)
298,373
603,202
1,978,783
328,094
365,206

201405181132(201405181132)
298,373
604,771
1,978,783
328,094
365,927

201405181139(201405181139)
299,855
604,771
1,978,783
329,582
367,079

201405181140(201405181140)
299,908
604,771
1,984,329
331,457
367,079

201405181141(201405181141)
300,038
604,912
1,984,382
331,662
367,410

201405181142(201405181142)
300,038
604,912
1,984,541
332,086
367,491

201405181149(201405181149)
300,947
605,401
1,985,071
332,836
367,727

201405181150(201405181150)
301,051
605,401
1,985,124
332,879
367,727

201405181151(201405181151)
301,147
605,401
1,985,124
333,285
367,727

201405181152(201405181152)
301,147
605,401
1,985,124
333,285
367,727

201405181159(201405181159)
302,335
608,695
1,985,177
333,798
368,570

201405181200(201405181200)
302,385
608,695
1,985,177
333,798
368,570

201405181201(201405181201)
302,385
608,695
1,985,177
333,798
368,870

201405181202(201405181202)
302,435
608,695
1,985,177
333,798
368,870

201405181209(201405181209)
302,747
608,695
1,985,177
335,180
369,671

201405181210(201405181210)
302,790
608,695
1,985,283
335,180
369,671

201405181211(201405181211)
303,258
608,695
1,988,010
335,180
369,671

201405181212(201405181212)
304,201
608,695
1,995,075
335,180
369,671

201405181219(201405181219)
304,618
609,037
1,995,237
335,400
369,671

201405181220(201405181220)
304,696
609,037
1,995,237
335,547
369,920

201405181221(201405181221)
304,698
609,037
1,995,237
335,662
370,035

201405181222(201405181222)
304,698
609,550
1,995,237
335,662
371,536

201405181229(201405181229)
304,875
613,791
1,995,237
336,477
372,372

201405181230(201405181230)
304,875
613,791
1,995,237
336,477
372,963

201405181231(201405181231)
304,875
614,359
1,995,237
336,477
372,963

201405181232(201405181232)
304,875
614,359
1,995,237
336,753
372,963

201405181239(201405181239)
305,808
614,359
2,006,832
337,627
373,268

201405181240(201405181240)
306,529
614,359
2,006,832
337,712
373,456

201405181241(201405181241)
306,529
614,359
2,006,832
337,712
374,681

201405181242(201405181242)
306,557
614,359
2,006,832
337,769
374,733

201405181249(201405181249)
307,250
615,788
2,006,832
337,769
376,543

201405181250(201405181250)
307,335
615,788
2,006,832
338,465
376,543

201405181251(201405181251)
307,384
615,996
2,006,832
338,465
376,543

201405181252(201405181252)
307,721
615,996
2,006,832
338,465
376,543

201405181259(201405181259)
308,201
618,618
2,006,832
338,465
376,730

201405181300(201405181300)
308,201
622,847
2,014,592
338,916
376,730

201405181301(201405181301)
309,695
622,847
2,014,592
338,916
376,730

201405181302(201405181302)
309,695
622,847
2,014,592
338,916
376,730

201405181309(201405181309)
310,733
623,328
2,014,592
339,536
377,556

201405181310(201405181310)
310,733
623,328
2,014,592
339,536
377,556

201405181311(201405181311)
310,733
623,661
2,014,592
339,536
377,619

201405181312(201405181312)
311,045
623,661
2,028,086
340,748
378,198

201405181319(201405181319)
311,741
625,909
2,028,086
341,236
379,061

201405181320(201405181320)
311,741
625,909
2,028,086
341,747
379,061

201405181321(201405181321)
311,741
625,909
2,028,086
341,795
379,358

201405181322(201405181322)
311,741
625,909
2,028,086
341,795
379,358

201405181329(201405181329)
312,405
625,909
2,028,086
342,157
379,379

201405181330(201405181330)
312,405
625,909
2,028,086
342,851
379,379

201405181331(201405181331)
312,405
625,909
2,028,086
342,851
379,379

201405181332(201405181332)
313,138
626,201
2,028,086
342,851
379,379

201405181339(201405181339)
314,535
626,224
2,028,086
348,240
379,987

201405181340(201405181340)
314,835
626,224
2,028,086
348,240
380,033

201405181341(201405181341)
314,835
626,250
2,028,086
348,240
380,033

201405181342(201405181342)
314,835
626,250
2,028,086
348,240
380,033

201405181349(201405181349)
316,667
629,234
2,028,086
349,923
380,259

201405181350(201405181350)
316,792
629,430
2,028,086
350,596
380,937

201405181351(201405181351)
316,792
629,430
2,028,086
350,596
380,937

201405181352(201405181352)
316,792
629,430
2,028,086
350,596
381,202

201405181359(201405181359)
317,855
630,761
2,028,086
351,075
381,788

201405181400(201405181400)
317,855
630,761
2,028,086
351,075
382,032

201405181401(201405181401)
318,741
630,761
2,028,086
352,268
382,032

201405181402(201405181402)
318,741
630,761
2,028,086
352,414
382,032

201405181409(201405181409)
320,091
632,276
2,028,086
352,478
382,843

201405181410(201405181410)
320,091
632,442
2,028,086
352,478
382,843

201405181411(201405181411)
320,102
632,442
2,028,086
352,514
383,121

201405181412(201405181412)
320,102
632,442
2,028,086
352,514
383,314

201405181419(201405181419)
320,224
632,442
2,028,086
354,040
384,970

201405181420(201405181420)
320,224
632,442
2,028,086
354,040
385,033

201405181421(201405181421)
320,224
632,442
2,031,388
354,040
385,033

201405181422(201405181422)
320,224
632,442
2,031,388
354,040
385,120

201405181429(201405181429)
320,237
635,561
2,031,388
354,370
385,123

201405181430(201405181430)
321,118
635,561
2,031,388
354,371
385,392

201405181431(201405181431)
321,211
635,561
2,031,388
354,371
385,392

201405181432(201405181432)
321,211
636,067
2,031,388
354,371
385,817

201405181439(201405181439)
322,505
636,067
2,031,388
355,983
387,190

201405181440(201405181440)
322,666
639,292
2,031,388
356,056
387,190

201405181441(201405181441)
322,666
639,684
2,031,388
356,056
387,190

201405181442(201405181442)
322,745
639,684
2,031,388
357,414
387,190

201405181449(201405181449)
323,285
648,567
2,031,520
359,689
387,636

201405181450(201405181450)
323,285
648,738
2,031,520
359,768
387,636

201405181451(201405181451)
323,285
648,795
2,031,520
359,768
387,636

201405181452(201405181452)
323,285
648,795
2,031,520
359,768
387,636

201405181459(201405181459)
325,691
651,164
2,036,958
361,108
388,212

201405181500(201405181500)
326,095
651,164
2,036,958
361,108
388,212

201405181501(201405181501)
326,095
651,164
2,036,958
361,108
388,212

201405181502(201405181502)
326,095
651,164
2,036,958
361,108
388,212

201405181509(201405181509)
327,023
653,434
2,036,958
361,295
389,619

201405181510(201405181510)
328,582
653,434
2,036,958
361,295
389,989

201405181511(201405181511)
328,582
653,434
2,036,958
361,295
389,989

201405181512(201405181512)
328,582
653,434
2,036,958
361,427
389,989

201405181519(201405181519)
328,582
656,732
2,036,958
362,751
390,598

201405181520(201405181520)
328,582
656,732
2,036,958
363,171
390,651

201405181521(201405181521)
328,838
656,732
2,036,958
363,171
390,681

201405181522(201405181522)
328,984
656,732
2,036,958
363,364
390,681

201405181529(201405181529)
329,607
657,804
2,065,879
363,902
391,466

201405181530(201405181530)
329,607
657,804
2,065,879
363,902
391,466

201405181531(201405181531)
329,607
657,804
2,065,879
363,902
392,133

201405181532(201405181532)
329,607
657,804
2,065,879
363,902
392,133

201405181539(201405181539)
329,957
657,934
2,065,879
364,063
392,299

201405181540(201405181540)
329,957
657,934
2,065,879
364,063
392,299

201405181541(201405181541)
329,957
657,934
2,065,879
364,063
392,299

201405181542(201405181542)
331,340
657,934
2,065,879
364,442
392,479

201405181549(201405181549)
331,340
658,363
2,065,879
365,211
394,571

201405181550(201405181550)
331,457
658,363
2,065,879
365,466
395,130

201405181551(201405181551)
332,123
658,363
2,065,879
365,568
395,130

201405181552(201405181552)
332,411
658,363
2,065,879
365,825
395,130

201405181559(201405181559)
333,504
658,673
2,065,879
367,491
395,153

201405181600(201405181600)
333,504
658,673
2,065,879
367,491
395,508

201405181601(201405181601)
333,823
659,810
2,065,879
367,491
395,835

201405181602(201405181602)
333,823
659,810
2,065,879
367,491
396,269

201405181609(201405181609)
334,326
662,168
2,065,879
369,413
396,808

201405181610(201405181610)
334,440
662,168
2,065,879
369,413
396,808

201405181611(201405181611)
334,440
662,168
2,067,359
369,413
396,808

201405181612(201405181612)
334,440
662,168
2,067,419
369,920
396,808

201405181619(201405181619)
335,400
662,211
2,074,949
370,071
397,695

201405181620(201405181620)
335,400
662,211
2,074,949
370,071
397,695

201405181621(201405181621)
335,547
662,211
2,074,949
370,668
397,695

201405181622(201405181622)
335,547
662,261
2,074,949
370,668
397,695

201405181629(201405181629)
335,886
662,729
2,074,949
371,167
397,916

201405181630(201405181630)
335,886
663,688
2,074,949
371,947
397,916

201405181631(201405181631)
335,886
663,688
2,074,949
371,947
397,916

201405181632(201405181632)
335,886
663,688
2,074,949
371,947
397,916

201405181639(201405181639)
335,886
665,712
2,074,949
372,143
400,072

201405181640(201405181640)
335,886
665,712
2,074,949
372,143
400,123

201405181641(201405181641)
335,886
665,712
2,074,949
372,143
400,327

201405181642(201405181642)
336,355
665,712
2,074,949
373,296
400,407

201405181649(201405181649)
336,355
667,174
2,074,949
373,296
400,407

201405181650(201405181650)
336,355
667,174
2,074,949
373,296
400,407

201405181651(201405181651)
336,693
667,174
2,074,949
373,296
400,407

201405181652(201405181652)
336,693
667,174
2,074,949
373,296
400,407

201405181659(201405181659)
336,693
668,358
2,074,949
373,296
400,582

201405181700(201405181700)
336,693
668,748
2,074,949
373,542
400,582

201405181701(201405181701)
336,693
670,727
2,074,949
373,542
400,582

201405181702(201405181702)
336,693
670,727
2,074,949
373,594
400,582

201405181709(201405181709)
336,846
674,726
2,074,949
374,111
401,252

201405181710(201405181710)
336,846
674,726
2,074,949
374,111
401,252

201405181711(201405181711)
336,846
674,726
2,074,949
374,111
401,252

201405181712(201405181712)
336,846
674,726
2,074,949
374,111
401,252

