201405151720(201405151720)
2,737
4,299
8,050
3,011
3,012

201405151721(201405151721)
2,871
4,508
8,542
3,011
3,177

201405151722(201405151722)
2,987
4,841
9,000
3,162
3,324

201405151729(201405151729)
3,828
6,062
12,704
4,110
4,225

201405151730(201405151730)
3,926
6,195
13,594
4,110
4,354

201405151731(201405151731)
4,032
6,332
14,191
4,248
4,473

201405151732(201405151732)
4,146
6,590
14,704
4,361
4,671

201405151739(201405151739)
4,712
7,828
19,771
4,902
5,267

201405151740(201405151740)
4,783
8,076
20,381
5,060
5,373

201405151741(201405151741)
4,858
8,224
21,105
5,171
5,482

201405151742(201405151742)
4,902
8,385
22,078
5,208
5,638

201405151749(201405151749)
5,486
9,807
27,460
5,799
6,098

201405151750(201405151750)
5,605
9,969
27,460
5,847
6,183

201405151751(201405151751)
5,665
10,198
28,464
5,950
6,258

201405151752(201405151752)
5,702
10,356
29,517
6,003
6,361

201405151759(201405151759)
6,124
11,858
35,183
6,455
6,913

201405151800(201405151800)
6,215
12,044
35,597
6,557
7,045

201405151801(201405151801)
6,272
12,138
37,410
6,607
7,140

201405151802(201405151802)
6,332
12,237
37,410
6,681
7,198

201405151809(201405151809)
6,686
13,145
40,964
7,184
7,740

201405151810(201405151810)
6,756
13,340
41,218
7,255
7,792

201405151811(201405151811)
6,854
13,512
42,372
7,374
7,838

201405151812(201405151812)
6,891
13,803
42,483
7,374
7,890

201405151819(201405151819)
7,344
14,995
46,895
7,828
8,386

201405151820(201405151820)
7,434
15,153
46,895
7,917
8,447

201405151821(201405151821)
7,499
15,406
48,552
7,953
8,548

201405151822(201405151822)
7,529
15,845
49,912
8,001
8,688

201405151829(201405151829)
7,911
16,995
55,309
8,462
9,197

201405151830(201405151830)
7,953
17,095
56,657
8,539
9,220

201405151831(201405151831)
8,001
17,183
57,524
8,583
9,274

201405151832(201405151832)
8,062
17,273
57,562
8,695
9,360

201405151839(201405151839)
8,499
18,882
61,691
9,146
9,824

201405151840(201405151840)
8,585
18,882
63,377
9,209
9,855

201405151841(201405151841)
8,680
19,047
64,027
9,264
9,965

201405151842(201405151842)
8,733
19,147
64,167
9,324
10,090

201405151849(201405151849)
9,245
20,248
68,462
9,810
10,602

201405151850(201405151850)
9,274
20,609
68,956
9,839
10,665

201405151851(201405151851)
9,319
20,719
72,046
9,904
10,741

201405151852(201405151852)
9,338
20,867
72,046
9,973
10,808

201405151859(201405151859)
9,733
21,795
74,734
10,522
11,468

201405151900(201405151900)
9,798
21,829
75,021
10,543
11,590

201405151901(201405151901)
9,807
21,892
76,451
10,602
11,648

201405151902(201405151902)
9,828
22,007
76,619
10,660
11,767

201405151909(201405151909)
10,327
23,384
78,835
11,294
12,391

201405151910(201405151910)
10,369
23,452
79,226
11,320
12,426

201405151911(201405151911)
10,447
23,555
79,386
11,418
12,576

201405151912(201405151912)
10,646
23,594
79,599
11,499
12,592

201405151919(201405151919)
10,903
25,270
82,191
11,963
13,036

201405151920(201405151920)
10,954
25,419
82,613
12,001
13,085

201405151921(201405151921)
11,039
25,521
83,612
12,099
13,140

201405151922(201405151922)
11,103
25,543
84,682
12,158
13,294

201405151929(201405151929)
11,423
26,631
90,360
12,426
13,597

201405151930(201405151930)
11,507
26,849
90,943
12,558
13,750

201405151931(201405151931)
11,549
27,107
91,287
12,644
13,804

201405151932(201405151932)
11,683
27,282
91,503
12,757
13,899

201405151939(201405151939)
12,179
28,757
98,767
13,258
14,768

201405151940(201405151940)
12,212
28,920
98,767
13,313
14,889

201405151941(201405151941)
12,341
29,282
98,767
13,408
15,025

201405151942(201405151942)
12,341
29,567
98,899
13,408
15,025

201405151949(201405151949)
12,758
30,517
101,431
13,853
15,512

201405151950(201405151950)
12,762
30,726
102,252
13,965
15,602

201405151951(201405151951)
12,828
30,949
103,440
14,041
15,709

201405151952(201405151952)
12,879
30,983
103,810
14,080
15,790

201405151959(201405151959)
13,404
32,247
107,750
14,828
16,460

201405152000(201405152000)
13,456
32,462
108,107
14,900
16,555

201405152001(201405152001)
13,597
32,892
109,997
14,950
16,636

201405152002(201405152002)
13,597
33,036
109,997
15,039
16,652

201405152009(201405152009)
14,206
35,531
114,775
15,825
17,412

201405152010(201405152010)
14,421
35,783
115,534
15,947
17,463

201405152011(201405152011)
14,506
36,063
115,710
15,947
17,592

201405152012(201405152012)
14,537
36,074
116,438
16,033
17,616

201405152019(201405152019)
15,085
37,381
119,368
16,501
18,272

201405152020(201405152020)
15,153
37,704
119,368
16,579
18,303

201405152021(201405152021)
15,206
37,835
119,368
16,626
18,348

201405152022(201405152022)
15,263
38,016
120,270
16,652
18,444

201405152029(201405152029)
15,996
39,035
127,362
17,465
19,285

201405152030(201405152030)
15,996
39,035
128,610
17,495
19,369

201405152031(201405152031)
16,016
39,830
128,610
17,592
19,440

201405152032(201405152032)
16,124
39,888
129,040
17,644
19,600

201405152039(201405152039)
16,636
40,630
134,470
18,348
20,261

201405152040(201405152040)
16,731
40,672
136,387
18,470
20,479

201405152041(201405152041)
16,924
40,823
136,975
18,523
20,479

201405152042(201405152042)
16,983
40,884
137,251
18,595
20,510

201405152049(201405152049)
17,381
42,458
140,973
19,190
21,306

201405152050(201405152050)
17,424
42,600
141,944
19,370
21,373

201405152051(201405152051)
17,510
42,785
141,989
19,615
21,393

201405152052(201405152052)
17,687
42,843
142,827
19,698
21,677

201405152059(201405152059)
18,396
43,793
148,487
20,236
22,560

201405152100(201405152100)
18,523
43,891
149,774
20,336
22,636

201405152101(201405152101)
18,678
44,208
150,103
20,422
22,872

201405152102(201405152102)
18,874
44,453
152,712
20,510
22,973

201405152109(201405152109)
19,522
45,640
156,132
21,404
23,729

201405152110(201405152110)
19,684
45,846
156,172
21,544
23,817

201405152111(201405152111)
19,699
45,848
156,172
21,705
24,039

201405152112(201405152112)
19,780
45,848
156,172
21,731
24,137

201405152119(201405152119)
20,368
46,595
156,765
22,405
24,862

201405152120(201405152120)
20,450
46,704
157,680
22,540
24,996

201405152121(201405152121)
20,587
46,984
157,680
22,592
25,213

201405152122(201405152122)
20,786
47,175
159,022
22,733
25,298

201405152129(201405152129)
21,393
48,636
160,401
23,489
25,842

201405152130(201405152130)
21,544
48,683
161,788
23,551
25,967

201405152131(201405152131)
21,544
49,031
161,788
23,551
25,967

201405152132(201405152132)
21,599
49,112
163,399
23,633
26,116

201405152139(201405152139)
22,299
49,838
165,316
24,421
26,554

201405152140(201405152140)
22,437
50,005
165,316
24,606
26,618

201405152141(201405152141)
22,437
50,005
165,316
24,692
26,904

201405152142(201405152142)
22,563
50,194
165,446
24,728
26,904

201405152149(201405152149)
23,212
51,478
171,678
25,375
27,256

201405152150(201405152150)
23,302
51,586
172,371
25,454
27,326

201405152151(201405152151)
23,355
51,677
173,531
25,542
27,525

201405152152(201405152152)
23,384
51,741
173,533
25,602
27,689

201405152159(201405152159)
24,140
52,815
176,769
26,131
28,221

201405152200(201405152200)
24,328
52,852
176,910
26,209
28,527

201405152201(201405152201)
24,420
52,954
177,195
26,227
28,619

201405152202(201405152202)
24,456
53,146
177,240
26,350
28,874

201405152209(201405152209)
24,831
53,824
178,761
26,699
29,393

201405152210(201405152210)
24,938
53,852
178,761
26,816
29,482

201405152211(201405152211)
25,059
54,019
178,761
26,920
29,491

201405152212(201405152212)
25,140
54,094
178,761
26,949
29,574

201405152219(201405152219)
25,511
54,971
182,382
27,483
30,118

201405152220(201405152220)
25,542
55,344
183,406
27,541
30,199

201405152221(201405152221)
25,646
55,344
183,406
27,689
30,290

201405152222(201405152222)
25,676
55,403
183,406
27,728
30,550

201405152229(201405152229)
25,943
56,142
185,481
28,337
31,210

201405152230(201405152230)
26,088
56,511
185,864
28,348
31,273

201405152231(201405152231)
26,122
56,949
186,507
28,527
31,348

201405152232(201405152232)
26,199
57,113
188,659
28,604
31,452

201405152239(201405152239)
26,575
58,345
197,094
29,231
32,634

201405152240(201405152240)
26,632
58,742
199,604
29,543
32,838

201405152241(201405152241)
26,817
58,863
200,926
29,620
33,031

201405152242(201405152242)
26,847
58,863
201,146
29,620
33,191

201405152249(201405152249)
27,689
59,966
212,124
30,183
33,947

201405152250(201405152250)
27,689
60,390
212,444
30,199
34,029

201405152251(201405152251)
27,955
60,478
214,650
30,300
34,096

201405152252(201405152252)
28,151
60,852
217,201
30,715
34,196

201405152259(201405152259)
28,604
61,691
220,935
31,418
34,892

201405152300(201405152300)
28,698
61,692
221,696
31,470
35,002

201405152301(201405152301)
28,747
62,352
221,946
31,745
35,061

201405152302(201405152302)
28,806
62,352
224,792
31,819
35,163

201405152309(201405152309)
29,482
63,445
227,739
32,644
36,060

201405152310(201405152310)
29,575
63,465
227,801
32,894
36,137

201405152311(201405152311)
29,655
63,656
227,801
33,170
36,450

201405152312(201405152312)
29,769
63,979
227,801
33,302
36,750

201405152319(201405152319)
30,290
64,652
227,801
34,089
37,403

201405152320(201405152320)
30,300
64,652
234,460
34,096
37,403

201405152321(201405152321)
30,531
64,652
234,754
34,120
37,428

201405152322(201405152322)
30,630
64,809
237,037
34,196
37,428

201405152329(201405152329)
31,151
65,418
246,723
34,856
38,148

201405152330(201405152330)
31,304
65,618
249,260
34,893
38,169

201405152331(201405152331)
31,401
65,907
252,397
34,917
38,432

201405152332(201405152332)
31,650
66,207
252,691
35,012
38,605

201405152339(201405152339)
32,355
66,621
261,573
35,481
39,232

201405152340(201405152340)
32,438
66,689
262,107
35,571
39,403

201405152341(201405152341)
32,542
67,276
262,286
35,666
39,728

201405152342(201405152342)
32,657
67,627
262,286
35,673
39,739

201405152349(201405152349)
33,486
69,375
265,319
36,315
40,441

201405152350(201405152350)
33,617
69,699
266,228
36,528
40,454

201405152351(201405152351)
33,669
70,095
266,228
36,803
40,578

201405152352(201405152352)
33,760
70,268
266,259
36,881
40,870

201405152359(201405152359)
34,668
71,414
271,967
37,737
41,359

201405160000(201405160000)
34,893
71,803
274,099
37,839
41,709

201405160001(201405160001)
34,902
72,509
274,399
38,133
41,912

201405160002(201405160002)
34,986
72,509
274,599
38,253
41,918

201405160009(201405160009)
35,571
73,829
278,817
38,969
42,523

201405160010(201405160010)
35,651
73,829
278,817
39,015
42,566

201405160011(201405160011)
35,686
74,279
281,397
39,079
42,750

201405160012(201405160012)
35,844
74,556
283,285
39,339
42,844

201405160019(201405160019)
36,137
75,797
285,208
39,995
43,416

201405160020(201405160020)
36,285
75,822
287,760
40,068
43,649

201405160021(201405160021)
36,850
76,161
289,662
40,257
43,768

201405160022(201405160022)
37,098
76,242
289,802
40,454
43,902

201405160029(201405160029)
37,575
77,179
290,550
41,002
44,517

201405160030(201405160030)
37,662
77,240
290,550
41,104
44,565

201405160031(201405160031)
37,688
77,476
298,260
41,133
44,654

201405160032(201405160032)
37,757
77,620
300,772
41,185
44,671

201405160039(201405160039)
38,341
78,231
301,558
41,709
45,359

201405160040(201405160040)
38,432
78,534
301,558
41,816
45,441

201405160041(201405160041)
38,445
78,709
301,558
41,896
45,474

201405160042(201405160042)
38,633
78,875
301,558
41,975
45,769

201405160049(201405160049)
38,633
78,875
313,311
41,975
45,769

201405160050(201405160050)
39,412
80,589
313,311
42,581
46,278

201405160051(201405160051)
39,677
80,589
313,566
42,593
46,362

201405160052(201405160052)
39,739
80,589
319,131
42,603
46,554

201405160059(201405160059)
39,995
81,389
328,461
43,339
46,762

201405160100(201405160100)
40,185
81,563
328,461
43,339
46,776

201405160101(201405160101)
40,267
81,563
328,461
43,380
46,859

201405160102(201405160102)
40,378
81,986
328,461
43,380
47,007

201405160109(201405160109)
40,886
84,308
335,690
43,879
47,539

201405160110(201405160110)
40,973
84,551
335,690
43,902
47,606

201405160111(201405160111)
41,133
84,739
335,690
44,084
47,652

201405160112(201405160112)
41,209
85,031
335,690
44,158
47,684

201405160119(201405160119)
41,708
86,296
344,304
44,856
48,212

201405160120(201405160120)
41,709
86,381
347,194
44,907
48,305

201405160121(201405160121)
41,711
86,460
347,439
44,932
48,342

201405160122(201405160122)
41,811
86,502
352,786
44,973
48,416

201405160129(201405160129)
42,040
86,931
366,323
45,359
48,939

201405160130(201405160130)
42,070
87,039
366,323
45,373
49,049

201405160131(201405160131)
42,070
87,039
366,323
45,391
49,132

201405160132(201405160132)
42,227
87,039
366,323
45,397
49,174

201405160139(201405160139)
42,523
88,293
368,843
45,710
49,587

201405160140(201405160140)
42,523
88,498
368,993
45,725
49,642

201405160141(201405160141)
42,560
88,527
369,243
45,769
49,642

201405160142(201405160142)
42,603
88,527
369,333
45,832
49,672

201405160149(201405160149)
42,871
89,304
369,333
46,132
50,140

201405160150(201405160150)
42,871
89,395
369,333
46,132
50,172

201405160151(201405160151)
42,871
89,621
369,333
46,148
50,218

201405160152(201405160152)
42,953
89,621
369,333
46,148
50,234

201405160159(201405160159)
43,339
90,001
373,778
46,525
50,460

201405160200(201405160200)
43,350
90,109
373,878
46,659
50,587

201405160201(201405160201)
43,389
90,118
373,978
46,738
50,587

201405160202(201405160202)
43,486
90,118
373,978
46,775
50,738

201405160209(201405160209)
43,780
90,418
375,093
46,979
51,036

201405160210(201405160210)
43,862
90,418
375,093
46,979
51,036

201405160211(201405160211)
43,896
90,745
377,117
47,008
51,036

201405160212(201405160212)
43,896
90,745
377,117
47,053
51,061

201405160219(201405160219)
44,158
92,072
382,644
47,529
51,368

201405160220(201405160220)
44,158
92,350
382,644
47,529
51,586

201405160221(201405160221)
44,238
92,609
388,272
47,529
51,677

201405160222(201405160222)
44,271
92,609
388,272
47,529
51,677

201405160229(201405160229)
44,820
93,621
388,502
48,002
51,973

201405160230(201405160230)
44,824
93,825
388,502
48,054
51,973

201405160231(201405160231)
44,824
94,132
388,502
48,119
52,088

201405160232(201405160232)
44,831
94,261
388,502
48,126
52,088

201405160239(201405160239)
45,269
95,818
399,525
48,357
52,672

201405160240(201405160240)
45,340
96,030
399,525
48,403
52,779

201405160241(201405160241)
45,373
96,255
408,697
48,592
52,799

201405160242(201405160242)
45,397
96,255
408,697
48,711
52,815

201405160249(201405160249)
45,769
97,203
409,445
48,927
53,061

201405160250(201405160250)
45,769
97,228
409,445
48,939
53,096

201405160251(201405160251)
45,828
97,228
409,445
48,991
53,238

201405160252(201405160252)
45,832
97,228
409,445
49,063
53,340

201405160259(201405160259)
46,030
97,476
417,609
49,256
53,758

201405160300(201405160300)
46,030
97,558
417,609
49,347
53,852

201405160301(201405160301)
46,030
98,147
417,609
49,347
53,855

201405160302(201405160302)
46,031
98,147
417,609
49,347
53,948

201405160309(201405160309)
46,399
98,774
417,609
49,730
54,405

201405160310(201405160310)
46,414
98,774
418,047
49,804
54,405

201405160311(201405160311)
46,470
98,774
418,047
49,804
54,455

201405160312(201405160312)
46,510
98,774
418,047
49,908
54,646

201405160319(201405160319)
46,680
99,093
418,047
50,247
54,814

201405160320(201405160320)
46,719
99,381
418,047
50,273
54,965

201405160321(201405160321)
46,738
99,381
418,047
50,274
55,030

201405160322(201405160322)
46,775
99,381
418,047
50,291
55,030

201405160329(201405160329)
46,997
100,578
419,980
50,638
55,366

201405160330(201405160330)
47,008
100,578
419,980
50,732
55,371

201405160331(201405160331)
47,009
100,578
419,980
50,989
55,427

201405160332(201405160332)
47,039
100,578
419,980
51,014
55,517

201405160339(201405160339)
47,419
101,436
419,980
51,482
55,750

201405160340(201405160340)
47,519
101,436
419,980
51,482
55,750

201405160341(201405160341)
47,519
101,608
419,980
51,509
55,898

201405160342(201405160342)
47,519
101,677
419,980
51,509
55,909

201405160349(201405160349)
47,580
102,591
419,980
51,677
56,037

201405160350(201405160350)
47,580
102,591
419,980
51,691
56,037

201405160351(201405160351)
47,606
102,675
419,980
51,743
56,235

201405160352(201405160352)
47,606
102,675
420,970
51,743
56,267

201405160359(201405160359)
47,707
103,065
425,287
51,851
56,333

201405160400(201405160400)
47,707
103,065
425,287
51,851
56,333

201405160401(201405160401)
47,707
103,065
425,287
51,855
56,333

201405160402(201405160402)
47,707
103,370
425,287
51,855
56,333

201405160409(201405160409)
47,893
103,370
430,076
52,074
56,389

201405160410(201405160410)
47,893
103,623
430,077
52,088
56,438

201405160411(201405160411)
48,008
103,640
430,077
52,088
56,438

201405160412(201405160412)
48,008
103,640
431,763
52,088
56,438

201405160419(201405160419)
48,133
104,202
435,853
52,209
56,507

201405160420(201405160420)
48,133
104,202
436,108
52,412
56,511

201405160421(201405160421)
48,133
104,202
436,108
52,415
56,569

201405160422(201405160422)
48,133
104,202
436,210
52,448
56,573

201405160429(201405160429)
48,190
104,202
439,571
52,468
56,612

201405160430(201405160430)
48,190
104,202
439,571
52,522
56,612

201405160431(201405160431)
48,199
104,411
439,571
52,555
56,668

201405160432(201405160432)
48,286
104,456
439,571
52,555
56,668

201405160439(201405160439)
48,357
104,661
439,571
52,735
56,933

201405160440(201405160440)
48,357
104,804
439,571
52,735
56,933

201405160441(201405160441)
48,357
104,804
439,571
52,779
56,933

201405160442(201405160442)
48,357
104,804
439,571
52,779
56,933

201405160449(201405160449)
48,711
105,374
444,945
52,779
57,107

201405160450(201405160450)
48,720
105,502
444,945
52,799
57,107

201405160451(201405160451)
48,720
105,502
444,945
52,849
57,107

201405160452(201405160452)
48,874
105,502
444,945
52,849
57,107

201405160459(201405160459)
49,049
105,592
444,945
52,931
57,136

201405160500(201405160500)
49,063
105,592
444,945
52,997
57,144

201405160501(201405160501)
49,132
105,592
444,945
52,997
57,144

201405160502(201405160502)
49,172
105,592
444,945
52,997
57,144

201405160509(201405160509)
49,322
105,913
444,945
53,066
57,236

201405160510(201405160510)
49,347
105,913
444,945
53,096
57,236

201405160511(201405160511)
49,347
105,913
444,945
53,146
57,236

201405160512(201405160512)
49,467
106,116
444,945
53,146
57,236

201405160519(201405160519)
49,641
106,723
447,018
53,596
57,379

201405160520(201405160520)
49,641
106,723
447,018
53,600
57,461

201405160521(201405160521)
49,641
106,723
447,018
53,612
57,461

201405160522(201405160522)
49,667
106,723
447,018
53,662
57,461

201405160529(201405160529)
49,908
106,780
447,018
53,759
57,717

201405160530(201405160530)
49,908
106,873
447,018
53,984
57,717

201405160531(201405160531)
50,062
106,873
447,018
53,984
57,753

201405160532(201405160532)
50,062
106,965
447,018
54,010
57,753

201405160539(201405160539)
50,273
107,245
447,018
54,269
58,049

201405160540(201405160540)
50,273
107,245
447,018
54,374
58,096

201405160541(201405160541)
50,291
107,245
447,018
54,374
58,236

201405160542(201405160542)
50,293
107,271
447,018
54,505
58,388

201405160549(201405160549)
50,293
107,472
447,482
54,553
58,769

201405160550(201405160550)
50,331
107,472
447,482
54,553
58,785

201405160551(201405160551)
50,331
107,472
447,482
54,577
58,785

201405160552(201405160552)
50,331
107,472
447,482
54,577
58,785

201405160559(201405160559)
50,557
108,259
447,482
54,646
59,011

201405160600(201405160600)
50,587
108,330
447,482
54,687
59,011

201405160601(201405160601)
50,728
108,330
447,482
54,687
59,016

201405160602(201405160602)
50,728
108,330
447,482
54,687
59,016

201405160609(201405160609)
50,860
109,282
447,482
54,800
59,058

201405160610(201405160610)
51,014
109,282
447,482
55,030
59,058

201405160611(201405160611)
51,042
109,282
447,482
55,030
59,058

201405160612(201405160612)
51,130
109,282
447,482
55,030
59,058

201405160619(201405160619)
51,350
109,496
447,482
55,161
59,383

201405160620(201405160620)
51,383
109,496
447,482
55,246
59,385

201405160621(201405160621)
51,394
109,577
447,482
55,246
59,435

201405160622(201405160622)
51,394
109,858
447,482
55,290
59,521

201405160629(201405160629)
51,691
110,181
447,482
55,699
60,189

201405160630(201405160630)
51,806
110,278
447,482
55,750
60,252

201405160631(201405160631)
51,851
110,278
447,482
55,808
60,322

201405160632(201405160632)
51,851
110,278
447,482
55,816
60,322

201405160639(201405160639)
52,074
110,795
448,070
55,913
60,760

201405160640(201405160640)
52,074
110,795
448,070
55,988
60,838

201405160641(201405160641)
52,074
110,795
448,070
56,235
60,926

201405160642(201405160642)
52,209
111,212
448,070
56,235
60,961

201405160649(201405160649)
52,391
111,558
448,522
56,573
61,099

201405160650(201405160650)
52,415
111,776
448,522
56,573
61,158

201405160651(201405160651)
52,468
111,776
448,522
56,668
61,168

201405160652(201405160652)
52,555
111,776
448,522
56,668
61,363

201405160659(201405160659)
52,799
113,109
448,522
57,015
61,856

201405160700(201405160700)
52,799
113,144
448,522
57,015
61,870

201405160701(201405160701)
52,799
113,144
448,522
57,015
61,908

201405160702(201405160702)
52,810
113,144
448,847
57,043
61,996

201405160709(201405160709)
53,195
113,474
449,696
57,123
62,437

201405160710(201405160710)
53,306
113,689
449,696
57,123
62,437

201405160711(201405160711)
53,342
113,689
450,505
57,136
62,437

201405160712(201405160712)
53,546
113,689
450,505
57,136
62,488

201405160719(201405160719)
53,948
113,801
450,505
57,577
62,771

201405160720(201405160720)
53,972
113,801
450,505
57,577
62,771

201405160721(201405160721)
54,115
114,012
450,505
57,616
62,771

201405160722(201405160722)
54,115
114,012
450,505
57,724
62,771

201405160729(201405160729)
54,411
114,070
452,167
58,055
63,134

201405160730(201405160730)
54,505
114,167
452,167
58,130
63,192

201405160731(201405160731)
54,573
114,213
452,167
58,201
63,213

201405160732(201405160732)
54,581
114,308
452,167
58,373
63,241

201405160739(201405160739)
54,979
114,872
452,443
58,785
63,701

201405160740(201405160740)
54,982
114,872
453,509
59,018
63,812

201405160741(201405160741)
55,106
114,872
453,509
59,018
64,157

201405160742(201405160742)
55,106
114,901
453,509
59,059
64,177

201405160749(201405160749)
55,228
116,216
453,932
59,225
64,650

201405160750(201405160750)
55,246
117,175
453,932
59,358
64,650

201405160751(201405160751)
55,335
117,175
453,932
59,385
64,650

201405160752(201405160752)
55,450
117,175
453,932
59,586
64,741

201405160759(201405160759)
56,176
117,731
454,128
60,138
65,258

201405160800(201405160800)
56,176
117,731
454,128
60,252
65,368

201405160801(201405160801)
56,333
117,731
454,128
60,432
65,513

201405160802(201405160802)
56,333
117,731
454,128
60,432
65,513

201405160809(201405160809)
56,569
118,144
456,612
60,812
66,271

201405160810(201405160810)
56,632
118,144
456,612
60,838
66,271

201405160811(201405160811)
56,881
118,144
456,612
60,838
66,298

201405160812(201405160812)
56,882
118,356
456,612
60,861
66,360

201405160819(201405160819)
57,248
119,607
464,536
61,262
66,680

201405160820(201405160820)
57,300
120,506
464,536
61,363
66,680

201405160821(201405160821)
57,360
120,612
464,536
61,363
66,680

201405160822(201405160822)
57,456
120,883
465,372
61,434
66,729

201405160829(201405160829)
57,728
121,703
465,775
61,656
66,949

201405160830(201405160830)
57,753
121,703
467,358
61,703
67,223

201405160831(201405160831)
57,771
121,703
468,778
61,703
67,223

201405160832(201405160832)
57,802
121,703
468,778
61,796
67,223

201405160839(201405160839)
58,001
122,217
468,778
62,235
67,509

201405160840(201405160840)
58,001
122,307
468,778
62,333
67,509

201405160841(201405160841)
58,261
122,562
468,778
62,343
67,515

201405160842(201405160842)
58,282
122,563
468,778
62,399
67,529

201405160849(201405160849)
58,702
123,830
468,778
62,670
67,786

201405160850(201405160850)
58,713
123,830
468,778
62,697
67,850

201405160851(201405160851)
58,768
123,830
468,778
62,697
68,093

201405160852(201405160852)
58,769
123,830
468,778
62,757
68,147

201405160859(201405160859)
59,208
124,463
468,778
63,262
68,682

201405160900(201405160900)
59,339
124,723
468,778
63,262
68,682

201405160901(201405160901)
59,339
124,723
468,778
63,280
68,723

201405160902(201405160902)
59,385
124,723
468,778
63,292
68,723

201405160909(201405160909)
59,662
124,839
468,778
63,866
68,961

201405160910(201405160910)
59,698
124,839
468,778
63,986
68,961

201405160911(201405160911)
59,702
124,845
468,778
64,138
68,961

201405160912(201405160912)
60,012
124,845
468,778
64,170
68,982

201405160919(201405160919)
60,304
124,886
478,133
64,530
69,394

201405160920(201405160920)
60,304
125,091
478,133
64,560
69,394

201405160921(201405160921)
60,336
125,130
478,133
64,572
69,419

201405160922(201405160922)
60,336
125,130
478,133
64,622
69,419

201405160929(201405160929)
60,508
125,594
488,226
65,007
69,850

201405160930(201405160930)
60,523
125,751
488,226
65,153
69,925

201405160931(201405160931)
60,805
125,892
488,226
65,153
69,940

201405160932(201405160932)
60,941
125,892
488,226
65,153
70,102

201405160939(201405160939)
61,168
126,513
488,226
65,609
70,607

201405160940(201405160940)
61,281
126,513
488,226
65,609
70,622

201405160941(201405160941)
61,326
126,513
488,226
65,611
70,636

201405160942(201405160942)
61,363
127,135
488,226
65,651
70,697

201405160949(201405160949)
61,501
128,109
490,287
66,167
70,711

201405160950(201405160950)
61,501
128,204
490,287
66,247
70,784

201405160951(201405160951)
61,502
128,439
490,287
66,299
70,804

201405160952(201405160952)
61,560
128,439
490,918
66,299
70,878

201405160959(201405160959)
61,773
129,109
490,918
66,595
71,172

201405161000(201405161000)
61,796
129,109
490,918
66,607
71,183

201405161001(201405161001)
61,796
129,131
490,918
66,607
71,183

201405161002(201405161002)
61,796
129,467
490,918
66,607
71,257

201405161009(201405161009)
62,224
131,061
491,385
66,690
71,675

201405161010(201405161010)
62,343
131,061
491,385
66,881
71,737

201405161011(201405161011)
62,343
131,188
491,385
66,917
71,801

201405161012(201405161012)
62,500
131,188
491,385
66,921
72,016

201405161019(201405161019)
63,280
131,437
492,262
67,529
72,330

201405161020(201405161020)
63,280
131,594
492,262
67,598
72,713

201405161021(201405161021)
63,287
131,594
492,262
67,598
72,840

201405161022(201405161022)
63,287
131,594
492,262
67,612
72,840

201405161029(201405161029)
63,287
131,942
492,262
67,712
73,660

201405161030(201405161030)
63,287
131,942
492,262
67,712
73,660

201405161031(201405161031)
63,395
131,998
492,262
67,712
73,766

201405161032(201405161032)
63,395
131,998
492,262
67,712
73,766

201405161039(201405161039)
63,812
131,998
492,262
68,494
74,507

201405161040(201405161040)
63,847
132,034
492,262
68,494
74,609

201405161041(201405161041)
63,880
132,034
492,262
68,525
74,664

201405161042(201405161042)
63,885
132,034
492,369
68,602
74,734

201405161049(201405161049)
64,399
133,254
493,821
68,922
74,734

201405161050(201405161050)
64,399
133,413
493,821
69,097
74,734

201405161051(201405161051)
64,469
133,413
494,939
69,157
74,734

201405161052(201405161052)
64,488
133,650
494,939
69,157
75,028

201405161059(201405161059)
64,851
133,797
502,311
69,458
75,852

201405161100(201405161100)
65,007
133,797
502,643
69,458
75,885

201405161101(201405161101)
65,007
133,797
502,643
69,566
75,885

201405161102(201405161102)
65,007
133,797
502,643
69,566
76,131

201405161109(201405161109)
65,366
134,739
505,774
69,801
76,408

201405161110(201405161110)
65,513
134,866
505,774
69,896
76,408

201405161111(201405161111)
65,513
134,921
505,774
69,896
76,408

201405161112(201405161112)
65,513
135,056
505,774
69,977
76,408

201405161119(201405161119)
65,830
135,548
505,774
70,397
76,825

201405161120(201405161120)
65,880
135,548
505,774
70,526
76,825

201405161121(201405161121)
66,010
135,548
505,774
70,569
76,837

201405161122(201405161122)
66,062
135,789
505,774
70,636
77,044

201405161129(201405161129)
66,360
136,127
513,891
71,016
77,684

201405161130(201405161130)
66,437
136,196
513,891
71,016
77,780

201405161131(201405161131)
66,437
136,281
513,891
71,050
77,780

201405161132(201405161132)
66,511
136,281
513,891
71,089
77,785

201405161139(201405161139)
66,762
137,352
522,962
71,465
77,905

201405161140(201405161140)
66,891
137,352
522,962
71,576
78,049

201405161141(201405161141)
66,917
137,352
522,962
71,801
78,049

201405161142(201405161142)
66,964
137,352
522,962
71,801
78,251

201405161149(201405161149)
67,399
137,553
523,185
72,119
78,634

201405161150(201405161150)
67,474
137,553
523,185
72,119
78,884

201405161151(201405161151)
67,509
137,553
524,742
72,177
78,884

201405161152(201405161152)
67,509
137,560
524,889
72,185
78,884

201405161159(201405161159)
67,699
137,762
529,501
72,710
79,385

201405161200(201405161200)
67,732
138,761
534,102
72,710
79,385

201405161201(201405161201)
67,732
138,761
534,102
72,924
79,385

201405161202(201405161202)
67,732
138,761
534,102
73,183
79,385

201405161209(201405161209)
68,187
141,072
534,102
73,660
79,396

201405161210(201405161210)
68,224
141,096
534,523
73,660
79,396

201405161211(201405161211)
68,284
141,096
534,523
73,739
79,492

201405161212(201405161212)
68,427
141,096
534,523
73,739
79,632

201405161219(201405161219)
68,982
141,956
542,593
74,257
79,908

201405161220(201405161220)
69,016
141,956
542,593
74,416
79,908

201405161221(201405161221)
69,016
142,629
542,593
74,444
80,043

201405161222(201405161222)
69,097
142,951
548,545
74,507
80,159

201405161229(201405161229)
69,856
143,869
548,637
74,734
80,731

201405161230(201405161230)
70,027
143,869
548,637
74,775
80,849

201405161231(201405161231)
70,027
143,869
548,637
74,775
80,892

201405161232(201405161232)
70,114
143,869
548,637
75,406
80,984

201405161239(201405161239)
70,681
145,582
554,284
75,839
81,780

201405161240(201405161240)
70,734
145,669
554,284
75,839
81,878

201405161241(201405161241)
70,765
145,806
554,284
75,852
81,878

201405161242(201405161242)
70,773
145,806
554,284
75,885
81,986

201405161249(201405161249)
71,265
147,065
557,998
76,679
82,411

201405161250(201405161250)
71,265
147,174
557,998
76,824
82,455

201405161251(201405161251)
71,307
147,174
564,291
76,980
82,523

201405161252(201405161252)
71,444
147,174
566,490
77,117
82,589

201405161259(201405161259)
72,179
148,197
570,088
77,628
83,145

201405161300(201405161300)
72,179
148,372
570,088
77,628
83,175

201405161301(201405161301)
72,179
148,396
570,088
77,770
83,175

201405161302(201405161302)
72,179
148,396
570,088
77,792
83,183

201405161309(201405161309)
72,638
149,059
570,088
78,309
83,366

201405161310(201405161310)
72,677
149,197
570,088
78,341
83,405

201405161311(201405161311)
72,840
149,635
570,088
78,366
83,416

201405161312(201405161312)
72,924
150,196
570,088
78,366
83,461

201405161319(201405161319)
73,285
150,610
570,088
78,874
84,018

201405161320(201405161320)
73,296
150,610
570,088
78,876
84,049

201405161321(201405161321)
73,296
150,610
570,088
78,876
84,127

201405161322(201405161322)
73,296
150,610
570,088
78,884
84,127

201405161329(201405161329)
73,757
150,994
573,466
79,291
84,683

201405161330(201405161330)
74,030
151,047
573,466
79,308
84,683

201405161331(201405161331)
74,184
151,047
573,466
79,308
84,709

201405161332(201405161332)
74,210
151,064
573,466
79,308
84,790

201405161339(201405161339)
74,406
151,550
573,466
79,660
85,231

201405161340(201405161340)
74,473
151,550
576,494
79,787
85,297

201405161341(201405161341)
74,507
151,968
576,494
79,854
85,297

201405161342(201405161342)
74,507
151,968
576,494
79,864
85,345

201405161349(201405161349)
74,906
153,457
576,494
80,468
86,168

201405161350(201405161350)
74,906
153,617
576,494
80,468
86,168

201405161351(201405161351)
74,906
153,671
576,494
80,493
86,417

201405161352(201405161352)
74,985
153,671
576,494
80,542
86,451

201405161359(201405161359)
75,406
155,344
576,494
80,953
86,839

201405161400(201405161400)
75,406
155,344
576,494
80,953
86,839

201405161401(201405161401)
75,406
155,344
580,346
80,953
86,856

201405161402(201405161402)
75,449
155,344
580,346
81,078
86,856

201405161409(201405161409)
75,963
155,749
583,134
81,611
87,112

201405161410(201405161410)
75,963
155,749
583,134
81,611
87,226

201405161411(201405161411)
76,012
155,819
583,134
81,611
87,259

201405161412(201405161412)
76,146
155,819
583,134
81,611
87,442

201405161419(201405161419)
76,625
157,120
583,134
81,878
87,799

201405161420(201405161420)
76,625
157,120
583,134
81,878
87,828

201405161421(201405161421)
76,691
157,120
583,134
81,878
87,836

201405161422(201405161422)
76,720
157,150
583,134
81,986
87,836

201405161429(201405161429)
76,853
158,578
584,555
82,492
88,501

201405161430(201405161430)
76,868
158,578
584,555
82,523
88,514

201405161431(201405161431)
76,868
159,140
584,555
82,523
88,514

201405161432(201405161432)
76,868
159,147
584,555
82,537
88,610

201405161439(201405161439)
77,018
159,336
584,555
82,880
88,778

201405161440(201405161440)
77,117
159,336
585,134
83,059
88,881

201405161441(201405161441)
77,117
159,336
585,302
83,080
88,900

201405161442(201405161442)
77,160
159,336
585,414
83,080
89,099

201405161449(201405161449)
77,515
159,336
585,470
83,416
89,692

201405161450(201405161450)
77,515
159,975
585,470
83,416
89,803

201405161451(201405161451)
77,528
159,975
585,470
83,448
89,813

201405161452(201405161452)
77,528
160,237
585,470
83,448
89,813

201405161459(201405161459)
77,845
161,526
585,470
83,750
90,313

201405161500(201405161500)
77,854
161,526
585,470
83,820
90,313

201405161501(201405161501)
77,854
161,526
585,470
84,027
90,313

201405161502(201405161502)
78,174
161,526
585,470
84,027
90,433

201405161509(201405161509)
78,609
161,835
585,470
84,444
90,763

201405161510(201405161510)
78,728
161,835
585,470
84,444
90,859

201405161511(201405161511)
79,060
161,835
585,470
84,444
91,214

201405161512(201405161512)
79,139
162,383
585,470
84,467
91,214

201405161519(201405161519)
79,660
162,383
586,870
84,829
92,329

201405161520(201405161520)
79,684
162,383
586,870
84,839
92,355

201405161521(201405161521)
79,684
163,057
586,870
84,839
92,754

201405161522(201405161522)
79,684
163,213
586,870
84,871
92,754

201405161529(201405161529)
80,180
164,766
587,074
85,291
92,887

201405161530(201405161530)
80,180
164,766
587,074
85,374
92,892

201405161531(201405161531)
80,180
164,766
587,074
85,556
92,919

201405161532(201405161532)
80,486
164,766
587,074
85,596
92,919

201405161539(201405161539)
80,764
166,020
587,793
86,153
93,346

201405161540(201405161540)
80,941
166,022
587,793
86,153
93,346

201405161541(201405161541)
80,941
166,022
587,793
86,168
93,346

201405161542(201405161542)
81,160
166,022
587,793
86,275
93,346

201405161549(201405161549)
81,495
166,656
595,230
87,242
93,920

201405161550(201405161550)
81,546
167,463
595,230
87,242
93,935

201405161551(201405161551)
81,572
167,726
595,230
87,342
94,009

201405161552(201405161552)
81,573
167,726
596,204
87,487
94,119

201405161559(201405161559)
81,921
168,315
602,823
87,883
94,751

201405161600(201405161600)
81,986
168,315
602,823
87,891
94,753

201405161601(201405161601)
82,116
168,431
606,491
88,044
94,763

201405161602(201405161602)
82,137
168,431
606,597
88,200
94,770

201405161609(201405161609)
82,537
169,468
607,115
88,612
95,524

201405161610(201405161610)
82,537
169,468
607,115
88,749
95,524

201405161611(201405161611)
82,537
170,610
607,115
88,870
95,524

201405161612(201405161612)
82,546
170,610
607,115
88,870
95,647

201405161619(201405161619)
82,942
170,786
615,275
89,236
96,103

201405161620(201405161620)
82,942
171,653
615,846
89,237
96,173

201405161621(201405161621)
83,080
171,653
615,846
89,237
96,530

201405161622(201405161622)
83,144
171,653
615,846
89,280
96,594

201405161629(201405161629)
83,667
172,627
616,477
89,814
96,833

201405161630(201405161630)
83,691
172,627
624,735
89,814
96,833

201405161631(201405161631)
84,127
172,627
630,570
89,814
96,901

201405161632(201405161632)
84,127
172,630
630,906
90,045
97,004

201405161639(201405161639)
84,549
173,469
635,113
90,625
97,745

201405161640(201405161640)
84,549
173,610
635,113
90,665
97,745

201405161641(201405161641)
84,549
173,944
635,113
90,665
97,745

201405161642(201405161642)
84,549
173,944
635,113
90,818
97,745

201405161649(201405161649)
84,929
174,200
635,113
91,334
97,842

201405161650(201405161650)
84,929
174,355
635,168
91,334
97,842

201405161651(201405161651)
84,929
174,355
637,503
91,565
97,985

201405161652(201405161652)
84,929
174,551
637,662
91,596
98,129

201405161659(201405161659)
85,224
176,723
639,324
91,898
98,856

201405161700(201405161700)
85,224
176,723
640,061
92,072
98,856

201405161701(201405161701)
85,291
176,919
642,464
92,072
98,894

201405161702(201405161702)
85,297
176,919
642,464
92,072
98,894

201405161709(201405161709)
85,927
177,287
642,464
92,645
99,271

201405161710(201405161710)
85,944
177,287
642,464
92,645
99,271

201405161711(201405161711)
86,040
177,314
642,464
92,730
99,295

201405161712(201405161712)
86,151
177,314
642,464
92,768
99,319

201405161719(201405161719)
86,275
178,101
642,521
92,854
99,837

201405161720(201405161720)
86,559
178,101
642,521
92,879
99,837

201405161721(201405161721)
86,613
178,101
642,521
92,887
99,975

201405161722(201405161722)
86,688
178,101
642,521
92,919
99,975

201405161729(201405161729)
87,157
178,267
642,521
93,770
100,922

201405161730(201405161730)
87,157
178,358
646,051
93,770
101,091

201405161731(201405161731)
87,216
178,358
646,051
93,920
101,095

201405161732(201405161732)
87,259
178,596
646,051
93,935
101,104

201405161739(201405161739)
87,689
179,367
654,161
94,718
101,942

201405161740(201405161740)
87,689
179,367
654,269
94,751
102,006

201405161741(201405161741)
87,701
179,367
654,269
94,890
102,223

201405161742(201405161742)
87,701
179,367
654,269
94,890
102,378

201405161749(201405161749)
87,967
179,550
661,489
95,622
102,924

201405161750(201405161750)
88,473
179,550
661,489
95,706
103,065

201405161751(201405161751)
88,552
179,691
661,489
95,788
103,114

201405161752(201405161752)
88,552
180,104
661,489
95,843
103,160

201405161759(201405161759)
89,081
180,405
671,580
95,913
103,939

201405161800(201405161800)
89,081
180,405
671,580
95,949
104,186

201405161801(201405161801)
89,081
180,637
676,435
95,949
104,232

201405161802(201405161802)
89,133
180,752
676,435
95,949
104,232

201405161809(201405161809)
89,599
181,795
676,435
96,589
104,818

201405161810(201405161810)
89,643
181,880
676,435
96,682
104,818

201405161811(201405161811)
89,790
181,880
676,435
96,682
104,908

201405161812(201405161812)
90,000
181,995
679,800
96,688
105,084

201405161819(201405161819)
91,214
183,336
679,800
97,178
106,076

201405161820(201405161820)
91,247
183,336
679,800
97,264
106,116

201405161821(201405161821)
91,300
184,626
685,899
97,476
106,254

201405161822(201405161822)
91,300
184,626
686,211
97,628
106,254

201405161829(201405161829)
91,613
185,894
693,619
98,070
107,031

201405161830(201405161830)
91,632
185,894
693,879
98,153
107,199

201405161831(201405161831)
91,885
185,894
706,254
98,244
107,483

201405161832(201405161832)
91,912
186,059
706,254
98,336
107,490

201405161839(201405161839)
92,250
187,169
706,254
98,950
107,897

201405161840(201405161840)
92,355
187,255
706,254
98,973
107,911

201405161841(201405161841)
92,355
187,255
706,254
99,196
107,911

201405161842(201405161842)
92,355
187,255
706,254
99,211
107,911

201405161849(201405161849)
92,768
187,576
706,254
99,902
108,488

201405161850(201405161850)
92,768
188,175
706,254
99,975
108,747

201405161851(201405161851)
92,768
188,300
706,254
99,975
108,758

201405161852(201405161852)
92,881
188,731
706,254
100,133
108,758

201405161859(201405161859)
93,358
189,919
708,036
100,746
109,106

201405161900(201405161900)
93,509
189,919
708,091
100,772
109,191

201405161901(201405161901)
93,639
189,919
709,077
100,772
109,246

201405161902(201405161902)
93,770
190,072
709,077
100,782
109,412

201405161909(201405161909)
94,238
190,988
709,333
101,218
110,555

201405161910(201405161910)
94,365
191,177
709,333
101,218
110,772

201405161911(201405161911)
94,420
191,427
711,991
101,275
110,772

201405161912(201405161912)
94,420
191,811
724,579
101,613
110,772

201405161919(201405161919)
94,649
194,307
730,929
101,942
110,973

201405161920(201405161920)
94,649
194,849
730,929
102,062
111,250

201405161921(201405161921)
94,681
194,849
730,929
102,160
111,329

201405161922(201405161922)
94,904
194,849
730,929
102,197
111,329

201405161929(201405161929)
95,549
196,094
730,929
102,934
111,558

201405161930(201405161930)
95,622
196,423
730,929
102,947
111,601

201405161931(201405161931)
95,622
196,923
730,929
102,968
111,717

201405161932(201405161932)
95,785
197,514
730,929
103,065
111,805

201405161939(201405161939)
95,937
198,930
730,929
103,603
111,990

201405161940(201405161940)
96,031
198,930
730,929
103,621
112,006

201405161941(201405161941)
96,164
199,360
730,929
103,621
112,009

201405161942(201405161942)
96,532
199,362
730,929
103,980
112,127

201405161949(201405161949)
96,984
200,945
730,929
104,369
113,050

201405161950(201405161950)
97,151
200,945
730,929
104,369
113,221

201405161951(201405161951)
97,164
201,321
730,929
104,369
113,385

201405161952(201405161952)
97,234
202,639
730,929
104,369
113,498

201405161959(201405161959)
97,760
204,311
730,929
105,591
114,503

201405162000(201405162000)
97,847
204,311
730,929
105,591
114,636

201405162001(201405162001)
97,847
204,311
730,929
105,786
114,663

201405162002(201405162002)
98,498
204,311
730,929
105,832
114,663

201405162009(201405162009)
99,305
205,149
736,598
106,343
115,775

201405162010(201405162010)
99,305
205,149
736,598
106,710
115,778

201405162011(201405162011)
99,482
205,149
736,598
106,843
116,115

201405162012(201405162012)
99,482
205,149
736,598
107,031
116,448

201405162019(201405162019)
99,902
206,770
736,598
107,483
117,158

201405162020(201405162020)
99,902
206,770
736,598
107,483
117,257

201405162021(201405162021)
100,112
207,786
736,598
107,551
117,509

201405162022(201405162022)
100,515
207,786
736,598
107,607
117,553

201405162029(201405162029)
101,218
209,048
740,832
108,584
117,817

201405162030(201405162030)
101,218
209,097
740,832
108,820
117,849

201405162031(201405162031)
101,220
209,560
740,832
108,820
117,980

201405162032(201405162032)
101,253
209,811
740,832
108,820
118,168

201405162039(201405162039)
101,507
212,198
740,832
109,187
118,751

201405162040(201405162040)
101,551
212,198
746,234
109,282
118,797

201405162041(201405162041)
101,654
212,198
746,234
109,412
118,838

201405162042(201405162042)
101,782
212,198
746,234
109,412
118,880

201405162049(201405162049)
101,881
212,834
752,653
110,467
119,858

201405162050(201405162050)
101,881
212,834
752,653
110,965
119,913

201405162051(201405162051)
101,894
212,834
752,653
110,973
120,041

201405162052(201405162052)
101,942
212,834
752,653
111,046
120,093

201405162059(201405162059)
102,432
213,994
757,073
111,454
120,420

201405162100(201405162100)
102,432
213,994
757,247
111,454
120,641

201405162101(201405162101)
102,461
213,994
760,275
111,465
120,641

201405162102(201405162102)
102,701
215,983
763,420
111,465
120,702

201405162109(201405162109)
103,160
216,926
769,560
112,006
121,414

201405162110(201405162110)
103,228
216,926
769,560
112,006
121,469

201405162111(201405162111)
103,355
217,255
775,044
112,042
121,469

201405162112(201405162112)
103,565
217,255
775,044
112,042
121,469

201405162119(201405162119)
104,250
219,562
776,912
113,185
122,088

201405162120(201405162120)
104,369
219,562
776,912
113,275
122,217

201405162121(201405162121)
104,391
219,562
776,912
113,303
122,310

201405162122(201405162122)
104,421
219,562
776,912
113,303
122,667

201405162129(201405162129)
105,080
220,971
777,183
114,636
123,597

201405162130(201405162130)
105,359
220,971
777,183
114,731
123,830

201405162131(201405162131)
105,465
220,971
777,183
114,949
123,856

201405162132(201405162132)
105,569
221,527
777,183
114,949
123,947

201405162139(201405162139)
106,383
224,273
777,383
115,700
124,371

201405162140(201405162140)
106,414
224,273
780,461
115,778
124,845

201405162141(201405162141)
106,414
224,273
789,982
115,778
125,040

201405162142(201405162142)
106,414
224,693
789,982
115,892
125,040

201405162149(201405162149)
107,412
225,947
822,124
115,936
125,712

201405162150(201405162150)
107,612
227,389
822,124
115,936
125,788

201405162151(201405162151)
107,625
227,389
822,124
116,036
125,799

201405162152(201405162152)
107,733
227,651
822,124
116,036
125,825

201405162159(201405162159)
108,820
231,970
822,124
116,854
125,951

201405162200(201405162200)
108,928
232,287
822,124
117,012
125,975

201405162201(201405162201)
108,946
233,690
822,124
117,095
125,975

201405162202(201405162202)
108,946
233,690
822,124
117,162
125,975

201405162209(201405162209)
109,545
237,568
822,124
117,849
126,390

201405162210(201405162210)
109,716
237,568
822,124
117,849
126,390

201405162211(201405162211)
109,729
237,568
822,124
117,849
126,390

201405162212(201405162212)
109,838
237,568
822,124
117,849
126,499

201405162219(201405162219)
110,399
241,597
822,124
118,836
127,268

201405162220(201405162220)
110,399
241,833
826,383
118,838
127,268

201405162221(201405162221)
110,567
241,833
826,383
118,880
127,932

201405162222(201405162222)
110,567
242,663
826,383
118,880
127,975

201405162229(201405162229)
111,204
247,990
826,383
119,341
129,129

201405162230(201405162230)
111,335
248,944
826,383
119,341
129,219

201405162231(201405162231)
111,335
248,971
826,383
119,341
129,223

201405162232(201405162232)
111,335
249,154
826,615
119,846
129,467

201405162239(201405162239)
112,154
251,172
826,615
120,351
130,153

201405162240(201405162240)
112,171
251,340
826,615
120,406
130,191

201405162241(201405162241)
112,171
251,340
831,714
120,406
130,191

201405162242(201405162242)
112,258
252,070
832,013
120,736
130,191

201405162249(201405162249)
112,844
254,861
841,513
121,694
130,470

201405162250(201405162250)
112,971
255,008
841,513
121,911
130,532

201405162251(201405162251)
112,971
255,008
841,513
121,911
130,532

201405162252(201405162252)
112,980
255,621
841,513
121,911
131,060

201405162259(201405162259)
113,275
257,272
841,513
122,217
131,892

201405162300(201405162300)
113,417
257,272
841,513
122,245
131,892

201405162301(201405162301)
113,417
257,272
841,513
122,245
131,892

201405162302(201405162302)
113,417
258,085
841,513
122,310
132,144

201405162309(201405162309)
113,635
260,548
841,513
122,586
132,611

201405162310(201405162310)
114,178
260,548
841,513
122,721
132,618

201405162311(201405162311)
114,178
260,548
841,513
122,721
132,618

201405162312(201405162312)
114,529
261,174
841,513
122,732
132,635

201405162319(201405162319)
115,073
261,174
841,513
123,830
133,091

201405162320(201405162320)
115,073
262,061
841,513
123,830
133,091

201405162321(201405162321)
115,073
263,135
845,997
123,843
133,163

201405162322(201405162322)
115,394
264,190
856,308
124,072
133,163

201405162329(201405162329)
115,700
266,514
867,647
125,106
134,408

201405162330(201405162330)
115,775
266,514
867,800
125,130
134,465

201405162331(201405162331)
115,778
267,656
870,353
125,130
134,465

201405162332(201405162332)
115,862
267,659
870,353
125,130
134,599

201405162339(201405162339)
116,358
267,686
881,965
125,232
135,369

201405162340(201405162340)
116,420
267,686
881,965
125,347
135,369

201405162341(201405162341)
116,555
267,686
883,781
125,542
135,566

201405162342(201405162342)
116,822
267,686
887,251
125,621
135,629

201405162349(201405162349)
117,676
272,267
888,540
126,149
136,107

201405162350(201405162350)
117,676
272,687
888,540
126,177
136,249

201405162351(201405162351)
117,676
272,687
888,540
126,177
136,338

201405162352(201405162352)
117,677
272,687
888,540
126,256
136,467

201405162359(201405162359)
118,169
274,796
888,540
126,915
137,106

201405170000(201405170000)
118,169
274,796
888,540
126,915
137,149

201405170001(201405170001)
118,233
274,854
888,540
126,915
137,232

201405170002(201405170002)
118,233
275,197
888,540
126,915
137,232

201405170009(201405170009)
119,140
276,622
888,540
128,029
138,334

201405170010(201405170010)
119,140
276,622
894,660
128,149
138,507

201405170011(201405170011)
119,186
276,622
894,660
128,149
138,654

201405170012(201405170012)
119,244
276,622
894,660
128,253
138,938

201405170019(201405170019)
120,351
281,461
902,914
128,644
139,476

201405170020(201405170020)
120,826
281,595
902,914
128,694
139,826

201405170021(201405170021)
121,065
281,860
902,914
128,796
140,190

201405170022(201405170022)
121,127
282,313
902,914
129,001
140,190

201405170029(201405170029)
121,472
284,091
929,882
130,079
141,543

201405170030(201405170030)
121,618
284,464
929,882
130,079
141,543

201405170031(201405170031)
121,650
284,464
929,882
130,125
141,543

201405170032(201405170032)
121,650
284,464
929,882
130,158
141,543

201405170039(201405170039)
121,911
285,995
929,882
130,609
142,603

201405170040(201405170040)
121,911
285,995
929,882
130,737
142,603

201405170041(201405170041)
121,911
285,995
929,882
130,986
142,793

201405170042(201405170042)
121,923
286,199
929,882
131,112
142,793

201405170049(201405170049)
122,784
289,309
930,569
131,821
143,256

201405170050(201405170050)
122,933
290,157
930,569
131,849
143,256

201405170051(201405170051)
123,092
290,157
930,569
131,849
143,256

201405170052(201405170052)
123,202
290,157
930,569
131,849
143,303

201405170059(201405170059)
124,197
293,112
930,569
132,690
144,706

201405170100(201405170100)
124,268
293,297
930,569
132,750
144,816

201405170101(201405170101)
124,486
293,297
930,569
132,750
144,910

201405170102(201405170102)
124,662
293,297
930,569
132,850
144,910

201405170109(201405170109)
125,203
297,199
943,012
133,298
145,823

201405170110(201405170110)
125,203
297,199
943,012
133,374
145,823

201405170111(201405170111)
125,390
297,199
943,012
133,594
146,289

201405170112(201405170112)
125,390
297,199
943,012
133,623
146,289

201405170119(201405170119)
125,682
299,424
947,308
134,399
147,015

201405170120(201405170120)
125,682
299,424
947,308
134,578
147,237

201405170121(201405170121)
125,853
299,424
947,308
134,738
147,329

201405170122(201405170122)
125,951
299,600
947,308
134,923
147,357

201405170129(201405170129)
126,625
299,969
952,313
135,840
148,826

201405170130(201405170130)
126,625
301,530
952,313
135,956
148,826

201405170131(201405170131)
126,757
301,530
952,313
136,044
148,826

201405170132(201405170132)
126,757
302,022
952,313
136,044
148,826

201405170139(201405170139)
127,744
303,279
967,052
136,212
149,073

201405170140(201405170140)
127,805
303,279
967,052
136,249
149,165

201405170141(201405170141)
127,805
303,279
967,052
136,338
149,346

201405170142(201405170142)
127,805
303,959
967,052
136,531
149,346

201405170149(201405170149)
128,119
305,169
986,477
137,106
149,501

201405170150(201405170150)
128,119
305,169
986,477
137,149
149,935

201405170151(201405170151)
128,149
305,642
986,477
137,227
149,935

201405170152(201405170152)
128,164
305,642
986,477
137,276
149,935

201405170159(201405170159)
128,644
309,704
996,506
137,483
150,730

201405170200(201405170200)
128,644
309,704
996,506
137,483
150,748

201405170201(201405170201)
128,694
309,704
996,506
137,483
150,919

201405170202(201405170202)
128,715
309,704
996,506
137,688
150,996

201405170209(201405170209)
129,005
313,447
1,001,187
138,507
152,504

201405170210(201405170210)
129,005
315,405
1,002,877
138,848
152,504

201405170211(201405170211)
129,005
315,405
1,002,877
138,848
152,547

201405170212(201405170212)
129,005
315,405
1,002,877
138,861
152,547

201405170219(201405170219)
129,205
318,117
1,002,877
139,090
152,619

201405170220(201405170220)
129,426
318,117
1,002,877
139,090
152,619

201405170221(201405170221)
129,426
318,117
1,002,877
139,146
152,619

201405170222(201405170222)
129,426
318,117
1,002,877
139,168
152,619

201405170229(201405170229)
129,791
318,828
1,002,877
139,769
153,070

201405170230(201405170230)
129,791
318,828
1,002,877
139,769
153,070

201405170231(201405170231)
130,091
318,828
1,002,877
139,769
153,070

201405170232(201405170232)
130,158
319,805
1,002,877
139,769
153,070

201405170239(201405170239)
130,191
322,042
1,002,877
140,166
153,582

201405170240(201405170240)
130,191
322,042
1,002,877
140,166
153,644

201405170241(201405170241)
130,290
322,045
1,002,877
140,240
153,644

201405170242(201405170242)
130,290
322,045
1,002,877
140,371
153,644

201405170249(201405170249)
131,042
322,045
1,004,968
140,690
153,757

201405170250(201405170250)
131,042
322,045
1,005,223
140,690
153,757

201405170251(201405170251)
131,042
322,045
1,005,223
140,792
153,885

201405170252(201405170252)
131,042
322,045
1,005,223
140,792
154,108

201405170259(201405170259)
131,383
323,741
1,005,223
141,127
154,287

201405170300(201405170300)
131,470
323,741
1,005,223
141,127
154,439

201405170301(201405170301)
131,540
323,741
1,005,223
141,127
154,439

201405170302(201405170302)
131,727
323,741
1,005,223
141,259
154,439

201405170309(201405170309)
131,796
323,741
1,009,835
141,822
155,032

201405170310(201405170310)
131,796
323,741
1,009,835
141,822
155,032

201405170311(201405170311)
131,796
323,741
1,009,835
141,822
155,071

201405170312(201405170312)
131,796
324,432
1,009,835
141,822
155,071

201405170319(201405170319)
131,796
325,271
1,009,835
141,837
155,548

201405170320(201405170320)
131,796
325,271
1,009,835
141,837
155,627

201405170321(201405170321)
131,796
325,271
1,009,835
141,837
155,627

201405170322(201405170322)
131,796
325,271
1,009,835
142,024
155,627

201405170329(201405170329)
132,556
326,998
1,009,835
142,402
155,833

201405170330(201405170330)
132,618
326,998
1,009,835
142,450
155,924

201405170331(201405170331)
132,618
326,998
1,009,835
142,554
155,924

201405170332(201405170332)
132,618
326,998
1,009,835
142,554
155,926

201405170339(201405170339)
132,860
328,217
1,011,088
142,603
156,063

201405170340(201405170340)
132,860
328,217
1,011,206
142,603
156,063

201405170341(201405170341)
132,860
328,217
1,011,560
142,636
156,063

201405170342(201405170342)
133,298
328,217
1,011,737
142,844
156,063

201405170349(201405170349)
133,298
330,635
1,022,913
142,975
156,086

201405170350(201405170350)
133,298
330,635
1,024,150
142,975
156,775

201405170351(201405170351)
133,424
330,635
1,024,150
142,975
156,775

201405170352(201405170352)
133,522
330,635
1,024,150
143,030
156,775

201405170359(201405170359)
133,636
332,897
1,024,150
143,180
157,539

201405170400(201405170400)
133,735
332,897
1,025,351
143,180
157,539

201405170401(201405170401)
133,735
332,897
1,025,351
143,180
157,539

201405170402(201405170402)
133,738
332,897
1,038,496
143,213
157,539

201405170409(201405170409)
134,694
332,897
1,040,856
143,329
157,649

201405170410(201405170410)
134,694
332,897
1,040,856
143,467
158,250

201405170411(201405170411)
134,694
332,897
1,040,856
143,467
158,250

201405170412(201405170412)
134,884
332,897
1,040,856
143,467
158,250

201405170419(201405170419)
134,997
334,217
1,040,856
143,543
158,382

201405170420(201405170420)
134,997
334,217
1,040,856
143,678
158,382

201405170421(201405170421)
135,246
334,217
1,040,856
144,816
158,382

201405170422(201405170422)
135,246
334,217
1,040,856
144,816
158,382

201405170429(201405170429)
135,605
334,217
1,040,856
145,066
158,665

201405170430(201405170430)
135,605
334,217
1,040,856
145,082
158,665

201405170431(201405170431)
135,605
334,217
1,040,856
145,082
159,255

201405170432(201405170432)
135,605
334,217
1,040,856
145,082
159,255

201405170439(201405170439)
135,613
336,835
1,042,325
145,178
159,416

201405170440(201405170440)
135,613
336,835
1,042,325
145,178
159,416

201405170441(201405170441)
135,956
336,835
1,042,325
145,178
159,416

201405170442(201405170442)
136,044
336,835
1,042,325
145,286
159,416

201405170449(201405170449)
136,044
337,770
1,042,325
145,458
159,668

201405170450(201405170450)
136,044
337,770
1,042,325
145,823
159,668

201405170451(201405170451)
136,085
337,770
1,042,325
145,823
159,668

201405170452(201405170452)
136,085
337,770
1,042,325
145,823
159,738

201405170459(201405170459)
136,107
338,478
1,042,325
146,645
160,009

201405170500(201405170500)
136,107
338,478
1,042,325
146,645
160,065

201405170501(201405170501)
136,107
340,554
1,042,325
146,645
160,065

201405170502(201405170502)
136,107
340,554
1,042,325
146,645
160,065

201405170509(201405170509)
136,190
340,554
1,042,325
146,645
160,251

201405170510(201405170510)
136,190
340,554
1,042,325
146,645
160,251

201405170511(201405170511)
136,190
340,554
1,042,325
146,645
160,643

201405170512(201405170512)
136,212
340,554
1,042,325
146,645
160,643

201405170519(201405170519)
136,582
340,828
1,059,504
146,908
161,025

201405170520(201405170520)
136,582
340,828
1,059,504
146,908
161,025

201405170521(201405170521)
136,582
340,828
1,059,504
146,974
161,025

201405170522(201405170522)
136,582
340,828
1,059,504
146,974
161,025

201405170529(201405170529)
136,625
340,828
1,076,635
147,125
161,111

201405170530(201405170530)
136,625
340,828
1,076,635
147,125
161,111

201405170531(201405170531)
136,625
340,828
1,076,635
147,125
161,111

201405170532(201405170532)
136,625
340,828
1,076,635
147,125
161,111

201405170539(201405170539)
136,625
340,828
1,076,635
147,125
161,111

201405170540(201405170540)
136,625
340,828
1,076,635
147,125
161,111

201405170541(201405170541)
136,625
340,828
1,076,635
147,229
161,111

201405170542(201405170542)
136,625
340,828
1,076,635
147,229
161,111

201405170549(201405170549)
136,857
340,828
1,076,635
147,229
161,123

201405170550(201405170550)
136,857
340,828
1,076,635
147,450
161,317

201405170551(201405170551)
136,857
340,828
1,076,635
147,450
161,317

201405170552(201405170552)
340,828
1,076,635
147,592
161,317

201405170559(201405170559)
137,046
340,898
1,076,635
147,747
161,373

201405170600(201405170600)
137,046
340,898
1,079,104
148,043
161,373

201405170601(201405170601)
137,046
340,898
1,079,104
148,043
161,373

201405170602(201405170602)
137,111
340,898
1,079,104
148,043
161,445

201405170609(201405170609)
137,231
341,460
1,086,574
148,134
162,216

201405170610(201405170610)
137,231
341,505
1,086,574
148,134
162,216

201405170611(201405170611)
137,231
341,505
1,086,574
148,134
162,216

201405170612(201405170612)
137,365
341,691
1,086,574
148,134
162,216

201405170619(201405170619)
137,587
343,642
1,086,574
148,235
162,405

201405170620(201405170620)
137,587
343,642
1,086,574
148,235
162,639

201405170621(201405170621)
137,587
343,642
1,086,574
148,235
162,786

201405170622(201405170622)
137,587
343,642
1,086,574
148,256
162,875

201405170629(201405170629)
138,063
343,642
1,086,574
148,266
163,104

201405170630(201405170630)
138,063
344,049
1,086,574
148,323
163,104

201405170631(201405170631)
138,063
344,049
1,086,574
148,323
163,439

201405170632(201405170632)
138,063
344,049
1,086,574
148,560
163,439

201405170639(201405170639)
138,312
344,488
1,086,708
148,811
163,533

201405170640(201405170640)
138,312
344,488
1,086,708
148,811
163,533

201405170641(201405170641)
138,312
344,488
1,086,708
148,811
163,533

201405170642(201405170642)
138,312
344,488
1,086,708
148,811
163,533

201405170649(201405170649)
138,683
344,988
1,086,708
148,894
164,065

201405170650(201405170650)
138,683
345,990
1,086,708
148,930
164,288

201405170651(201405170651)
138,683
345,990
1,086,708
149,045
164,288

201405170652(201405170652)
138,834
345,990
1,086,708
149,103
164,288

201405170659(201405170659)
138,861
346,178
1,086,708
149,346
164,484

201405170700(201405170700)
138,861
346,222
1,086,708
149,378
164,707

201405170701(201405170701)
138,861
346,222
1,086,708
149,713
164,707

201405170702(201405170702)
138,938
346,473
1,086,708
149,713
164,774

201405170709(201405170709)
139,033
346,473
1,086,708
149,935
164,774

201405170710(201405170710)
139,033
346,473
1,086,708
149,935
164,774

201405170711(201405170711)
139,033
346,473
1,086,708
150,167
164,804

201405170712(201405170712)
139,033
346,473
1,086,708
150,167
164,976

201405170719(201405170719)
139,487
349,073
1,086,708
150,620
165,371

201405170720(201405170720)
139,590
349,073
1,087,361
150,620
165,708

201405170721(201405170721)
139,619
349,342
1,087,361
150,697
166,022

201405170722(201405170722)
139,769
349,342
1,087,361
150,697
166,022

201405170729(201405170729)
140,149
352,667
1,087,361
150,730
167,307

201405170730(201405170730)
140,149
353,622
1,087,361
150,747
167,357

201405170731(201405170731)
140,280
353,622
1,087,361
150,747
167,357

201405170732(201405170732)
140,335
353,622
1,087,361
150,747
167,409

201405170739(201405170739)
140,629
354,567
1,096,866
151,763
167,991

201405170740(201405170740)
140,792
355,296
1,096,866
151,763
167,991

201405170741(201405170741)
140,821
355,790
1,096,866
151,763
168,366

201405170742(201405170742)
140,821
355,790
1,096,866
152,284
168,397

201405170749(201405170749)
141,219
356,024
1,103,553
152,619
168,742

201405170750(201405170750)
141,219
356,024
1,103,553
152,619
168,942

201405170751(201405170751)
141,237
356,024
1,103,553
152,619
168,942

201405170752(201405170752)
141,237
356,024
1,103,553
152,619
168,942

201405170759(201405170759)
141,837
356,024
1,103,553
153,000
169,490

201405170800(201405170800)
142,024
357,060
1,103,553
153,000
169,526

201405170801(201405170801)
142,042
357,060
1,103,553
153,076
169,526

201405170802(201405170802)
142,351
357,060
1,103,553
153,076
169,526

201405170809(201405170809)
142,951
359,852
1,103,553
153,582
170,058

201405170810(201405170810)
142,951
360,354
1,103,553
153,688
170,058

201405170811(201405170811)
142,959
360,734
1,103,553
154,047
170,058

201405170812(201405170812)
142,959
360,734
1,103,553
154,286
170,058

201405170819(201405170819)
143,377
362,268
1,103,553
154,779
170,561

201405170820(201405170820)
143,467
362,268
1,103,553
154,815
170,610

201405170821(201405170821)
143,469
362,551
1,103,553
154,815
170,736

201405170822(201405170822)
143,545
362,551
1,103,553
154,815
170,855

201405170829(201405170829)
143,772
362,551
1,103,553
155,833
171,339

201405170830(201405170830)
143,772
362,551
1,103,553
155,845
171,339

201405170831(201405170831)
143,772
362,551
1,103,553
155,924
171,339

201405170832(201405170832)
143,772
362,551
1,103,553
155,924
171,661

201405170839(201405170839)
144,169
362,805
1,103,553
156,318
171,686

201405170840(201405170840)
144,169
362,805
1,103,553
156,775
171,686

201405170841(201405170841)
144,169
362,805
1,103,553
156,909
171,686

201405170842(201405170842)
144,169
362,805
1,103,553
156,962
171,913

201405170849(201405170849)
144,473
364,224
1,103,553
156,994
172,409

201405170850(201405170850)
144,705
364,224
1,103,553
156,994
172,409

201405170851(201405170851)
144,795
364,224
1,103,553
156,994
172,409

201405170852(201405170852)
144,875
364,224
1,103,553
157,013
172,409

201405170859(201405170859)
145,372
365,201
1,103,553
157,545
172,545

201405170900(201405170900)
145,372
365,201
1,103,553
157,545
172,681

201405170901(201405170901)
145,372
365,201
1,103,553
157,545
172,819

201405170902(201405170902)
145,443
365,452
1,103,553
157,545
172,819

201405170909(201405170909)
146,022
366,059
1,117,408
158,566
173,244

201405170910(201405170910)
146,243
366,926
1,117,408
158,566
173,670

201405170911(201405170911)
146,513
367,491
1,117,408
158,566
173,680

201405170912(201405170912)
146,695
367,491
1,117,408
158,944
174,007

201405170919(201405170919)
147,125
368,518
1,117,408
159,397
175,488

201405170920(201405170920)
147,125
368,518
1,117,408
159,428
175,488

201405170921(201405170921)
147,310
368,518
1,117,408
159,428
175,488

201405170922(201405170922)
147,450
368,518
1,117,408
159,428
175,488

201405170929(201405170929)
148,057
370,500
1,117,408
160,411
175,928

201405170930(201405170930)
148,057
370,500
1,117,408
160,411
175,962

201405170931(201405170931)
148,141
370,500
1,117,408
160,411
175,962

201405170932(201405170932)
148,235
370,500
1,117,408
160,468
176,017

201405170939(201405170939)
148,826
372,346
1,117,408
160,983
177,349

201405170940(201405170940)
148,826
372,346
1,117,408
160,983
177,374

201405170941(201405170941)
148,826
372,866
1,117,408
161,373
177,557

201405170942(201405170942)
148,826
372,866
1,117,408
161,445
177,772

201405170949(201405170949)
149,258
374,834
1,117,442
162,639
178,445

201405170950(201405170950)
149,258
375,089
1,117,442
162,639
178,480

201405170951(201405170951)
149,311
375,730
1,117,442
162,639
178,480

201405170952(201405170952)
149,317
376,189
1,117,442
163,034
178,623

201405170959(201405170959)
149,713
376,770
1,117,442
163,219
179,116

201405171000(201405171000)
149,748
376,770
1,117,442
163,219
179,116

201405171001(201405171001)
149,935
376,770
1,117,442
163,351
179,116

201405171002(201405171002)
149,968
377,024
1,117,442
163,832
179,358

201405171009(201405171009)
150,611
377,238
1,117,442
164,369
180,071

201405171010(201405171010)
150,620
377,238
1,117,442
164,369
180,071

201405171011(201405171011)
150,770
377,748
1,117,442
164,369
180,308

201405171012(201405171012)
150,770
378,026
1,117,442
164,369
180,308

201405171019(201405171019)
151,103
382,313
1,117,442
164,707
180,444

201405171020(201405171020)
151,103
382,466
1,118,474
164,707
180,444

201405171021(201405171021)
151,103
382,553
1,118,474
164,707
180,820

201405171022(201405171022)
151,253
382,568
1,118,474
164,707
180,823

201405171029(201405171029)
152,253
383,482
1,118,474
165,533
181,992

201405171030(201405171030)
152,297
383,482
1,118,474
165,647
181,992

201405171031(201405171031)
152,297
383,482
1,118,474
165,647
182,008

201405171032(201405171032)
152,297
383,482
1,118,474
165,647
182,008

201405171039(201405171039)
152,993
383,586
1,120,929
166,441
182,088

201405171040(201405171040)
153,378
383,999
1,120,929
166,656
182,088

201405171041(201405171041)
153,378
383,999
1,120,929
166,656
182,088

201405171042(201405171042)
153,739
383,999
1,120,929
166,656
182,089

201405171049(201405171049)
154,117
387,549
1,120,929
167,991
182,735

201405171050(201405171050)
154,117
387,549
1,120,929
168,200
182,735

201405171051(201405171051)
154,117
387,549
1,120,929
168,200
182,735

201405171052(201405171052)
154,117
387,549
1,120,929
168,200
182,735

201405171059(201405171059)
154,212
388,015
1,121,079
168,373
183,968

201405171100(201405171100)
154,212
388,015
1,121,079
168,373
183,968

201405171101(201405171101)
154,286
388,015
1,121,079
168,373
183,968

201405171102(201405171102)
154,286
388,015
1,121,079
168,373
183,968

201405171109(201405171109)
154,422
388,015
1,121,079
168,412
184,089

201405171110(201405171110)
154,422
388,015
1,121,079
168,412
184,127

201405171111(201405171111)
154,650
388,015
1,121,079
168,412
184,369

201405171112(201405171112)
154,650
388,015
1,122,479
168,412
184,369

201405171119(201405171119)
155,066
388,015
1,136,597
168,969
184,875

201405171120(201405171120)
155,066
388,015
1,136,597
168,972
184,950

201405171121(201405171121)
155,066
388,015
1,136,597
168,972
184,950

201405171122(201405171122)
155,066
388,015
1,136,597
168,972
184,950

201405171129(201405171129)
155,300
388,365
1,141,814
169,526
186,301

201405171130(201405171130)
155,300
388,365
1,141,814
170,079
186,454

201405171131(201405171131)
155,300
388,365
1,141,814
170,079
187,192

201405171132(201405171132)
155,300
388,365
1,141,814
170,313
187,192

201405171139(201405171139)
155,833
392,133
1,141,814
170,446
187,323

201405171140(201405171140)
155,924
392,133
1,141,814
170,446
187,560

201405171141(201405171141)
155,924
392,170
1,141,814
170,561
187,560

201405171142(201405171142)
156,063
392,170
1,141,814
170,644
187,608

201405171149(201405171149)
156,994
392,170
1,155,688
172,038
187,841

201405171150(201405171150)
156,994
392,170
1,155,688
172,273
187,972

201405171151(201405171151)
157,013
392,170
1,155,688
172,419
188,206

201405171152(201405171152)
157,013
392,846
1,155,688
172,538
188,206

201405171159(201405171159)
157,891
394,357
1,155,688
172,631
189,796

201405171200(201405171200)
157,963
395,348
1,155,688
172,762
189,796

201405171201(201405171201)
157,963
395,691
1,155,688
172,819
190,053

201405171202(201405171202)
158,193
396,022
1,155,688
172,819
190,623

201405171209(201405171209)
158,767
398,252
1,182,568
173,129
192,749

201405171210(201405171210)
158,767
398,252
1,182,568
173,136
192,784

201405171211(201405171211)
158,767
398,586
1,182,568
173,136
192,784

201405171212(201405171212)
158,767
398,586
1,182,568
173,151
192,784

201405171219(201405171219)
159,428
398,666
1,182,568
173,670
193,531

201405171220(201405171220)
159,428
398,977
1,182,568
173,670
193,564

201405171221(201405171221)
159,428
398,977
1,182,568
173,670
193,564

201405171222(201405171222)
159,508
398,977
1,207,418
174,330
193,632

201405171229(201405171229)
160,854
399,669
1,207,418
174,791
194,438

201405171230(201405171230)
160,903
399,669
1,207,418
174,791
194,673

201405171231(201405171231)
160,903
399,669
1,207,418
174,791
195,600

201405171232(201405171232)
160,925
399,669
1,207,418
174,791
195,600

