201405221709(201405221709)
793,272
1,522,069
3,634,120
859,850
937,385

201405221710(201405221710)
793,272
1,522,069
3,634,120
859,850
937,385

201405221711(201405221711)
793,272
1,522,069
3,634,120
859,850
937,385

201405221712(201405221712)
793,272
1,525,090
3,634,120
859,850
939,285

201405221719(201405221719)
793,686
1,529,639
3,634,120
860,062
939,285

201405221720(201405221720)
793,686
1,529,639
3,634,120
860,062
939,285

201405221721(201405221721)
793,686
1,529,639
3,634,120
860,062
940,017

201405221722(201405221722)
793,734
1,529,639
3,634,120
860,062
940,017

201405221729(201405221729)
795,519
1,529,639
3,634,120
860,062
941,102

201405221730(201405221730)
795,519
1,529,639
3,634,120
860,062
941,452

201405221731(201405221731)
796,030
1,529,639
3,634,120
860,062
941,452

201405221732(201405221732)
796,030
1,529,639
3,634,120
860,062
941,585

201405221739(201405221739)
797,783
1,529,639
3,634,177
860,062
942,709

201405221740(201405221740)
797,783
1,529,639
3,634,177
860,062
942,709

201405221741(201405221741)
797,783
1,529,783
3,634,177
860,223
942,709

201405221742(201405221742)
797,783
1,529,783
3,634,177
860,274
942,709

201405221749(201405221749)
797,867
1,533,313
3,634,177
860,274
943,280

201405221750(201405221750)
797,867
1,533,313
3,634,177
860,274
943,280

201405221751(201405221751)
797,867
1,533,313
3,634,177
860,274
943,280

201405221752(201405221752)
797,867
1,533,313
3,634,177
860,274
943,280

201405221759(201405221759)
797,867
1,533,313
3,634,177
862,332
943,280

201405221800(201405221800)
797,867
1,533,313
3,634,177
862,332
943,280

201405221801(201405221801)
797,867
1,534,135
3,634,177
862,738
943,280

201405221802(201405221802)
797,867
1,534,135
3,634,177
862,738
943,280

201405221809(201405221809)
798,440
1,534,294
3,634,177
862,738
943,280

201405221810(201405221810)
798,440
1,534,294
3,634,177
862,738
943,280

201405221811(201405221811)
798,440
1,534,619
3,634,177
862,755
943,280

201405221812(201405221812)
798,440
1,534,619
3,634,177
862,755
943,672

201405221819(201405221819)
798,552
1,536,873
3,634,177
862,755
943,888

201405221820(201405221820)
799,381
1,536,873
3,634,177
862,755
944,034

201405221821(201405221821)
800,371
1,536,873
3,634,177
862,755
944,034

201405221822(201405221822)
800,371
1,536,873
3,634,177
863,083
944,034

201405221829(201405221829)
800,936
1,537,524
3,634,177
864,817
948,942

201405221830(201405221830)
800,936
1,538,825
3,634,177
864,817
948,942

201405221831(201405221831)
800,970
1,539,011
3,634,177
864,817
948,953

201405221832(201405221832)
800,979
1,539,383
3,634,291
864,817
948,953

201405221839(201405221839)
800,979
1,546,517
3,646,010
865,064
949,137

201405221840(201405221840)
800,979
1,546,517
3,646,010
865,064
949,137

201405221841(201405221841)
802,714
1,546,517
3,646,010
865,064
949,137

201405221842(201405221842)
802,824
1,546,517
3,646,010
865,064
949,137

201405221849(201405221849)
803,719
1,547,045
3,646,010
865,064
949,137

201405221850(201405221850)
803,719
1,547,513
3,646,010
865,064
949,137

201405221851(201405221851)
803,719
1,547,513
3,646,010
865,416
949,522

201405221852(201405221852)
803,719
1,547,513
3,646,010
865,526
949,967

201405221859(201405221859)
803,875
1,547,513
3,646,010
868,298
953,106

201405221900(201405221900)
804,278
1,547,513
3,646,010
868,841
953,106

201405221901(201405221901)
804,278
1,547,513
3,646,010
870,360
953,106

201405221902(201405221902)
804,278
1,547,513
3,646,010
870,360
953,106

201405221909(201405221909)
804,278
1,547,513
3,646,010
871,051
953,624

201405221910(201405221910)
804,278
1,547,513
3,646,010
871,051
953,624

201405221911(201405221911)
804,278
1,547,513
3,646,010
872,507
953,624

201405221912(201405221912)
804,499
1,547,513
3,646,010
872,507
953,624

201405221919(201405221919)
805,465
1,550,497
3,646,010
872,507
955,685

201405221920(201405221920)
805,465
1,550,497
3,646,010
873,042
955,685

201405221921(201405221921)
805,465
1,550,497
3,646,010
873,042
955,685

201405221922(201405221922)
805,465
1,550,497
3,646,010
873,042
955,685

201405221929(201405221929)
807,181
1,551,747
3,646,010
873,857
955,748

201405221930(201405221930)
807,181
1,551,747
3,648,990
873,887
956,764

201405221931(201405221931)
807,181
1,551,747
3,665,627
873,887
956,764

201405221932(201405221932)
807,181
1,551,747
3,665,627
873,887
956,764

201405221939(201405221939)
807,682
1,553,844
3,665,627
875,041
956,776

201405221940(201405221940)
807,774
1,553,844
3,665,627
875,041
956,776

201405221941(201405221941)
808,004
1,554,713
3,665,627
875,157
958,624

201405221942(201405221942)
808,004
1,554,713
3,665,627
875,157
958,732

201405221949(201405221949)
808,802
1,554,713
3,665,627
875,563
959,908

201405221950(201405221950)
809,890
1,554,713
3,665,627
875,563
959,908

201405221951(201405221951)
809,890
1,554,713
3,665,627
875,563
960,064

201405221952(201405221952)
809,890
1,554,713
3,665,627
875,563
960,064

201405221959(201405221959)
810,290
1,554,917
3,665,627
875,659
960,064

201405222000(201405222000)
810,402
1,554,917
3,665,627
875,714
960,064

201405222001(201405222001)
810,738
1,554,917
3,665,627
876,428
960,272

201405222002(201405222002)
810,738
1,554,917
3,665,627
876,543
960,272

201405222009(201405222009)
810,794
1,554,917
3,665,627
877,184
961,048

201405222010(201405222010)
810,863
1,554,917
3,665,627
877,540
961,048

201405222011(201405222011)
810,863
1,554,917
3,665,627
877,540
961,048

201405222012(201405222012)
810,863
1,554,917
3,665,627
878,455
961,048

201405222019(201405222019)
810,881
1,554,917
3,669,888
878,455
961,082

201405222020(201405222020)
813,231
1,554,917
3,669,888
878,455
961,082

201405222021(201405222021)
813,231
1,554,917
3,669,888
878,455
961,184

201405222022(201405222022)
813,492
1,554,917
3,669,946
878,455
961,184

201405222029(201405222029)
814,353
1,554,917
3,692,429
878,550
961,184

201405222030(201405222030)
814,353
1,554,917
3,692,429
878,550
961,184

201405222031(201405222031)
814,353
1,554,917
3,692,429
878,550
961,184

201405222032(201405222032)
814,353
1,554,917
3,692,429
878,550
961,184

201405222039(201405222039)
815,542
1,555,650
3,692,429
878,550
964,901

201405222040(201405222040)
815,542
1,555,650
3,692,429
878,550
964,901

201405222041(201405222041)
815,542
1,555,650
3,692,429
879,025
964,901

201405222042(201405222042)
815,542
1,555,650
3,692,429
879,025
964,901

201405222049(201405222049)
816,033
1,555,650
3,692,429
879,456
966,317

201405222050(201405222050)
816,033
1,555,650
3,692,429
879,456
966,317

201405222051(201405222051)
816,033
1,556,363
3,692,429
879,456
966,317

201405222052(201405222052)
816,033
1,556,920
3,692,429
880,283
966,317

201405222059(201405222059)
816,569
1,560,017
3,692,429
880,956
966,317

201405222100(201405222100)
816,569
1,564,688
3,692,429
880,956
966,317

201405222101(201405222101)
816,569
1,564,688
3,692,429
881,496
966,317

201405222102(201405222102)
816,569
1,564,688
3,692,429
881,496
966,317

201405222109(201405222109)
816,569
1,564,688
3,692,429
881,496
967,150

201405222110(201405222110)
816,569
1,570,130
3,692,429
881,496
967,150

201405222111(201405222111)
816,590
1,570,130
3,692,429
881,496
967,150

201405222112(201405222112)
816,590
1,570,130
3,692,429
881,496
967,150

201405222119(201405222119)
816,590
1,570,130
3,692,429
882,011
967,833

201405222120(201405222120)
816,590
1,570,130
3,692,429
882,066
967,833

201405222121(201405222121)
816,590
1,570,130
3,692,429
882,066
967,833

201405222122(201405222122)
817,281
1,570,130
3,692,429
882,066
967,833

201405222129(201405222129)
818,549
1,570,130
3,692,429
882,176
968,162

201405222130(201405222130)
818,549
1,570,130
3,692,429
882,176
968,162

201405222131(201405222131)
818,549
1,570,130
3,692,429
882,231
968,162

201405222132(201405222132)
819,065
1,570,130
3,692,429
882,231
968,162

201405222139(201405222139)
819,853
1,570,130
3,692,429
884,187
968,517

201405222140(201405222140)
819,853
1,570,130
3,692,429
884,187
968,517

201405222141(201405222141)
819,963
1,570,130
3,692,429
884,187
968,517

201405222142(201405222142)
819,963
1,570,130
3,692,429
884,187
968,517

201405222149(201405222149)
821,503
1,571,814
3,692,429
886,831
970,058

201405222150(201405222150)
821,558
1,571,814
3,692,429
886,831
971,700

201405222151(201405222151)
821,650
1,571,814
3,692,429
886,831
971,700

201405222152(201405222152)
821,650
1,571,814
3,692,429
886,831
971,700

201405222159(201405222159)
825,051
1,571,814
3,692,429
887,033
971,700

201405222200(201405222200)
826,207
1,576,193
3,692,429
887,033
971,700

201405222201(201405222201)
826,207
1,576,193
3,692,429
887,033
971,700

201405222202(201405222202)
826,207
1,576,193
3,692,429
891,270
971,700

201405222209(201405222209)
828,113
1,576,203
3,692,429
891,720
974,227

201405222210(201405222210)
828,113
1,576,257
3,692,429
891,857
974,227

201405222211(201405222211)
828,113
1,576,365
3,692,429
891,857
974,227

201405222212(201405222212)
828,113
1,576,473
3,692,429
892,957
974,227

201405222219(201405222219)
830,181
1,577,309
3,721,383
892,957
974,283

201405222220(201405222220)
831,214
1,578,168
3,721,383
892,957
974,827

201405222221(201405222221)
831,214
1,578,168
3,721,513
892,957
974,827

201405222222(201405222222)
831,214
1,578,168
3,721,513
892,957
974,827

201405222229(201405222229)
834,108
1,579,223
3,737,497
892,957
974,827

201405222230(201405222230)
834,108
1,579,223
3,737,497
893,813
974,827

201405222231(201405222231)
834,108
1,579,223
3,737,497
894,687
976,077

201405222232(201405222232)
834,108
1,579,223
3,737,497
894,687
976,077

201405222239(201405222239)
834,419
1,580,074
3,737,497
897,156
976,077

201405222240(201405222240)
834,419
1,580,074
3,737,497
897,589
976,077

201405222241(201405222241)
834,419
1,580,745
3,737,497
897,589
976,077

201405222242(201405222242)
835,672
1,580,745
3,737,497
897,589
976,077

201405222249(201405222249)
836,389
1,580,745
3,737,497
900,825
976,099

201405222250(201405222250)
836,389
1,580,745
3,737,497
900,825
976,099

201405222251(201405222251)
836,503
1,580,745
3,737,497
900,825
976,099

201405222252(201405222252)
837,140
1,583,466
3,737,497
900,825
976,099

201405222259(201405222259)
837,347
1,589,364
3,737,497
901,388
979,282

201405222300(201405222300)
837,347
1,589,364
3,737,497
902,034
979,282

201405222301(201405222301)
837,347
1,589,518
3,737,497
902,276
979,282

201405222302(201405222302)
837,347
1,589,518
3,737,497
902,276
979,282

201405222309(201405222309)
837,833
1,589,580
3,737,497
902,276
982,302

201405222310(201405222310)
838,127
1,589,580
3,737,497
902,276
982,446

201405222311(201405222311)
838,127
1,589,580
3,737,497
902,350
982,446

201405222312(201405222312)
838,127
1,589,580
3,737,497
902,350
982,446

201405222319(201405222319)
838,222
1,589,580
3,737,497
904,303
982,446

201405222320(201405222320)
838,222
1,589,580
3,737,497
906,334
982,446

201405222321(201405222321)
842,043
1,589,580
3,737,497
906,334
982,446

201405222322(201405222322)
842,043
1,589,580
3,737,497
906,334
982,446

201405222329(201405222329)
842,830
1,589,927
3,737,497
906,854
982,446

201405222330(201405222330)
843,059
1,589,927
3,737,497
908,268
983,268

201405222331(201405222331)
843,059
1,589,927
3,737,497
908,268
983,543

201405222332(201405222332)
843,070
1,589,927
3,737,497
908,268
983,873

201405222339(201405222339)
843,791
1,594,928
3,737,497
908,442
987,899

201405222340(201405222340)
843,830
1,594,928
3,737,497
908,442
987,899

201405222341(201405222341)
843,830
1,595,127
3,737,497
908,442
987,899

201405222342(201405222342)
843,830
1,595,127
3,737,497
908,595
987,899

201405222349(201405222349)
843,947
1,595,843
3,737,497
908,799
989,046

201405222350(201405222350)
845,626
1,595,843
3,737,497
908,799
991,334

201405222351(201405222351)
845,626
1,595,843
3,737,497
909,416
991,334

201405222352(201405222352)
845,626
1,595,843
3,737,497
909,472
993,561

201405222359(201405222359)
845,753
1,602,843
3,755,171
914,301
994,950

201405230000(201405230000)
845,753
1,602,843
3,755,171
914,301
994,950

201405230001(201405230001)
845,753
1,602,843
3,755,171
914,301
994,950

201405230002(201405230002)
845,753
1,602,843
3,755,171
914,301
994,950

201405230009(201405230009)
845,753
1,602,905
3,755,171
914,301
994,950

201405230010(201405230010)
845,753
1,602,905
3,755,171
914,301
994,950

201405230011(201405230011)
845,753
1,602,905
3,755,171
914,751
995,208

201405230012(201405230012)
845,753
1,602,905
3,755,171
914,751
995,208

201405230019(201405230019)
848,057
1,605,105
3,755,171
915,759
997,524

201405230020(201405230020)
848,057
1,605,105
3,755,171
915,759
997,524

201405230021(201405230021)
848,057
1,605,105
3,755,171
915,759
997,524

201405230022(201405230022)
848,936
1,605,105
3,755,171
917,147
997,989

201405230029(201405230029)
850,043
1,607,303
3,763,511
917,865
1,001,060

201405230030(201405230030)
850,043
1,607,303
3,763,511
917,865
1,001,060

201405230031(201405230031)
850,043
1,607,376
3,763,511
917,865
1,001,060

201405230032(201405230032)
850,043
1,607,376
3,763,511
917,865
1,001,060

201405230039(201405230039)
850,907
1,608,460
3,763,511
917,991
1,001,149

201405230040(201405230040)
850,907
1,608,460
3,763,511
917,991
1,001,149

201405230041(201405230041)
850,907
1,608,460
3,763,511
917,991
1,001,149

201405230042(201405230042)
850,907
1,608,600
3,763,511
917,991
1,001,149

201405230049(201405230049)
850,907
1,613,701
3,763,511
917,991
1,002,769

201405230050(201405230050)
850,907
1,613,701
3,763,511
918,436
1,002,769

201405230051(201405230051)
850,907
1,613,701
3,763,511
918,805
1,003,065

201405230052(201405230052)
850,907
1,613,822
3,763,511
918,936
1,003,177

201405230059(201405230059)
854,130
1,616,903
3,763,511
921,147
1,005,214

201405230100(201405230100)
854,130
1,616,903
3,763,511
921,312
1,005,214

201405230101(201405230101)
854,130
1,617,467
3,763,511
921,312
1,005,214

201405230102(201405230102)
854,130
1,617,467
3,763,511
921,312
1,005,214

201405230109(201405230109)
855,264
1,618,815
3,766,792
924,014
1,006,616

201405230110(201405230110)
855,264
1,618,815
3,766,792
924,014
1,006,616

201405230111(201405230111)
855,264
1,618,815
3,766,792
924,014
1,006,616

201405230112(201405230112)
855,264
1,618,815
3,766,792
924,014
1,007,168

201405230119(201405230119)
855,278
1,619,077
3,766,792
924,356
1,007,342

201405230120(201405230120)
855,278
1,619,077
3,766,792
924,356
1,007,418

201405230121(201405230121)
856,712
1,619,077
3,766,792
924,356
1,007,418

201405230122(201405230122)
856,712
1,619,077
3,766,792
924,356
1,007,590

201405230129(201405230129)
856,712
1,621,040
3,766,792
924,356
1,008,157

201405230130(201405230130)
856,712
1,621,040
3,766,792
924,356
1,009,094

201405230131(201405230131)
857,330
1,621,040
3,766,792
925,945
1,009,094

201405230132(201405230132)
857,330
1,621,040
3,766,792
925,945
1,009,094

201405230139(201405230139)
857,330
1,621,054
3,766,792
925,971
1,009,763

201405230140(201405230140)
857,330
1,621,054
3,766,792
925,971
1,009,763

201405230141(201405230141)
857,330
1,621,054
3,766,792
925,971
1,009,763

201405230142(201405230142)
857,456
1,621,054
3,766,792
925,971
1,009,763

201405230149(201405230149)
857,761
1,621,387
3,766,792
925,971
1,009,763

201405230150(201405230150)
857,761
1,621,387
3,766,792
925,971
1,009,763

201405230151(201405230151)
857,761
1,621,387
3,766,792
928,436
1,009,763

201405230152(201405230152)
857,761
1,621,711
3,766,792
928,436
1,009,763

201405230159(201405230159)
857,761
1,621,773
3,766,792
930,686
1,009,763

201405230200(201405230200)
857,761
1,621,773
3,766,792
930,686
1,009,763

201405230201(201405230201)
857,761
1,621,900
3,766,792
930,686
1,009,763

201405230202(201405230202)
857,761
1,622,006
3,766,792
930,686
1,009,763

201405230209(201405230209)
857,761
1,623,844
3,766,792
930,686
1,009,763

201405230210(201405230210)
857,761
1,623,844
3,766,792
930,686
1,009,905

201405230211(201405230211)
858,472
1,623,844
3,766,792
930,686
1,009,905

201405230212(201405230212)
858,472
1,623,844
3,766,792
930,686
1,009,905

201405230219(201405230219)
858,472
1,623,844
3,766,792
931,499
1,009,905

201405230220(201405230220)
858,472
1,624,234
3,766,792
931,499
1,009,905

201405230221(201405230221)
858,472
1,624,582
3,766,792
931,499
1,009,905

201405230222(201405230222)
858,472
1,624,582
3,766,792
931,499
1,009,905

201405230229(201405230229)
858,644
1,624,834
3,766,792
932,691
1,010,240

201405230230(201405230230)
858,644
1,624,834
3,766,792
932,691
1,010,240

201405230231(201405230231)
858,644
1,624,834
3,766,792
932,691
1,010,240

201405230232(201405230232)
858,644
1,624,834
3,766,792
932,691
1,010,240

201405230239(201405230239)
858,644
1,624,834
3,766,792
934,772
1,015,453

201405230240(201405230240)
858,644
1,624,834
3,766,792
934,812
1,015,453

201405230241(201405230241)
858,644
1,624,834
3,766,792
934,812
1,015,453

201405230242(201405230242)
858,644
1,624,834
3,766,792
934,812
1,016,359

201405230249(201405230249)
858,644
1,624,834
3,766,792
934,812
1,016,603

201405230250(201405230250)
858,644
1,624,834
3,766,792
934,812
1,016,898

201405230251(201405230251)
858,644
1,624,834
3,766,792
934,812
1,016,898

201405230252(201405230252)
858,644
1,624,834
3,766,792
934,812
1,016,898

201405230259(201405230259)
858,644
1,624,834
3,766,792
934,842
1,016,898

201405230300(201405230300)
858,644
1,624,834
3,766,792
934,842
1,016,898

201405230301(201405230301)
858,644
1,624,834
3,766,792
934,842
1,016,898

201405230302(201405230302)
858,644
1,624,834
3,766,792
934,842
1,016,898

201405230309(201405230309)
858,644
1,631,579
3,766,792
934,842
1,016,898

201405231535(201405231535)
914,878
1,713,011
3,864,701
1,001,103
1,083,942

201405231539(201405231539)
915,904
1,716,014
3,864,701
1,001,103
1,083,942

201405231540(201405231540)
915,904
1,716,014
3,864,701
1,001,103
1,083,942

201405231541(201405231541)
915,904
1,716,014
3,864,701
1,001,103
1,083,942

201405231542(201405231542)
915,904
1,716,014
3,864,701
1,001,103
1,083,942

201405231549(201405231549)
915,904
1,716,533
3,864,701
1,001,149
1,085,745

201405231550(201405231550)
915,904
1,716,688
3,864,701
1,001,149
1,085,745

201405231551(201405231551)
915,904
1,716,688
3,864,701
1,001,149
1,085,745

201405231552(201405231552)
915,904
1,716,688
3,864,701
1,001,149
1,085,745

201405231559(201405231559)
918,487
1,717,334
3,864,701
1,001,188
1,085,745

201405231600(201405231600)
918,487
1,717,334
3,864,701
1,001,402
1,085,745

201405231601(201405231601)
918,487
1,717,334
3,864,701
1,001,402
1,085,745

201405231602(201405231602)
918,487
1,717,334
3,864,701
1,001,934
1,085,745

201405231609(201405231609)
920,274
1,717,334
3,864,701
1,001,934
1,087,148

201405231610(201405231610)
920,274
1,717,334
3,864,701
1,001,934
1,087,148

201405231611(201405231611)
920,274
1,717,334
3,864,701
1,001,934
1,087,148

201405231612(201405231612)
920,274
1,717,334
3,864,701
1,002,076
1,087,148

201405231619(201405231619)
920,700
1,718,891
3,864,701
1,002,076
1,088,855

201405231620(201405231620)
920,700
1,718,891
3,864,701
1,002,076
1,088,855

201405231621(201405231621)
920,700
1,722,148
3,864,701
1,002,076
1,088,855

201405231622(201405231622)
920,700
1,722,148
3,864,701
1,002,076
1,090,232

201405231629(201405231629)
922,304
1,723,177
3,864,701
1,002,219
1,090,579

201405231630(201405231630)
922,304
1,723,177
3,864,701
1,002,219
1,090,579

201405231631(201405231631)
922,304
1,723,177
3,864,701
1,002,219
1,090,579

201405231632(201405231632)
922,304
1,723,177
3,864,701
1,002,219
1,090,738

201405231640(201405231640)
922,304
1,723,177
3,864,701
1,002,219
1,090,738
3,864,701
1,002,219
1,090,994

201405231641(201405231641)
1,728,740
3,864,701
1,002,219
1,090,994

201405231642(201405231642)
922,591
1,728,740
3,864,701
1,002,909
1,090,994

201405231642(201405231642)
922,591
1,728,740
3,864,701
1,002,909
1,090,994

201405231650(201405231650)
922,591
1,732,839
1,732,839
1,003,025
1,093,538

201405231651(201405231651)
922,591
1,734,175
3,864,701
1,003,025
1,093,683

201405231652(201405231652)
922,992
1,734,175
3,864,701
1,003,025
1,093,683

201405231653(201405231653)
922,992
1,734,175
3,864,701
1,003,025
1,093,683

201405231700(201405231700)
924,356
1,736,436
3,864,701
1,004,826
1,094,087

201405231701(201405231701)
924,356
1,736,436
3,864,701
1,004,826
1,094,087

201405231702(201405231702)
924,356
1,736,436
3,864,701
1,004,826
1,094,087

201405231703(201405231703)
924,356
1,736,436
3,864,701
1,004,826
1,094,087

201405231711(201405231711)
924,356
1,736,436
3,874,852
1,010,289
1,094,584

201405231712(201405231712)
924,356
1,736,436
3,874,852
1,010,289
1,094,584
1,736,436
3,874,852
1,010,289
1,094,584

201405231713(201405231713)
924,356
1,736,436
3,874,852
1,010,289
1,094,584

