201405201729(201405201729)
558,366
1,072,201
2,959,402
589,558
632,219

201405201730(201405201730)
558,366
1,072,201
2,959,402
589,558
632,219

201405201731(201405201731)
558,537
1,072,201
2,959,402
589,558
632,219

201405201732(201405201732)
558,698
1,073,573
2,959,402
589,558
632,219

201405201739(201405201739)
558,698
1,077,940
2,959,402
589,597
632,219

201405201740(201405201740)
558,698
1,077,940
2,959,402
589,597
632,219

201405201741(201405201741)
558,698
1,077,940
2,959,402
589,597
632,219

201405201742(201405201742)
558,698
1,077,940
2,959,402
589,597
632,219

201405201749(201405201749)
559,094
1,078,429
2,959,402
589,597
632,893

201405201750(201405201750)
559,094
1,078,429
2,959,402
589,597
632,893

201405201751(201405201751)
559,094
1,078,429
2,959,402
589,597
632,893

201405201752(201405201752)
559,094
1,078,671
2,959,402
589,597
632,893

201405201759(201405201759)
559,619
1,082,701
2,959,402
590,191
634,969

201405201800(201405201800)
559,619
1,082,701
2,959,402
590,191
634,969

201405201801(201405201801)
559,619
1,082,701
2,959,402
590,191
634,969

201405201802(201405201802)
560,557
1,082,701
2,959,402
590,191
634,969

201405201809(201405201809)
561,322
1,082,701
2,959,402
590,377
634,969

201405201810(201405201810)
561,322
1,082,701
2,959,402
590,377
634,969

201405201811(201405201811)
561,376
1,082,701
2,959,402
590,604
634,969

201405201812(201405201812)
561,376
1,082,701
2,959,402
591,429
634,969

201405201819(201405201819)
561,376
1,082,701
2,959,402
591,856
635,024

201405201820(201405201820)
561,376
1,083,518
2,959,402
591,856
635,024

201405201821(201405201821)
561,376
1,083,518
2,959,402
591,856
635,024

201405201822(201405201822)
561,951
1,083,518
2,959,402
591,856
636,340

201405201829(201405201829)
562,269
1,083,518
2,959,402
591,935
636,673

201405201830(201405201830)
562,283
1,083,518
2,959,402
592,061
637,529

201405201831(201405201831)
562,283
1,083,518
2,959,402
592,187
637,529

201405201832(201405201832)
562,283
1,083,518
2,959,402
592,187
637,796

201405201839(201405201839)
562,370
1,084,810
2,959,402
594,074
639,895

201405201840(201405201840)
562,370
1,084,970
2,959,402
594,074
639,895

201405201841(201405201841)
562,370
1,084,970
2,959,402
594,074
639,895

201405201842(201405201842)
562,370
1,084,970
2,959,402
594,074
640,001

201405201849(201405201849)
563,300
1,086,171
2,959,402
594,751
641,806

201405201850(201405201850)
563,300
1,086,171
2,959,402
594,751
641,806

201405201851(201405201851)
563,300
1,086,171
2,959,402
595,218
641,806

201405201852(201405201852)
563,300
1,086,171
2,959,402
595,218
641,806

201405201859(201405201859)
563,300
1,086,171
2,959,402
595,218
642,150

201405201900(201405201900)
563,300
1,086,171
2,959,402
595,218
642,150

201405201901(201405201901)
563,404
1,086,171
2,959,402
595,326
642,651

201405201902(201405201902)
563,856
1,086,171
2,959,402
595,542
642,651

201405201909(201405201909)
564,473
1,086,755
2,959,402
595,962
642,651

201405201910(201405201910)
564,473
1,086,755
2,959,402
595,962
642,651

201405201911(201405201911)
564,473
1,086,755
2,959,402
595,962
642,651

201405201912(201405201912)
564,473
1,086,755
2,959,402
595,962
642,651

201405201919(201405201919)
564,769
1,086,755
2,959,402
595,962
642,651

201405201920(201405201920)
565,366
1,086,755
2,959,402
595,962
642,651

201405201921(201405201921)
566,449
1,090,089
2,959,402
596,188
642,651

201405201922(201405201922)
566,449
1,090,089
2,959,402
596,262
642,651

201405201929(201405201929)
566,805
1,090,089
2,959,402
596,413
643,606

201405201930(201405201930)
566,805
1,090,089
2,959,402
596,413
643,606

201405201931(201405201931)
566,805
1,090,089
2,959,402
596,413
643,606

201405201932(201405201932)
566,805
1,090,089
2,959,402
596,413
643,606

201405201939(201405201939)
567,695
1,090,089
2,959,402
596,854
644,314

201405201940(201405201940)
567,695
1,090,652
2,959,402
596,854
644,314

201405201941(201405201941)
567,716
1,091,305
2,959,402
597,011
644,314

201405201942(201405201942)
567,941
1,091,305
2,959,402
597,784
644,314

201405201949(201405201949)
568,517
1,091,305
2,959,402
599,170
645,077

201405201950(201405201950)
568,517
1,091,305
2,959,402
599,228
645,077

201405201951(201405201951)
568,517
1,093,637
2,959,402
599,228
645,077

201405201952(201405201952)
568,517
1,093,637
2,959,402
599,338
645,077

201405201959(201405201959)
568,517
1,094,531
2,959,402
599,393
645,344

201405202000(201405202000)
568,517
1,094,531
2,959,402
599,393
645,344

201405202001(201405202001)
568,517
1,094,531
2,959,402
599,393
645,344

201405202002(201405202002)
568,517
1,094,531
2,959,402
599,393
645,344

201405202009(201405202009)
569,623
1,095,976
2,959,402
599,589
645,344

201405202010(201405202010)
569,623
1,097,106
2,959,402
599,589
645,344

201405202011(201405202011)
569,623
1,097,106
2,959,402
599,589
645,344

201405202012(201405202012)
569,623
1,097,106
2,959,402
599,589
645,344

201405202019(201405202019)
569,623
1,098,238
2,959,402
601,943
648,148

201405202020(201405202020)
570,618
1,098,238
2,959,402
602,610
649,368

201405202021(201405202021)
571,280
1,098,238
2,959,402
602,610
649,368

201405202022(201405202022)
571,280
1,099,132
2,959,402
602,610
649,388

201405202029(201405202029)
572,574
1,099,132
2,987,920
604,022
649,778

201405202030(201405202030)
573,093
1,101,370
2,988,999
604,606
649,778

201405202031(201405202031)
573,359
1,101,370
2,988,999
604,606
649,778

201405202032(201405202032)
573,359
1,101,370
2,988,999
605,764
649,778

201405202039(201405202039)
574,016
1,105,098
2,988,999
606,977
649,778

201405202040(201405202040)
574,016
1,105,098
2,988,999
606,977
649,778

201405202041(201405202041)
574,016
1,105,098
2,988,999
606,977
649,778

201405202042(201405202042)
574,456
1,105,098
2,988,999
607,175
649,778

201405202049(201405202049)
574,568
1,107,647
2,998,712
607,193
649,786

201405202050(201405202050)
574,568
1,107,647
2,998,712
607,193
649,786

201405202051(201405202051)
574,568
1,107,854
2,998,712
607,228
649,786

201405202052(201405202052)
574,568
1,107,916
2,998,712
607,228
649,786

201405202059(201405202059)
574,568
1,110,878
3,046,358
608,268
652,572

201405202100(201405202100)
574,568
1,110,878
3,046,358
608,757
652,731

201405202101(201405202101)
574,602
1,110,878
3,046,358
609,391
653,408

201405202102(201405202102)
574,602
1,110,878
3,046,358
609,391
654,080

201405202109(201405202109)
575,549
1,111,551
3,046,358
610,466
655,999

201405202110(201405202110)
575,631
1,111,551
3,046,358
610,466
655,999

201405202111(201405202111)
575,748
1,119,873
3,046,358
610,466
656,052

201405202112(201405202112)
576,512
1,119,873
3,046,358
610,937
656,723

201405202119(201405202119)
577,741
1,119,873
3,046,358
615,346
657,579

201405202120(201405202120)
578,163
1,119,873
3,046,358
615,515
657,791

201405202121(201405202121)
578,331
1,119,873
3,046,358
615,515
657,791

201405202122(201405202122)
579,170
1,119,873
3,046,358
615,515
657,844

201405202129(201405202129)
579,632
1,120,451
3,046,358
616,710
658,967

201405202130(201405202130)
579,973
1,120,451
3,046,358
616,807
658,967

201405202131(201405202131)
579,973
1,120,451
3,046,358
616,825
658,989

201405202132(201405202132)
579,973
1,120,451
3,046,433
616,825
658,989

201405202139(201405202139)
583,575
1,122,632
3,058,074
618,256
659,388

201405202140(201405202140)
583,575
1,122,632
3,058,074
618,595
659,388

201405202141(201405202141)
583,575
1,122,632
3,058,074
618,618
659,388

201405202142(201405202142)
583,575
1,122,632
3,058,074
618,618
659,388

201405202149(201405202149)
583,644
1,122,632
3,058,074
618,618
659,388

201405202150(201405202150)
583,644
1,122,632
3,058,074
618,618
659,388

201405202151(201405202151)
583,644
1,122,632
3,058,074
618,618
659,388

201405202152(201405202152)
583,644
1,122,632
3,058,074
618,618
659,388

201405202159(201405202159)
583,678
1,127,236
3,058,074
619,226
660,300

201405202200(201405202200)
583,678
1,127,236
3,058,074
619,236
660,300

201405202201(201405202201)
583,987
1,127,236
3,058,074
619,236
660,300

201405202202(201405202202)
583,987
1,127,236
3,058,074
619,236
660,300

201405202209(201405202209)
584,976
1,127,236
3,075,695
620,203
662,395

201405202210(201405202210)
584,976
1,127,236
3,075,695
620,203
662,719

201405202211(201405202211)
584,976
1,127,236
3,075,695
620,203
662,719

201405202212(201405202212)
584,976
1,127,236
3,075,695
620,203
662,719

201405202219(201405202219)
586,612
1,130,616
3,075,695
623,700
663,665

201405202220(201405202220)
586,612
1,130,616
3,075,695
623,700
663,665

201405202221(201405202221)
586,612
1,130,616
3,075,695
623,700
663,688

201405202222(201405202222)
586,612
1,130,616
3,075,695
623,700
664,047

201405202229(201405202229)
586,840
1,130,616
3,075,695
624,012
666,371

201405202230(201405202230)
586,840
1,135,164
3,075,695
624,278
666,371

201405202231(201405202231)
586,840
1,135,164
3,075,695
624,278
666,371

201405202232(201405202232)
586,840
1,135,164
3,075,695
624,278
666,371

201405202239(201405202239)
587,422
1,136,791
3,075,695
624,867
667,629

201405202240(201405202240)
587,422
1,136,791
3,075,695
624,867
667,629

201405202241(201405202241)
587,422
1,136,791
3,075,695
624,867
667,629

201405202242(201405202242)
587,422
1,136,791
3,075,695
624,867
667,629

201405202249(201405202249)
587,422
1,137,730
3,075,695
626,148
667,629

201405202250(201405202250)
587,422
1,139,045
3,075,695
626,162
667,629

201405202251(201405202251)
587,422
1,139,045
3,084,990
626,162
667,629

201405202252(201405202252)
587,422
1,139,045
3,084,990
626,162
667,629

201405202259(201405202259)
588,390
1,140,715
3,084,990
626,659
667,817

201405202300(201405202300)
588,797
1,140,715
3,084,990
626,659
667,817

201405202301(201405202301)
588,797
1,140,715
3,084,990
626,659
667,817

201405202302(201405202302)
589,400
1,140,715
3,084,990
626,993
667,817

201405202309(201405202309)
589,408
1,140,949
3,084,990
627,241
669,607

201405202310(201405202310)
589,408
1,140,949
3,084,990
627,241
670,625

201405202311(201405202311)
589,539
1,140,949
3,084,990
627,241
670,625

201405202312(201405202312)
589,539
1,140,949
3,084,990
627,241
670,625

201405202319(201405202319)
590,391
1,143,057
3,084,990
627,886
673,969

201405202320(201405202320)
591,480
1,143,057
3,084,990
627,886
673,969

201405202321(201405202321)
592,061
1,143,057
3,084,990
628,297
674,630

201405202322(201405202322)
592,220
1,143,057
3,084,990
629,027
674,630

201405202329(201405202329)
593,068
1,143,885
3,084,990
629,485
675,383

201405202330(201405202330)
593,068
1,143,885
3,084,990
629,485
675,383

201405202331(201405202331)
593,360
1,143,885
3,084,990
630,084
675,732

201405202332(201405202332)
593,360
1,143,885
3,084,990
630,084
675,732

201405202339(201405202339)
594,048
1,143,885
3,093,139
630,834
676,528

201405202340(201405202340)
594,048
1,143,885
3,093,139
630,940
676,528

201405202341(201405202341)
594,048
1,143,885
3,093,139
631,099
676,528

201405202342(201405202342)
594,048
1,143,885
3,093,139
631,258
676,603

201405202349(201405202349)
594,197
1,144,359
3,108,111
631,601
679,348

201405202350(201405202350)
594,197
1,144,603
3,108,111
631,601
679,348

201405202351(201405202351)
594,357
1,144,603
3,108,111
631,746
680,139

201405202352(201405202352)
594,357
1,144,847
3,108,111
631,746
680,139

201405202359(201405202359)
595,193
1,148,688
3,108,111
632,750
680,184

201405210000(201405210000)
595,193
1,148,688
3,108,111
632,750
680,184

201405210001(201405210001)
595,287
1,148,688
3,108,111
633,473
680,725

201405210002(201405210002)
595,287
1,148,688
3,108,111
633,473
680,725

201405210009(201405210009)
596,400
1,148,688
3,127,570
633,510
681,359

201405210010(201405210010)
596,935
1,148,688
3,127,570
633,510
681,359

201405210011(201405210011)
596,935
1,148,688
3,127,570
633,510
681,359

201405210012(201405210012)
596,935
1,148,688
3,127,570
633,510
681,370

201405210019(201405210019)
598,562
1,149,603
3,127,570
633,975
686,825

201405210020(201405210020)
598,562
1,149,603
3,127,570
633,975
686,825

201405210021(201405210021)
598,562
1,149,603
3,127,570
633,993
686,825

201405210022(201405210022)
598,562
1,149,603
3,127,570
633,993
686,825

201405210029(201405210029)
599,289
1,151,898
3,127,570
634,901
687,177

201405210030(201405210030)
599,328
1,151,898
3,127,570
634,901
687,177

201405210031(201405210031)
599,328
1,151,898
3,127,570
634,901
687,177

201405210032(201405210032)
599,328
1,151,898
3,127,570
634,901
687,177

201405210039(201405210039)
599,328
1,151,898
3,127,570
634,901
687,177

201405210040(201405210040)
599,328
1,151,898
3,127,570
634,901
687,177

201405210041(201405210041)
599,328
1,151,898
3,127,570
634,901
687,177

201405210042(201405210042)
599,328
1,151,898
3,127,570
634,901
687,177

201405210049(201405210049)
599,328
1,151,898
3,127,570
634,901
687,177

201405210050(201405210050)
599,328
1,151,898
3,127,570
634,901
687,177

201405210051(201405210051)
599,328
1,151,898
3,127,570
634,901
687,177

201405210052(201405210052)
599,328
1,151,898
3,127,570
634,901
687,177

201405210059(201405210059)
599,328
1,151,898
3,127,570
634,901
687,177

201405210100(201405210100)
599,328
1,151,898
3,127,570
634,901
687,177

201405210101(201405210101)
599,328
1,151,898
3,127,570
634,901
687,177

201405210102(201405210102)
599,328
1,151,898
3,127,570
634,901
687,177

201405210109(201405210109)
602,720
1,166,697
3,127,570
638,591
693,597

201405210110(201405210110)
602,720
1,166,697
3,127,570
638,591
693,597

201405210111(201405210111)
602,720
1,166,697
3,127,570
638,591
693,597

201405210112(201405210112)
602,720
1,166,697
3,127,570
638,591
693,597

201405210119(201405210119)
603,061
1,168,970
3,127,570
640,631
696,400

201405210120(201405210120)
603,061
1,168,970
3,127,570
640,631
696,400

201405210121(201405210121)
603,097
1,168,970
3,127,570
640,631
696,400

201405210122(201405210122)
603,332
1,170,248
3,127,570
640,631
696,400

201405210129(201405210129)
604,108
1,173,339
3,127,570
641,806
698,470

201405210130(201405210130)
604,606
1,173,393
3,127,570
641,859
698,470

201405210131(201405210131)
604,606
1,173,813
3,127,570
642,204
698,578

201405210132(201405210132)
604,606
1,174,378
3,127,570
642,204
698,578

201405210139(201405210139)
605,522
1,174,378
3,127,570
643,782
699,397

201405210140(201405210140)
605,522
1,174,378
3,127,570
643,782
699,397

201405210141(201405210141)
605,522
1,174,378
3,127,570
643,795
699,397

201405210142(201405210142)
605,522
1,174,378
3,127,570
643,795
699,397

201405210149(201405210149)
606,238
1,174,378
3,127,570
643,864
702,312

201405210150(201405210150)
606,238
1,174,378
3,127,570
643,864
702,312

201405210151(201405210151)
606,392
1,174,378
3,127,570
645,114
702,312

201405210152(201405210152)
606,392
1,174,378
3,127,570
645,114
702,400

201405210159(201405210159)
607,193
1,174,982
3,127,570
645,964
702,779

201405210200(201405210200)
607,420
1,174,982
3,127,570
645,964
702,779

201405210201(201405210201)
607,420
1,174,982
3,127,570
645,964
702,779

201405210202(201405210202)
607,420
1,174,982
3,127,570
645,964
702,779

201405210209(201405210209)
608,162
1,174,982
3,127,570
645,964
703,500

201405210210(201405210210)
608,162
1,174,982
3,127,570
645,964
703,500

201405210211(201405210211)
608,162
1,174,982
3,127,570
645,964
703,500

201405210212(201405210212)
608,162
1,174,982
3,127,570
646,812
703,500

201405210219(201405210219)
608,162
1,179,048
3,153,395
646,812
703,500

201405210220(201405210220)
608,162
1,179,048
3,153,395
646,812
703,500

201405210221(201405210221)
608,162
1,179,048
3,153,395
646,812
703,500

201405210222(201405210222)
608,162
1,179,048
3,153,395
646,812
703,794

201405210229(201405210229)
609,302
1,179,048
3,153,395
646,812
703,794

201405210230(201405210230)
609,302
1,179,048
3,153,395
646,812
703,794

201405210231(201405210231)
609,302
1,186,487
3,153,395
646,812
703,794

201405210232(201405210232)
609,302
1,186,487
3,153,395
647,092
703,794

201405210239(201405210239)
609,480
1,186,487
3,153,395
647,092
704,347

201405210240(201405210240)
609,480
1,186,487
3,153,395
647,092
704,347

201405210241(201405210241)
609,480
1,186,487
3,153,395
647,092
704,347

201405210242(201405210242)
609,480
1,186,487
3,153,395
647,092
704,347

201405210249(201405210249)
609,597
1,190,298
3,153,395
647,205
704,347

201405210250(201405210250)
609,597
1,190,298
3,153,395
647,851
704,347

201405210251(201405210251)
609,837
1,191,330
3,153,395
647,851
704,347

201405210252(201405210252)
610,374
1,191,330
3,153,395
647,884
704,347

201405210259(201405210259)
610,658
1,191,330
3,153,395
648,118
704,797

201405210300(201405210300)
610,658
1,191,330
3,153,395
648,118
704,797

201405210301(201405210301)
610,658
1,191,330
3,153,395
648,295
706,467

201405210302(201405210302)
610,658
1,191,330
3,153,395
648,612
706,467

201405210309(201405210309)
611,255
1,191,330
3,153,395
649,552
706,778

201405210310(201405210310)
611,255
1,191,330
3,153,395
649,552
706,778

201405210311(201405210311)
611,255
1,191,330
3,153,395
649,552
706,778

201405210312(201405210312)
611,255
1,191,330
3,153,395
649,552
706,778

201405210319(201405210319)
611,645
1,191,330
3,153,395
649,552
706,778

201405210320(201405210320)
612,510
1,191,330
3,153,395
649,767
706,778

201405210321(201405210321)
612,762
1,191,330
3,153,395
649,767
706,778

201405210322(201405210322)
612,762
1,191,330
3,153,395
649,778
706,778

201405210329(201405210329)
613,793
1,191,330
3,153,395
651,490
707,584

201405210330(201405210330)
613,793
1,191,330
3,153,395
651,490
707,584

201405210331(201405210331)
613,793
1,191,330
3,153,395
651,543
707,584

201405210332(201405210332)
613,793
1,191,330
3,153,395
651,543
707,584

201405210339(201405210339)
613,844
1,191,330
3,153,395
651,714
707,584

201405210340(201405210340)
613,844
1,191,330
3,153,395
651,714
707,584

201405210341(201405210341)
613,844
1,191,330
3,153,395
651,714
707,584

201405210342(201405210342)
613,844
1,191,330
3,153,395
653,330
707,584

201405210349(201405210349)
613,844
1,191,330
3,153,395
653,330
707,584

201405210350(201405210350)
613,844
1,191,330
3,153,395
653,330
707,584

201405210351(201405210351)
613,844
1,191,330
3,153,395
653,330
707,584

201405210352(201405210352)
614,336
1,191,330
3,153,395
653,330
707,584

201405210359(201405210359)
615,752
1,191,330
3,153,395
653,803
707,584

201405210400(201405210400)
615,752
1,191,330
3,153,395
653,803
707,584

201405210401(201405210401)
615,752
1,191,330
3,153,395
653,803
707,584

201405210402(201405210402)
615,752
1,191,330
3,153,395
653,803
707,875

201405210409(201405210409)
616,710
1,191,330
3,153,395
654,047
707,875

201405210410(201405210410)
616,710
1,191,330
3,153,395
654,160
707,875

201405210411(201405210411)
616,710
1,191,330
3,153,395
654,160
707,875

201405210412(201405210412)
616,710
1,191,330
3,153,395
654,160
707,875

201405210419(201405210419)
616,710
1,191,330
3,153,395
654,482
709,845

201405210420(201405210420)
616,710
1,191,330
3,153,395
654,482
709,845

201405210421(201405210421)
616,710
1,191,330
3,153,395
654,482
709,950

201405210422(201405210422)
616,710
1,191,330
3,153,395
654,482
710,783

201405210429(201405210429)
616,710
1,191,330
3,153,395
654,482
710,924

201405210430(201405210430)
616,807
1,191,330
3,153,395
656,387
710,924

201405210431(201405210431)
616,807
1,191,330
3,153,395
656,387
710,924

201405210432(201405210432)
616,807
1,191,330
3,153,395
656,387
710,924

201405210439(201405210439)
616,843
1,191,330
3,153,395
656,723
710,924

201405210440(201405210440)
616,843
1,191,330
3,153,395
656,723
711,745

201405210441(201405210441)
616,843
1,191,330
3,153,395
656,723
711,745

201405210442(201405210442)
616,843
1,191,330
3,153,395
656,723
711,745

201405210449(201405210449)
616,901
1,191,330
3,155,181
656,723
711,745

201405210450(201405210450)
616,901
1,191,330
3,155,181
656,723
711,745

201405210451(201405210451)
616,901
1,191,330
3,155,181
656,723
711,745

201405210452(201405210452)
617,326
1,191,330
3,155,181
656,723
711,745

201405210459(201405210459)
617,494
1,193,374
3,155,181
656,723
711,745

201405210500(201405210500)
617,730
1,193,374
3,155,181
656,723
711,745

201405210501(201405210501)
617,730
1,193,374
3,155,181
656,723
711,745

201405210502(201405210502)
617,730
1,193,374
3,155,181
656,723
711,745

201405210509(201405210509)
617,730
1,193,374
3,155,181
657,048
711,745

201405210510(201405210510)
617,730
1,193,374
3,155,181
657,048
711,745

201405210511(201405210511)
617,730
1,193,374
3,155,181
657,048
711,745

201405210512(201405210512)
617,730
1,193,374
3,155,181
657,048
711,745

201405210519(201405210519)
617,926
1,198,872
3,155,181
657,381
711,914

201405210520(201405210520)
617,926
1,198,872
3,155,181
657,381
711,914

201405210521(201405210521)
617,926
1,198,872
3,155,181
657,381
711,914

201405210522(201405210522)
617,926
1,198,872
3,155,181
657,381
711,966

201405210529(201405210529)
618,298
1,198,872
3,155,181
657,381
711,966

201405210530(201405210530)
618,298
1,198,872
3,155,181
657,381
711,966

201405210531(201405210531)
618,298
1,198,872
3,155,181
657,381
711,966

201405210532(201405210532)
618,298
1,198,872
3,155,181
657,381
711,966

201405210539(201405210539)
619,154
1,198,872
3,155,181
657,722
712,569

201405210540(201405210540)
619,154
1,198,872
3,155,181
657,722
712,569

201405210541(201405210541)
619,154
1,198,872
3,155,181
657,722
712,569

201405210542(201405210542)
619,154
1,198,872
3,155,181
657,722
712,569

201405210549(201405210549)
619,186
1,198,872
3,155,181
657,722
714,512

201405210550(201405210550)
619,236
1,198,872
3,155,181
657,722
714,512

201405210551(201405210551)
619,236
1,198,872
3,155,181
657,722
714,512

201405210552(201405210552)
619,236
1,198,872
3,155,181
657,722
714,512

201405210559(201405210559)
619,236
1,198,872
3,155,181
657,741
714,512

201405210600(201405210600)
619,236
1,198,872
3,155,181
657,741
714,512

201405210601(201405210601)
619,236
1,198,872
3,155,181
657,741
714,512

201405210602(201405210602)
619,236
1,201,824
3,155,181
658,883
714,512

201405210609(201405210609)
619,874
1,202,951
3,155,181
658,883
715,939

201405210610(201405210610)
619,874
1,202,951
3,155,181
658,883
715,939

201405210611(201405210611)
619,874
1,202,951
3,155,181
658,883
715,939

201405210612(201405210612)
619,874
1,202,951
3,155,181
658,883
715,939

201405210619(201405210619)
620,497
1,202,951
3,155,181
659,345
717,014

201405210620(201405210620)
620,497
1,202,951
3,155,181
659,345
717,014

201405210621(201405210621)
620,497
1,202,951
3,155,181
659,345
717,922

201405210622(201405210622)
620,497
1,202,951
3,155,181
659,345
717,922

201405210629(201405210629)
621,703
1,202,951
3,155,181
662,045
717,922

201405210630(201405210630)
621,703
1,202,951
3,155,181
662,045
717,922

201405210631(201405210631)
621,703
1,202,951
3,155,181
662,045
717,922

201405210632(201405210632)
621,703
1,202,951
3,155,181
662,045
717,922

201405210639(201405210639)
621,986
1,203,941
3,155,181
662,439
718,737

201405210640(201405210640)
621,986
1,203,941
3,155,181
662,439
718,737

201405210641(201405210641)
621,986
1,206,229
3,155,181
662,439
718,737

201405210642(201405210642)
621,986
1,206,229
3,155,181
662,439
718,737

201405210649(201405210649)
621,986
1,206,808
3,155,181
662,616
719,542

201405210650(201405210650)
622,139
1,206,859
3,155,181
662,616
719,680

201405210651(201405210651)
622,139
1,206,859
3,155,181
662,616
719,680

201405210652(201405210652)
622,139
1,206,859
3,155,181
662,616
720,540

201405210659(201405210659)
622,139
1,206,859
3,155,181
662,930
720,540

201405210700(201405210700)
623,343
1,206,859
3,155,181
663,034
720,540

201405210701(201405210701)
623,343
1,206,859
3,155,181
663,105
720,540

201405210702(201405210702)
623,343
1,206,859
3,155,181
663,105
720,540

201405210709(201405210709)
623,343
1,210,563
3,155,181
663,105
721,625

201405210710(201405210710)
623,343
1,210,563
3,155,181
663,105
721,625

201405210711(201405210711)
623,949
1,210,563
3,155,181
663,105
721,625

201405210712(201405210712)
623,949
1,210,563
3,155,181
663,105
721,625

201405210719(201405210719)
623,949
1,210,563
3,156,905
663,105
721,625

201405210720(201405210720)
623,949
1,210,563
3,157,200
663,105
721,625

201405210721(201405210721)
624,089
1,210,563
3,160,480
663,105
721,625

201405210722(201405210722)
624,089
1,210,563
3,160,480
663,105
722,630

201405210729(201405210729)
624,497
1,210,563
3,174,954
663,628
723,598

201405210730(201405210730)
624,497
1,210,563
3,174,954
663,628
723,598

201405210731(201405210731)
624,505
1,210,563
3,174,954
663,628
723,598

201405210732(201405210732)
624,505
1,210,563
3,174,954
663,628
723,598

201405210739(201405210739)
624,505
1,214,359
3,174,954
663,688
723,598

201405210740(201405210740)
624,762
1,214,359
3,174,954
663,688
723,598

201405210741(201405210741)
625,082
1,214,359
3,174,954
663,688
723,598

201405210742(201405210742)
625,180
1,214,359
3,174,954
663,688
723,598

201405210749(201405210749)
625,512
1,214,359
3,174,954
663,688
723,639

201405210750(201405210750)
625,512
1,214,359
3,174,954
663,688
723,639

201405210751(201405210751)
626,383
1,214,359
3,174,954
663,688
723,639

201405210752(201405210752)
626,383
1,216,583
3,174,954
663,767
724,287

201405210759(201405210759)
627,530
1,216,583
3,174,954
665,028
724,287

201405210800(201405210800)
627,530
1,216,583
3,174,954
665,028
725,571

201405210801(201405210801)
627,530
1,216,583
3,174,954
665,028
726,025

201405210802(201405210802)
627,530
1,216,583
3,174,954
665,028
726,025

201405210809(201405210809)
627,530
1,221,807
3,174,954
665,028
726,025

201405210810(201405210810)
627,530
1,221,807
3,174,954
665,028
726,025

201405210811(201405210811)
627,938
1,221,921
3,174,954
665,028
726,025

201405210812(201405210812)
627,938
1,221,975
3,174,954
665,276
726,025

201405210819(201405210819)
628,127
1,221,975
3,174,954
666,285
727,690

201405210820(201405210820)
628,751
1,222,605
3,174,954
666,285
727,690

201405210821(201405210821)
628,751
1,222,605
3,174,954
666,285
727,690

201405210822(201405210822)
628,751
1,222,605
3,174,954
666,285
727,690

201405210829(201405210829)
628,946
1,225,470
3,174,954
667,510
727,690

201405210830(201405210830)
628,946
1,225,470
3,174,954
667,759
728,768

201405210831(201405210831)
628,946
1,225,470
3,174,954
667,759
728,768

201405210832(201405210832)
628,946
1,228,619
3,174,954
667,759
728,768

201405210839(201405210839)
629,717
1,229,506
3,174,954
667,759
728,922

201405210840(201405210840)
629,717
1,229,506
3,174,954
667,783
728,922

201405210841(201405210841)
629,717
1,231,836
3,174,954
667,783
728,922

201405210842(201405210842)
630,163
1,232,001
3,174,954
667,783
728,922

201405210849(201405210849)
630,163
1,234,515
3,174,954
667,783
730,057

201405210850(201405210850)
630,163
1,234,515
3,174,954
668,495
730,057

201405210851(201405210851)
630,163
1,234,515
3,174,954
668,520
730,057

201405210852(201405210852)
630,163
1,234,515
3,174,954
668,520
730,057

201405210859(201405210859)
630,802
1,234,776
3,174,954
669,063
730,882

201405210900(201405210900)
630,802
1,237,326
3,174,954
669,063
731,290

201405210901(201405210901)
630,802
1,237,326
3,174,954
669,063
731,290

201405210902(201405210902)
630,802
1,237,326
3,174,954
669,221
731,290

201405210909(201405210909)
631,182
1,237,326
3,174,954
669,670
731,843

201405210910(201405210910)
631,182
1,237,326
3,174,954
669,670
731,875

201405210911(201405210911)
631,390
1,237,326
3,174,954
670,309
731,875

201405210912(201405210912)
631,390
1,237,326
3,174,954
670,309
731,875

201405210919(201405210919)
631,647
1,238,374
3,186,049
670,309
732,013

201405210920(201405210920)
631,647
1,238,374
3,186,161
670,309
732,013

201405210921(201405210921)
631,647
1,238,374
3,189,364
670,309
732,013

201405210922(201405210922)
631,647
1,238,374
3,192,346
670,309
732,013

201405210929(201405210929)
632,646
1,239,397
3,199,150
670,309
733,286

201405210930(201405210930)
632,646
1,239,397
3,199,150
670,309
733,286

201405210931(201405210931)
632,646
1,239,397
3,199,150
670,372
733,286

201405210932(201405210932)
632,646
1,239,397
3,199,150
670,372
733,286

201405210939(201405210939)
633,151
1,239,397
3,199,150
670,551
733,286

201405210940(201405210940)
633,151
1,239,397
3,199,150
670,551
733,286

201405210941(201405210941)
633,151
1,239,397
3,199,150
670,551
733,286

201405210942(201405210942)
633,151
1,239,397
3,199,150
670,551
733,286

201405210949(201405210949)
633,151
1,239,397
3,199,150
672,278
733,420

201405210950(201405210950)
633,151
1,239,397
3,199,150
672,278
734,923

201405210951(201405210951)
633,151
1,239,397
3,199,150
672,400
734,923

201405210952(201405210952)
633,151
1,239,397
3,199,150
672,400
734,923

201405210959(201405210959)
633,455
1,239,397
3,199,150
672,481
734,923

201405211000(201405211000)
633,455
1,239,397
3,199,150
672,481
734,923

201405211001(201405211001)
633,455
1,239,397
3,199,150
672,481
734,923

201405211002(201405211002)
633,854
1,239,397
3,199,150
673,225
734,923

201405211009(201405211009)
633,993
1,239,397
3,199,150
673,225
736,800

201405211010(201405211010)
633,993
1,239,397
3,199,150
673,648
736,800

201405211011(201405211011)
633,993
1,239,397
3,199,150
673,648
736,800

201405211012(201405211012)
633,993
1,239,397
3,199,150
673,648
737,473

201405211019(201405211019)
634,178
1,240,943
3,199,150
674,016
737,473

201405211020(201405211020)
634,394
1,240,943
3,199,150
674,224
737,473

201405211021(201405211021)
634,394
1,240,943
3,199,150
674,224
737,473

201405211022(201405211022)
634,394
1,240,943
3,199,150
674,224
737,473

201405211029(201405211029)
634,394
1,240,943
3,199,150
674,799
738,029

201405211030(201405211030)
634,394
1,240,943
3,199,150
674,799
738,029

201405211031(201405211031)
634,394
1,240,943
3,199,150
674,799
738,029

201405211032(201405211032)
634,925
1,240,943
3,199,150
674,799
739,783

201405211039(201405211039)
634,925
1,240,943
3,199,150
674,799
739,783

201405211040(201405211040)
634,925
1,240,943
3,199,150
674,799
739,783

201405211041(201405211041)
634,925
1,240,943
3,199,150
674,799
739,836

201405211042(201405211042)
635,003
1,247,574
3,199,150
674,936
739,836

201405211049(201405211049)
635,003
1,247,574
3,199,150
675,732
739,961

201405211050(201405211050)
635,003
1,247,574
3,199,150
675,732
739,961

201405211051(201405211051)
635,374
1,247,934
3,199,150
675,732
739,961

201405211052(201405211052)
635,374
1,247,934
3,199,150
675,732
739,961

201405211059(201405211059)
635,465
1,247,934
3,199,150
675,851
740,307

201405211100(201405211100)
635,465
1,247,934
3,199,150
675,851
740,307

201405211101(201405211101)
635,465
1,247,934
3,199,150
675,851
740,307

201405211102(201405211102)
635,465
1,247,934
3,199,150
675,851
740,307

201405211109(201405211109)
635,570
1,247,934
3,199,150
675,851
740,307

201405211110(201405211110)
635,950
1,247,934
3,199,150
675,851
740,307

201405211111(201405211111)
635,950
1,248,012
3,199,150
675,851
740,307

201405211112(201405211112)
635,950
1,248,012
3,199,150
675,851
740,307

201405211119(201405211119)
635,950
1,248,012
3,199,150
675,851
740,307

201405211120(201405211120)
635,950
1,249,369
3,199,150
675,851
740,307

201405211121(201405211121)
635,950
1,249,369
3,199,150
675,851
740,307

201405211122(201405211122)
635,950
1,249,369
3,199,150
677,113
740,307

201405211129(201405211129)
635,950
1,249,369
3,199,150
677,291
740,307

201405211130(201405211130)
635,950
1,249,369
3,199,150
677,291
740,862

201405211131(201405211131)
635,950
1,251,049
3,199,150
677,291
740,862

201405211132(201405211132)
635,950
1,251,049
3,199,150
677,291
740,862

201405211139(201405211139)
635,950
1,251,222
3,199,745
677,291
741,249

201405211140(201405211140)
635,950
1,251,222
3,199,745
677,291
741,249

201405211141(201405211141)
635,950
1,251,222
3,199,745
677,291
741,249

201405211142(201405211142)
635,950
1,251,222
3,199,745
677,291
741,249

201405211149(201405211149)
636,049
1,256,719
3,199,745
677,339
742,187

201405211150(201405211150)
636,049
1,256,719
3,199,745
677,339
742,187

201405211151(201405211151)
636,049
1,256,719
3,199,745
677,339
742,187

201405211152(201405211152)
636,070
1,256,719
3,199,745
677,339
742,187

201405211159(201405211159)
636,176
1,256,719
3,199,745
677,614
743,495

201405211200(201405211200)
636,176
1,256,719
3,199,745
677,614
743,549

201405211201(201405211201)
636,176
1,256,719
3,199,745
677,614
743,549

201405211202(201405211202)
636,176
1,256,719
3,199,745
677,614
743,549

201405211209(201405211209)
636,594
1,259,664
3,199,745
679,203
744,267

201405211210(201405211210)
636,594
1,259,664
3,199,745
679,203
744,267

201405211211(201405211211)
636,594
1,259,664
3,199,745
679,203
744,267

201405211212(201405211212)
636,594
1,259,664
3,199,745
679,203
744,267

201405211219(201405211219)
636,649
1,259,664
3,199,745
679,203
744,347

201405211220(201405211220)
636,649
1,259,664
3,199,745
679,203
744,347

201405211221(201405211221)
636,725
1,259,664
3,199,745
679,203
744,473

201405211222(201405211222)
637,132
1,259,664
3,199,745
679,203
744,473

201405211229(201405211229)
637,201
1,259,664
3,199,745
680,863
745,228

201405211230(201405211230)
637,201
1,259,664
3,199,745
680,863
745,228

201405211231(201405211231)
637,201
1,259,664
3,199,745
680,863
745,228

201405211232(201405211232)
637,349
1,259,664
3,199,745
681,463
747,199

201405211239(201405211239)
638,469
1,259,913
3,199,745
681,801
747,827

201405211240(201405211240)
638,469
1,259,913
3,199,745
681,801
748,043

201405211241(201405211241)
638,469
1,259,913
3,199,745
681,801
748,096

201405211242(201405211242)
638,550
1,261,735
3,199,745
681,801
748,096

201405211249(201405211249)
638,550
1,261,735
3,199,745
681,801
748,691

201405211250(201405211250)
638,550
1,261,735
3,199,745
682,017
748,691

201405211251(201405211251)
638,550
1,261,735
3,199,745
682,287
748,691

201405211252(201405211252)
638,550
1,261,735
3,199,745
682,503
748,691

201405211259(201405211259)
640,836
1,261,735
3,199,745
683,511
748,723

201405211300(201405211300)
640,836
1,261,735
3,199,745
683,511
749,458

201405211301(201405211301)
640,836
1,261,735
3,199,745
684,357
749,458

201405211302(201405211302)
640,836
1,261,735
3,199,745
684,357
749,458

201405211309(201405211309)
641,215
1,261,735
3,199,745
686,079
751,778

201405211310(201405211310)
641,215
1,261,735
3,199,745
686,079
751,792

201405211311(201405211311)
641,215
1,261,735
3,199,745
686,079
751,792

201405211312(201405211312)
641,215
1,261,735
3,199,745
686,079
751,792

201405211319(201405211319)
641,215
1,261,735
3,199,745
686,079
751,792

201405211320(201405211320)
641,215
1,261,735
3,199,745
686,079
751,792

201405211321(201405211321)
641,215
1,261,735
3,199,745
686,079
751,792

201405211322(201405211322)
641,215
1,261,735
3,199,745
686,079
751,792

201405211329(201405211329)
641,215
1,261,735
3,199,745
686,566
751,975

201405211330(201405211330)
642,668
1,261,735
3,199,745
686,566
751,975

201405211331(201405211331)
642,668
1,262,099
3,199,745
686,566
751,975

201405211332(201405211332)
642,965
1,264,017
3,199,745
686,566
751,975

201405211339(201405211339)
643,938
1,264,017
3,199,745
686,566
751,975

201405211340(201405211340)
643,938
1,264,017
3,199,745
686,566
751,975

201405211341(201405211341)
643,938
1,264,017
3,199,745
686,566
752,261

201405211342(201405211342)
643,938
1,264,017
3,199,745
686,566
752,261

201405211349(201405211349)
643,938
1,269,561
3,199,745
686,566
752,261

201405211350(201405211350)
643,938
1,269,561
3,199,745
686,566
752,261

201405211351(201405211351)
643,938
1,269,561
3,199,745
686,566
754,297

201405211352(201405211352)
643,938
1,269,561
3,199,745
686,566
754,297

201405211359(201405211359)
644,060
1,269,561
3,199,745
687,346
755,348

201405211400(201405211400)
644,060
1,269,561
3,199,745
687,346
755,348

201405211401(201405211401)
644,060
1,269,561
3,199,745
687,346
755,348

201405211402(201405211402)
644,060
1,269,561
3,199,745
688,024
755,348

201405211409(201405211409)
644,597
1,269,561
3,199,745
688,049
756,148

201405211410(201405211410)
644,597
1,269,561
3,199,745
688,049
756,148

201405211411(201405211411)
644,597
1,269,561
3,199,745
688,049
758,162

201405211412(201405211412)
644,597
1,269,561
3,199,745
688,049
759,110

201405211419(201405211419)
646,379
1,272,913
3,199,745
690,100
759,110

201405211420(201405211420)
647,460
1,272,913
3,199,745
690,100
759,110

201405211421(201405211421)
647,460
1,272,913
3,199,745
690,100
759,110

201405211422(201405211422)
648,164
1,272,913
3,199,745
691,392
759,110

201405211429(201405211429)
648,164
1,272,913
3,199,745
692,122
760,574

201405211430(201405211430)
648,164
1,272,913
3,199,745
692,122
760,574

201405211431(201405211431)
648,164
1,272,913
3,199,745
692,122
760,574

201405211432(201405211432)
648,396
1,272,913
3,199,745
692,170
760,574

201405211439(201405211439)
648,396
1,272,913
3,199,745
692,170
761,463

201405211440(201405211440)
648,396
1,272,913
3,199,745
692,170
761,463

201405211441(201405211441)
648,396
1,272,913
3,199,745
692,170
761,463

201405211442(201405211442)
648,396
1,272,913
3,199,745
692,170
761,463

201405211449(201405211449)
648,396
1,276,100
3,199,745
692,170
761,557

201405211450(201405211450)
648,396
1,276,100
3,199,745
692,405
761,557

201405211451(201405211451)
648,396
1,276,100
3,199,745
692,642
761,557

201405211452(201405211452)
648,396
1,276,100
3,199,745
692,748
761,557

201405211459(201405211459)
649,252
1,276,100
3,214,713
692,960
762,181

201405211500(201405211500)
649,252
1,285,006
3,214,713
693,823
762,181

201405211501(201405211501)
649,252
1,285,006
3,214,713
693,823
762,181

201405211502(201405211502)
649,252
1,285,006
3,214,713
693,823
762,181

201405211509(201405211509)
649,252
1,285,006
3,214,713
693,823
762,181

201405211510(201405211510)
649,252
1,285,006
3,214,713
693,823
762,181

201405211511(201405211511)
649,252
1,285,006
3,214,713
693,823
762,181

201405211512(201405211512)
649,415
1,285,006
3,214,713
693,823
762,181

201405211519(201405211519)
650,080
1,285,006
3,214,713
693,918
762,736

201405211520(201405211520)
650,080
1,285,006
3,214,713
694,142
762,736

201405211521(201405211521)
650,080
1,285,006
3,214,713
694,142
762,736

201405211522(201405211522)
650,080
1,285,006
3,214,713
694,665
762,736

201405211529(201405211529)
650,080
1,285,006
3,214,713
696,021
764,671

201405211530(201405211530)
650,080
1,285,006
3,214,713
696,021
764,671

201405211531(201405211531)
650,459
1,285,006
3,214,713
696,302
764,671

201405211532(201405211532)
650,459
1,285,006
3,214,713
696,302
764,671

201405211539(201405211539)
651,531
1,285,006
3,214,713
696,302
764,671

201405211540(201405211540)
651,531
1,285,006
3,214,713
696,302
764,671

201405211541(201405211541)
651,531
1,285,006
3,214,713
696,302
764,926

201405211542(201405211542)
651,531
1,285,006
3,214,713
696,302
764,926

201405211549(201405211549)
652,338
1,285,006
3,214,713
696,331
766,205

201405211550(201405211550)
652,338
1,285,006
3,214,713
696,331
766,205

201405211551(201405211551)
652,338
1,285,006
3,214,713
696,331
766,205

201405211552(201405211552)
652,338
1,285,006
3,214,713
696,331
766,205

201405211559(201405211559)
652,338
1,287,653
3,214,713
697,762
766,205

201405211600(201405211600)
652,338
1,287,653
3,214,713
698,470
766,205

201405211601(201405211601)
652,338
1,287,653
3,214,713
698,470
766,205

201405211602(201405211602)
652,338
1,287,653
3,214,713
698,470
766,205

201405211609(201405211609)
653,802
1,287,653
3,214,713
699,229
767,618

201405211610(201405211610)
653,802
1,287,653
3,214,713
702,714
767,809

201405211611(201405211611)
653,802
1,287,653
3,214,713
702,714
767,809

201405211612(201405211612)
653,802
1,287,653
3,214,713
702,714
767,809

201405211619(201405211619)
654,486
1,287,653
3,214,713
703,700
767,809

201405211620(201405211620)
654,486
1,287,653
3,214,713
703,700
767,809

201405211621(201405211621)
654,486
1,287,653
3,214,713
703,700
767,809

201405211622(201405211622)
654,486
1,287,653
3,214,713
703,700
767,809

201405211629(201405211629)
654,486
1,288,102
3,214,713
703,700
769,789

201405211630(201405211630)
654,486
1,288,102
3,214,713
703,700
769,789

201405211631(201405211631)
654,909
1,288,102
3,214,713
703,810
769,789

201405211632(201405211632)
654,909
1,288,102
3,214,713
704,308
769,789

201405211639(201405211639)
655,665
1,288,102
3,214,713
704,363
770,852

201405211640(201405211640)
655,665
1,288,102
3,214,713
704,363
770,852

201405211641(201405211641)
655,665
1,288,102
3,214,713
704,363
770,852

201405211642(201405211642)
655,665
1,288,102
3,214,713
704,363
770,852

201405211649(201405211649)
655,665
1,291,780
3,214,713
704,430
770,941

201405211650(201405211650)
655,665
1,291,780
3,214,713
704,430
770,941

201405211651(201405211651)
655,665
1,291,780
3,214,713
704,430
771,156

201405211652(201405211652)
655,665
1,291,780
3,214,713
704,430
771,156

201405211659(201405211659)
655,665
1,291,915
3,214,713
705,001
771,513

201405211700(201405211700)
655,665
1,291,915
3,214,713
705,001
771,513

201405211701(201405211701)
655,665
1,291,915
3,214,713
705,001
771,513

201405211702(201405211702)
655,665
1,291,915
3,214,713
705,001
771,513

201405211709(201405211709)
655,665
1,291,915
3,214,713
705,001
771,615

201405211710(201405211710)
655,665
1,291,915
3,214,713
705,001
771,615

201405211711(201405211711)
655,665
1,291,915
3,214,713
705,001
771,615

201405211712(201405211712)
655,665
1,291,915
3,214,713
705,001
771,615

