201405050920(201405050920)
20,537,010
44,140,765
102,624,187
26,796,770

201405050920(201405050920)
20,537,010
44,140,765
102,624,187
23,708,652
26,804,419

201405050921(201405050921)
20,537,010
44,140,765
102,624,187
23,774,058
26,804,419

201405050922(201405050922)
20,537,010
44,182,686
102,624,187
23,834,783
26,804,419

201405050929(201405050929)
20,612,192
44,219,678
102,624,187
23,843,871
26,826,142

201405050930(201405050930)
20,613,345
44,219,678
102,624,187
23,843,871
26,826,142

201405050931(201405050931)
20,613,345
44,219,678
102,624,187
23,843,871
26,826,142

201405050932(201405050932)
20,613,345
44,219,678
102,624,187
23,843,871
26,852,513

201405050939(201405050939)
20,674,047
44,219,678
102,624,187
23,879,579
26,852,513

201405050940(201405050940)
20,674,047
44,219,678
102,624,187
23,879,579
26,852,513

201405050941(201405050941)
20,699,584
44,219,678
102,624,187
23,879,579
26,852,513

201405050942(201405050942)
20,699,584
44,219,678
102,624,187
23,879,579
26,852,513

201405050949(201405050949)
20,699,584
44,279,075
102,624,187
23,885,023
26,872,974

201405050950(201405050950)
20,699,584
44,279,075
102,624,187
23,885,023
26,872,974

201405050951(201405050951)
20,699,584
44,279,075
102,624,187
23,911,328
26,872,974

201405050952(201405050952)
20,699,584
44,279,075
102,624,187
23,934,862
26,872,974

201405050959(201405050959)
20,780,828
44,490,352
102,624,187
23,934,862
26,872,974

201405051000(201405051000)
20,780,828
44,688,328
102,624,187
23,934,862
26,872,974

201405051001(201405051001)
20,780,828
44,688,328
102,624,187
23,949,027
26,892,492

201405051002(201405051002)
20,780,828
44,688,328
102,624,187
23,949,027
26,892,492

201405051009(201405051009)
20,792,486
44,747,085
102,624,187
23,949,027
26,892,492

201405051010(201405051010)
20,792,486
44,747,085
102,624,187
23,949,027
26,892,492

201405051011(201405051011)
20,792,486
44,747,085
102,624,187
23,949,027
26,965,368

201405051012(201405051012)
20,792,486
44,747,085
102,624,187
23,949,027
26,965,368

201405051019(201405051019)
20,817,280
44,747,085
102,624,187
23,978,655
26,965,368

201405051020(201405051020)
20,817,280
44,747,085
102,624,187
24,007,284
26,971,663

201405051021(201405051021)
20,817,280
44,747,085
102,624,187
24,007,284
26,971,663

201405051022(201405051022)
20,817,280
44,940,160
102,624,187
24,007,284
26,971,663

201405051029(201405051029)
20,817,280
45,007,007
102,624,187
24,093,030
27,023,855

201405051030(201405051030)
20,817,280
45,007,007
102,624,187
24,093,030
27,023,855

201405051031(201405051031)
20,817,280
45,007,007
102,624,187
24,110,215
27,039,922

201405051032(201405051032)
20,853,430
45,007,007
102,624,187
24,110,215
27,039,922

201405051039(201405051039)
20,867,128
45,093,888
102,666,372
24,121,515
27,126,547

201405051040(201405051040)
20,901,447
45,093,888
102,666,372
24,121,515
27,126,547

201405051041(201405051041)
20,902,810
45,093,888
102,666,372
24,121,515
27,126,547

201405051042(201405051042)
20,902,810
45,093,888
102,666,372
24,121,515
27,166,661

201405051049(201405051049)
20,904,082
45,147,280
102,666,372
24,121,515
27,190,085

201405051050(201405051050)
20,904,082
45,147,280
102,666,372
24,132,678
27,190,085

201405051051(201405051051)
20,904,082
45,147,280
102,694,822
24,132,678
27,190,085

201405051052(201405051052)
20,904,082
45,147,280
102,694,822
24,132,678
27,190,085

201405051059(201405051059)
20,904,082
45,147,280
102,694,822
24,132,678
27,257,380

201405051100(201405051100)
20,905,945
45,147,280
102,694,822
24,132,678
27,257,380

201405051101(201405051101)
20,905,945
45,147,280
102,694,822
24,132,678
27,257,380

201405051102(201405051102)
20,905,945
45,147,280
102,694,822
24,132,678
27,257,380

201405051109(201405051109)
20,939,153
45,147,280
102,694,822
24,132,678
27,257,380

201405051110(201405051110)
20,939,153
45,147,280
102,694,822
24,132,678
27,257,380

201405051111(201405051111)
20,939,153
45,147,280
102,694,822
24,132,678
27,257,380

201405051112(201405051112)
20,939,153
45,171,879
102,694,822
24,134,076
27,257,380

201405051119(201405051119)
20,958,046
45,331,117
102,694,822
24,164,606
27,265,323

201405051120(201405051120)
20,965,610
45,331,117
102,694,822
24,183,921
27,265,323

201405051121(201405051121)
20,965,610
45,331,117
102,694,822
24,183,921
27,265,323

201405051122(201405051122)
20,965,610
45,331,117
102,694,822
24,183,921
27,278,432

201405051129(201405051129)
20,968,931
45,587,383
102,694,822
24,183,921
27,278,432

201405051130(201405051130)
20,973,442
45,587,383
102,694,822
24,183,921
27,278,432

201405051131(201405051131)
20,973,442
45,587,383
102,694,822
24,183,921
27,278,432

201405051132(201405051132)
20,973,442
45,587,383
102,694,822
24,183,921
27,278,432

201405051139(201405051139)
21,016,209
45,590,649
102,694,822
24,280,014
27,278,432

201405051140(201405051140)
21,016,209
45,590,649
102,694,822
24,280,014
27,278,432

201405051141(201405051141)
21,028,517
45,842,009
102,694,822
24,280,014
27,278,432

201405051142(201405051142)
21,029,833
45,848,820
102,694,822
24,280,014
27,278,432

201405051149(201405051149)
21,048,403
46,047,173
102,694,822
24,319,995
27,329,196

201405051150(201405051150)
21,066,646
46,050,830
102,694,822
24,319,995
27,329,196

201405051151(201405051151)
21,110,460
46,050,830
102,694,822
24,324,202
27,329,196

201405051152(201405051152)
21,118,057
46,050,830
102,694,822
24,324,542
27,329,196

201405051159(201405051159)
21,187,046
46,156,202
102,694,822
24,445,702
27,329,196

201405051200(201405051200)
21,218,624
46,182,737
102,694,822
24,445,702
27,329,196

201405051201(201405051201)
21,218,624
46,182,737
102,694,822
24,463,066
27,430,624

201405051202(201405051202)
21,218,624
46,182,737
102,694,822
24,474,088
27,430,624

201405051209(201405051209)
21,255,087
46,264,610
102,694,822
24,474,088
27,507,396

201405051210(201405051210)
21,255,087
46,264,610
102,694,822
24,474,088
27,507,396

201405051211(201405051211)
21,255,087
46,496,186
102,694,822
24,474,088
27,507,396

201405051212(201405051212)
21,306,824
46,496,186
102,694,822
24,474,088
27,507,396

201405051219(201405051219)
21,323,620
46,496,186
102,826,707
24,474,088
27,507,396

201405051220(201405051220)
21,323,620
46,496,186
102,826,707
24,474,088
27,507,396

201405051221(201405051221)
21,323,620
46,519,508
102,826,707
24,474,088
27,507,396

201405051222(201405051222)
21,323,620
46,519,508
102,826,707
24,474,088
27,507,396

201405051229(201405051229)
21,469,127
46,519,508
102,826,707
24,546,623
27,545,579

201405051230(201405051230)
21,472,694
46,519,508
102,826,707
24,546,623
27,601,345

201405051231(201405051231)
21,472,694
46,519,508
102,826,707
24,582,663
27,601,345

201405051232(201405051232)
21,525,471
46,519,508
102,826,707
24,582,663
27,601,345

201405051239(201405051239)
21,625,174
46,565,391
102,826,707
24,631,131
27,874,720

201405051240(201405051240)
21,625,174
46,565,391
102,826,707
24,637,315
27,884,002

201405051241(201405051241)
21,625,174
46,565,391
102,826,707
24,637,315
27,884,002

201405051242(201405051242)
21,678,778
46,565,391
102,826,707
24,679,750
27,884,002

201405051249(201405051249)
21,743,013
46,565,391
102,826,707
24,712,572
27,923,665

201405051250(201405051250)
21,743,013
46,565,391
102,826,707
24,712,572
28,010,654

201405051251(201405051251)
21,743,013
46,652,423
102,826,707
24,712,572
28,011,650

201405051252(201405051252)
21,743,013
46,652,423
102,826,707
24,712,572
28,042,270

201405051259(201405051259)
21,743,013
46,790,012
102,826,707
24,733,412
28,054,551

201405051300(201405051300)
21,743,013
46,790,012
102,826,707
24,765,844
28,054,551

201405051301(201405051301)
21,743,013
46,790,012
102,826,707
24,765,844
28,054,551

201405051302(201405051302)
21,756,626
46,830,755
102,826,707
24,765,844
28,054,551

201405051309(201405051309)
21,756,626
46,855,367
102,826,707
24,765,844
28,054,551

201405051310(201405051310)
21,756,626
46,855,367
102,826,707
24,773,277
28,058,426

201405051311(201405051311)
21,778,566
46,856,646
102,826,707
24,773,277
28,058,426

201405051312(201405051312)
21,778,566
46,856,646
102,826,707
24,774,828
28,058,426

201405051319(201405051319)
21,778,566
46,856,646
102,870,521
24,839,761
28,186,992

201405051320(201405051320)
21,791,872
46,856,646
102,870,521
24,839,761
28,186,992

201405051321(201405051321)
21,791,872
46,856,646
102,870,521
24,839,761
28,186,992

201405051322(201405051322)
21,791,872
46,856,646
102,870,521
24,839,761
28,186,992

201405051329(201405051329)
21,791,872
46,864,601
102,870,521
24,839,761
28,340,278

201405051330(201405051330)
21,808,467
46,864,601
102,870,521
24,841,648
28,340,278

201405051331(201405051331)
21,808,467
46,864,601
102,870,521
24,841,648
28,340,278

201405051332(201405051332)
21,816,329
46,864,601
102,870,521
24,841,648
28,340,278

201405051339(201405051339)
21,877,690
46,917,539
102,870,521
24,941,670
28,381,995

201405051340(201405051340)
21,877,690
46,917,539
102,870,521
24,941,670
28,381,995

201405051341(201405051341)
21,889,727
46,917,539
102,870,521
24,941,670
28,395,558

201405051342(201405051342)
21,961,495
46,917,539
102,870,521
24,941,670
28,396,486

201405051349(201405051349)
22,018,672
46,960,285
102,870,521
24,997,430
28,412,837

201405051350(201405051350)
22,018,672
47,031,294
102,870,521
24,997,430
28,412,837

201405051351(201405051351)
22,018,672
47,031,709
102,870,521
24,997,430
28,412,837

201405051352(201405051352)
22,018,672
47,031,709
102,870,521
24,997,430
28,466,153

201405051359(201405051359)
22,018,672
47,031,709
102,870,521
25,085,206
28,466,153

201405051400(201405051400)
22,018,672
47,031,709
102,870,521
25,085,206
28,466,153

201405051401(201405051401)
22,018,672
47,031,709
102,870,521
25,109,390
28,497,170

201405051402(201405051402)
22,018,672
47,031,709
102,870,521
25,109,390
28,497,170

201405051409(201405051409)
22,215,072
47,031,709
103,340,795
25,156,108
28,569,177

201405051410(201405051410)
22,215,072
47,031,709
103,598,589
25,165,437
28,569,177

201405051411(201405051411)
22,215,072
47,031,709
103,598,589
25,165,437
28,569,177

201405051412(201405051412)
22,251,418
47,031,709
103,598,589
25,249,611
28,569,177

201405051419(201405051419)
22,251,418
47,031,709
103,598,589
25,266,355
28,569,177

201405051420(201405051420)
22,257,761
47,031,709
103,598,589
25,266,355
28,569,177

201405051421(201405051421)
22,382,656
47,055,462
103,598,589
25,266,355
28,569,177

201405051422(201405051422)
22,382,996
47,055,462
103,598,589
25,266,355
28,569,177

201405051429(201405051429)
22,506,789
47,055,462
103,598,589
25,325,960
28,595,769

201405051430(201405051430)
22,506,789
47,055,462
103,598,589
25,393,927
28,595,769

201405051431(201405051431)
22,506,789
47,055,598
103,598,589
25,393,927
28,595,769

201405051432(201405051432)
22,506,789
47,055,802
103,598,589
25,393,927
28,679,029

201405051439(201405051439)
22,506,789
47,163,777
103,598,589
25,436,785
28,732,890

201405051440(201405051440)
22,544,243
47,167,410
103,598,589
25,436,785
28,732,890

201405051441(201405051441)
22,544,243
47,167,410
103,598,589
25,436,785
28,732,890

201405051442(201405051442)
22,546,059
47,167,410
103,598,589
25,436,785
28,732,890

201405051449(201405051449)
22,546,059
47,167,410
104,097,356
25,449,635
28,749,521

201405051450(201405051450)
22,546,059
47,167,410
104,097,356
25,449,635
28,749,521

201405051451(201405051451)
22,546,059
47,167,410
104,097,356
25,449,635
28,749,521

201405051452(201405051452)
22,546,059
47,167,410
104,097,356
25,449,635
28,749,521

201405051459(201405051459)
22,551,197
47,210,227
104,097,356
25,457,161
28,763,398

201405051500(201405051500)
22,551,197
47,460,277
104,097,356
25,457,161
28,763,398

201405051501(201405051501)
22,551,197
47,460,277
104,097,356
25,462,729
28,763,398

201405051502(201405051502)
22,551,197
47,494,092
104,097,356
25,462,729
28,763,398

201405051509(201405051509)
22,551,197
47,494,092
104,097,356
25,462,729
28,867,612

201405051510(201405051510)
22,551,197
47,494,092
104,097,356
25,470,915
28,869,011

201405051511(201405051511)
22,551,197
47,494,092
104,097,356
25,470,915
28,869,011

201405051512(201405051512)
22,579,580
47,494,092
104,097,356
25,470,915
28,869,011

201405051519(201405051519)
22,608,525
47,555,892
104,097,356
25,485,555
28,869,011

201405051520(201405051520)
22,731,324
47,555,892
104,097,356
25,485,555
28,869,011

201405051521(201405051521)
22,731,324
47,631,405
104,097,356
25,485,555
28,869,011

201405051522(201405051522)
22,740,428
47,631,405
104,097,356
25,485,555
28,869,011

201405051529(201405051529)
22,745,179
47,656,943
104,097,356
25,542,485
28,869,996

201405051530(201405051530)
22,745,179
47,656,943
104,097,356
25,542,485
28,901,556

201405051531(201405051531)
22,745,179
47,656,943
104,097,356
25,542,485
28,901,556

201405051532(201405051532)
22,745,179
47,656,943
104,097,356
25,542,485
28,901,556

201405051539(201405051539)
22,780,620
47,656,943
104,338,534
25,582,157
28,994,497

201405051540(201405051540)
22,837,404
47,656,943
104,338,534
25,590,486
28,994,882

201405051541(201405051541)
22,837,404
47,656,943
104,338,534
25,590,486
29,000,257

201405051542(201405051542)
22,837,404
47,656,943
104,339,326
25,590,486
29,000,257

201405051549(201405051549)
22,837,404
47,883,354
105,675,455
25,627,082
29,015,861

201405051550(201405051550)
22,855,575
47,883,354
106,008,953
25,627,082
29,040,157

201405051551(201405051551)
22,871,287
47,883,354
106,348,864
25,627,082
29,040,157

201405051552(201405051552)
22,871,287
47,883,354
106,684,500
25,638,747
29,040,157

201405051559(201405051559)
22,871,287
48,007,738
107,420,506
25,697,183
29,040,157

201405051600(201405051600)
22,871,287
48,007,738
107,420,506
25,739,176
29,040,157

201405051601(201405051601)
22,871,287
48,007,874
107,420,506
25,739,176
29,040,157

201405051602(201405051602)
22,871,287
48,007,874
107,420,506
25,739,176
29,080,997

201405051609(201405051609)
22,964,278
48,007,874
107,420,506
25,841,481
29,145,296

201405051610(201405051610)
22,964,278
48,007,874
107,420,506
25,841,481
29,145,296

201405051611(201405051611)
22,964,278
48,007,874
107,420,506
25,841,481
29,145,296

201405051612(201405051612)
22,964,278
48,007,874
107,420,506
25,841,481
29,145,296

201405051619(201405051619)
22,964,278
48,007,874
107,420,506
25,844,135
29,169,463

201405051620(201405051620)
22,964,278
48,007,874
107,420,506
25,844,135
29,176,196

201405051621(201405051621)
22,964,278
48,007,874
107,420,506
25,844,135
29,176,196

201405051622(201405051622)
22,964,278
48,007,874
107,420,506
25,844,135
29,176,196

201405051629(201405051629)
22,964,278
48,096,757
107,420,506
25,844,135
29,176,196

201405051630(201405051630)
22,964,345
48,096,757
107,420,506
25,844,135
29,176,196

201405051631(201405051631)
22,964,345
48,096,757
107,420,506
25,851,392
29,176,196

201405051632(201405051632)
22,989,454
48,096,757
107,420,506
25,851,392
29,176,196

201405051639(201405051639)
23,020,078
48,127,044
107,420,506
25,861,906
29,261,415

201405051640(201405051640)
23,020,078
48,127,044
107,420,506
25,861,906
29,261,415

201405051641(201405051641)
23,020,078
48,127,044
107,420,506
25,861,906
29,261,415

201405051642(201405051642)
23,020,078
48,127,044
107,420,506
25,861,906
29,269,386

201405051649(201405051649)
23,042,501
48,334,472
107,420,506
25,861,906
29,375,554

201405051650(201405051650)
23,083,225
48,334,472
107,420,506
25,861,906
29,375,554

201405051651(201405051651)
23,083,225
48,334,472
107,420,506
25,861,906
29,375,554

201405051652(201405051652)
23,083,225
48,334,472
107,420,506
25,861,906
29,385,301

201405051659(201405051659)
23,190,952
48,400,046
107,420,506
26,024,271
29,448,576

201405051700(201405051700)
23,190,952
48,400,046
107,420,506
26,024,271
29,448,576

201405051701(201405051701)
23,232,706
48,400,046
107,420,506
26,024,271
29,448,576

201405051702(201405051702)
23,251,760
48,410,628
107,420,506
26,024,271
29,448,576

201405051709(201405051709)
23,306,568
48,410,628
107,420,506
26,116,731
29,474,358

201405051710(201405051710)
23,306,568
48,410,628
107,420,506
26,119,503
29,474,358

201405051711(201405051711)
23,306,568
48,410,628
107,420,506
26,122,275
29,474,358

201405051712(201405051712)
23,306,568
48,410,628
107,420,506
26,125,047
29,474,358

201405051719(201405051719)
23,306,568
48,514,048
107,420,506
26,126,811
29,506,185

201405051720(201405051720)
23,369,783
48,514,048
107,420,506
26,129,470
29,506,185

201405051721(201405051721)
23,369,783
48,514,048
107,420,506
26,155,539
29,506,185

201405051722(201405051722)
23,369,783
48,514,048
107,420,506
26,155,539
29,506,185

201405051729(201405051729)
23,438,732
48,514,048
107,420,506
26,168,629
29,516,839

201405051730(201405051730)
23,438,732
48,569,675
107,420,506
26,168,629
29,516,839

201405051731(201405051731)
23,439,094
48,589,890
107,420,506
26,168,629
29,526,209

201405051732(201405051732)
23,439,094
48,589,890
107,420,506
26,168,629
29,526,209

201405051739(201405051739)
23,439,094
48,625,091
107,420,506
26,181,080
29,555,579

201405051740(201405051740)
23,439,094
48,662,719
107,420,506
26,195,843
29,638,308

201405051741(201405051741)
23,439,094
48,680,371
107,420,506
26,195,843
29,638,308

201405051742(201405051742)
23,439,094
48,680,371
107,420,506
26,195,843
29,676,748

201405051749(201405051749)
23,439,094
48,720,268
107,420,506
26,195,843
29,777,511

201405051750(201405051750)
23,439,094
48,720,268
107,420,506
26,195,843
29,777,511

201405051751(201405051751)
23,439,094
48,720,268
107,420,506
26,204,195
29,788,630

201405051752(201405051752)
23,439,094
48,720,268
107,420,506
26,204,195
29,788,630

201405051759(201405051759)
23,484,588
48,720,268
107,420,506
26,204,195
29,809,663

201405051800(201405051800)
23,484,588
48,720,268
107,420,506
26,204,195
29,811,848

201405051801(201405051801)
23,484,588
48,720,268
107,420,506
26,204,195
29,811,848

201405051802(201405051802)
23,484,588
48,720,268
107,420,506
26,219,955
29,848,585

201405051809(201405051809)
23,559,798
48,723,946
107,420,506
26,350,936
29,869,190

201405051810(201405051810)
23,559,798
48,723,946
107,420,506
26,407,546
29,900,955

201405051811(201405051811)
23,559,798
48,723,946
107,420,506
26,407,546
29,900,955

201405051812(201405051812)
23,559,798
48,760,578
107,420,506
26,407,546
29,900,955

201405051819(201405051819)
23,559,798
48,760,578
107,420,506
26,449,351
29,900,955

201405051820(201405051820)
23,559,798
48,760,578
107,420,506
26,449,351
29,900,955

201405051821(201405051821)
23,570,768
48,760,578
107,420,506
26,449,351
29,900,955

201405051822(201405051822)
23,570,768
48,760,578
107,420,506
26,503,065
29,900,955

201405051829(201405051829)
23,641,105
48,844,165
107,466,543
26,503,065
30,002,152

201405051830(201405051830)
23,641,105
48,844,165
107,466,543
26,518,346
30,002,152

201405051831(201405051831)
23,641,105
48,844,165
107,466,543
26,518,346
30,002,152

201405051832(201405051832)
23,641,105
48,844,165
107,654,670
26,518,346
30,002,152

201405051839(201405051839)
23,654,661
48,982,046
107,906,629
26,518,346
30,002,152

201405051840(201405051840)
23,654,661
48,982,046
107,993,073
26,518,346
30,003,315

201405051841(201405051841)
23,654,661
48,982,046
107,993,073
26,518,346
30,003,315

201405051842(201405051842)
23,654,661
48,982,046
107,993,073
26,518,346
30,003,315

201405051849(201405051849)
23,723,418
49,011,774
108,243,353
26,566,459
30,003,315

201405051850(201405051850)
23,723,418
49,011,774
108,243,353
26,566,459
30,026,640

201405051851(201405051851)
23,723,418
49,024,663
108,243,353
26,566,459
30,026,640

201405051852(201405051852)
23,723,418
49,024,663
108,243,353
26,573,762
30,026,640

201405051859(201405051859)
23,742,686
49,040,403
109,093,537
26,574,062
30,026,640

201405051900(201405051900)
23,783,908
49,040,403
109,203,605
26,574,062
30,032,646

201405051901(201405051901)
23,783,908
49,040,403
109,203,605
26,574,062
30,032,646

201405051902(201405051902)
23,783,908
49,040,403
109,203,605
26,574,062
30,032,646

201405051909(201405051909)
23,783,908
49,066,655
109,203,605
26,574,062
30,111,174

201405051910(201405051910)
23,783,908
49,066,655
109,203,605
26,592,438
30,132,334

201405051911(201405051911)
23,783,908
49,066,655
109,203,605
26,593,124
30,132,334

201405051912(201405051912)
23,783,908
49,091,904
109,203,605
26,593,124
30,132,334

201405051919(201405051919)
23,783,908
49,091,904
109,203,605
26,593,124
30,162,183

201405051920(201405051920)
23,783,908
49,125,863
109,203,605
26,593,124
30,162,183

201405051921(201405051921)
23,783,908
49,125,863
109,203,605
26,631,057
30,162,183

201405051922(201405051922)
23,783,908
49,125,863
109,203,605
26,631,057
30,162,183

201405051929(201405051929)
23,786,275
49,172,973
109,203,605
26,631,057
30,162,183

201405051930(201405051930)
23,786,275
49,204,567
109,203,605
26,631,057
30,162,183

201405051931(201405051931)
23,786,275
49,204,567
109,203,605
26,631,057
30,195,657

201405051932(201405051932)
23,786,275
49,204,567
109,203,605
26,631,057
30,207,041

201405051939(201405051939)
23,786,275
49,254,596
109,203,605
26,815,818
30,248,564

201405051940(201405051940)
23,786,275
49,292,932
109,203,605
26,815,818
30,267,300

201405051941(201405051941)
23,786,275
49,292,932
109,203,605
26,815,818
30,267,300

201405051942(201405051942)
23,786,275
49,292,932
109,203,605
26,815,818
30,267,300

201405051949(201405051949)
23,786,275
49,394,454
109,203,605
26,815,818
30,267,300

201405051950(201405051950)
23,786,275
49,394,590
109,203,605
26,815,818
30,267,300

201405051951(201405051951)
23,786,275
49,395,382
109,203,605
26,815,818
30,267,300

201405051952(201405051952)
23,786,275
49,431,579
109,203,605
26,815,818
30,267,300

201405051959(201405051959)
23,786,275
49,450,662
109,203,605
26,815,818
30,459,568

201405052000(201405052000)
23,786,275
49,450,662
109,203,605
26,815,818
30,459,568

201405052001(201405052001)
23,786,275
49,450,662
109,203,605
26,815,818
30,459,568

201405052002(201405052002)
23,786,275
49,450,662
109,203,605
26,815,818
30,459,568

201405052009(201405052009)
23,808,794
49,542,398
109,203,605
26,851,498
30,459,568

201405052010(201405052010)
23,808,794
49,592,837
109,203,605
26,851,498
30,474,103

201405052011(201405052011)
23,808,794
49,679,659
109,203,605
26,851,498
30,474,103

201405052012(201405052012)
23,808,794
49,679,659
109,203,605
26,851,498
30,523,292

201405052019(201405052019)
24,023,366
49,679,659
109,203,605
26,887,824
30,626,372

201405052020(201405052020)
24,091,558
49,679,659
109,203,605
26,936,634
30,626,372

201405052021(201405052021)
24,133,926
49,679,659
109,203,605
26,940,829
30,626,372

201405052022(201405052022)
24,146,838
49,679,659
109,203,605
26,940,829
30,714,500

201405052029(201405052029)
24,209,001
49,776,200
109,203,605
26,984,094
30,714,500

201405052030(201405052030)
24,209,001
49,776,200
109,203,605
26,984,094
30,714,500

201405052031(201405052031)
24,209,001
49,776,200
109,203,605
27,002,083
30,717,997

201405052032(201405052032)
24,209,001
49,776,200
109,203,605
27,004,365
30,736,942

201405052039(201405052039)
24,235,273
49,896,667
109,203,605
27,025,373
30,782,348

201405052040(201405052040)
24,235,273
49,912,297
109,203,605
27,053,013
30,782,348

201405052041(201405052041)
24,235,273
49,912,297
109,203,605
27,070,490
30,782,348

201405052042(201405052042)
24,235,273
49,912,297
109,203,605
27,070,490
30,782,348

201405052049(201405052049)
24,235,273
49,912,297
109,203,605
27,091,459
30,792,956

201405052050(201405052050)
24,235,273
49,912,297
109,203,605
27,091,459
30,792,956

201405052051(201405052051)
24,235,273
49,912,297
109,203,605
27,091,459
30,792,956

201405052052(201405052052)
24,235,273
49,918,293
109,203,605
27,091,459
30,792,956

201405052059(201405052059)
24,235,273
49,919,307
109,210,346
27,178,003
30,920,599

201405052100(201405052100)
24,235,273
49,919,307
109,210,346
27,210,804
30,920,599

201405052101(201405052101)
24,235,273
49,919,307
109,210,346
27,210,804
30,920,599

201405052102(201405052102)
24,235,273
49,919,307
109,210,346
27,262,735
30,920,599

201405052109(201405052109)
24,235,273
50,057,813
109,210,346
27,347,642
30,969,940

201405052110(201405052110)
24,344,922
50,057,813
109,210,346
27,347,642
30,987,077

201405052111(201405052111)
24,393,437
50,057,813
109,210,346
27,347,642
31,104,882

201405052112(201405052112)
24,393,437
50,141,739
109,210,346
27,385,909
31,113,901

201405052119(201405052119)
24,393,437
50,257,308
109,210,346
27,549,263
31,219,646

201405052120(201405052120)
24,393,437
50,257,308
109,210,346
27,549,263
31,219,646

201405052121(201405052121)
24,393,437
50,305,109
109,210,346
27,549,263
31,230,608

201405052122(201405052122)
24,393,437
50,323,352
109,210,346
27,631,184
31,230,608

201405052129(201405052129)
24,393,437
50,509,085
109,267,730
27,792,973
31,230,608

201405052130(201405052130)
24,449,053
50,509,085
109,267,730
27,851,751
31,259,228

201405052131(201405052131)
24,458,872
50,509,085
109,295,923
27,883,049
31,259,228

201405052132(201405052132)
24,469,527
50,509,085
109,621,198
27,883,049
31,266,746

201405052139(201405052139)
24,648,530
50,736,640
109,621,198
28,001,254
31,363,160

201405052140(201405052140)
24,694,981
50,736,640
109,621,198
28,001,254
31,363,500

201405052141(201405052141)
24,694,981
50,736,640
109,621,198
28,001,254
31,363,636

201405052142(201405052142)
24,694,981
50,818,996
109,621,198
28,001,254
31,448,259

201405052149(201405052149)
24,760,517
51,055,896
109,651,602
28,001,254
31,592,722

201405052150(201405052150)
24,760,517
51,121,447
109,651,602
28,001,254
31,646,046

201405052151(201405052151)
24,784,488
51,210,141
109,651,602
28,098,658
31,698,054

201405052152(201405052152)
24,845,217
51,228,133
109,651,602
28,098,658
31,698,054

201405052159(201405052159)
24,866,446
51,327,114
109,651,602
28,277,174
31,750,524

201405052200(201405052200)
24,866,446
51,327,114
109,651,602
28,277,689
31,762,271

201405052201(201405052201)
24,866,446
51,354,558
109,651,602
28,277,734
31,833,163

201405052202(201405052202)
24,888,536
51,354,558
109,651,602
28,286,403
31,833,163

201405052209(201405052209)
25,033,638
51,545,563
109,651,602
28,384,996
31,966,256

201405052210(201405052210)
25,033,638
51,561,630
109,651,602
28,384,996
31,993,234

201405052211(201405052211)
25,033,638
51,609,493
109,651,602
28,391,095
31,993,234

201405052212(201405052212)
25,033,638
51,614,763
109,651,602
28,392,462
32,028,617

201405052219(201405052219)
25,184,446
52,004,098
109,651,602
28,563,523
32,130,842

201405052220(201405052220)
25,184,446
52,004,098
109,651,602
28,595,769
32,130,842

201405052221(201405052221)
25,184,446
52,149,868
109,651,602
28,626,639
32,130,842

201405052222(201405052222)
25,184,446
52,149,868
109,651,602
28,626,639
32,130,842

201405052229(201405052229)
25,240,886
52,370,938
109,651,602
28,752,442
32,147,726

201405052230(201405052230)
25,259,738
52,484,587
109,651,602
28,752,442
32,147,726

201405052231(201405052231)
25,259,738
52,510,535
109,651,602
28,812,385
32,147,726

201405052232(201405052232)
25,292,933
52,569,000
109,651,602
28,812,385
32,147,726

201405052239(201405052239)
25,295,100
52,862,207
109,651,602
28,980,936
32,391,759

201405052240(201405052240)
25,295,100
52,928,826
109,651,602
28,980,936
32,407,141

201405052241(201405052241)
25,295,100
52,969,438
109,848,811
28,980,936
32,433,087

201405052242(201405052242)
25,295,100
52,969,438
110,059,087
28,980,936
32,586,314

201405052249(201405052249)
25,449,635
53,082,305
110,117,684
29,075,005
32,792,206

201405052250(201405052250)
25,457,704
53,082,305
110,117,684
29,123,205
32,816,864

201405052251(201405052251)
25,457,704
53,082,305
110,117,684
29,143,106
32,846,165

201405052252(201405052252)
25,457,704
53,109,321
110,117,684
29,165,469
32,890,611

201405052259(201405052259)
25,466,193
53,451,007
110,117,684
29,169,463
33,030,780

201405052300(201405052300)
25,466,193
53,465,845
110,117,684
29,169,463
33,045,620

201405052301(201405052301)
25,466,193
53,465,845
110,117,684
29,169,463
33,198,301

201405052302(201405052302)
25,466,193
53,465,845
110,117,684
29,207,015
33,198,301

201405052309(201405052309)
25,606,539
53,555,113
110,303,043
29,330,964
33,426,855

201405052310(201405052310)
25,646,944
53,722,837
110,303,043
29,445,412
33,479,718

201405052311(201405052311)
25,690,559
53,722,837
110,863,741
29,474,358
33,479,718

201405052312(201405052312)
25,690,559
53,824,002
111,340,471
29,474,358
33,738,650

201405052319(201405052319)
25,899,740
53,990,776
111,381,617
29,579,751
33,899,139

201405052320(201405052320)
25,899,740
54,115,096
111,381,617
29,579,751
33,899,139

201405052321(201405052321)
25,913,260
54,155,144
111,381,617
29,579,751
33,899,139

201405052322(201405052322)
25,965,646
54,243,420
111,381,617
29,579,751
33,899,139

201405052329(201405052329)
26,040,556
54,367,257
111,381,617
29,683,545
33,901,356

201405052330(201405052330)
26,040,556
54,380,949
111,381,617
29,797,754
33,901,356

201405052331(201405052331)
26,070,391
54,387,634
111,381,617
29,850,494
33,907,475

201405052332(201405052332)
26,070,391
54,414,444
111,381,617
29,850,494
33,907,475

201405052339(201405052339)
26,145,352
54,447,410
111,381,617
29,952,597
33,998,201

201405052340(201405052340)
26,145,352
54,503,565
111,381,617
29,952,597
34,019,779

201405052341(201405052341)
26,158,558
54,503,565
111,381,617
29,952,597
34,032,852

201405052342(201405052342)
26,158,558
54,503,565
111,381,617
29,952,597
34,039,237

201405052349(201405052349)
26,195,843
54,534,719
111,381,617
30,037,220
34,111,653

201405052350(201405052350)
26,195,843
54,619,702
111,381,617
30,037,220
34,111,653

201405052351(201405052351)
26,195,941
54,619,702
111,381,617
30,049,421
34,111,653

201405052352(201405052352)
26,199,879
54,762,935
111,381,617
30,049,421
34,137,450

201405052359(201405052359)
26,255,219
54,903,370
111,381,617
30,200,094
34,326,027

201405060000(201405060000)
26,255,219
54,903,506
111,381,617
30,200,094
34,326,027

201405060001(201405060001)
26,293,522
54,904,638
111,381,617
30,208,353
34,326,027

201405060002(201405060002)
26,314,206
54,928,844
111,381,617
30,208,353
34,326,027

201405060009(201405060009)
26,410,481
54,981,772
113,129,255
30,208,353
34,366,157

201405060010(201405060010)
26,410,481
54,981,772
113,129,255
30,312,146
34,366,157

201405060011(201405060011)
26,410,481
54,981,772
113,129,255
30,324,197
34,366,157

201405060012(201405060012)
26,444,727
54,981,772
113,129,255
30,381,515
34,366,157

201405060019(201405060019)
26,592,438
55,223,665
113,129,255
30,442,826
34,536,600

201405060020(201405060020)
26,592,438
55,278,738
113,129,255
30,442,826
34,549,489

201405060021(201405060021)
26,592,438
55,278,738
113,129,255
30,457,565
34,613,716

201405060022(201405060022)
26,592,438
55,346,533
113,129,255
30,457,565
34,613,716

201405060029(201405060029)
26,592,438
55,443,929
113,129,255
30,474,103
34,899,820

201405060030(201405060030)
26,592,438
55,471,140
113,129,255
30,490,800
34,900,283

201405060031(201405060031)
26,630,986
55,471,140
113,129,255
30,490,800
34,916,254

201405060032(201405060032)
26,630,986
55,608,228
113,129,255
30,511,035
34,960,079

201405060039(201405060039)
26,631,755
55,746,627
113,129,255
30,745,211
34,971,321

201405060040(201405060040)
26,631,755
55,746,627
113,129,255
30,745,211
34,971,321

201405060041(201405060041)
26,631,755
55,774,152
113,129,255
30,745,211
34,971,321

201405060042(201405060042)
26,631,755
55,774,152
113,129,255
30,751,109
34,971,321

201405060049(201405060049)
26,634,570
55,983,647
116,639,369
30,792,956
34,975,440

201405060050(201405060050)
26,634,570
56,005,076
117,379,081
30,805,984
34,975,440

201405060051(201405060051)
26,634,570
56,045,602
117,379,081
30,805,984
34,975,440

201405060052(201405060052)
26,663,210
56,068,336
117,577,897
30,805,984
34,975,440

201405060059(201405060059)
26,904,558
56,188,571
117,821,219
30,883,415
35,061,415

201405060100(201405060100)
26,985,878
56,188,571
117,821,219
30,883,415
35,061,415

201405060101(201405060101)
26,985,878
56,188,571
117,821,219
30,899,999
35,061,415

201405060102(201405060102)
26,985,878
56,188,571
117,821,219
30,899,999
35,061,415

201405060109(201405060109)
27,024,606
56,264,330
117,821,219
30,921,761
35,170,285

201405060110(201405060110)
27,024,606
56,264,618
117,821,219
30,921,761
35,170,285

201405060111(201405060111)
27,024,606
56,269,364
117,821,219
30,921,761
35,170,285

201405060112(201405060112)
27,079,388
56,269,364
117,821,219
30,933,369
35,170,285

201405060119(201405060119)
27,182,050
56,283,642
117,821,219
31,055,697
35,261,972

201405060120(201405060120)
27,182,050
56,283,642
117,821,219
31,055,697
35,261,972

201405060121(201405060121)
27,182,050
56,283,642
117,821,219
31,074,683
35,263,695

201405060122(201405060122)
27,192,887
56,283,642
117,821,219
31,074,683
35,317,457

201405060129(201405060129)
27,276,788
56,286,332
117,821,219
31,217,280
35,503,396

201405060130(201405060130)
27,285,704
56,286,332
117,821,219
31,217,280
35,597,760

201405060131(201405060131)
27,285,704
56,526,434
117,821,219
31,238,864
35,597,760

201405060132(201405060132)
27,285,704
56,540,318
117,821,219
31,334,093
35,597,760

201405060139(201405060139)
27,285,704
56,540,318
117,821,219
31,373,101
35,675,636

201405060140(201405060140)
27,285,704
56,540,318
117,821,219
31,373,101
35,714,781

201405060141(201405060141)
27,285,704
56,540,318
117,821,219
31,373,101
35,714,781

201405060142(201405060142)
27,336,374
56,540,318
117,821,219
31,373,101
35,887,314

201405060149(201405060149)
27,344,243
56,697,106
117,821,219
31,488,525
35,908,912

201405060150(201405060150)
27,344,243
56,697,106
117,821,219
31,488,525
35,908,912

201405060151(201405060151)
27,344,243
56,697,106
117,821,219
31,488,525
35,908,912

201405060152(201405060152)
27,354,571
56,697,106
117,821,219
31,525,941
35,908,912

201405060159(201405060159)
27,394,970
56,838,084
117,821,219
31,565,827
35,945,100

201405060200(201405060200)
27,394,970
56,838,084
117,821,219
31,565,827
35,945,100

201405060201(201405060201)
27,394,970
56,838,084
117,821,219
31,577,699
35,945,100

201405060202(201405060202)
27,394,970
56,838,084
117,821,219
31,577,699
35,946,210

201405060209(201405060209)
27,394,970
56,919,675
117,877,631
31,652,781
36,007,262

201405060210(201405060210)
27,394,970
56,919,675
117,988,191
31,690,330
36,007,262

201405060211(201405060211)
27,394,970
56,919,675
118,236,392
31,696,233
36,007,262

201405060212(201405060212)
27,394,970
56,960,976
118,291,672
31,696,233
36,007,262

201405060219(201405060219)
27,394,970
56,960,976
118,457,512
31,696,233
36,058,733

201405060220(201405060220)
27,412,288
56,960,976
118,457,512
31,696,233
36,058,733

201405060221(201405060221)
27,412,288
56,960,976
118,457,512
31,696,233
36,058,733

201405060222(201405060222)
27,412,288
56,960,976
118,457,512
31,696,233
36,076,505

201405060229(201405060229)
27,494,341
57,014,342
118,457,512
31,698,054
36,077,668

201405060230(201405060230)
27,509,059
57,014,342
118,457,512
31,698,054
36,098,594

201405060231(201405060231)
27,509,059
57,014,342
118,457,512
31,700,264
36,099,126

201405060232(201405060232)
27,509,059
57,014,342
118,457,512
31,700,264
36,099,126

201405060239(201405060239)
27,520,039
57,014,342
118,457,512
31,700,264
36,130,523

201405060240(201405060240)
27,546,628
57,014,342
118,457,512
31,700,264
36,130,523

201405060241(201405060241)
27,546,628
57,159,856
118,457,512
31,700,264
36,130,523

201405060242(201405060242)
27,546,628
57,192,232
118,457,512
31,700,264
36,130,523

201405060249(201405060249)
27,578,737
57,192,232
118,457,512
31,753,405
36,130,523

201405060250(201405060250)
27,578,737
57,192,232
118,457,512
31,753,405
36,130,523

201405060251(201405060251)
27,628,569
57,192,232
118,457,512
31,753,405
36,130,523

201405060252(201405060252)
27,628,569
57,192,232
118,457,512
31,753,405
36,130,523

201405060259(201405060259)
27,628,569
57,192,232
118,457,512
31,753,405
36,216,703

201405060300(201405060300)
27,628,569
57,192,232
118,457,512
31,753,405
36,216,703

201405060301(201405060301)
27,628,569
57,192,232
118,457,512
31,821,460
36,216,703

201405060302(201405060302)
27,628,569
57,192,232
118,457,512
31,821,460
36,218,854

201405060309(201405060309)
27,736,542
57,192,232
118,457,512
31,831,647
36,239,069

201405060310(201405060310)
27,736,542
57,192,232
118,457,512
31,831,647
36,239,069

201405060311(201405060311)
27,736,542
57,192,232
118,457,512
31,831,647
36,239,069

201405060312(201405060312)
27,736,542
57,192,232
118,457,512
31,831,647
36,239,069

201405060319(201405060319)
27,736,542
57,192,232
118,457,512
31,832,603
36,264,475

201405060320(201405060320)
27,736,542
57,192,232
118,457,512
31,832,603
36,264,475

201405060321(201405060321)
27,736,542
57,192,232
118,457,512
31,832,603
36,264,475

201405060322(201405060322)
27,736,542
57,192,232
118,457,512
31,832,603
36,282,439

201405060329(201405060329)
27,736,542
57,192,232
118,457,512
31,832,603
36,282,439

201405060330(201405060330)
27,736,542
57,192,232
118,457,512
31,832,603
36,282,439

201405060331(201405060331)
27,736,542
57,192,232
118,457,512
31,832,603
36,282,439

201405060332(201405060332)
27,736,542
57,192,232
118,457,512
31,832,603
36,282,439

201405060339(201405060339)
27,799,846
57,192,232
118,457,512
31,832,603
36,282,439

201405060340(201405060340)
27,799,846
57,192,232
118,457,512
31,832,603
36,282,439

201405060341(201405060341)
27,799,846
57,192,232
118,457,512
31,832,603
36,282,439

201405060342(201405060342)
27,799,846
57,192,232
118,457,512
31,832,603
36,282,439

201405060349(201405060349)
27,839,210
57,234,992
118,457,512
31,832,603
36,396,342

201405060350(201405060350)
27,839,210
57,234,992
118,457,512
31,832,603
36,396,342

201405060351(201405060351)
27,839,210
57,234,992
118,457,512
31,832,603
36,396,342

201405060352(201405060352)
27,839,210
57,234,992
118,457,512
31,832,603
36,396,342

201405060359(201405060359)
27,839,210
57,234,992
118,457,512
31,832,603
36,396,342

201405060400(201405060400)
27,839,210
57,234,992
118,457,512
31,832,603
36,396,342

201405060401(201405060401)
27,839,210
57,234,992
118,457,512
31,832,603
36,396,342

201405060402(201405060402)
27,839,210
57,234,992
118,457,512
31,852,457
36,446,602

201405060409(201405060409)
27,839,210
57,245,105
118,457,512
31,936,716
36,464,324

201405060410(201405060410)
27,839,210
57,245,105
118,457,512
31,936,716
36,464,324

201405060411(201405060411)
27,839,210
57,245,105
118,457,512
31,936,716
36,464,324

201405060412(201405060412)
27,839,210
57,245,105
118,573,196
31,936,716
36,464,324

201405060419(201405060419)
27,840,546
57,405,754
120,797,210
31,936,716
36,464,324

201405060420(201405060420)
27,840,546
57,405,754
121,579,716
31,936,716
36,464,324

201405060421(201405060421)
27,840,546
57,405,754
122,484,008
31,936,716
36,464,324

201405060422(201405060422)
27,840,546
57,405,754
122,484,008
31,936,716
36,464,324

201405060429(201405060429)
27,844,538
57,405,754
122,484,008
31,936,716
36,464,324

201405060430(201405060430)
27,844,538
57,405,754
122,484,008
31,936,716
36,464,324

201405060431(201405060431)
27,844,538
57,405,754
122,484,008
31,936,716
36,464,324

201405060432(201405060432)
27,844,538
57,405,754
122,484,008
31,936,716
36,464,324

201405060439(201405060439)
27,927,650
57,405,754
122,484,008
31,941,838
36,464,324

201405060440(201405060440)
27,927,650
57,405,754
122,484,008
31,941,838
36,464,324

201405060441(201405060441)
27,927,650
57,405,754
122,484,008
31,941,838
36,464,324

201405060442(201405060442)
27,941,445
57,405,754
122,484,008
31,941,838
36,464,324

201405060449(201405060449)
27,941,445
57,405,754
122,484,008
31,941,838
36,474,680

201405060450(201405060450)
27,941,445
57,405,754
122,484,008
31,993,234
36,474,680

201405060451(201405060451)
27,941,445
57,531,119
122,484,008
31,993,234
36,474,680

201405060452(201405060452)
27,941,445
57,531,119
122,484,008
31,993,234
36,474,680

201405060459(201405060459)
28,260,839
57,642,464
122,484,008
32,102,886
36,474,680

201405060500(201405060500)
28,260,839
57,642,464
122,484,008
32,102,886
36,474,680

201405060501(201405060501)
28,260,839
57,642,464
122,484,008
32,102,886
36,474,680

201405060502(201405060502)
28,260,839
57,642,464
122,484,008
32,102,886
36,474,680

201405060509(201405060509)
28,260,839
57,663,686
122,484,008
32,102,886
36,474,680

201405060510(201405060510)
28,260,839
57,663,686
122,484,008
32,102,886
36,474,680

201405060511(201405060511)
28,260,839
57,663,686
122,484,008
32,102,886
36,474,680

201405060512(201405060512)
28,260,839
57,663,686
122,484,008
32,102,886
36,474,680

201405060519(201405060519)
28,279,477
57,710,188
122,484,008
32,102,886
36,476,288

201405060520(201405060520)
28,279,477
57,727,758
122,484,008
32,102,886
36,477,216

201405060521(201405060521)
28,279,477
57,727,758
122,484,008
32,152,981
36,477,352

201405060522(201405060522)
28,279,477
57,727,758
122,484,008
32,164,474
36,478,484

201405060529(201405060529)
28,279,477
57,727,758
122,484,144
32,164,474
36,479,548

201405060530(201405060530)
28,279,477
57,727,758
122,484,280
32,184,343
36,479,548

201405060531(201405060531)
28,292,867
57,727,758
122,484,280
32,184,343
36,479,548

201405060532(201405060532)
28,292,867
57,727,758
122,484,280
32,186,832
36,479,548

201405060539(201405060539)
28,292,867
57,727,758
122,484,280
32,186,832
36,479,548

201405060540(201405060540)
28,292,867
57,727,758
122,484,280
32,186,832
36,479,548

201405060541(201405060541)
28,292,867
57,727,758
122,484,280
32,186,832
36,479,548

201405060542(201405060542)
28,292,867
57,727,758
122,484,280
32,186,832
36,479,548

201405060549(201405060549)
28,292,867
57,727,758
122,484,280
32,186,832
36,479,548

201405060550(201405060550)
28,292,867
57,727,758
122,484,280
32,186,832
36,479,548

201405060551(201405060551)
28,292,867
57,727,758
122,484,280
32,186,832
36,479,548

201405060552(201405060552)
28,292,867
57,727,758
122,484,280
32,186,832
36,479,548

201405060559(201405060559)
28,420,459
57,727,758
122,484,280
32,186,832
36,479,548

201405060600(201405060600)
28,420,459
57,727,758
122,484,280
32,186,832
36,479,548

201405060601(201405060601)
28,420,459
57,727,758
122,484,280
32,227,863
36,479,548

201405060602(201405060602)
28,420,459
57,727,758
122,484,280
32,227,863
36,479,548

201405060609(201405060609)
28,420,459
57,727,758
122,484,280
32,227,863
36,479,548

201405060610(201405060610)
28,420,459
57,727,758
122,484,280
32,227,863
36,479,548

201405060611(201405060611)
28,420,459
57,727,758
122,484,280
32,227,863
36,479,548

201405060612(201405060612)
28,420,459
57,727,758
122,484,280
32,227,863
36,479,548

201405060619(201405060619)
28,420,459
57,727,758
122,484,280
32,227,863
36,479,548

201405060620(201405060620)
28,420,459
57,727,758
122,484,280
32,227,863
36,479,548

201405060621(201405060621)
28,420,459
57,727,758
122,484,280
32,227,863
36,479,548

201405060622(201405060622)
28,420,459
57,727,758
122,484,280
32,227,863
36,479,548

201405060629(201405060629)
28,420,459
57,745,485
122,484,280
32,241,554
36,479,548

201405060630(201405060630)
28,420,459
57,745,485
122,484,280
32,241,554
36,479,548

201405060631(201405060631)
28,420,459
57,745,485
122,484,280
32,241,554
36,479,548

201405060632(201405060632)
28,420,459
57,745,485
122,484,280
32,241,554
36,479,548

201405060639(201405060639)
28,420,459
57,745,485
122,484,280
32,241,554
36,731,045

201405060640(201405060640)
28,420,459
57,745,485
122,484,280
32,241,554
36,731,045

201405060641(201405060641)
28,420,459
57,745,485
122,484,280
32,241,554
36,731,045

201405060642(201405060642)
28,420,459
57,745,485
122,484,280
32,241,554
36,731,045

201405060649(201405060649)
28,449,801
57,745,485
122,484,280
32,241,554
36,731,045

201405060650(201405060650)
28,449,801
57,765,797
122,484,280
32,241,554
36,826,912

201405060651(201405060651)
28,449,801
57,765,797
122,484,280
32,241,554
36,884,714

201405060652(201405060652)
28,449,801
57,765,797
122,484,280
32,241,554
36,884,714

201405060659(201405060659)
28,476,242
57,765,797
122,484,280
32,299,161
36,908,987

201405060700(201405060700)
28,476,242
57,765,797
122,484,280
32,299,161
36,908,987

201405060701(201405060701)
28,476,242
57,765,797
122,484,280
32,326,785
36,908,987

201405060702(201405060702)
28,476,242
57,765,797
122,484,280
32,326,785
36,908,987

201405060709(201405060709)
28,476,242
57,790,997
122,484,280
32,391,557
36,910,119

201405060710(201405060710)
28,476,242
57,790,997
122,484,280
32,391,557
36,910,119

201405060711(201405060711)
28,476,242
57,790,997
122,484,280
32,391,557
36,910,119

201405060712(201405060712)
28,476,242
57,790,997
122,484,280
32,391,557
36,910,119
