201404301722(201404301722)
3,469
8,310
44,024
--
4,314

201404301726(201404301726)
4,518
10,991
55,618
--
5,376

201404301726(201404301726)
4,518
10,991
55,618
--
5,376

201404301727(201404301727)
4,518
10,991
55,618
--
5,376

201404301730(201404301730)
6,366
15,542
74,486
--
7,862

201404301731(201404301731)
6,788
16,671
79,746
--
8,342

201404301736(201404301736)
8,386
21,192
107,262
9,286
10,306

201404301737(201404301737)
9,244
22,353
109,527
9,821
11,376

201404301739(201404301739)
10,158
26,830
133,260
11,238
12,474

201404301740(201404301740)
10,718
28,273
142,028
11,782
13,116


201404301741(201404301741)
11,101
30,542
147,844
12,427
13,740

201404301742(201404301742)
11,594
31,482
162,276
12,927
14,132


201404301749(201404301749)
14,872
39,764
218,662
16,448
18,074

201404301750(201404301750)
15,428
41,417
230,898
16,881
18,842

201404301751(201404301751)
15,816
42,808
240,939
17,483
19,475

201404301752(201404301752)
16,366
43,360
244,554
17,945
20,003


201404301759(201404301759)
19,444
53,442
289,354
21,625
24,786

201404301800(201404301800)
20,023
55,374
318,354
22,266
25,842


201404301801(201404301801)
20,704
55,862
325,225
23,393
26,821


201404301802(201404301802)
21,073
57,144
325,225
24,161
27,456

201404301809(201404301809)
26,234
68,497
388,758
28,813
32,372

201404301810(201404301810)
26,763
69,922
402,069
29,684
33,115

201404301812(201404301812)
27,668
74,046
418,402
31,131
34,343

201404301815(201404301815)
28,750
75,399
450,239
32,195
35,574

201404301816(201404301816)
29,660
77,023
455,832
32,729
36,200

201404301819(201404301819)
31,720
83,986
520,926
34,983
39,611

201404301820(201404301820)
32,226
84,611
535,108
35,260
39,978

201404301821(201404301821)
32,550
87,567
549,294
35,732
40,824

201404301822(201404301822)
33,324
91,113
579,818
36,809
41,462

201404301829(201404301829)
37,004
101,862
648,587
41,250
46,336

201404301830(201404301830)
37,545
104,851
680,466
41,879
46,593

201404301831(201404301831)
38,435
106,523
696,142
42,656
47,291

201404301832(201404301832)
38,822
107,428
696,142
43,019
47,913

201404301839(201404301839)
42,960
117,415
795,849
46,850
53,247

201404301840(201404301840)
43,492
119,718
831,816
47,433
54,567

201404301841(201404301841)
43,737
121,638
838,328
48,292
55,102

201404301842(201404301842)
44,517
123,676
846,258
48,666
55,436

201404301849(201404301849)
48,360
140,245
889,312
54,602
59,687

201404301850(201404301850)
49,340
140,245
889,312
55,102
60,913

201404301851(201404301851)
49,865
143,066
946,709
55,436
61,487

201404301852(201404301852)
50,178
145,111
959,403
55,822
62,199

201404301859(201404301859)
54,773
162,385
1,046,726
59,632
68,370

201404301900(201404301900)
54,773
162,385
1,046,726
59,632
68,370

201404301901(201404301901)
55,460
166,840
1,085,282
61,316
69,922

201404301902(201404301902)
55,774
170,058
1,085,816
61,801
70,133

201404301906(201404301906)
58,220
179,348
1,117,588
64,452
73,940

201404301907(201404301907)
58,220
179,348
1,117,588
64,452
73,940

201404301908(201404301908)
58,832
180,391
1,136,279
65,701
74,956

201404301909(201404301909)
58,832
186,098
1,136,279
67,936
77,860

201404301910(201404301910)
60,138
186,951
1,143,999
68,370
78,852

201404301911(201404301911)
60,896
188,282
1,150,090
68,544
79,321

201404301914(201404301914)
61,460
193,172
1,168,127
69,413
80,985

201404301919(201404301919)
65,546
206,357
1,246,891
73,940
87,222

201404301920(201404301920)
65,546
206,357
1,246,891
73,940
87,222

201404301921(201404301921)
66,874
212,536
1,255,996
75,935
88,804

201404301922(201404301922)
67,473
214,698
1,256,691
76,906
90,586

201404301929(201404301929)
71,629
234,712
1,390,372
83,126
98,112

201404301930(201404301930)
71,629
235,507
1,401,712
83,126
98,553

201404301931(201404301931)
73,803
238,255
1,411,309
87,107
99,588

201404301932(201404301932)
74,658
242,678
1,466,523
87,685
100,812

201404301939(201404301939)
79,624
258,346
1,575,391
93,390
107,262

201404301940(201404301940)
79,624
258,346
1,575,391
93,850
107,262

201404301941(201404301941)
81,202
263,890
1,611,687
94,441
109,616

201404301942(201404301942)
81,643
266,884
1,611,687
266,884
95,071
109,741

201404301944(201404301944)
81,933
270,268
1,633,658
95,341
110,625

201404301944(201404301944)
83,184
270,894
1,636,458
96,769
112,264

201404301946(201404301946)
83,533
272,282
1,654,558
97,099
113,253

201404301949(201404301949)
87,413
286,150
1,719,037
100,037
115,851

201404301950(201404301950)
87,632
286,653
1,719,037
100,465
116,267

201404301951(201404301951)
88,684
286,653
1,734,631
101,553
116,267

201404301959(201404301959)
96,576
302,156
1,740,868
108,155
126,231

201404302000(201404302000)
96,576
303,960
1,746,111
108,155
126,231

201404302001(201404302001)
97,836
304,951
1,746,741
110,625
127,972

201404302009(201404302009)
103,853
325,376
1,962,034
117,277
135,608

201404302010(201404302010)
104,674
327,656
1,978,842
118,227
135,608

201404302011(201404302011)
106,036
329,984
1,978,842
119,295
136,008

201404302019(201404302019)
111,338
356,638
2,051,599
126,839
143,835

201404302020(201404302020)
113,641
356,638
2,129,130
128,660
144,296

201404302021(201404302021)
114,346
128,968
360,892
147,408

201404302029(201404302029)
114,346
137,543
360,892
157,372

201404302030(201404302030)
121,663
377,181
2,245,821
139,237
159,798

201404302031(201404302031)
2,245,821
140,928
381,738
159,798

201404302039(201404302039)
131,704
395,728
2,357,373
149,560
173,377

201404302040(201404302040)
132,448
400,659
2,357,373
151,038
173,377

201404302041(201404302041)
132,694
401,807
2,403,755
152,869
176,005

201404302049(201404302049)
141,309
430,379
2,545,223
162,501
187,505

201404302050(201404302050)
142,291
430,379
2,561,816
164,750
188,133

201404302051(201404302051)
143,049
438,057
2,585,232
167,153
188,133

201404302059(201404302059)
152,869
456,567
2,631,630
175,915
199,499

201404302100(201404302100)
156,124
459,397
2,648,610
176,513
201,051

201404302101(201404302101)
156,697
460,646
2,648,610
178,407
203,517

201404302109(201404302109)
167,162
482,998
2,805,142
188,633
214,394

201404302110(201404302110)
167,162
483,528
2,805,142
188,998
215,684

201404302111(201404302111)
169,354
485,902
2,810,021
190,411
215,684

201404302119(201404302119)
176,921
505,487
2,860,171
199,419
228,431

201404302120(201404302120)
178,286
510,279
2,886,471
200,890
228,431

201404302121(201404302121)
179,437
515,683
2,947,866
202,292
229,931

201404302129(201404302129)
189,519
538,653
3,213,212
212,376
240,232

201404302130(201404302130)
190,430
545,353
3,213,212
214,881
240,232

201404302131(201404302131)
190,430
549,127
3,213,668
216,032
241,556

201404302139(201404302139)
203,566
564,460
3,342,486
228,425
256,018

201404302140(201404302140)
203,566
571,271
3,342,486
230,458
256,018

201404302141(201404302141)
206,418
571,875
3,342,486
232,283
260,679

201404302149(201404302149)
213,410
600,853
3,427,115
241,624
275,920

201404302150(201404302150)
213,410
602,540
3,427,691
245,395
278,979

201404302151(201404302151)
217,949
602,540
3,427,691
246,059
281,718

201404302159(201404302159)
229,170
628,776
3,503,847
256,124
291,060

201404302200(201404302200)
231,360
636,073
3,535,766
256,919
295,395

201404302201(201404302201)
233,355
636,073
3,535,766
259,954
295,395

201404302209(201404302209)
242,354
661,729
3,536,242
272,548
309,011

201404302210(201404302210)
243,083
661,729
3,596,793
272,748
312,118

201404302211(201404302211)
243,704
669,225
3,641,471
274,880
313,769

201404302219(201404302219)
252,406
697,344
3,741,878
286,393
329,714

201404302220(201404302220)
254,384
700,032
3,741,878
286,393
329,714

201404302221(201404302221)
255,742
701,694
3,741,878
289,799
330,415

201404302229(201404302229)
269,051
727,072
3,833,745
303,190
344,014

201404302230(201404302230)
272,337
727,831
3,833,745
305,772
345,306

201404302231(201404302231)
272,548
734,800
3,855,921
306,841
345,306

201404302239(201404302239)
272,548
761,421
3,897,760
320,657
361,733

201404302240(201404302240)
286,289
764,279
3,897,760
321,391
362,576

201404302241(201404302241)
287,446
765,481
3,897,760
323,091
362,576

201404302249(201404302249)
297,662
789,819
4,037,676
335,796
373,005

201404302250(201404302250)
298,102
789,955
4,095,125
335,796
375,751

201404302251(201404302251)
299,928
790,162
4,095,125
339,538
375,784

201404302259(201404302259)
310,623
833,554
4,169,419
350,168
383,575

201404302300(201404302300)
310,864
834,314
4,188,017
351,093
385,059

201404302301(201404302301)
311,942
838,887
4,188,017
351,473
386,957

201404302309(201404302309)
321,314
860,738
4,355,458
363,700
402,099

201404302310(201404302310)
321,339
862,906
4,417,730
363,859
402,099

201404302311(201404302311)
323,328
862,906
4,472,570
363,859
404,405

201404302319(201404302319)
338,530
886,955
4,537,374
371,058
422,134

201404302320(201404302320)
338,530
889,036
4,537,374
372,188
423,003

201404302321(201404302321)
339,983
889,036
4,548,521
373,146
423,904

201404302329(201404302329)
4,692,005
382,071
922,173
433,572

201404302330(201404302330)
351,258
929,973
4,721,857
383,908
433,572

201404302331(201404302331)
351,258
929,973
4,761,542
384,758
436,826

201404302339(201404302339)
364,063
964,231
4,993,010
400,234
446,123

201404302340(201404302340)
364,535
964,231
4,993,010
400,234
447,473

201404302341(201404302341)
364,666
972,744
4,993,010
403,994
447,473

201404302349(201404302349)
372,029
1,008,339
5,293,283
416,970
457,869

201404302350(201404302350)
373,655
1,009,218
5,308,597
420,595
457,869

201404302351(201404302351)
374,570
1,015,367
5,345,178
420,738
459,587

201404302359(201404302359)
374,570
1,022,183
5,359,345
429,666
475,041

201405010000(201405010000)
385,059
1,031,037
5,359,345
429,817
475,041

201405010001(201405010001)
386,479
1,031,037
5,359,345
431,055
480,402

201405010009(201405010009)
386,479
1,043,649
5,366,616
436,652
486,555

201405010010(201405010010)
392,272
1,055,038
5,366,616
436,652
490,232

201405010011(201405010011)
392,272
1,061,010
5,366,616
437,398
490,232

201405010019(201405010019)
398,731
1,083,518
5,422,871
446,123
496,373

201405010020(201405010020)
399,182
1,083,518
5,422,871
446,123
497,112

201405010021(201405010021)
399,182
1,092,949
5,422,871
447,067
497,112

201405010029(201405010029)
412,539
1,105,765
5,440,055
453,884
508,355

201405010030(201405010030)
413,689
1,106,624
5,440,395
456,443
512,700

201405010031(201405010031)
413,727
1,110,020
5,441,043
457,198
512,882

201405010039(201405010039)
424,038
1,133,748
5,454,992
464,518
526,265

201405010040(201405010040)
426,102
464,518
5,454,992
526,265

201405010041(201405010041)
426,102
1,139,635
5,454,992
466,761
527,601

201405010049(201405010049)
436,437
1,184,548
5,638,403
480,771
541,026

201405010050(201405010050)
436,437
1,186,326
5,665,801
483,196
541,845

201405010051(201405010051)
438,797
1,186,326
5,703,645
484,808
545,861

201405010059(201405010059)
449,979
1,242,414
5,854,088
498,976
554,595

201405010100(201405010100)
450,998
1,242,601
5,856,377
500,175
554,595

201405010101(201405010101)
451,852
1,247,325
5,856,377
500,175
555,014

201405010109(201405010109)
464,141
1,272,569
6,306,561
518,634
573,061

201405010110(201405010110)
464,141
1,272,907
6,306,561
521,799
575,098

201405010111(201405010111)
467,549
1,277,260
6,306,561
522,074
576,376

201405010119(201405010119)
487,193
1,295,516
6,353,550
541,845
592,661

201405010120(201405010120)
492,715
1,301,512
6,369,350
545,625
596,173

201405010121(201405010121)
492,720
1,304,770
6,369,350
546,139
601,933

201405010129(201405010129)
504,318
1,364,626
6,472,748
554,899
629,691

201405010130(201405010130)
506,624
1,370,690
6,472,748
554,899
629,691

201405010131(201405010131)
506,624
1,375,004
6,479,173
557,057
629,691

201405010139(201405010139)
514,821
1,429,655
6,735,781
567,494
647,124

201405010140(201405010140)
515,010
1,437,144
6,735,781
567,494
652,833

201405010141(201405010141)
515,010
1,441,442
6,752,306
567,494
652,833

201405010149(201405010149)
525,721
1,515,342
7,287,334
579,279
671,473

201405010150(201405010150)
528,012
1,515,342
7,287,334
579,322
671,955

201405010151(201405010151)
530,614
1,535,037
7,417,044
580,406
678,390

201405010159(201405010159)
538,605
1,571,206
7,480,488
595,302
687,134

201405010200(201405010200)
538,605
1,585,178
7,495,308
595,904
687,759

201405010201(201405010201)
540,388
1,585,178
7,525,874
596,173
687,911

201405010209(201405010209)
547,496
1,596,439
7,595,264
612,642
699,520

201405010210(201405010210)
548,904
1,598,077
7,595,264
612,879
700,274

201405010211(201405010211)
549,873
1,598,077
7,595,264
612,998
700,274

201405010219(201405010219)
558,921
1,629,666
8,193,925
618,076
709,174

201405010220(201405010220)
560,041
1,629,666
8,193,925
620,308
711,228

201405010221(201405010221)
560,657
1,632,828
8,229,271
620,308
711,228

201405010229(201405010229)
569,718
1,679,879
8,561,267
636,109
722,078

201405010230(201405010230)
569,718
1,685,045
8,561,267
636,109
722,078

201405010231(201405010231)
572,945
1,690,895
8,561,267
642,557
724,042

201405010239(201405010239)
575,935
1,726,713
8,617,991
655,832
736,378

201405010240(201405010240)
575,935
1,732,027
8,618,017
655,832
737,367

201405010241(201405010241)
576,687
1,732,027
8,618,017
657,776
739,655

201405010249(201405010249)
579,364
1,734,035
8,627,949
664,692
747,681

201405010250(201405010250)
582,613
1,734,035
8,643,546
664,692
747,681

201405010251(201405010251)
582,613
1,736,149
8,643,546
666,395
747,946

201405010259(201405010259)
589,255
1,749,379
8,801,882
673,599
755,167

201405010300(201405010300)
589,255
1,749,379
8,801,882
677,163
755,167

201405010301(201405010301)
590,075
1,752,492
8,801,882
677,163
755,167

201405010309(201405010309)
592,912
1,752,492
9,039,816
678,390
759,928

201405010310(201405010310)
593,468
1,752,492
9,039,816
679,570
759,928

201405010311(201405010311)
593,468
1,752,492
9,039,816
679,570
761,676

201405010319(201405010319)
602,152
1,760,247
9,169,456
682,490
766,385

201405010320(201405010320)
603,065
1,762,104
9,169,456
682,490
766,385

201405010321(201405010321)
603,065
1,762,104
9,169,456
684,356
766,385

201405010329(201405010329)
611,299
1,768,730
9,298,087
687,796
778,151

201405010330(201405010330)
611,299
1,775,254
9,412,011
688,054
778,151

201405010331(201405010331)
611,865
1,775,254
9,412,011
689,848
778,151

201405010339(201405010339)
613,154
1,789,040
9,412,011
696,761
782,602

201405010340(201405010340)
613,154
1,789,040
9,412,011
696,761
787,438

201405010341(201405010341)
614,458
1,796,264
9,412,011
696,882
787,438

201405010349(201405010349)
618,423
1,800,804
9,499,883
699,461
790,612

201405010350(201405010350)
618,423
1,800,804
9,511,590
699,461
790,635

201405010351(201405010351)
618,423
1,800,804
9,511,590
699,520
791,060

201405010359(201405010359)
622,732
1,801,694
9,722,442
704,882
794,149

201405010400(201405010400)
622,732
1,801,694
9,722,442
704,882
794,149

201405010401(201405010401)
622,732
1,801,694
9,747,814
704,882
794,149

201405010409(201405010409)
631,839
1,850,354
9,782,082
707,404
794,232

201405010410(201405010410)
632,233
1,850,354
9,782,082
708,228
794,232

201405010411(201405010411)
632,233
1,857,025
9,782,082
709,136
798,923

201405010419(201405010419)
632,688
1,865,671
9,847,111
710,372
807,086

201405010420(201405010420)
632,688
1,865,671
9,847,111
710,372
807,086

201405010421(201405010421)
632,688
1,875,374
9,876,410
711,196
807,086

201405010429(201405010429)
636,808
1,888,651
9,876,410
715,141
809,513

201405010430(201405010430)
636,808
1,888,651
9,926,406
715,141
809,513

201405010431(201405010431)
636,808
1,889,536
9,926,406
715,141
809,513

201405010439(201405010439)
642,393
1,906,833
9,927,269
717,850
813,308

201405010440(201405010440)
642,393
1,906,833
9,927,269
717,850
813,308

201405010441(201405010441)
642,393
1,906,833
9,927,269
717,850
813,308

201405010447(201405010447)
643,727
1,906,833
10,049,636
719,210
813,850

201405010448(201405010448)
643,727
1,906,833
10,049,636
719,210
813,850

201405010450(201405010450)
646,282
719,210
1,907,813
817,008

201405010450(201405010450)
646,282
1,907,813
10,049,636
719,210
817,008

201405010451(201405010451)
646,282
1,907,813
10,049,636
719,210
817,008

201405010452(201405010452)
646,282
1,907,813
10,049,636
719,791
817,008

201405010500(201405010500)
647,124
1,912,921
10,056,812
724,136
823,689

201405010501(201405010501)
647,124
1,912,921
10,056,812
724,136
823,689

