201407201705(201407201705)
656,655
1,034,987
1,826,787
696,712
738,581

201407201706(201407201706)
656,655
1,034,987
1,826,787
697,259
738,581

201407201707(201407201707)
657,043
1,034,987
1,826,787
697,259
738,581

201407201710(201407201710)
657,121
1,034,987
1,826,787
697,259
738,651

201407201711(201407201711)
657,121
1,034,987
1,826,787
698,521
738,651

201407201712(201407201712)
657,121
1,034,987
1,826,787
698,521
738,661

201407201715(201407201715)
657,528
1,036,001
1,831,799
699,278
738,661

201407201716(201407201716)
657,528
1,036,001
1,831,836
699,278
738,682

201407201717(201407201717)
657,553
1,036,001
1,831,900
700,010
739,336

201407201720(201407201720)
657,963
1,037,570
1,831,936
701,057
739,823

201407201721(201407201721)
657,963
1,037,570
1,831,936
701,057
740,236

201407201722(201407201722)
658,500
1,037,570
1,831,936
701,057
740,236

201407201725(201407201725)
658,661
1,038,051
1,831,973
701,511
740,236

201407201726(201407201726)
658,661
1,039,512
1,831,973
701,511
741,160

201407201727(201407201727)
658,913
1,039,512
1,831,973
701,825
741,160

201407201730(201407201730)
658,913
1,039,612
1,831,973
702,070
741,160

201407201731(201407201731)
658,913
1,039,612
1,831,973
702,070
741,160

201407201732(201407201732)
658,913
1,039,612
1,831,973
702,070
741,160

201407201735(201407201735)
658,913
1,039,612
1,831,973
702,070
741,160

201407201736(201407201736)
659,356
1,039,612
1,831,973
702,070
741,268

201407201737(201407201737)
659,644
1,039,612
1,831,973
702,070
741,364

201407201740(201407201740)
659,644
1,040,560
1,831,973
702,590
741,364

201407201741(201407201741)
659,644
1,040,560
1,831,973
702,590
741,364

201407201742(201407201742)
659,995
1,040,560
1,831,973
702,590
742,276

201407201745(201407201745)
661,303
1,040,560
1,831,973
702,602
742,430

201407201746(201407201746)
661,790
1,041,146
1,831,973
702,602
742,430

201407201747(201407201747)
661,790
1,041,193
1,831,973
703,271
742,430

201407201750(201407201750)
662,328
1,043,667
1,831,973
704,013
743,893

201407201751(201407201751)
662,682
1,043,667
1,831,973
704,013
743,893

201407201752(201407201752)
662,682
1,043,667
1,831,973
704,013
743,893

201407201755(201407201755)
662,802
1,044,573
1,831,973
704,013
743,893

201407201756(201407201756)
662,802
1,045,258
1,831,973
704,013
743,893

201407201757(201407201757)
663,973
1,045,890
1,831,973
704,013
743,893

201407201800(201407201800)
663,973
1,046,122
1,831,973
704,086
743,893

201407201801(201407201801)
663,973
1,046,122
1,831,973
704,086
743,949

201407201802(201407201802)
663,973
1,046,122
1,831,973
704,395
743,949

201407201805(201407201805)
663,973
1,046,122
1,831,973
704,395
744,078

201407201806(201407201806)
663,973
1,046,122
1,831,973
704,395
744,470

201407201807(201407201807)
663,973
1,046,122
1,831,973
704,395
744,519

201407201810(201407201810)
664,215
1,046,122
1,831,973
704,667
744,817

201407201811(201407201811)
664,215
1,046,122
1,831,973
704,667
744,817

201407201812(201407201812)
664,215
1,046,122
1,831,973
704,913
744,817

201407201815(201407201815)
664,215
1,046,122
1,831,973
704,913
745,504

201407201816(201407201816)
664,503
1,046,122
1,831,973
704,913
745,504

201407201817(201407201817)
664,503
1,046,122
1,831,973
704,913
745,504

201407201820(201407201820)
664,657
1,047,420
1,831,973
705,284
745,870

201407201821(201407201821)
665,070
1,047,420
1,831,973
705,987
745,905

201407201822(201407201822)
665,070
1,047,462
1,831,973
705,987
745,905

201407201825(201407201825)
666,432
1,047,462
1,832,155
705,987
746,963

201407201826(201407201826)
666,475
1,047,497
1,832,684
705,987
747,131

201407201827(201407201827)
667,987
1,047,497
1,832,684
705,987
747,131

201407201830(201407201830)
668,969
1,048,187
1,832,706
705,987
748,015

201407201831(201407201831)
668,969
1,048,187
1,832,706
705,987
748,015

201407201832(201407201832)
669,470
1,048,187
1,832,706
705,987
748,015

201407201835(201407201835)
669,971
1,048,187
1,832,706
707,831
748,015

201407201836(201407201836)
669,971
1,048,187
1,832,706
708,176
748,015

201407201837(201407201837)
669,971
1,048,701
1,832,706
708,176
748,015

201407201840(201407201840)
669,971
1,048,701
1,832,706
708,667
748,341

201407201841(201407201841)
670,083
1,048,701
1,832,706
710,771
748,341

201407201842(201407201842)
670,083
1,048,701
1,832,706
710,771
748,341

201407201845(201407201845)
670,764
1,049,546
1,832,706
710,984
748,613

201407201846(201407201846)
670,764
1,049,546
1,832,706
710,984
748,613

201407201847(201407201847)
670,764
1,049,546
1,832,706
711,728
748,969

201407201850(201407201850)
670,764
1,049,584
1,833,046
711,788
750,387

201407201851(201407201851)
670,764
1,049,928
1,834,968
711,788
750,387

201407201852(201407201852)
670,808
1,050,054
1,840,689
712,191
750,500

201407201855(201407201855)
671,162
1,050,245
1,841,573
712,191
751,497

201407201856(201407201856)
671,162
1,050,245
1,841,573
712,191
751,497

201407201857(201407201857)
671,162
1,050,675
1,841,573
712,191
751,497

201407201900(201407201900)
671,162
1,050,675
1,841,573
712,191
751,497

201407201901(201407201901)
671,162
1,050,675
1,841,573
712,191
752,380

201407201902(201407201902)
671,162
1,050,675
1,841,573
712,191
752,380

201407201905(201407201905)
671,162
1,050,675
1,841,573
712,656
752,380

201407201906(201407201906)
672,200
1,050,675
1,841,573
712,656
752,380

201407201907(201407201907)
672,200
1,050,675
1,841,573
712,656
752,380

201407201910(201407201910)
672,235
1,050,675
1,841,573
712,656
752,380

201407201911(201407201911)
672,235
1,050,707
1,841,573
712,656
752,380

201407201912(201407201912)
672,258
1,050,707
1,842,078
712,656
752,380

201407201915(201407201915)
672,258
1,053,622
1,842,078
713,702
752,925

201407201916(201407201916)
672,258
1,055,079
1,842,078
713,702
752,925

201407201917(201407201917)
672,258
1,055,079
1,842,078
713,702
752,925

201407201920(201407201920)
672,644
1,056,758
1,842,078
713,702
754,273

201407201921(201407201921)
672,767
1,056,758
1,842,078
713,702
754,273

201407201922(201407201922)
672,767
1,057,194
1,842,078
715,306
754,273

201407201925(201407201925)
672,767
1,057,194
1,842,078
715,483
754,273

201407201926(201407201926)
672,767
1,057,194
1,842,078
715,483
754,649

201407201927(201407201927)
672,767
1,057,194
1,842,078
715,483
754,649

201407201930(201407201930)
673,527
1,057,194
1,842,078
715,483
756,307

201407201931(201407201931)
673,941
1,057,594
1,842,078
715,623
756,307

201407201932(201407201932)
673,941
1,057,594
1,842,078
715,623
756,307

201407201935(201407201935)
673,941
1,058,241
1,842,078
715,623
756,307

201407201936(201407201936)
673,941
1,058,577
1,842,078
715,672
756,307

201407201937(201407201937)
674,113
1,058,577
1,842,078
717,090
756,338

201407201940(201407201940)
675,833
1,058,577
1,842,078
717,090
756,341

201407201941(201407201941)
675,833
1,058,577
1,842,078
717,090
756,341

201407201942(201407201942)
675,833
1,058,577
1,842,078
717,090
756,429

201407201945(201407201945)
676,712
1,058,577
1,842,078
717,090
756,429

201407201946(201407201946)
676,767
1,058,577
1,842,078
717,090
756,480

201407201947(201407201947)
676,851
1,059,040
1,842,078
717,090
756,785

201407201950(201407201950)
676,860
1,061,033
1,842,078
718,212
757,078

201407201951(201407201951)
676,902
1,061,033
1,842,078
718,212
757,129

201407201952(201407201952)
676,902
1,061,462
1,842,078
718,212
757,146

201407201955(201407201955)
676,924
1,061,462
1,843,418
718,212
757,687

201407201956(201407201956)
676,924
1,061,462
1,843,418
718,707
758,046

201407201957(201407201957)
676,924
1,061,462
1,843,418
718,707
758,632

201407202000(201407202000)
677,628
1,061,752
1,843,418
718,707
758,823

201407202001(201407202001)
677,628
1,061,752
1,843,418
718,707
759,256

201407202002(201407202002)
677,628
1,061,752
1,843,418
718,707
759,256

201407202005(201407202005)
677,628
1,062,146
1,843,418
720,413
759,303

201407202006(201407202006)
677,628
1,062,146
1,843,418
720,580
759,303

201407202007(201407202007)
677,628
1,062,146
1,843,418
721,623
759,303

201407202010(201407202010)
677,764
1,062,146
1,843,418
722,628
760,860

201407202011(201407202011)
678,066
1,062,975
1,843,418
722,848
760,860

201407202012(201407202012)
678,066
1,062,975
1,843,418
722,848
760,860

201407202015(201407202015)
678,730
1,062,975
1,848,743
722,848
760,860

201407202016(201407202016)
678,730
1,062,975
1,849,214
722,848
761,495

201407202017(201407202017)
678,932
1,062,975
1,849,214
722,848
761,495

201407202020(201407202020)
678,955
1,063,974
1,851,582
722,885
761,597

201407202021(201407202021)
678,955
1,063,974
1,851,582
722,885
762,126

201407202022(201407202022)
678,955
1,063,974
1,851,582
722,885
762,126

201407202025(201407202025)
679,027
1,066,788
1,851,582
722,885
762,225

201407202026(201407202026)
679,515
1,066,788
1,851,582
722,885
762,456

201407202027(201407202027)
679,515
1,066,788
1,851,582
723,186
762,456

201407202030(201407202030)
679,515
1,066,788
1,851,582
723,322
762,456

201407202031(201407202031)
679,515
1,066,879
1,851,582
723,322
762,456

201407202032(201407202032)
679,936
1,067,165
1,851,582
723,322
762,456

201407202035(201407202035)
679,936
1,068,191
1,851,582
723,564
762,700

201407202036(201407202036)
679,936
1,070,583
1,851,582
723,564
762,700

201407202037(201407202037)
679,936
1,070,583
1,851,582
724,406
762,700

201407202040(201407202040)
679,936
1,072,831
1,851,582
724,619
762,985

201407202041(201407202041)
679,936
1,072,831
1,851,582
724,619
762,985

201407202042(201407202042)
679,936
1,072,831
1,851,582
724,619
762,985

201407202045(201407202045)
679,936
1,072,831
1,851,582
724,619
764,364

201407202046(201407202046)
679,936
1,072,831
1,851,582
724,619
764,364

201407202047(201407202047)
679,936
1,072,831
1,851,582
724,619
764,364

201407202050(201407202050)
680,967
1,072,831
1,851,582
725,007
764,364

201407202051(201407202051)
680,967
1,072,831
1,851,582
725,007
764,364

201407202052(201407202052)
680,967
1,072,831
1,851,582
725,007
764,364

201407202055(201407202055)
681,264
1,073,477
1,851,582
725,007
764,934

201407202056(201407202056)
681,264
1,074,672
1,851,582
725,636
765,347

201407202057(201407202057)
681,326
1,074,672
1,851,582
725,636
765,494

201407202100(201407202100)
682,393
1,075,482
1,851,582
725,643
767,963

201407202101(201407202101)
683,219
1,075,482
1,851,582
725,643
767,963

201407202102(201407202102)
683,219
1,075,482
1,851,582
725,643
767,963

201407202105(201407202105)
683,219
1,075,482
1,851,582
725,759
767,963

201407202106(201407202106)
683,219
1,075,482
1,851,582
725,759
769,441

201407202107(201407202107)
683,219
1,075,482
1,852,458
725,759
769,551

201407202110(201407202110)
683,219
1,078,849
1,861,022
727,342
771,290

201407202111(201407202111)
683,219
1,078,849
1,861,022
727,560
771,290

201407202112(201407202112)
683,219
1,078,849
1,861,022
727,954
771,293

201407202115(201407202115)
683,219
1,078,849
1,861,022
727,954
771,293

201407202116(201407202116)
683,219
1,078,849
1,861,022
727,954
771,293

201407202117(201407202117)
683,219
1,078,849
1,863,700
728,462
771,293

201407202120(201407202120)
683,896
1,081,656
1,872,353
728,797
771,293

201407202121(201407202121)
683,896
1,082,375
1,873,763
729,035
771,293

201407202122(201407202122)
683,896
1,082,450
1,873,763
729,619
771,293

201407202125(201407202125)
684,591
1,083,643
1,873,763
729,619
771,767

201407202126(201407202126)
684,591
1,085,485
1,873,763
729,619
771,767

201407202127(201407202127)
684,591
1,085,485
1,873,763
729,784
771,767

201407202130(201407202130)
684,591
1,086,212
1,873,763
730,137
771,849

201407202131(201407202131)
684,591
1,086,212
1,873,763
730,624
773,175

201407202132(201407202132)
684,591
1,086,212
1,873,763
730,938
773,175

201407202135(201407202135)
684,820
1,086,722
1,873,763
731,024
773,175

201407202136(201407202136)
684,820
1,087,436
1,873,763
731,024
773,177

201407202137(201407202137)
685,175
1,087,436
1,873,763
731,024
773,545

201407202140(201407202140)
685,357
1,087,436
1,873,763
732,043
773,701

201407202141(201407202141)
685,357
1,087,436
1,873,763
732,122
775,895

201407202142(201407202142)
685,357
1,087,862
1,873,763
732,122
775,895

201407202145(201407202145)
686,889
1,089,534
1,873,763
732,238
775,895

201407202146(201407202146)
688,346
1,089,534
1,873,763
732,633
775,895

201407202147(201407202147)
688,346
1,089,534
1,873,763
732,633
776,772

201407202150(201407202150)
688,346
1,090,196
1,873,888
732,998
776,772

201407202151(201407202151)
688,537
1,090,196
1,877,717
733,364
776,966

201407202152(201407202152)
689,143
1,090,608
1,877,717
733,364
777,101

201407202155(201407202155)
689,143
1,095,759
1,877,717
733,364
777,948

201407202156(201407202156)
689,691
1,095,759
1,877,717
733,364
777,948

201407202157(201407202157)
689,691
1,096,959
1,877,717
733,364
778,036

201407202200(201407202200)
691,790
1,097,786
1,877,717
733,364
778,036

201407202201(201407202201)
691,801
1,099,422
1,877,717
733,364
778,863

201407202202(201407202202)
691,801
1,099,422
1,879,843
733,364
779,309

201407202205(201407202205)
692,441
1,099,422
1,891,627
733,412
779,309

201407202206(201407202206)
692,534
1,099,422
1,892,525
733,412
779,309

201407202207(201407202207)
692,534
1,099,524
1,892,820
733,517
779,309

201407202210(201407202210)
692,534
1,100,278
1,896,404
733,680
779,309

201407202211(201407202211)
692,534
1,100,278
1,896,404
733,689
779,309

201407202212(201407202212)
692,534
1,100,278
1,896,404
733,746
779,309

201407202215(201407202215)
692,534
1,100,871
1,896,404
733,746
779,309

201407202216(201407202216)
692,534
1,101,072
1,896,404
733,746
779,309

201407202217(201407202217)
692,534
1,101,072
1,896,404
733,746
779,309

201407202220(201407202220)
692,846
1,101,072
1,899,401
733,965
779,736

201407202221(201407202221)
693,128
1,101,072
1,899,401
733,965
779,736

201407202222(201407202222)
693,657
1,101,278
1,899,401
734,596
779,736

201407202225(201407202225)
693,657
1,101,353
1,899,401
735,459
782,139

201407202226(201407202226)
693,657
1,101,353
1,899,401
735,625
782,139

201407202227(201407202227)
693,657
1,101,353
1,899,401
735,711
782,139

201407202230(201407202230)
694,891
1,101,353
1,902,302
736,278
782,302

201407202231(201407202231)
694,891
1,101,353
1,902,302
736,278
782,302

201407202232(201407202232)
694,974
1,101,353
1,902,302
736,278
784,212

201407202235(201407202235)
695,421
1,101,353
1,902,302
736,278
784,517

201407202236(201407202236)
695,421
1,101,414
1,902,302
736,278
784,517

201407202237(201407202237)
695,421
1,101,414
1,902,302
736,278
784,597

201407202240(201407202240)
696,712
1,102,530
1,902,302
736,278
785,052

201407202241(201407202241)
697,061
1,104,018
1,904,510
736,671
785,052

201407202242(201407202242)
697,406
1,104,499
1,905,408
736,671
785,052

201407202245(201407202245)
698,145
1,105,408
1,905,408
738,094
785,326

201407202246(201407202246)
698,491
1,105,862
1,905,408
738,094
785,326

201407202247(201407202247)
698,521
1,106,713
1,905,408
738,198
786,000

201407202250(201407202250)
698,521
1,107,605
1,906,438
739,773
786,000

201407202251(201407202251)
700,174
1,107,956
1,906,873
739,846
786,000

201407202252(201407202252)
701,057
1,107,956
1,906,873
739,846
786,000

201407202255(201407202255)
701,938
1,108,560
1,906,873
743,099
787,640

201407202256(201407202256)
701,938
1,109,083
1,906,873
743,099
787,640

201407202257(201407202257)
701,938
1,110,105
1,906,873
744,231
787,640

201407202300(201407202300)
702,935
1,112,119
1,906,873
744,759
787,640

201407202301(201407202301)
702,935
1,112,119
1,906,873
745,577
787,640

201407202302(201407202302)
704,913
1,112,119
1,906,873
745,905
787,640

201407202305(201407202305)
705,223
1,112,580
1,906,873
747,322
788,782

201407202306(201407202306)
705,223
1,112,580
1,906,873
747,322
789,504

201407202307(201407202307)
705,504
1,113,710
1,906,873
747,322
789,504

201407202310(201407202310)
705,539
1,114,158
1,906,873
748,234
790,293

201407202311(201407202311)
705,550
1,114,158
1,907,203
748,234
790,293

201407202312(201407202312)
705,550
1,114,158
1,907,634
748,234
790,736

201407202315(201407202315)
706,761
1,117,394
1,909,438
748,306
790,852

201407202316(201407202316)
706,761
1,117,715
1,909,558
748,306
790,852

201407202317(201407202317)
706,987
1,118,600
1,912,535
748,416
790,852

201407202320(201407202320)
706,987
1,118,600
1,914,903
750,694
791,620

201407202321(201407202321)
706,987
1,118,600
1,915,367
750,694
791,620

201407202322(201407202322)
708,341
1,118,600
1,915,367
750,694
792,236

201407202325(201407202325)
710,000
1,122,262
1,915,367
751,431
792,780

201407202326(201407202326)
710,771
1,125,699
1,915,367
751,431
793,888

201407202327(201407202327)
710,966
1,126,758
1,915,367
751,431
794,343

201407202330(201407202330)
711,442
1,128,673
1,915,367
752,309
795,914

201407202331(201407202331)
711,442
1,129,782
1,915,367
752,309
797,104

201407202332(201407202332)
711,442
1,129,782
1,915,367
752,309
798,275

201407202335(201407202335)
712,208
1,131,116
1,915,367
752,611
800,215

201407202336(201407202336)
712,208
1,131,116
1,916,510
752,925
800,215

201407202337(201407202337)
712,208
1,131,329
1,916,510
753,204
800,232

201407202340(201407202340)
714,274
1,131,329
1,916,510
753,634
800,232

201407202341(201407202341)
714,274
1,131,329
1,916,510
754,649
800,232

201407202342(201407202342)
714,274
1,131,329
1,916,510
754,649
800,232

201407202345(201407202345)
714,739
1,133,958
1,930,381
756,697
801,586

201407202346(201407202346)
714,739
1,133,958
1,932,657
757,926
801,733

201407202347(201407202347)
714,739
1,133,958
1,932,657
758,031
801,733

201407202350(201407202350)
716,524
1,133,958
1,932,657
758,523
803,846

201407202351(201407202351)
716,524
1,133,958
1,932,657
758,523
804,006

201407202352(201407202352)
716,524
1,133,958
1,932,657
758,523
804,046

201407202355(201407202355)
717,244
1,136,975
1,938,454
760,521
804,897

201407202356(201407202356)
717,244
1,139,542
1,938,454
760,521
804,897

201407202357(201407202357)
717,244
1,139,542
1,938,454
760,521
804,897

201407210000(201407210000)
717,281
1,142,395
1,938,454
760,521
806,015

201407210001(201407210001)
718,775
1,142,395
1,938,454
760,741
806,015

201407210002(201407210002)
718,775
1,142,395
1,947,111
760,741
806,015

201407210005(201407210005)
719,342
1,142,395
1,951,287
761,320
806,015

201407210006(201407210006)
719,342
1,142,395
1,952,145
761,320
806,742

201407210007(201407210007)
719,342
1,142,395
1,954,547
761,495
806,742

201407210010(201407210010)
719,342
1,144,350
1,954,547
761,495
806,889

201407210011(201407210011)
719,342
1,144,350
1,954,547
761,495
806,889

201407210012(201407210012)
719,342
1,145,246
1,954,547
762,126
806,891

201407210015(201407210015)
719,342
1,147,675
1,954,547
762,126
807,332

201407210016(201407210016)
719,342
1,147,675
1,954,547
762,126
807,332

201407210017(201407210017)
719,668
1,147,871
1,957,292
762,246
807,332

201407210020(201407210020)
720,554
1,150,318
1,958,616
762,563
808,370

201407210021(201407210021)
720,554
1,150,318
1,958,616
762,563
808,538

201407210022(201407210022)
720,554
1,150,318
1,958,616
762,563
808,538

201407210025(201407210025)
721,511
1,150,318
1,958,616
762,563
810,290

201407210026(201407210026)
721,511
1,150,318
1,958,616
762,563
810,337

201407210027(201407210027)
721,511
1,150,318
1,958,616
762,563
810,337

201407210030(201407210030)
721,524
1,150,318
1,958,616
762,972
810,337

201407210031(201407210031)
721,524
1,150,318
1,958,616
762,972
810,643

201407210032(201407210032)
721,942
1,150,318
1,958,616
762,972
810,643

201407210035(201407210035)
721,942
1,150,318
1,958,616
763,774
810,643

201407210036(201407210036)
722,521
1,150,528
1,958,616
763,774
810,643

201407210037(201407210037)
722,521
1,150,839
1,958,616
764,364
810,643

201407210040(201407210040)
722,521
1,150,923
1,958,616
764,364
811,256

201407210041(201407210041)
723,275
1,150,923
1,965,925
764,364
811,256

201407210042(201407210042)
724,067
1,150,923
1,966,353
764,364
811,256

201407210045(201407210045)
724,493
1,151,639
1,972,665
764,531
811,256

201407210046(201407210046)
724,493
1,151,639
1,972,665
764,531
811,256

201407210047(201407210047)
724,493
1,151,639
1,972,665
764,531
811,256

201407210050(201407210050)
724,493
1,151,654
1,972,665
764,934
812,300

201407210051(201407210051)
725,135
1,151,654
1,972,665
765,393
812,300

201407210052(201407210052)
725,214
1,151,654
1,972,665
766,085
812,300

201407210055(201407210055)
725,214
1,151,654
1,973,505
766,659
812,355

201407210056(201407210056)
725,465
1,152,960
1,973,505
766,961
812,357

201407210057(201407210057)
725,465
1,153,718
1,973,505
766,961
812,523

201407210100(201407210100)
725,534
1,155,767
1,976,459
766,961
812,523

201407210101(201407210101)
725,759
1,157,324
1,983,717
766,961
812,523

201407210102(201407210102)
725,759
1,157,324
1,983,717
767,277
812,622

201407210105(201407210105)
725,759
1,157,994
1,983,717
767,440
813,142

201407210106(201407210106)
725,759
1,158,065
1,983,717
767,440
813,555

201407210107(201407210107)
725,759
1,158,065
1,983,717
767,440
814,237

201407210110(201407210110)
725,759
1,158,065
1,983,781
768,454
814,237

201407210111(201407210111)
725,759
1,158,065
1,983,949
768,454
814,391

201407210112(201407210112)
725,759
1,158,065
1,984,051
768,454
814,391

201407210115(201407210115)
725,759
1,158,065
1,987,611
768,749
814,391

201407210116(201407210116)
726,408
1,158,065
1,987,924
768,749
814,391

201407210117(201407210117)
726,462
1,158,065
1,987,924
768,749
814,391

201407210120(201407210120)
726,462
1,158,065
1,991,399
768,869
814,507

201407210121(201407210121)
726,462
1,158,065
1,991,399
768,869
814,507

201407210122(201407210122)
726,462
1,158,065
1,991,399
769,551
815,055

201407210125(201407210125)
727,342
1,158,065
1,991,399
769,551
815,334

201407210126(201407210126)
727,342
1,158,065
1,991,399
769,551
815,334

201407210127(201407210127)
727,342
1,158,065
1,991,399
769,551
815,651

201407210130(201407210130)
727,342
1,158,336
1,991,399
771,290
815,885

201407210131(201407210131)
727,342
1,158,336
1,991,399
771,290
815,894

201407210132(201407210132)
727,342
1,158,336
1,991,399
771,290
816,269

201407210135(201407210135)
727,342
1,158,336
1,992,910
771,307
816,854

201407210136(201407210136)
727,342
1,158,336
1,996,199
771,307
817,216

201407210137(201407210137)
727,995
1,159,679
1,996,199
771,307
817,697

201407210140(201407210140)
728,483
1,161,425
1,996,199
771,359
817,800

201407210141(201407210141)
728,483
1,161,425
1,996,199
771,654
818,000

201407210142(201407210142)
728,483
1,161,425
1,996,199
771,831
818,158

201407210145(201407210145)
728,640
1,161,425
1,996,199
772,005
818,818

201407210146(201407210146)
728,640
1,161,425
1,996,199
772,874
818,818

201407210147(201407210147)
729,993
1,161,425
1,997,369
772,874
818,818

201407210150(201407210150)
729,993
1,162,269
2,000,399
773,175
819,452

201407210151(201407210151)
729,993
1,162,269
2,000,399
773,175
819,452

201407210152(201407210152)
729,993
1,162,269
2,000,399
773,175
819,452

201407210155(201407210155)
730,486
1,162,409
2,000,399
773,255
819,974

201407210156(201407210156)
730,486
1,162,455
2,000,399
774,055
820,306

201407210157(201407210157)
730,486
1,162,455
2,000,399
774,055
820,306

201407210200(201407210200)
730,861
1,162,756
2,000,399
775,125
820,306

201407210201(201407210201)
730,861
1,163,046
2,000,399
776,128
820,306

201407210202(201407210202)
730,938
1,163,046
2,000,399
776,128
820,306

201407210205(201407210205)
730,938
1,163,046
2,000,399
776,128
820,642

201407210206(201407210206)
730,938
1,163,046
2,000,399
776,128
820,642

201407210207(201407210207)
730,938
1,163,046
2,000,399
776,178
820,642

201407210210(201407210210)
730,938
1,163,046
2,000,399
776,178
820,642

201407210211(201407210211)
733,026
1,163,046
2,000,399
776,178
820,774

201407210212(201407210212)
733,026
1,163,046
2,000,399
776,178
820,774

201407210215(201407210215)
734,487
1,164,546
2,000,399
776,338
820,774

201407210216(201407210216)
734,487
1,164,546
2,000,399
776,338
820,774

201407210217(201407210217)
734,487
1,164,546
2,000,399
776,867
820,774

201407210220(201407210220)
735,002
1,164,546
2,000,399
776,867
820,935

201407210221(201407210221)
735,002
1,164,546
2,000,399
776,867
820,935

201407210222(201407210222)
735,002
1,164,546
2,000,399
776,867
820,935

201407210225(201407210225)
735,910
1,164,546
2,000,939
776,867
821,121

201407210226(201407210226)
735,910
1,164,546
2,000,939
777,166
821,121

201407210227(201407210227)
735,910
1,164,580
2,000,939
777,166
821,121

201407210230(201407210230)
735,910
1,164,580
2,000,939
777,603
821,874

201407210231(201407210231)
735,910
1,164,580
2,000,939
777,948
822,395

201407210232(201407210232)
735,910
1,164,580
2,000,939
777,948
822,443

201407210235(201407210235)
735,910
1,164,580
2,001,299
779,309
822,443

201407210236(201407210236)
735,910
1,164,580
2,001,299
779,309
822,769

201407210237(201407210237)
736,214
1,164,580
2,001,299
779,309
822,854

201407210240(201407210240)
736,214
1,164,580
2,001,299
779,443
822,854

201407210241(201407210241)
736,214
1,164,580
2,001,299
779,443
822,854

201407210242(201407210242)
736,214
1,164,580
2,001,299
780,984
822,854

201407210245(201407210245)
736,214
1,164,580
2,001,299
780,984
822,854

201407210246(201407210246)
736,214
1,164,580
2,001,299
780,984
822,854

201407210247(201407210247)
736,278
1,164,580
2,001,299
780,984
822,854

201407210250(201407210250)
736,362
1,164,580
2,001,299
781,676
822,854

201407210251(201407210251)
736,362
1,164,580
2,001,299
781,676
822,854

201407210252(201407210252)
736,362
1,164,580
2,001,299
781,676
822,854

201407210255(201407210255)
737,705
1,164,580
2,002,143
781,742
823,969

201407210256(201407210256)
737,705
1,164,580
2,002,143
782,291
824,384

201407210257(201407210257)
737,705
1,164,580
2,002,143
782,291
824,711

201407210300(201407210300)
737,705
1,165,487
2,004,055
782,302
826,331

201407210301(201407210301)
737,705
1,165,487
2,004,055
782,388
826,331

201407210302(201407210302)
737,705
1,165,487
2,004,055
782,388
826,331

201407210305(201407210305)
737,751
1,169,746
2,004,055
782,533
826,331

201407210306(201407210306)
737,751
1,169,746
2,004,055
782,533
826,331

201407210307(201407210307)
737,751
1,169,746
2,004,055
782,533
826,331

201407210310(201407210310)
738,010
1,170,403
2,004,055
782,533
826,331

201407210311(201407210311)
738,010
1,170,403
2,004,055
782,533
827,020

201407210312(201407210312)
738,010
1,170,403
2,004,055
782,533
827,020

201407210315(201407210315)
738,538
1,170,403
2,004,055
782,716
827,020

201407210316(201407210316)
738,569
1,170,403
2,004,055
782,716
827,020

201407210317(201407210317)
738,569
1,170,403
2,004,055
782,716
827,020

201407210320(201407210320)
738,569
1,170,403
2,004,055
782,716
827,020

201407210321(201407210321)
738,569
1,170,403
2,004,055
783,168
827,020

201407210322(201407210322)
738,569
1,170,403
2,004,055
783,168
827,020

201407210325(201407210325)
738,682
1,170,403
2,004,055
783,168
827,020

201407210326(201407210326)
738,682
1,170,403
2,004,055
783,168
827,020

201407210327(201407210327)
738,682
1,170,403
2,004,055
783,168
827,020

201407210330(201407210330)
739,466
1,170,403
2,004,055
783,168
827,020

201407210331(201407210331)
739,466
1,170,403
2,004,055
783,531
827,020

201407210332(201407210332)
739,466
1,170,403
2,004,055
783,531
827,020

201407210335(201407210335)
739,466
1,171,126
2,004,055
783,531
827,040

201407210336(201407210336)
739,466
1,171,126
2,004,055
783,611
827,040

201407210337(201407210337)
739,466
1,171,126
2,004,055
783,611
827,040

201407210340(201407210340)
740,320
1,171,126
2,004,055
783,611
827,040

201407210341(201407210341)
740,320
1,171,126
2,004,055
783,611
827,040

201407210342(201407210342)
741,329
1,171,126
2,004,055
783,611
827,040

201407210345(201407210345)
741,336
1,171,126
2,004,055
783,611
827,493

201407210346(201407210346)
741,336
1,171,126
2,004,055
783,611
827,496

201407210347(201407210347)
741,336
1,171,126
2,004,055
783,611
827,496

201407210350(201407210350)
742,150
1,171,510
2,004,055
784,671
827,496

201407210351(201407210351)
742,150
1,172,212
2,004,055
784,671
827,496

201407210352(201407210352)
742,150
1,172,212
2,004,055
784,671
827,496

201407210355(201407210355)
742,228
1,173,009
2,004,055
784,671
827,496

201407210356(201407210356)
742,228
1,173,009
2,004,055
784,671
827,496

201407210357(201407210357)
742,960
1,173,009
2,004,055
784,671
827,496

201407210400(201407210400)
742,960
1,173,009
2,004,055
784,906
827,496

201407210401(201407210401)
742,960
1,173,009
2,004,055
784,906
827,496

201407210402(201407210402)
742,960
1,173,009
2,004,055
784,906
827,496

201407210405(201407210405)
743,458
1,173,009
2,004,055
784,906
828,344

201407210406(201407210406)
743,458
1,173,612
2,004,055
784,906
828,344

201407210407(201407210407)
743,458
1,173,612
2,004,055
784,906
828,344

201407210410(201407210410)
743,458
1,173,612
2,004,055
784,906
828,344

201407210411(201407210411)
743,458
1,173,612
2,004,055
784,906
828,344

201407210412(201407210412)
743,939
1,173,612
2,004,055
784,906
828,344

201407210415(201407210415)
743,939
1,173,612
2,004,055
784,906
828,344

201407210416(201407210416)
743,939
1,173,612
2,004,055
784,906
828,344

201407210417(201407210417)
743,939
1,173,612
2,004,055
784,906
828,344

201407210420(201407210420)
743,939
1,173,612
2,004,055
785,052
828,344

201407210421(201407210421)
743,939
1,173,612
2,004,055
785,052
828,344

201407210422(201407210422)
743,939
1,173,612
2,004,055
785,052
828,344

201407210425(201407210425)
743,939
1,173,612
2,004,055
785,052
828,344

201407210426(201407210426)
743,939
1,173,612
2,004,055
785,052
828,344

201407210427(201407210427)
743,939
1,173,612
2,004,055
785,052
828,344

201407210430(201407210430)
743,939
1,173,612
2,004,055
785,052
828,753

201407210431(201407210431)
743,939
1,173,612
2,004,055
785,052
828,753

201407210432(201407210432)
743,939
1,173,612
2,004,055
785,052
828,753

201407210435(201407210435)
743,968
1,173,612
2,004,055
785,052
828,753

201407210436(201407210436)
743,968
1,173,612
2,004,055
785,052
828,753

201407210437(201407210437)
743,968
1,173,612
2,004,055
785,052
828,753

201407210440(201407210440)
744,603
1,173,612
2,004,055
785,052
828,753

201407210441(201407210441)
744,603
1,173,612
2,004,055
785,052
828,753

201407210442(201407210442)
744,603
1,173,612
2,004,055
785,052
828,753

201407210445(201407210445)
744,603
1,173,612
2,004,055
785,914
828,753

201407210446(201407210446)
744,603
1,173,612
2,004,055
785,914
828,783

201407210447(201407210447)
744,603
1,173,612
2,004,055
785,914
828,783

201407210450(201407210450)
744,603
1,173,612
2,004,055
785,914
828,783

201407210451(201407210451)
744,603
1,173,656
2,004,055
785,914
828,783

201407210452(201407210452)
744,603
1,173,656
2,004,055
785,914
828,783

201407210455(201407210455)
744,603
1,174,877
2,004,055
785,914
828,783

201407210456(201407210456)
744,603
1,174,877
2,004,055
785,914
828,783

201407210457(201407210457)
744,603
1,174,877
2,004,055
785,914
828,783

201407210500(201407210500)
744,603
1,174,877
2,004,055
785,914
828,783

201407210501(201407210501)
744,603
1,174,877
2,004,055
786,178
828,783

201407210502(201407210502)
744,603
1,174,877
2,004,055
786,178
828,783

201407210505(201407210505)
744,603
1,174,877
2,004,055
786,178
828,883

201407210506(201407210506)
744,603
1,174,877
2,004,055
786,178
828,883

201407210507(201407210507)
744,603
1,174,877
2,004,055
786,178
828,883

201407210510(201407210510)
744,603
1,174,877
2,004,055
786,178
828,883

201407210511(201407210511)
744,603
1,174,877
2,004,055
786,178
828,883

201407210512(201407210512)
744,603
1,174,877
2,004,055
786,178
828,883

201407210515(201407210515)
744,603
1,174,877
2,004,055
786,178
828,883

201407210516(201407210516)
744,603
1,174,877
2,004,055
786,178
828,883

201407210517(201407210517)
744,603
1,174,877
2,004,055
786,178
828,883

201407210520(201407210520)
744,603
1,176,470
2,004,055
786,178
828,883

201407210521(201407210521)
744,603
1,176,470
2,004,055
786,178
828,883

201407210522(201407210522)
744,603
1,176,470
2,004,055
786,178
829,714

201407210525(201407210525)
744,603
1,176,470
2,004,055
786,662
829,992

201407210526(201407210526)
744,603
1,176,470
2,004,055
786,662
829,992

201407210527(201407210527)
744,608
1,176,470
2,004,055
786,662
829,992

201407210530(201407210530)
744,608
1,179,902
2,004,055
787,067
830,084

201407210531(201407210531)
744,608
1,179,902
2,004,055
787,067
830,084

201407210532(201407210532)
744,608
1,179,902
2,004,055
787,067
830,084

201407210535(201407210535)
744,608
1,179,902
2,004,055
787,067
830,362

201407210536(201407210536)
745,643
1,179,902
2,004,055
787,067
830,362

201407210537(201407210537)
745,643
1,179,902
2,004,055
787,724
830,362

201407210540(201407210540)
745,643
1,179,902
2,004,055
787,724
830,362

201407210541(201407210541)
745,643
1,179,902
2,004,055
789,158
830,362

201407210542(201407210542)
745,643
1,179,902
2,004,055
789,158
830,362

201407210545(201407210545)
745,643
1,179,902
2,004,055
789,158
830,362

201407210546(201407210546)
745,643
1,179,902
2,004,055
789,158
832,658

201407210547(201407210547)
745,643
1,179,902
2,004,055
789,158
832,658

201407210550(201407210550)
745,700
1,180,213
2,004,055
789,465
832,658

201407210551(201407210551)
745,700
1,180,213
2,004,055
789,465
832,658

201407210552(201407210552)
746,491
1,180,213
2,004,055
789,465
832,658

201407210555(201407210555)
746,491
1,180,213
2,004,055
789,465
832,658

201407210556(201407210556)
746,491
1,180,213
2,004,055
789,465
832,658

201407210557(201407210557)
746,491
1,180,213
2,004,055
789,465
832,658

201407210600(201407210600)
746,491
1,180,213
2,004,055
789,559
832,658

201407210601(201407210601)
746,491
1,180,213
2,004,055
789,559
832,658

201407210602(201407210602)
746,491
1,180,213
2,004,055
789,559
833,102

201407210605(201407210605)
748,234
1,180,213
2,004,055
789,559
833,102

201407210606(201407210606)
748,341
1,180,213
2,004,055
789,559
833,102

201407210607(201407210607)
748,341
1,180,213
2,004,055
789,805
833,260

201407210610(201407210610)
748,341
1,181,071
2,004,055
790,790
834,170

201407210611(201407210611)
748,341
1,181,200
2,004,055
790,904
834,627

201407210612(201407210612)
748,341
1,181,200
2,004,055
790,904
834,627

201407210615(201407210615)
748,341
1,181,200
2,004,055
792,860
834,627

201407210616(201407210616)
748,341
1,181,200
2,004,055
792,860
834,627

201407210617(201407210617)
748,341
1,181,200
2,004,055
792,860
835,860

201407210620(201407210620)
748,341
1,181,200
2,004,055
793,605
835,860

201407210621(201407210621)
748,341
1,181,200
2,004,055
793,605
835,860

201407210622(201407210622)
748,341
1,181,200
2,004,055
793,605
835,860

201407210625(201407210625)
748,341
1,181,200
2,004,055
793,605
835,860

201407210626(201407210626)
748,341
1,181,200
2,004,055
793,605
835,860

201407210627(201407210627)
748,341
1,181,200
2,004,055
793,605
835,860

201407210630(201407210630)
749,887
1,181,200
2,004,055
793,698
835,860

201407210631(201407210631)
749,887
1,181,200
2,004,055
793,698
835,860

201407210632(201407210632)
749,887
1,181,200
2,004,055
793,698
835,860

201407210635(201407210635)
749,931
1,181,200
2,004,055
793,698
837,405

201407210636(201407210636)
749,931
1,181,200
2,004,055
793,890
837,405

201407210637(201407210637)
749,931
1,181,200
2,004,055
793,890
837,405

201407210640(201407210640)
749,931
1,181,200
2,004,055
793,890
837,919

201407210641(201407210641)
749,931
1,181,200
2,004,055
793,890
837,919

201407210642(201407210642)
749,931
1,182,232
2,004,055
793,890
837,919

201407210645(201407210645)
749,931
1,182,232
2,004,055
793,890
837,919

201407210646(201407210646)
749,931
1,182,232
2,004,055
793,890
837,919

201407210647(201407210647)
752,355
1,182,232
2,004,055
793,890
837,919

201407210650(201407210650)
752,562
1,182,232
2,004,055
793,890
838,818

201407210651(201407210651)
752,562
1,182,232
2,004,055
793,890
838,818

201407210652(201407210652)
752,562
1,182,232
2,004,055
793,890
838,818

201407210655(201407210655)
752,562
1,182,232
2,004,055
793,890
838,818

201407210656(201407210656)
752,562
1,182,232
2,004,055
793,890
838,818

201407210657(201407210657)
752,562
1,182,232
2,004,055
794,343
838,818

201407210700(201407210700)
752,562
1,182,232
2,004,055
794,343
838,818

201407210701(201407210701)
752,562
1,182,232
2,004,055
794,343
839,501

201407210702(201407210702)
752,562
1,182,232
2,004,055
794,343
839,501

201407210705(201407210705)
753,304
1,182,657
2,004,055
794,343
839,501

201407210706(201407210706)
754,279
1,183,674
2,004,055
794,343
839,974

201407210707(201407210707)
754,279
1,183,674
2,004,055
794,343
840,036

201407210710(201407210710)
754,442
1,184,586
2,004,055
794,553
840,036

201407210711(201407210711)
754,442
1,184,586
2,004,055
794,553
840,036

201407210712(201407210712)
754,442
1,184,586
2,004,055
794,553
841,175

201407210715(201407210715)
754,785
1,187,925
2,004,055
794,564
841,175

201407210716(201407210716)
754,785
1,187,925
2,004,055
794,564
841,175

201407210717(201407210717)
754,785
1,187,925
2,004,055
794,564
841,175

201407210720(201407210720)
754,785
1,187,925
2,004,055
794,564
841,175

201407210721(201407210721)
754,785
1,187,925
2,004,462
796,451
841,175

201407210722(201407210722)
754,785
1,187,925
2,004,649
796,451
841,175

201407210725(201407210725)
754,785
1,187,925
2,004,649
796,451
841,348

201407210726(201407210726)
754,785
1,187,925
2,004,649
796,451
841,450

201407210727(201407210727)
754,785
1,187,925
2,004,649
796,451
843,118

201407210730(201407210730)
754,785
1,187,925
2,004,649
796,451
843,118

201407210731(201407210731)
754,785
1,187,925
2,004,649
796,451
843,118

201407210732(201407210732)
755,162
1,188,331
2,004,649
796,451
843,118

201407210735(201407210735)
755,162
1,188,499
2,005,214
796,826
844,427

201407210736(201407210736)
755,162
1,188,499
2,005,214
796,826
844,427

201407210737(201407210737)
755,423
1,188,499
2,005,214
796,826
844,427

201407210740(201407210740)
755,423
1,188,499
2,005,214
796,826
844,427

201407210741(201407210741)
755,423
1,188,499
2,005,214
796,826
844,427

201407210742(201407210742)
755,423
1,188,499
2,005,214
796,826
845,659

201407210745(201407210745)
755,423
1,188,499
2,005,214
796,826
845,882

201407210746(201407210746)
755,808
1,188,499
2,005,214
796,826
846,074

201407210747(201407210747)
755,808
1,188,499
2,005,214
797,202
846,175

201407210750(201407210750)
755,808
1,188,499
2,005,214
797,202
846,916

201407210751(201407210751)
755,808
1,188,499
2,005,214
797,940
846,916

201407210752(201407210752)
755,808
1,188,499
2,005,214
797,940
846,916

201407210755(201407210755)
755,808
1,189,606
2,005,214
797,940
846,916

201407210756(201407210756)
755,808
1,189,606
2,005,214
797,940
847,811

201407210757(201407210757)
755,808
1,189,606
2,005,214
798,301
847,832

201407210800(201407210800)
756,270
1,192,398
2,005,214
798,301
847,832

201407210801(201407210801)
756,270
1,192,601
2,005,214
798,301
847,832

201407210802(201407210802)
756,270
1,192,601
2,005,214
798,301
847,832

201407210805(201407210805)
756,270
1,196,021
2,005,214
798,301
847,832

201407210806(201407210806)
756,270
1,196,021
2,005,214
798,301
847,832

201407210807(201407210807)
756,270
1,196,021
2,005,214
798,301
847,832

201407210810(201407210810)
757,166
1,196,021
2,005,214
800,037
847,832

201407210811(201407210811)
757,166
1,196,021
2,005,214
800,037
847,832

201407210812(201407210812)
757,166
1,196,021
2,005,214
800,037
847,983

201407210815(201407210815)
757,166
1,196,021
2,005,214
800,086
848,195

201407210816(201407210816)
757,166
1,196,021
2,005,214
800,086
848,286

201407210817(201407210817)
757,586
1,196,021
2,005,214
800,215
848,286

201407210820(201407210820)
758,555
1,196,021
2,005,214
800,215
848,286

201407210821(201407210821)
758,555
1,196,879
2,005,214
800,232
849,857

201407210822(201407210822)
758,555
1,198,373
2,005,214
800,232
849,857

201407210825(201407210825)
760,055
1,200,220
2,005,214
800,234
850,049

201407210826(201407210826)
760,055
1,200,696
2,005,214
800,234
850,049

201407210827(201407210827)
760,055
1,200,696
2,005,214
800,234
850,049

201407210830(201407210830)
760,055
1,200,696
2,005,214
801,710
850,049

201407210831(201407210831)
760,136
1,200,696
2,005,214
801,710
850,049

201407210832(201407210832)
760,136
1,200,696
2,005,214
801,710
850,049

201407210835(201407210835)
760,138
1,201,586
2,005,214
801,754
851,017

201407210836(201407210836)
760,138
1,201,586
2,005,214
801,754
851,017

201407210837(201407210837)
760,138
1,201,586
2,005,214
801,754
851,017

201407210840(201407210840)
760,200
1,201,586
2,005,214
802,183
851,017

201407210841(201407210841)
760,200
1,201,586
2,005,214
802,849
851,017

201407210842(201407210842)
760,200
1,201,586
2,005,214
802,849
851,017

201407210845(201407210845)
760,839
1,201,586
2,005,214
802,849
851,017

201407210846(201407210846)
760,839
1,201,586
2,005,214
802,849
851,017

201407210847(201407210847)
760,839
1,201,586
2,005,214
803,707
851,692

201407210850(201407210850)
760,839
1,201,586
2,005,214
804,256
851,692

201407210851(201407210851)
760,839
1,201,586
2,005,214
804,256
851,692

201407210852(201407210852)
760,839
1,201,787
2,005,214
804,872
851,692

201407210855(201407210855)
761,057
1,202,025
2,005,214
804,872
851,692

201407210856(201407210856)
761,271
1,202,025
2,005,214
804,872
851,692

201407210857(201407210857)
761,271
1,202,025
2,005,214
804,872
852,279

201407210900(201407210900)
761,320
1,202,025
2,005,214
804,872
852,279

201407210901(201407210901)
761,320
1,202,025
2,005,214
805,249
852,279

201407210902(201407210902)
761,320
1,202,025
2,005,214
805,249
852,279

201407210905(201407210905)
762,126
1,202,025
2,005,214
805,249
853,106

201407210906(201407210906)
762,126
1,202,025
2,005,214
805,875
853,106

201407210907(201407210907)
762,126
1,202,025
2,005,214
805,875
853,106

201407210910(201407210910)
762,563
1,202,025
2,005,214
805,947
853,106

201407210911(201407210911)
762,563
1,202,025
2,005,214
805,947
853,106

201407210912(201407210912)
762,563
1,202,025
2,005,214
805,947
853,106

201407210915(201407210915)
762,563
1,203,610
2,005,214
806,019
853,106

201407210916(201407210916)
762,940
1,203,610
2,005,214
806,559
853,106

201407210917(201407210917)
762,940
1,203,610
2,005,214
806,559
853,106

201407210920(201407210920)
762,940
1,203,610
2,005,214
806,559
853,106

201407210921(201407210921)
762,940
1,203,610
2,005,214
806,559
853,106

201407210922(201407210922)
762,940
1,203,610
2,005,214
806,559
853,170

201407210925(201407210925)
762,940
1,203,610
2,010,945
806,559
853,170

201407210926(201407210926)
762,940
1,203,610
2,013,729
806,559
853,170

201407210927(201407210927)
762,940
1,204,037
2,014,365
806,839
853,170

201407210930(201407210930)
762,985
1,204,037
2,014,365
806,839
853,170

201407210931(201407210931)
763,350
1,204,037
2,014,365
806,839
853,170

201407210932(201407210932)
763,350
1,204,037
2,014,365
806,839
853,170

201407210935(201407210935)
764,364
1,204,037
2,014,365
807,236
853,170

201407210936(201407210936)
764,364
1,204,037
2,014,365
807,236
853,170

201407210937(201407210937)
764,364
1,204,037
2,014,365
807,566
853,387

201407210940(201407210940)
764,626
1,204,037
2,015,325
807,709
854,015

201407210941(201407210941)
764,626
1,205,120
2,015,607
807,709
854,015

201407210942(201407210942)
764,626
1,205,120
2,015,607
807,918
854,015

201407210945(201407210945)
764,626
1,205,120
2,015,607
807,918
854,015

201407210946(201407210946)
764,626
1,205,120
2,015,607
808,260
854,015

201407210947(201407210947)
765,217
1,205,120
2,015,607
808,260
854,015

201407210950(201407210950)
765,217
1,205,120
2,015,607
808,370
856,382

201407210951(201407210951)
765,217
1,205,120
2,015,607
808,455
856,541

201407210952(201407210952)
765,217
1,205,120
2,015,607
808,455
856,541

201407210955(201407210955)
765,217
1,205,354
2,015,607
808,455
856,701

201407210956(201407210956)
767,066
1,205,354
2,015,607
808,455
856,701

201407210957(201407210957)
767,066
1,205,354
2,015,607
808,455
856,701

201407211000(201407211000)
767,186
1,205,354
2,015,607
808,491
856,701

201407211001(201407211001)
767,186
1,205,354
2,015,607
808,491
856,701

201407211002(201407211002)
768,192
1,205,354
2,015,607
808,491
856,701

201407211005(201407211005)
768,192
1,205,354
2,015,607
808,538
856,701

201407211006(201407211006)
769,551
1,205,354
2,015,607
808,538
856,701

201407211007(201407211007)
770,012
1,205,354
2,015,607
808,538
856,701

201407211010(201407211010)
770,214
1,205,617
2,015,607
808,909
856,701

201407211011(201407211011)
770,236
1,205,617
2,015,607
808,909
856,701

201407211012(201407211012)
770,346
1,205,617
2,015,607
810,290
857,442

201407211015(201407211015)
770,606
1,205,617
2,015,607
811,113
857,771

201407211016(201407211016)
770,606
1,207,690
2,016,643
811,271
857,771

201407211017(201407211017)
770,606
1,207,690
2,017,481
812,275
858,146

201407211020(201407211020)
771,285
1,207,690
2,017,481
814,284
859,155

201407211021(201407211021)
771,285
1,207,690
2,017,481
814,284
859,155

201407211022(201407211022)
771,285
1,207,690
2,017,481
814,391
859,155

201407211025(201407211025)
771,285
1,207,736
2,017,481
814,391
860,431

201407211026(201407211026)
771,285
1,208,068
2,017,481
814,391
861,155

201407211027(201407211027)
771,285
1,208,068
2,017,481
814,391
861,155

201407211030(201407211030)
772,459
1,208,068
2,017,481
814,391
862,789

201407211031(201407211031)
772,491
1,208,068
2,017,481
814,391
862,900

201407211032(201407211032)
772,491
1,208,068
2,017,481
814,391
862,911

201407211035(201407211035)
772,702
1,208,068
2,020,965
814,507
864,670

201407211036(201407211036)
773,032
1,208,068
2,020,965
814,507
864,784

201407211037(201407211037)
773,032
1,210,039
2,021,149
814,507
864,924

201407211040(201407211040)
773,972
1,210,039
2,025,350
815,014
864,924

201407211041(201407211041)
773,972
1,210,039
2,025,570
815,125
864,924

201407211042(201407211042)
774,049
1,210,039
2,025,570
815,334
864,924

201407211045(201407211045)
774,049
1,210,039
2,028,917
815,334
865,259

201407211046(201407211046)
774,049
1,210,039
2,028,954
815,402
865,452

201407211047(201407211047)
774,049
1,210,039
2,032,502
815,402
865,452

201407211050(201407211050)
774,077
1,210,039
2,033,717
815,603
866,413

201407211051(201407211051)
774,680
1,210,039
2,034,625
815,651
866,726

201407211052(201407211052)
774,680
1,211,566
2,034,773
815,651
867,764

201407211055(201407211055)
777,075
1,211,566
2,036,971
815,651
867,764

201407211056(201407211056)
777,075
1,211,566
2,036,971
816,022
867,764

201407211057(201407211057)
777,075
1,211,807
2,036,971
816,322
867,764

201407211100(201407211100)
777,075
1,211,807
2,036,971
816,586
868,510

201407211101(201407211101)
777,075
1,213,835
2,036,971
817,933
869,145

201407211102(201407211102)
777,075
1,213,835
2,036,971
818,316
869,188

201407211105(201407211105)
777,075
1,214,202
2,036,971
818,904
869,524

201407211106(201407211106)
777,139
1,214,202
2,036,971
818,904
869,524

201407211107(201407211107)
777,139
1,214,202
2,036,971
818,904
869,524

201407211110(201407211110)
777,166
1,214,202
2,036,971
819,965
869,524

201407211111(201407211111)
777,625
1,214,202
2,036,971
819,965
869,524

201407211112(201407211112)
777,625
1,214,202
2,036,971
819,965
869,647

201407211115(201407211115)
777,625
1,214,202
2,041,320
820,080
869,765

201407211116(201407211116)
777,625
1,214,202
2,041,320
820,080
869,765

201407211117(201407211117)
777,625
1,214,202
2,041,320
821,003
869,765

201407211120(201407211120)
777,625
1,215,480
2,041,320
821,410
869,765

201407211121(201407211121)
777,625
1,215,480
2,041,320
821,914
869,765

201407211122(201407211122)
777,948
1,215,480
2,041,320
821,914
869,765

201407211125(201407211125)
777,948
1,215,480
2,041,320
821,914
869,765

201407211126(201407211126)
777,948
1,215,480
2,041,320
821,914
869,765

201407211127(201407211127)
778,031
1,217,879
2,041,320
822,119
869,765

201407211130(201407211130)
778,031
1,218,427
2,041,320
823,969
869,765

201407211131(201407211131)
778,219
1,218,427
2,041,320
824,043
869,765

201407211132(201407211132)
778,219
1,218,427
2,041,320
824,043
869,765

201407211135(201407211135)
778,219
1,219,867
2,041,320
826,015
870,107

201407211136(201407211136)
778,329
1,219,867
2,041,320
826,015
870,107

201407211137(201407211137)
778,329
1,219,867
2,041,320
826,015
870,107

201407211140(201407211140)
778,329
1,219,867
2,041,320
827,435
870,857

201407211141(201407211141)
778,329
1,219,867
2,041,320
827,435
871,818

201407211142(201407211142)
778,329
1,219,867
2,041,320
827,435
872,454

201407211145(201407211145)
778,574
1,220,374
2,041,320
827,435
873,644

201407211146(201407211146)
778,574
1,220,374
2,041,320
827,496
873,644

201407211147(201407211147)
778,824
1,221,222
2,041,320
827,710
873,644

201407211150(201407211150)
779,594
1,221,351
2,041,320
827,710
873,644

201407211151(201407211151)
780,042
1,222,666
2,041,320
827,710
873,644

201407211152(201407211152)
780,042
1,222,666
2,041,320
827,710
874,094

201407211155(201407211155)
780,076
1,222,666
2,041,320
827,710
874,094

201407211156(201407211156)
780,076
1,222,666
2,041,320
827,710
874,094

201407211157(201407211157)
780,076
1,222,666
2,041,320
827,710
874,094

201407211200(201407211200)
780,339
1,222,666
2,041,320
828,753
874,807

201407211201(201407211201)
780,339
1,222,666
2,041,320
828,753
874,807

201407211202(201407211202)
780,339
1,222,666
2,041,320
828,753
874,807

201407211205(201407211205)
780,339
1,223,136
2,041,320
828,753
875,844

201407211206(201407211206)
780,339
1,223,136
2,041,320
828,753
875,844

201407211207(201407211207)
780,339
1,223,136
2,041,320
828,753
875,844

201407211210(201407211210)
780,451
1,223,136
2,041,320
828,753
875,988

201407211211(201407211211)
780,451
1,223,136
2,041,320
828,783
875,988

201407211212(201407211212)
780,451
1,223,136
2,041,320
828,783
876,470

201407211215(201407211215)
780,451
1,223,136
2,041,320
829,231
877,425

201407211216(201407211216)
780,815
1,223,136
2,041,320
829,535
877,425

201407211217(201407211217)
780,815
1,223,136
2,041,320
830,452
877,451

201407211220(201407211220)
781,043
1,225,549
2,041,320
830,714
877,451

201407211221(201407211221)
781,043
1,225,549
2,041,320
830,714
877,601

201407211222(201407211222)
781,043
1,225,549
2,041,320
830,714
877,601

201407211225(201407211225)
781,090
1,225,549
2,041,320
831,327
878,280

201407211226(201407211226)
781,090
1,225,549
2,041,320
831,327
878,280

201407211227(201407211227)
781,090
1,225,549
2,041,320
831,327
878,280

201407211230(201407211230)
781,090
1,225,549
2,041,320
831,401
880,090

201407211231(201407211231)
781,090
1,225,549
2,041,320
831,735
880,090

201407211232(201407211232)
781,306
1,226,147
2,041,320
831,932
882,990

201407211235(201407211235)
781,306
1,226,147
2,041,320
832,658
885,056

201407211236(201407211236)
781,306
1,226,147
2,041,320
832,658
885,458

201407211237(201407211237)
781,306
1,226,147
2,041,320
832,658
885,458

201407211240(201407211240)
781,306
1,226,477
2,042,199
832,658
885,458

201407211241(201407211241)
781,597
1,226,477
2,042,199
832,658
885,458

201407211242(201407211242)
781,597
1,226,477
2,042,199
832,658
885,458

201407211245(201407211245)
782,031
1,227,376
2,042,199
832,658
888,235

201407211246(201407211246)
782,031
1,227,376
2,042,199
832,658
888,235

201407211247(201407211247)
782,031
1,227,376
2,042,199
833,325
888,235

201407211250(201407211250)
782,716
1,227,468
2,042,199
833,840
888,242

201407211251(201407211251)
782,716
1,227,468
2,042,199
834,624
888,242

201407211252(201407211252)
782,716
1,227,468
2,042,199
834,777
888,242

201407211255(201407211255)
783,611
1,227,771
2,042,829
834,801
888,242

201407211256(201407211256)
783,611
1,227,771
2,042,829
834,801
888,242

201407211257(201407211257)
783,713
1,227,771
2,042,829
834,801
888,242

201407211300(201407211300)
783,713
1,227,771
2,042,829
834,801
889,067

201407211301(201407211301)
783,713
1,227,771
2,042,829
834,801
889,067

201407211302(201407211302)
783,713
1,227,771
2,042,829
834,801
889,067

201407211305(201407211305)
785,008
1,228,994
2,042,829
835,084
889,497

201407211306(201407211306)
785,008
1,228,994
2,042,829
835,371
889,497

201407211307(201407211307)
785,052
1,228,994
2,042,829
835,371
889,497

201407211310(201407211310)
785,052
1,229,779
2,042,829
835,730
889,581

201407211311(201407211311)
785,052
1,229,779
2,042,829
835,730
890,303

201407211312(201407211312)
785,052
1,229,779
2,042,829
835,730
890,303

201407211315(201407211315)
785,052
1,229,779
2,042,829
835,923
890,303

201407211316(201407211316)
785,183
1,229,779
2,042,829
835,923
890,320

201407211317(201407211317)
785,262
1,229,779
2,042,829
835,923
890,320

201407211320(201407211320)
785,262
1,229,779
2,042,829
836,109
890,320

201407211321(201407211321)
785,262
1,229,779
2,042,829
836,109
890,320

201407211322(201407211322)
785,262
1,229,779
2,042,829
836,109
890,320

201407211325(201407211325)
785,262
1,229,779
2,042,829
836,277
890,320

201407211326(201407211326)
785,262
1,229,779
2,042,829
836,305
890,320

201407211327(201407211327)
785,262
1,229,779
2,042,829
836,566
890,320

201407211330(201407211330)
785,262
1,229,779
2,042,829
836,566
891,019

201407211331(201407211331)
785,914
1,229,779
2,042,829
836,566
891,019

201407211332(201407211332)
785,914
1,229,779
2,042,829
836,566
891,019

201407211335(201407211335)
785,914
1,229,779
2,042,829
837,557
891,288

201407211336(201407211336)
785,914
1,229,779
2,042,829
837,557
891,288

201407211337(201407211337)
785,992
1,229,779
2,042,829
837,557
891,288

201407211340(201407211340)
787,327
1,231,076
2,042,829
837,557
891,288

201407211341(201407211341)
787,327
1,231,076
2,042,829
837,557
891,288

201407211342(201407211342)
787,361
1,231,963
2,042,829
837,557
891,288

201407211345(201407211345)
789,348
1,231,976
2,045,140
837,919
891,919

201407211346(201407211346)
789,348
1,232,101
2,047,897
837,919
892,713

201407211347(201407211347)
789,348
1,232,101
2,056,103
837,919
892,713

201407211350(201407211350)
789,348
1,232,101
2,065,523
837,919
893,218

201407211351(201407211351)
789,465
1,232,101
2,065,523
837,919
893,218

201407211352(201407211352)
789,465
1,232,101
2,065,523
837,919
893,526

201407211355(201407211355)
789,805
1,232,101
2,065,523
838,218
893,622

201407211356(201407211356)
789,805
1,232,101
2,065,523
838,424
893,622

201407211357(201407211357)
789,805
1,232,101
2,065,523
838,424
893,622

201407211400(201407211400)
792,230
1,232,101
2,065,523
838,424
893,959

201407211401(201407211401)
792,230
1,232,101
2,065,523
838,424
893,959

201407211402(201407211402)
792,230
1,232,101
2,065,523
838,466
893,959

201407211405(201407211405)
792,230
1,232,101
2,065,523
838,466
894,889

201407211406(201407211406)
792,545
1,232,101
2,065,523
838,466
894,889

201407211407(201407211407)
793,068
1,232,101
2,065,523
838,949
894,889

201407211410(201407211410)
793,305
1,232,101
2,065,523
839,434
895,817

201407211411(201407211411)
793,605
1,232,101
2,065,523
839,434
895,817

201407211412(201407211412)
793,605
1,232,269
2,065,523
839,434
895,817

201407211415(201407211415)
793,605
1,234,130
2,065,523
839,501
897,110

201407211416(201407211416)
793,605
1,234,130
2,065,523
839,501
897,514

201407211417(201407211417)
794,343
1,234,317
2,065,523
839,501
897,514

201407211420(201407211420)
794,343
1,234,527
2,065,523
839,501
897,740

201407211421(201407211421)
794,343
1,234,527
2,065,523
839,501
897,740

201407211422(201407211422)
794,490
1,234,527
2,065,523
839,501
897,740

201407211425(201407211425)
794,490
1,234,527
2,065,523
839,570
898,446

201407211426(201407211426)
794,490
1,234,527
2,065,523
839,570
898,446

201407211427(201407211427)
794,490
1,234,682
2,065,523
839,570
898,446

201407211430(201407211430)
794,490
1,234,682
2,065,523
839,570
898,574

201407211431(201407211431)
794,490
1,234,682
2,065,523
839,570
898,574

201407211432(201407211432)
794,490
1,234,942
2,065,523
839,570
898,574

201407211435(201407211435)
794,490
1,237,456
2,065,523
839,570
898,773

201407211436(201407211436)
794,490
1,237,456
2,065,523
839,570
899,192

201407211437(201407211437)
794,490
1,237,456
2,065,523
839,570
899,192

201407211440(201407211440)
794,490
1,237,456
2,065,523
840,139
900,240

201407211441(201407211441)
794,490
1,237,456
2,065,523
840,139
900,240

201407211442(201407211442)
794,490
1,237,456
2,065,523
840,139
900,240

201407211445(201407211445)
794,665
1,237,456
2,070,917
841,200
900,275

201407211446(201407211446)
795,927
1,238,088
2,070,917
841,200
900,275

201407211447(201407211447)
795,927
1,238,088
2,070,917
841,493
900,275

201407211450(201407211450)
796,375
1,238,088
2,070,917
842,686
900,275

201407211451(201407211451)
796,375
1,238,088
2,070,917
842,686
900,275

201407211452(201407211452)
796,375
1,238,088
2,070,917
842,686
900,275

201407211455(201407211455)
796,375
1,238,088
2,070,917
842,755
900,393

201407211456(201407211456)
796,901
1,238,088
2,070,917
842,755
900,393

201407211457(201407211457)
796,901
1,238,088
2,070,917
842,755
900,393

201407211500(201407211500)
796,901
1,238,088
2,070,917
842,993
900,627

201407211501(201407211501)
796,901
1,238,088
2,070,917
842,993
901,110

201407211502(201407211502)
796,901
1,238,088
2,075,983
842,993
901,110

201407211505(201407211505)
797,023
1,238,468
2,078,630
843,118
901,241

201407211506(201407211506)
797,023
1,238,468
2,078,630
843,118
901,241

201407211507(201407211507)
797,023
1,238,468
2,078,630
843,118
901,241

201407211510(201407211510)
797,681
1,239,945
2,078,630
844,069
901,241

201407211511(201407211511)
797,681
1,239,945
2,078,630
844,069
901,588

201407211512(201407211512)
797,681
1,239,945
2,078,630
844,069
901,588

201407211515(201407211515)
797,681
1,240,086
2,078,630
844,069
902,215

201407211516(201407211516)
798,913
1,240,086
2,078,630
844,192
902,215

201407211517(201407211517)
798,913
1,240,086
2,078,630
844,260
902,307

201407211520(201407211520)
798,913
1,240,086
2,078,630
844,260
902,563

201407211521(201407211521)
798,913
1,240,086
2,078,630
844,260
902,563

201407211522(201407211522)
799,761
1,240,086
2,078,630
844,260
902,563

201407211525(201407211525)
800,215
1,240,086
2,081,319
844,260
903,223

201407211526(201407211526)
800,215
1,240,775
2,081,319
845,005
903,614

201407211527(201407211527)
800,215
1,240,775
2,081,319
845,005
903,614

201407211530(201407211530)
801,139
1,240,775
2,081,319
845,177
903,614

201407211531(201407211531)
801,329
1,240,775
2,081,319
845,177
903,614

201407211532(201407211532)
801,329
1,240,775
2,081,319
845,177
903,614

201407211535(201407211535)
801,403
1,241,312
2,081,319
845,177
904,823

201407211536(201407211536)
801,403
1,241,454
2,081,319
845,177
904,963

201407211537(201407211537)
801,403
1,241,454
2,081,319
845,882
904,963

201407211540(201407211540)
801,403
1,241,454
2,081,319
847,120
904,963

201407211541(201407211541)
801,403
1,241,454
2,081,319
847,248
904,963

201407211542(201407211542)
801,403
1,241,873
2,081,319
847,348
905,270

201407211545(201407211545)
801,403
1,241,873
2,081,319
847,958
905,270

201407211546(201407211546)
801,403
1,241,873
2,081,319
847,958
905,962

201407211547(201407211547)
801,403
1,241,873
2,081,319
847,958
905,962

201407211550(201407211550)
801,403
1,243,827
2,091,973
848,558
905,962

201407211551(201407211551)
801,403
1,243,982
2,099,996
848,558
906,926

201407211552(201407211552)
801,403
1,243,982
2,100,994
849,104
906,926

201407211555(201407211555)
801,483
1,243,982
2,100,994
849,104
906,926

201407211556(201407211556)
801,483
1,243,982
2,100,994
849,104
906,926

201407211557(201407211557)
801,483
1,243,982
2,100,994
849,104
906,926

201407211600(201407211600)
801,483
1,243,982
2,100,994
849,311
907,074

201407211601(201407211601)
801,483
1,243,982
2,100,994
850,223
907,074

201407211602(201407211602)
801,483
1,243,982
2,100,994
850,223
907,074

201407211605(201407211605)
801,483
1,243,982
2,100,994
850,223
907,224

201407211606(201407211606)
801,483
1,243,982
2,100,994
850,223
907,224

201407211607(201407211607)
801,483
1,243,982
2,100,994
850,223
907,224

201407211610(201407211610)
801,591
1,244,993
2,100,994
851,567
907,224

201407211611(201407211611)
801,591
1,244,993
2,100,994
851,567
907,224

201407211612(201407211612)
801,591
1,244,993
2,100,994
851,567
907,224

201407211615(201407211615)
802,183
1,244,993
2,100,994
851,692
907,224

201407211616(201407211616)
802,183
1,244,993
2,100,994
851,692
907,224

201407211617(201407211617)
802,183
1,244,993
2,100,994
851,692
907,224

201407211620(201407211620)
802,183
1,244,993
2,100,994
851,696
907,364

201407211621(201407211621)
802,183
1,244,993
2,100,994
851,696
907,713

201407211622(201407211622)
802,183
1,245,775
2,100,994
851,696
907,713

201407211625(201407211625)
802,331
1,247,253
2,100,994
851,696
907,713

201407211626(201407211626)
802,331
1,249,009
2,100,994
851,696
907,713

201407211627(201407211627)
802,331
1,249,009
2,100,994
851,696
907,843

201407211630(201407211630)
802,331
1,249,009
2,100,994
851,696
907,874

201407211631(201407211631)
802,331
1,249,009
2,100,994
851,696
907,874

201407211632(201407211632)
803,157
1,249,009
2,100,994
851,696
908,999

201407211635(201407211635)
805,655
1,249,737
2,100,994
851,910
908,999

201407211636(201407211636)
805,798
1,249,737
2,100,994
851,910
908,999

201407211637(201407211637)
805,947
1,249,737
2,100,994
851,910
908,999

201407211640(201407211640)
805,947
1,249,737
2,100,994
853,183
909,706

201407211641(201407211641)
806,745
1,249,737
2,100,994
853,821
909,891

201407211642(201407211642)
806,745
1,249,737
2,100,994
854,015
909,891

201407211645(201407211645)
806,745
1,249,737
2,100,994
854,015
909,891

201407211646(201407211646)
806,745
1,249,737
2,100,994
855,026
910,329

201407211647(201407211647)
806,745
1,249,737
2,100,994
855,026
910,329

201407211650(201407211650)
807,679
1,249,737
2,100,994
855,026
910,329

201407211651(201407211651)
808,111
1,249,737
2,100,994
855,026
910,329

201407211652(201407211652)
808,111
1,249,737
2,100,994
855,026
910,329

201407211655(201407211655)
808,538
1,249,737
2,100,994
856,910
911,097

201407211656(201407211656)
808,538
1,249,737
2,100,994
857,053
911,097

201407211657(201407211657)
808,538
1,249,737
2,100,994
857,251
911,097

201407211700(201407211700)
808,538
1,249,737
2,100,994
857,442
911,634

201407211701(201407211701)
808,538
1,249,737
2,100,994
857,596
911,634

201407211702(201407211702)
808,538
1,249,737
2,101,367
857,596
912,190

