201407191705(201407191705)
512,886
814,857
1,531,009
542,097
579,546

201407191706(201407191706)
513,183
814,943
1,531,009
542,950
579,546

201407191707(201407191707)
513,455
815,087
1,531,009
542,950
579,546

201407191710(201407191710)
513,455
815,087
1,537,599
543,434
579,546

201407191711(201407191711)
513,763
815,482
1,537,599
543,434
579,546

201407191712(201407191712)
513,763
815,482
1,537,599
543,434
579,546

201407191715(201407191715)
514,073
815,482
1,540,369
544,155
579,546

201407191716(201407191716)
514,073
815,482
1,540,688
544,155
579,812

201407191717(201407191717)
514,073
815,482
1,540,688
544,304
579,812

201407191720(201407191720)
514,073
816,102
1,543,832
545,128
579,832

201407191721(201407191721)
514,073
817,767
1,544,116
545,600
580,070

201407191722(201407191722)
514,073
817,767
1,544,116
545,600
580,070

201407191725(201407191725)
514,237
817,767
1,544,116
545,683
580,070

201407191726(201407191726)
514,237
817,767
1,544,116
545,683
580,208

201407191727(201407191727)
514,237
817,767
1,544,116
546,855
580,208

201407191730(201407191730)
515,621
819,879
1,544,116
547,228
580,219

201407191731(201407191731)
515,621
820,847
1,545,235
547,765
580,219

201407191732(201407191732)
515,621
821,823
1,545,235
547,765
580,219

201407191735(201407191735)
515,621
822,526
1,545,235
548,812
580,714

201407191736(201407191736)
515,621
822,526
1,545,235
548,812
581,916

201407191737(201407191737)
515,621
822,526
1,545,235
548,812
581,916

201407191740(201407191740)
516,477
823,387
1,545,235
549,312
582,012

201407191741(201407191741)
516,477
823,387
1,545,235
549,312
582,012

201407191742(201407191742)
517,349
823,387
1,545,235
549,312
582,012

201407191745(201407191745)
517,714
823,387
1,545,235
549,312
582,327

201407191746(201407191746)
517,714
823,387
1,545,235
549,312
582,327

201407191747(201407191747)
517,774
823,387
1,545,235
549,312
582,327

201407191750(201407191750)
517,774
823,387
1,545,235
549,312
582,404

201407191751(201407191751)
518,219
824,186
1,545,235
549,312
583,028

201407191752(201407191752)
518,219
824,186
1,545,617
549,312
584,173

201407191755(201407191755)
518,285
824,186
1,545,805
549,987
584,205

201407191756(201407191756)
518,285
824,877
1,545,805
549,987
584,205

201407191757(201407191757)
518,285
824,877
1,545,805
549,987
584,205

201407191800(201407191800)
518,308
824,877
1,548,886
550,454
584,234

201407191801(201407191801)
518,498
824,877
1,548,886
550,454
584,647

201407191802(201407191802)
518,498
824,877
1,552,769
550,454
584,647

201407191805(201407191805)
520,287
824,877
1,552,769
550,454
584,647

201407191806(201407191806)
520,287
826,015
1,552,769
550,682
584,647

201407191807(201407191807)
520,287
826,015
1,552,769
550,682
584,647

201407191810(201407191810)
520,287
826,240
1,552,769
550,982
584,813

201407191811(201407191811)
520,287
826,240
1,552,769
551,027
584,813

201407191812(201407191812)
520,722
826,356
1,552,769
551,027
584,813

201407191815(201407191815)
521,018
827,605
1,552,769
551,748
585,398

201407191816(201407191816)
521,018
827,605
1,552,769
551,787
585,398

201407191817(201407191817)
521,018
827,605
1,552,769
551,787
585,398

201407191820(201407191820)
521,902
828,062
1,552,769
551,977
585,614

201407191821(201407191821)
522,604
828,062
1,552,769
551,977
585,614

201407191822(201407191822)
522,604
828,062
1,552,769
552,328
585,618

201407191825(201407191825)
522,604
828,062
1,552,769
552,439
585,795

201407191826(201407191826)
522,976
828,062
1,552,769
552,721
585,795

201407191827(201407191827)
523,221
828,062
1,552,769
552,721
585,795

201407191830(201407191830)
523,221
828,062
1,554,073
553,217
586,221

201407191831(201407191831)
523,221
828,062
1,558,066
553,465
587,253

201407191832(201407191832)
523,295
830,281
1,559,099
553,465
587,676

201407191835(201407191835)
523,908
830,281
1,559,338
553,465
588,002

201407191836(201407191836)
523,908
830,281
1,559,338
553,640
588,038

201407191837(201407191837)
523,908
830,281
1,559,338
553,640
588,038

201407191840(201407191840)
524,314
830,281
1,559,338
553,690
588,038

201407191841(201407191841)
524,314
830,281
1,559,338
553,690
588,038

201407191842(201407191842)
524,314
830,281
1,559,338
553,690
588,038

201407191845(201407191845)
524,314
831,781
1,559,338
553,690
588,992

201407191846(201407191846)
524,326
831,945
1,559,338
553,690
589,042

201407191847(201407191847)
524,326
831,945
1,559,338
553,690
589,042

201407191850(201407191850)
524,326
832,829
1,559,338
553,945
589,955

201407191851(201407191851)
524,326
832,829
1,559,338
553,945
590,621

201407191852(201407191852)
524,326
832,971
1,559,338
554,254
590,621

201407191855(201407191855)
524,539
832,971
1,559,338
554,540
590,687

201407191856(201407191856)
524,544
833,184
1,559,338
554,611
590,695

201407191857(201407191857)
525,472
833,184
1,559,338
554,904
590,695

201407191900(201407191900)
525,862
833,213
1,559,338
556,120
591,856

201407191901(201407191901)
525,862
833,213
1,559,338
556,120
591,856

201407191902(201407191902)
525,908
833,213
1,559,338
556,544
591,856

201407191905(201407191905)
526,214
833,338
1,559,338
557,649
592,165

201407191906(201407191906)
526,337
833,338
1,559,338
558,195
592,165

201407191907(201407191907)
526,337
833,966
1,559,338
558,615
592,324

201407191910(201407191910)
526,337
835,623
1,559,338
559,138
592,399

201407191911(201407191911)
526,337
835,623
1,559,338
559,804
592,399

201407191912(201407191912)
526,462
835,623
1,559,338
559,900
592,399

201407191915(201407191915)
526,724
835,803
1,560,973
560,121
592,926

201407191916(201407191916)
526,724
836,195
1,560,973
560,124
592,926

201407191917(201407191917)
526,724
836,195
1,560,973
560,124
592,926

201407191920(201407191920)
526,892
836,195
1,560,973
560,124
593,384

201407191921(201407191921)
527,285
836,195
1,560,973
560,243
593,384

201407191922(201407191922)
527,285
836,195
1,560,973
560,243
593,384

201407191925(201407191925)
527,529
836,195
1,560,973
560,365
593,384

201407191926(201407191926)
527,614
836,288
1,560,973
560,365
593,384

201407191927(201407191927)
527,614
838,206
1,560,973
560,365
593,384

201407191930(201407191930)
527,614
838,206
1,560,973
560,555
594,308

201407191931(201407191931)
527,614
838,206
1,560,973
560,555
594,308

201407191932(201407191932)
527,614
838,206
1,560,973
560,555
594,308

201407191935(201407191935)
527,614
838,206
1,560,973
560,973
594,308

201407191936(201407191936)
528,499
838,206
1,560,973
561,200
594,308

201407191937(201407191937)
528,499
838,206
1,560,973
561,200
594,308

201407191940(201407191940)
528,499
838,206
1,560,973
561,200
595,603

201407191941(201407191941)
528,499
838,206
1,560,973
561,335
596,219

201407191942(201407191942)
528,499
838,206
1,560,973
561,555
596,773

201407191945(201407191945)
528,499
838,206
1,560,973
561,644
596,773

201407191946(201407191946)
528,499
838,206
1,560,973
561,644
596,773

201407191947(201407191947)
528,499
838,206
1,560,973
561,644
596,773

201407191950(201407191950)
528,876
839,304
1,560,973
561,644
596,773

201407191951(201407191951)
528,876
839,304
1,560,973
561,644
596,773

201407191952(201407191952)
528,876
839,304
1,560,973
561,644
596,773

201407191955(201407191955)
530,033
839,304
1,560,973
561,766
596,773

201407191956(201407191956)
530,147
839,304
1,560,973
561,766
596,773

201407191957(201407191957)
530,147
839,304
1,560,973
561,766
596,773

201407192000(201407192000)
530,808
839,304
1,562,073
563,072
596,773

201407192001(201407192001)
530,808
839,304
1,562,073
563,072
596,773

201407192002(201407192002)
531,591
839,304
1,562,073
563,072
596,801

201407192005(201407192005)
531,591
839,304
1,562,073
563,321
596,966

201407192006(201407192006)
531,591
839,304
1,562,073
563,321
596,966

201407192007(201407192007)
531,591
840,224
1,562,073
564,376
596,966

201407192010(201407192010)
532,388
840,224
1,562,073
565,416
597,854

201407192011(201407192011)
532,388
840,224
1,562,073
565,866
597,854

201407192012(201407192012)
532,388
840,224
1,562,073
565,866
597,926

201407192015(201407192015)
533,295
840,224
1,562,073
566,148
598,636

201407192016(201407192016)
533,295
840,468
1,562,073
566,148
598,636

201407192017(201407192017)
533,698
840,468
1,562,073
566,320
598,918

201407192020(201407192020)
533,698
840,932
1,562,231
568,113
599,497

201407192021(201407192021)
533,698
841,891
1,562,310
569,151
599,699

201407192022(201407192022)
533,698
842,022
1,562,310
569,884
599,699

201407192025(201407192025)
533,928
842,667
1,562,310
570,574
600,621

201407192026(201407192026)
533,928
842,667
1,565,102
570,574
600,780

201407192027(201407192027)
533,928
842,865
1,566,891
570,574
600,898

201407192030(201407192030)
534,009
842,993
1,569,639
570,574
601,902

201407192031(201407192031)
534,009
843,490
1,569,639
570,574
601,902

201407192032(201407192032)
534,009
843,490
1,570,745
570,677
601,902

201407192035(201407192035)
534,009
845,049
1,576,479
570,677
601,902

201407192036(201407192036)
534,009
845,049
1,576,766
570,743
601,902

201407192037(201407192037)
534,009
845,160
1,579,279
571,618
601,902

201407192040(201407192040)
535,169
845,160
1,579,279
571,618
602,302

201407192041(201407192041)
535,169
845,160
1,579,279
572,057
602,302

201407192042(201407192042)
535,358
845,160
1,579,279
572,577
602,302

201407192045(201407192045)
535,760
845,160
1,579,279
572,663
602,302

201407192046(201407192046)
535,760
845,160
1,583,004
573,042
602,302

201407192047(201407192047)
536,464
845,208
1,583,990
573,042
602,663

201407192050(201407192050)
536,464
846,471
1,583,990
573,210
602,824

201407192051(201407192051)
537,239
848,305
1,583,990
573,210
603,021

201407192052(201407192052)
537,663
848,417
1,585,386
573,210
603,021

201407192055(201407192055)
539,497
848,446
1,585,386
573,549
603,563

201407192056(201407192056)
539,497
848,446
1,585,386
574,086
603,563

201407192057(201407192057)
539,497
848,446
1,585,386
574,086
603,563

201407192100(201407192100)
540,220
849,713
1,585,386
576,377
603,563

201407192101(201407192101)
540,279
849,713
1,585,386
576,602
604,285

201407192102(201407192102)
540,279
849,713
1,585,386
576,602
604,468

201407192105(201407192105)
540,769
850,614
1,585,386
576,906
605,595

201407192106(201407192106)
540,769
850,614
1,585,386
576,906
605,595

201407192107(201407192107)
540,769
851,393
1,585,386
576,906
605,897

201407192110(201407192110)
540,769
851,393
1,585,386
577,098
606,341

201407192111(201407192111)
540,769
851,393
1,585,386
577,098
606,341

201407192112(201407192112)
540,769
855,883
1,585,386
577,098
606,341

201407192115(201407192115)
541,096
856,268
1,585,386
577,888
606,816

201407192116(201407192116)
541,510
856,268
1,585,386
577,888
608,094

201407192117(201407192117)
541,566
856,268
1,585,386
577,888
608,358

201407192120(201407192120)
541,566
856,841
1,585,386
577,888
608,678

201407192121(201407192121)
542,127
856,841
1,585,386
577,888
608,678

201407192122(201407192122)
542,127
856,841
1,585,386
578,175
608,678

201407192125(201407192125)
542,127
857,494
1,585,386
578,519
609,074

201407192126(201407192126)
542,127
857,494
1,585,386
579,916
609,074

201407192127(201407192127)
542,127
857,494
1,585,386
579,916
609,074

201407192130(201407192130)
542,127
860,123
1,585,386
580,127
609,398

201407192131(201407192131)
542,517
861,242
1,585,386
580,208
609,563

201407192132(201407192132)
542,517
861,242
1,585,386
580,208
609,563

201407192135(201407192135)
542,517
862,281
1,585,386
580,208
609,598

201407192136(201407192136)
542,517
862,549
1,585,386
580,208
609,980

201407192137(201407192137)
542,517
862,549
1,585,386
580,208
609,980

201407192140(201407192140)
542,517
863,573
1,590,763
580,208
610,366

201407192141(201407192141)
542,517
863,916
1,590,763
580,208
610,366

201407192142(201407192142)
542,517
864,370
1,590,763
580,208
610,366

201407192145(201407192145)
543,409
864,778
1,590,763
580,219
610,769

201407192146(201407192146)
543,933
864,778
1,590,763
580,356
610,769

201407192147(201407192147)
544,079
866,141
1,590,763
580,441
611,687

201407192150(201407192150)
544,304
866,141
1,590,763
580,643
611,687

201407192151(201407192151)
544,304
866,141
1,590,763
580,643
611,687

201407192152(201407192152)
544,304
866,141
1,590,763
580,643
612,087

201407192155(201407192155)
544,304
866,141
1,590,763
580,643
612,087

201407192156(201407192156)
545,015
866,141
1,590,763
580,643
612,087

201407192157(201407192157)
545,015
866,449
1,590,763
580,643
612,087

201407192200(201407192200)
545,015
867,161
1,590,763
581,721
612,087

201407192201(201407192201)
545,015
867,161
1,590,763
581,721
612,087

201407192202(201407192202)
545,015
867,161
1,590,763
581,721
612,087

201407192205(201407192205)
545,015
867,735
1,590,763
581,721
612,270

201407192206(201407192206)
545,015
867,735
1,590,763
581,824
612,270

201407192207(201407192207)
545,015
867,735
1,590,960
581,973
612,270

201407192210(201407192210)
545,015
869,930
1,595,995
582,327
612,363

201407192211(201407192211)
545,015
869,930
1,596,835
582,327
612,545

201407192212(201407192212)
545,015
869,930
1,599,689
582,327
613,284

201407192215(201407192215)
545,015
871,147
1,600,523
582,327
614,249

201407192216(201407192216)
545,015
871,147
1,600,523
582,327
614,737

201407192217(201407192217)
545,072
871,147
1,600,523
583,131
614,737

201407192220(201407192220)
546,609
871,224
1,600,523
583,993
615,098

201407192221(201407192221)
546,609
871,224
1,600,523
583,993
615,098

201407192222(201407192222)
546,609
871,224
1,600,523
584,205
615,098

201407192225(201407192225)
546,609
872,520
1,600,523
584,647
615,098

201407192226(201407192226)
546,855
872,520
1,600,523
584,647
615,098

201407192227(201407192227)
547,085
872,520
1,600,523
584,813
615,443

201407192230(201407192230)
547,085
874,157
1,600,523
585,171
615,443

201407192231(201407192231)
547,085
874,157
1,600,523
585,418
615,443

201407192232(201407192232)
547,085
874,157
1,600,523
585,899
615,443

201407192235(201407192235)
547,466
874,157
1,600,523
585,899
616,175

201407192236(201407192236)
547,466
874,601
1,600,523
585,899
616,378

201407192237(201407192237)
547,466
874,601
1,600,523
585,899
616,378

201407192240(201407192240)
547,466
875,415
1,606,049
585,899
617,106

201407192241(201407192241)
547,466
877,828
1,606,049
585,899
617,106

201407192242(201407192242)
547,519
877,828
1,606,049
585,919
617,106

201407192245(201407192245)
548,116
877,828
1,609,200
586,261
619,284

201407192246(201407192246)
548,116
877,828
1,609,200
586,261
619,570

201407192247(201407192247)
548,395
877,828
1,609,200
586,261
619,570

201407192250(201407192250)
549,689
877,910
1,610,621
586,834
619,570

201407192251(201407192251)
549,909
877,910
1,610,621
586,834
619,752

201407192252(201407192252)
549,987
877,910
1,610,621
586,834
620,779

201407192255(201407192255)
549,987
879,707
1,610,621
586,834
621,397

201407192256(201407192256)
550,001
879,707
1,610,621
586,834
621,397

201407192257(201407192257)
550,001
879,707
1,617,935
586,834
621,397

201407192300(201407192300)
550,001
879,707
1,620,120
586,834
621,397

201407192301(201407192301)
550,001
879,707
1,620,120
586,863
621,397

201407192302(201407192302)
550,001
879,707
1,620,120
586,863
621,397

201407192305(201407192305)
550,454
879,707
1,620,849
586,863
621,397

201407192306(201407192306)
550,454
883,854
1,621,261
586,863
621,397

201407192307(201407192307)
550,454
885,740
1,621,670
587,651
621,397

201407192310(201407192310)
550,733
886,328
1,622,906
587,651
621,507

201407192311(201407192311)
550,833
886,328
1,623,288
587,651
621,507

201407192312(201407192312)
550,833
886,328
1,623,288
588,064
621,507

201407192315(201407192315)
551,947
889,771
1,623,288
588,744
623,078

201407192316(201407192316)
551,947
889,771
1,623,288
588,818
623,078

201407192317(201407192317)
551,947
889,771
1,623,288
588,818
623,078

201407192320(201407192320)
552,449
889,771
1,623,288
589,042
623,317

201407192321(201407192321)
552,449
889,771
1,623,288
589,042
623,317

201407192322(201407192322)
552,579
889,771
1,623,288
589,042
623,368

201407192325(201407192325)
553,640
895,081
1,623,288
590,574
623,368

201407192326(201407192326)
554,490
896,913
1,623,288
591,042
623,368

201407192327(201407192327)
554,490
896,913
1,623,288
591,181
623,368

201407192330(201407192330)
555,914
896,913
1,623,288
591,181
623,368

201407192331(201407192331)
556,120
896,913
1,623,288
591,327
623,368

201407192332(201407192332)
556,120
896,913
1,623,288
591,577
623,528

201407192335(201407192335)
556,992
898,747
1,623,288
591,871
625,397

201407192336(201407192336)
557,002
898,747
1,623,288
591,871
626,479

201407192337(201407192337)
557,002
898,747
1,623,288
591,871
626,479

201407192340(201407192340)
557,002
900,206
1,623,288
592,787
626,479

201407192341(201407192341)
557,002
900,206
1,623,288
592,787
626,489

201407192342(201407192342)
557,002
900,206
1,623,288
592,918
626,489

201407192345(201407192345)
557,074
900,206
1,623,288
593,247
626,586

201407192346(201407192346)
558,709
900,206
1,623,288
593,247
626,706

201407192347(201407192347)
558,709
900,206
1,623,288
593,427
626,706

201407192350(201407192350)
558,709
902,122
1,623,288
593,643
626,706

201407192351(201407192351)
558,709
902,206
1,623,288
593,643
626,706

201407192352(201407192352)
558,772
902,206
1,623,288
593,643
626,706

201407192355(201407192355)
560,148
902,206
1,623,413
593,789
626,966

201407192356(201407192356)
560,478
902,770
1,623,413
595,416
627,101

201407192357(201407192357)
560,933
902,792
1,623,413
595,661
627,101

201407200000(201407200000)
560,933
902,850
1,624,805
596,417
627,338

201407200001(201407200001)
560,933
902,850
1,628,596
596,452
627,338

201407200002(201407200002)
560,933
902,850
1,628,596
596,452
627,823

201407200005(201407200005)
561,736
902,850
1,631,285
596,452
628,636

201407200006(201407200006)
561,736
902,850
1,633,039
596,452
628,636

201407200007(201407200007)
561,736
903,503
1,635,911
596,966
628,636

201407200010(201407200010)
561,886
903,503
1,635,911
596,966
630,931

201407200011(201407200011)
561,886
904,278
1,635,911
596,966
630,931

201407200012(201407200012)
561,886
904,278
1,635,911
596,966
630,931

201407200015(201407200015)
561,886
904,278
1,635,911
596,966
631,238

201407200016(201407200016)
561,886
904,278
1,635,911
596,966
631,707

201407200017(201407200017)
561,886
904,828
1,635,911
597,854
631,707

201407200020(201407200020)
562,507
904,828
1,635,911
597,854
632,756

201407200021(201407200021)
562,507
904,828
1,635,911
597,854
632,756

201407200022(201407200022)
562,622
904,828
1,635,911
597,854
632,756

201407200025(201407200025)
563,127
905,270
1,635,911
598,952
633,329

201407200026(201407200026)
563,127
905,270
1,635,911
598,952
633,329

201407200027(201407200027)
563,127
905,270
1,635,911
598,952
634,661

201407200030(201407200030)
563,127
905,270
1,635,911
599,497
635,015

201407200031(201407200031)
563,127
908,531
1,635,911
599,504
635,015

201407200032(201407200032)
563,127
908,531
1,635,911
600,067
635,015

201407200035(201407200035)
563,127
908,531
1,635,911
600,067
636,664

201407200036(201407200036)
563,127
908,531
1,639,014
600,067
636,664

201407200037(201407200037)
563,127
908,531
1,639,014
600,362
636,664

201407200040(201407200040)
563,127
909,460
1,639,014
600,780
636,664

201407200041(201407200041)
563,127
909,460
1,639,014
600,780
636,664

201407200042(201407200042)
563,127
909,460
1,639,014
600,780
636,664

201407200045(201407200045)
563,378
910,021
1,639,014
600,937
636,722

201407200046(201407200046)
565,176
910,163
1,639,014
600,937
636,722

201407200047(201407200047)
565,382
911,460
1,639,014
600,937
636,722

201407200050(201407200050)
565,866
911,460
1,639,885
601,058
636,818

201407200051(201407200051)
565,866
911,534
1,639,885
601,202
636,818

201407200052(201407200052)
565,866
913,373
1,639,885
601,563
636,818

201407200055(201407200055)
566,377
915,036
1,639,885
602,391
636,818

201407200056(201407200056)
566,377
915,036
1,639,885
602,391
637,230

201407200057(201407200057)
566,377
915,036
1,639,885
602,407
637,230

201407200100(201407200100)
566,534
915,036
1,639,885
602,407
638,783

201407200101(201407200101)
566,534
915,036
1,639,885
602,407
638,783

201407200102(201407200102)
566,534
915,036
1,639,885
602,711
639,187

201407200105(201407200105)
567,249
915,762
1,639,885
602,781
640,199

201407200106(201407200106)
567,249
915,762
1,639,885
602,781
641,321

201407200107(201407200107)
567,249
915,762
1,639,885
602,781
643,037

201407200110(201407200110)
567,249
915,859
1,639,885
603,021
643,597

201407200111(201407200111)
567,784
916,192
1,639,885
603,753
643,597

201407200112(201407200112)
567,784
916,192
1,639,885
603,753
643,597

201407200115(201407200115)
567,784
917,114
1,639,885
603,753
643,705

201407200116(201407200116)
567,784
917,114
1,639,885
603,753
644,678

201407200117(201407200117)
567,784
917,114
1,639,885
604,088
644,678

201407200120(201407200120)
568,166
917,670
1,639,885
604,088
645,033

201407200121(201407200121)
568,166
918,416
1,639,885
604,088
645,033

201407200122(201407200122)
568,166
919,901
1,639,885
604,088
645,033

201407200125(201407200125)
568,166
921,170
1,644,974
604,088
645,033

201407200126(201407200126)
568,166
921,170
1,645,879
604,088
645,033

201407200127(201407200127)
568,166
922,262
1,648,453
604,088
645,488

201407200130(201407200130)
568,166
922,695
1,652,998
604,088
645,881

201407200131(201407200131)
568,166
922,695
1,652,998
604,088
645,881

201407200132(201407200132)
568,166
922,695
1,652,998
604,088
646,477

201407200135(201407200135)
570,069
922,695
1,652,998
604,088
646,654

201407200136(201407200136)
570,069
922,695
1,652,998
604,088
646,654

201407200137(201407200137)
570,069
922,695
1,652,998
604,205
646,654

201407200140(201407200140)
571,290
922,911
1,652,998
604,965
646,999

201407200141(201407200141)
572,252
922,911
1,652,998
604,965
647,309

201407200142(201407200142)
572,252
922,911
1,652,998
604,965
647,734

201407200145(201407200145)
572,776
922,911
1,652,998
604,965
648,516

201407200146(201407200146)
572,776
922,911
1,652,998
604,965
648,674

201407200147(201407200147)
572,776
922,911
1,652,998
604,965
648,674

201407200150(201407200150)
573,997
925,215
1,652,998
605,447
648,772

201407200151(201407200151)
573,997
925,215
1,652,998
605,486
649,321

201407200152(201407200152)
573,997
925,215
1,654,329
605,486
649,321

201407200155(201407200155)
574,668
925,215
1,654,329
605,975
650,184

201407200156(201407200156)
574,668
925,215
1,654,329
606,614
650,184

201407200157(201407200157)
574,668
925,215
1,654,329
606,614
650,184

201407200200(201407200200)
574,668
925,271
1,654,329
607,247
650,252

201407200201(201407200201)
574,668
925,271
1,654,329
607,247
650,252

201407200202(201407200202)
574,668
925,271
1,654,329
607,247
650,252

201407200205(201407200205)
574,967
927,199
1,654,329
608,735
650,252

201407200206(201407200206)
574,967
927,199
1,654,329
608,735
650,252

201407200207(201407200207)
574,967
927,199
1,654,329
608,735
650,252

201407200210(201407200210)
574,967
927,199
1,654,329
609,398
650,471

201407200211(201407200211)
574,967
927,199
1,657,627
609,398
650,471

201407200212(201407200212)
576,377
927,199
1,657,627
609,398
650,619

201407200215(201407200215)
576,638
928,022
1,657,627
609,398
651,243

201407200216(201407200216)
576,638
928,022
1,657,627
609,398
651,368

201407200217(201407200217)
576,638
928,022
1,657,627
609,398
651,368

201407200220(201407200220)
576,638
928,022
1,657,627
609,398
651,368

201407200221(201407200221)
576,784
928,022
1,657,627
609,398
651,866

201407200222(201407200222)
576,784
928,022
1,657,627
609,398
651,866

201407200225(201407200225)
576,784
928,343
1,657,627
610,172
651,866

201407200226(201407200226)
576,784
929,294
1,657,627
610,172
652,000

201407200227(201407200227)
576,784
929,294
1,657,627
610,284
652,000

201407200230(201407200230)
578,175
929,294
1,657,627
610,284
652,248

201407200231(201407200231)
578,381
929,294
1,657,627
610,284
652,248

201407200232(201407200232)
578,381
929,294
1,657,627
610,284
652,248

201407200235(201407200235)
578,547
929,294
1,657,627
611,695
653,988

201407200236(201407200236)
578,547
929,294
1,657,627
611,695
653,988

201407200237(201407200237)
578,547
929,294
1,657,627
611,695
654,123

201407200240(201407200240)
578,547
929,294
1,657,627
612,363
654,286

201407200241(201407200241)
578,547
929,294
1,657,627
612,363
654,579

201407200242(201407200242)
579,407
929,294
1,657,627
612,363
654,963

201407200245(201407200245)
580,077
929,294
1,657,627
612,363
657,290

201407200246(201407200246)
580,441
929,294
1,657,627
612,363
657,290

201407200247(201407200247)
580,441
929,294
1,657,627
612,450
657,290

201407200250(201407200250)
580,909
930,004
1,657,627
612,450
657,290

201407200251(201407200251)
580,909
930,004
1,657,627
612,515
657,290

201407200252(201407200252)
580,909
930,004
1,657,627
612,515
657,290

201407200255(201407200255)
581,648
933,974
1,657,627
613,623
657,290

201407200256(201407200256)
581,648
934,486
1,657,627
613,978
657,290

201407200257(201407200257)
581,648
934,486
1,657,627
613,978
657,290

201407200300(201407200300)
581,648
934,486
1,657,627
614,249
658,836

201407200301(201407200301)
581,721
934,486
1,657,627
614,249
658,911

201407200302(201407200302)
581,721
934,486
1,657,627
614,249
659,027

201407200305(201407200305)
581,721
934,486
1,657,627
614,249
659,356

201407200306(201407200306)
581,721
934,486
1,657,627
614,249
659,790

201407200307(201407200307)
581,721
934,486
1,657,627
614,249
660,969

201407200310(201407200310)
581,721
934,486
1,657,627
614,249
660,969

201407200311(201407200311)
581,990
934,486
1,657,627
614,249
660,969

201407200312(201407200312)
581,990
934,486
1,657,627
614,249
660,969

201407200315(201407200315)
582,003
934,486
1,657,627
614,249
661,806

201407200316(201407200316)
582,061
934,486
1,657,627
614,249
661,806

201407200317(201407200317)
582,061
934,486
1,657,627
614,249
661,806

201407200320(201407200320)
582,769
934,486
1,657,627
614,419
661,866

201407200321(201407200321)
582,769
934,486
1,657,627
614,419
661,866

201407200322(201407200322)
582,769
934,486
1,658,619
614,470
661,866

201407200325(201407200325)
583,047
934,486
1,658,619
614,656
661,866

201407200326(201407200326)
583,177
934,486
1,658,619
614,656
661,866

201407200327(201407200327)
583,177
934,486
1,658,619
614,656
661,866

201407200330(201407200330)
583,177
936,109
1,658,619
614,725
661,866

201407200331(201407200331)
583,177
936,109
1,658,619
614,737
661,866

201407200332(201407200332)
583,177
936,109
1,658,619
614,737
661,866

201407200335(201407200335)
583,177
936,109
1,658,619
614,737
661,866

201407200336(201407200336)
583,177
936,109
1,658,619
614,737
661,866

201407200337(201407200337)
583,177
936,109
1,658,619
614,737
661,866

201407200340(201407200340)
583,177
936,260
1,658,619
614,737
661,866

201407200341(201407200341)
583,177
936,855
1,658,619
614,737
661,866

201407200342(201407200342)
583,177
936,894
1,658,619
614,737
661,866

201407200345(201407200345)
583,961
937,124
1,658,619
614,737
661,994

201407200346(201407200346)
583,961
937,173
1,658,619
614,737
661,994

201407200347(201407200347)
583,961
937,173
1,658,619
614,737
661,994

201407200350(201407200350)
584,179
937,173
1,658,619
614,737
661,994

201407200351(201407200351)
584,179
937,173
1,658,619
615,191
661,994

201407200352(201407200352)
584,179
937,173
1,658,619
615,308
662,040

201407200355(201407200355)
584,179
938,891
1,658,619
615,864
662,040

201407200356(201407200356)
584,179
938,891
1,658,619
616,378
662,040

201407200357(201407200357)
584,179
938,891
1,658,621
616,378
662,040

201407200400(201407200400)
584,205
938,891
1,658,621
616,378
662,306

201407200401(201407200401)
584,205
938,891
1,658,621
617,233
662,306

201407200402(201407200402)
584,205
938,891
1,658,621
617,233
662,306

201407200405(201407200405)
584,205
940,894
1,658,621
617,233
662,306

201407200406(201407200406)
584,205
940,894
1,658,621
617,352
662,306

201407200407(201407200407)
584,205
940,894
1,658,621
617,352
662,306

201407200410(201407200410)
584,205
940,894
1,658,621
617,738
662,306

201407200411(201407200411)
584,205
940,894
1,658,621
617,738
662,306

201407200412(201407200412)
584,205
940,894
1,658,621
617,738
662,802

201407200415(201407200415)
584,205
940,894
1,658,621
617,738
662,923

201407200416(201407200416)
584,465
940,894
1,658,621
617,738
662,923

201407200417(201407200417)
584,465
940,894
1,658,621
617,738
662,923

201407200420(201407200420)
584,465
940,894
1,658,621
617,738
663,341

201407200421(201407200421)
584,488
940,894
1,658,621
617,993
663,341

201407200422(201407200422)
584,488
940,894
1,658,621
617,993
663,341

201407200425(201407200425)
584,603
940,894
1,658,621
617,993
663,341

201407200426(201407200426)
584,603
940,894
1,658,621
618,713
663,341

201407200427(201407200427)
584,647
940,894
1,658,621
618,713
663,341

201407200430(201407200430)
584,647
940,894
1,658,621
618,713
663,449

201407200431(201407200431)
584,647
940,894
1,658,621
618,713
663,807

201407200432(201407200432)
584,647
940,894
1,658,621
618,713
663,807

201407200435(201407200435)
584,647
940,894
1,658,621
619,380
663,807

201407200436(201407200436)
584,647
940,894
1,658,621
619,380
663,807

201407200437(201407200437)
584,647
940,894
1,658,621
619,380
663,807

201407200440(201407200440)
584,647
940,894
1,658,621
619,570
663,807

201407200441(201407200441)
584,647
940,894
1,658,621
619,570
663,807

201407200442(201407200442)
585,808
940,894
1,658,621
619,570
663,807

201407200445(201407200445)
585,808
940,894
1,658,621
619,814
663,807

201407200446(201407200446)
585,808
940,894
1,658,621
619,814
663,807

201407200447(201407200447)
585,808
940,894
1,658,621
619,814
663,807

201407200450(201407200450)
585,808
940,894
1,658,621
619,814
663,945

201407200451(201407200451)
585,808
940,894
1,658,621
619,814
663,957

201407200452(201407200452)
585,808
940,894
1,658,621
619,814
663,957

201407200455(201407200455)
586,163
941,844
1,658,621
619,814
663,957

201407200456(201407200456)
586,235
941,844
1,658,621
619,814
663,957

201407200457(201407200457)
586,235
941,844
1,658,621
619,814
663,957

201407200500(201407200500)
586,575
941,844
1,658,621
620,557
663,957

201407200501(201407200501)
586,575
941,844
1,658,621
621,317
663,957

201407200502(201407200502)
586,575
941,844
1,658,621
621,317
663,957

201407200505(201407200505)
586,834
942,130
1,658,621
621,317
664,648

201407200506(201407200506)
586,834
942,130
1,658,621
621,317
664,648

201407200507(201407200507)
586,834
942,130
1,658,621
621,317
664,648

201407200510(201407200510)
586,834
942,130
1,658,621
621,317
664,648

201407200511(201407200511)
586,834
942,130
1,658,621
621,317
664,648

201407200512(201407200512)
586,834
942,130
1,658,621
621,317
665,103

201407200515(201407200515)
586,834
942,130
1,658,621
621,397
665,103

201407200516(201407200516)
586,834
942,130
1,658,621
621,397
665,103

201407200517(201407200517)
586,834
942,130
1,658,621
622,204
665,103

201407200520(201407200520)
586,834
942,130
1,658,621
622,204
665,103

201407200521(201407200521)
586,834
942,130
1,658,621
622,204
665,981

201407200522(201407200522)
586,834
942,130
1,658,621
622,204
665,981

201407200525(201407200525)
586,834
942,130
1,658,621
622,204
665,981

201407200526(201407200526)
586,834
942,418
1,658,621
622,204
665,981

201407200527(201407200527)
586,834
942,418
1,658,621
622,204
665,981

201407200530(201407200530)
586,834
942,630
1,658,621
622,204
665,981

201407200531(201407200531)
586,834
942,630
1,658,621
622,204
665,981

201407200532(201407200532)
586,834
942,630
1,658,621
622,204
665,981

201407200535(201407200535)
586,834
942,630
1,658,621
622,204
666,365

201407200536(201407200536)
586,834
942,630
1,658,621
622,204
666,365

201407200537(201407200537)
586,834
942,630
1,658,621
622,329
666,365

201407200540(201407200540)
586,834
942,630
1,658,621
622,540
666,365

201407200541(201407200541)
586,834
942,630
1,658,621
622,540
666,365

201407200542(201407200542)
586,834
942,630
1,658,621
622,540
666,700

201407200545(201407200545)
586,855
942,630
1,658,621
622,540
666,700

201407200546(201407200546)
587,003
942,630
1,658,621
623,104
666,713

201407200547(201407200547)
588,146
942,630
1,658,621
623,104
666,713

201407200550(201407200550)
588,818
942,630
1,658,621
623,104
667,276

201407200551(201407200551)
588,818
942,630
1,658,621
623,104
668,052

201407200552(201407200552)
588,818
942,630
1,658,621
623,104
668,052

201407200555(201407200555)
588,818
943,142
1,658,621
623,368
668,052

201407200556(201407200556)
588,818
943,142
1,658,621
623,368
668,052

201407200557(201407200557)
588,818
943,142
1,658,621
623,368
668,052

201407200600(201407200600)
588,872
943,142
1,658,621
623,368
668,052

201407200601(201407200601)
588,948
943,142
1,658,621
623,368
668,052

201407200602(201407200602)
588,948
943,142
1,658,621
623,368
669,021

201407200605(201407200605)
588,948
943,142
1,658,621
623,528
669,021

201407200606(201407200606)
588,948
943,209
1,658,621
623,528
669,021

201407200607(201407200607)
588,948
943,278
1,658,621
623,528
669,122

201407200610(201407200610)
588,948
943,278
1,668,759
623,528
669,323

201407200611(201407200611)
588,948
943,278
1,668,759
623,528
669,323

201407200612(201407200612)
588,948
943,278
1,668,759
623,528
669,323

201407200615(201407200615)
589,042
943,528
1,668,759
623,528
669,323

201407200616(201407200616)
589,042
943,528
1,668,759
623,528
669,323

201407200617(201407200617)
589,042
943,528
1,668,759
623,528
669,323

201407200620(201407200620)
589,166
943,528
1,668,759
623,528
669,323

201407200621(201407200621)
589,166
945,273
1,668,759
623,528
669,414

201407200622(201407200622)
589,166
945,273
1,668,759
623,528
669,414

201407200625(201407200625)
589,166
945,273
1,668,759
623,528
669,414

201407200626(201407200626)
589,166
945,273
1,668,759
623,528
669,414

201407200627(201407200627)
589,166
945,273
1,668,759
623,528
669,414

201407200630(201407200630)
589,166
945,273
1,668,759
623,528
669,414

201407200631(201407200631)
589,248
945,273
1,668,759
623,528
669,414

201407200632(201407200632)
589,248
945,273
1,668,759
623,528
669,414

201407200635(201407200635)
589,248
946,257
1,669,688
623,528
669,414

201407200636(201407200636)
589,872
946,593
1,670,738
623,528
669,414

201407200637(201407200637)
589,872
946,593
1,671,745
624,691
669,414

201407200640(201407200640)
589,872
946,593
1,676,775
624,691
669,414

201407200641(201407200641)
589,915
948,632
1,677,786
624,691
669,414

201407200642(201407200642)
590,188
948,632
1,678,228
624,691
669,414

201407200645(201407200645)
591,577
948,632
1,678,228
625,397
669,414

201407200646(201407200646)
591,577
948,632
1,678,228
625,397
669,414

201407200647(201407200647)
591,577
948,632
1,678,228
625,397
669,414

201407200650(201407200650)
591,577
950,342
1,678,228
625,432
669,414

201407200651(201407200651)
591,577
950,342
1,678,228
625,432
669,414

201407200652(201407200652)
592,126
950,342
1,678,228
626,586
669,470

201407200655(201407200655)
592,126
950,342
1,678,228
627,010
669,470

201407200656(201407200656)
592,126
950,342
1,678,228
627,010
669,964

201407200657(201407200657)
592,404
950,342
1,678,228
627,158
670,005

201407200700(201407200700)
592,787
950,342
1,678,228
627,267
670,005

201407200701(201407200701)
593,427
950,342
1,678,228
627,267
670,005

201407200702(201407200702)
593,427
950,342
1,678,228
627,267
670,047

201407200705(201407200705)
593,427
952,797
1,678,228
627,338
670,047

201407200706(201407200706)
593,794
952,797
1,678,228
627,338
670,047

201407200707(201407200707)
593,794
952,797
1,678,228
627,338
670,047

201407200710(201407200710)
594,153
952,797
1,678,228
627,380
670,131

201407200711(201407200711)
594,989
952,797
1,678,228
627,380
670,131

201407200712(201407200712)
594,989
952,797
1,678,228
627,380
671,433

201407200715(201407200715)
595,751
952,797
1,678,228
627,909
671,433

201407200716(201407200716)
596,024
952,797
1,678,228
627,909
671,433

201407200717(201407200717)
596,024
952,797
1,678,228
627,909
671,433

201407200720(201407200720)
596,024
952,797
1,678,228
627,909
671,463

201407200721(201407200721)
596,274
953,650
1,678,228
627,909
671,463

201407200722(201407200722)
596,429
953,650
1,678,228
627,909
671,463

201407200725(201407200725)
596,429
953,650
1,678,228
627,961
671,463

201407200726(201407200726)
596,429
953,650
1,678,228
627,961
671,463

201407200727(201407200727)
596,429
953,650
1,678,228
627,977
671,463

201407200730(201407200730)
596,429
953,650
1,678,228
627,977
671,961

201407200731(201407200731)
596,429
953,650
1,678,228
628,423
671,961

201407200732(201407200732)
596,429
954,186
1,678,228
628,423
671,961

201407200735(201407200735)
596,517
954,186
1,678,228
628,737
671,961

201407200736(201407200736)
596,517
954,186
1,678,228
628,737
672,455

201407200737(201407200737)
596,517
954,186
1,678,228
628,741
672,455

201407200740(201407200740)
596,668
954,186
1,678,228
628,741
672,455

201407200741(201407200741)
596,782
954,186
1,678,228
628,741
672,455

201407200742(201407200742)
596,782
954,387
1,678,228
628,741
672,455

201407200745(201407200745)
597,274
955,362
1,678,228
628,741
672,455

201407200746(201407200746)
597,274
955,769
1,678,228
628,741
672,537

201407200747(201407200747)
597,274
955,769
1,678,228
628,741
672,895

201407200750(201407200750)
597,553
955,769
1,678,228
629,304
672,895

201407200751(201407200751)
597,553
955,769
1,678,228
629,304
673,099

201407200752(201407200752)
597,553
955,769
1,678,228
629,304
673,157

201407200755(201407200755)
597,854
957,756
1,678,228
629,304
673,157

201407200756(201407200756)
597,854
958,030
1,678,228
629,304
673,157

201407200757(201407200757)
597,988
958,030
1,678,228
629,304
673,157

201407200800(201407200800)
597,988
958,109
1,678,228
629,655
673,157

201407200801(201407200801)
597,988
958,109
1,678,228
629,746
673,157

201407200802(201407200802)
597,988
958,109
1,678,228
629,746
673,157

201407200805(201407200805)
598,486
958,109
1,678,228
630,931
673,157

201407200806(201407200806)
598,486
958,109
1,678,228
630,931
673,157

201407200807(201407200807)
598,486
958,109
1,678,228
630,975
673,157

201407200810(201407200810)
598,486
959,912
1,678,228
631,507
674,160

201407200811(201407200811)
598,486
960,210
1,678,228
631,507
674,160

201407200812(201407200812)
598,636
960,210
1,678,228
631,753
674,160

201407200815(201407200815)
599,266
960,210
1,678,228
632,799
674,256

201407200816(201407200816)
599,266
962,305
1,678,228
632,799
674,256

201407200817(201407200817)
599,266
962,305
1,678,515
632,799
674,256

201407200820(201407200820)
599,266
962,305
1,681,453
633,636
674,687

201407200821(201407200821)
599,678
962,305
1,681,453
633,676
674,687

201407200822(201407200822)
599,699
963,678
1,684,730
633,676
674,687

201407200825(201407200825)
600,020
963,678
1,686,800
633,676
676,411

201407200826(201407200826)
600,067
963,831
1,686,800
633,676
676,411

201407200827(201407200827)
600,067
963,831
1,686,800
634,582
676,411

201407200830(201407200830)
600,067
963,831
1,691,460
634,582
676,411

201407200831(201407200831)
600,067
963,831
1,697,626
634,582
676,517

201407200832(201407200832)
600,067
965,392
1,697,626
635,600
676,517

201407200835(201407200835)
600,335
965,392
1,697,626
635,978
676,860

201407200836(201407200836)
600,335
965,392
1,697,626
635,978
676,860

201407200837(201407200837)
600,335
965,392
1,697,626
635,978
676,860

201407200840(201407200840)
600,335
965,392
1,697,626
636,044
677,488

201407200841(201407200841)
600,362
966,424
1,697,626
636,044
678,985

201407200842(201407200842)
600,362
966,424
1,697,626
636,044
679,607

201407200845(201407200845)
600,780
966,424
1,697,626
636,327
680,254

201407200846(201407200846)
600,780
966,424
1,697,626
636,461
681,264

201407200847(201407200847)
600,780
968,466
1,697,626
636,740
681,264

201407200850(201407200850)
600,780
968,529
1,697,626
636,740
681,855

201407200851(201407200851)
600,780
968,529
1,697,626
636,740
682,736

201407200852(201407200852)
601,035
968,529
1,697,626
636,740
682,873

201407200855(201407200855)
601,035
968,529
1,697,626
636,810
682,885

201407200856(201407200856)
601,151
968,529
1,697,626
636,810
682,885

201407200857(201407200857)
601,151
968,529
1,697,626
636,810
682,885

201407200900(201407200900)
601,560
968,529
1,697,626
636,810
682,885

201407200901(201407200901)
601,560
968,529
1,697,626
636,810
682,885

201407200902(201407200902)
601,560
968,699
1,697,626
636,993
682,885

201407200905(201407200905)
601,560
968,699
1,697,626
637,230
683,881

201407200906(201407200906)
601,560
968,762
1,697,626
637,230
683,881

201407200907(201407200907)
601,560
968,762
1,697,626
637,230
684,591

201407200910(201407200910)
601,560
968,762
1,697,626
637,252
684,591

201407200911(201407200911)
601,560
968,762
1,697,626
637,252
684,591

201407200912(201407200912)
601,785
968,762
1,697,626
637,252
684,591

201407200915(201407200915)
602,041
969,431
1,697,626
637,252
684,591

201407200916(201407200916)
602,161
969,431
1,697,626
637,415
684,591

201407200917(201407200917)
602,161
969,431
1,697,626
637,415
684,591

201407200920(201407200920)
602,515
971,016
1,697,626
637,415
684,591

201407200921(201407200921)
602,515
971,016
1,697,626
637,415
684,591

201407200922(201407200922)
602,781
971,016
1,697,626
638,783
684,820

201407200925(201407200925)
602,781
971,221
1,697,626
638,783
684,820

201407200926(201407200926)
602,781
971,221
1,697,626
638,783
684,831

201407200927(201407200927)
602,781
971,221
1,697,626
639,198
684,831

201407200930(201407200930)
602,781
971,221
1,697,626
639,747
684,831

201407200931(201407200931)
602,781
971,221
1,697,626
639,747
684,831

201407200932(201407200932)
602,781
971,221
1,697,626
639,747
685,061

201407200935(201407200935)
602,899
971,732
1,698,262
639,747
685,061

201407200936(201407200936)
602,899
971,732
1,699,856
639,747
685,061

201407200937(201407200937)
602,899
971,732
1,699,856
639,747
685,061

201407200940(201407200940)
603,001
971,732
1,699,856
639,747
685,904

201407200941(201407200941)
603,001
971,732
1,699,856
640,083
685,904

201407200942(201407200942)
603,001
971,732
1,699,856
640,083
685,904

201407200945(201407200945)
603,021
971,732
1,699,856
640,083
685,904

201407200946(201407200946)
603,021
971,732
1,699,856
640,083
686,252

201407200947(201407200947)
603,158
971,732
1,699,856
640,083
686,252

201407200950(201407200950)
603,158
971,732
1,699,856
642,474
686,373

201407200951(201407200951)
603,158
974,656
1,699,856
642,474
686,373

201407200952(201407200952)
603,158
974,656
1,699,856
642,786
686,373

201407200955(201407200955)
603,158
974,656
1,699,856
642,850
687,248

201407200956(201407200956)
603,158
974,656
1,699,856
643,581
687,248

201407200957(201407200957)
603,158
974,656
1,699,856
643,581
687,386

201407201000(201407201000)
603,381
974,656
1,699,856
643,905
688,575

201407201001(201407201001)
603,381
974,656
1,699,856
643,905
689,143

201407201002(201407201002)
603,381
974,656
1,699,856
643,905
689,143

201407201005(201407201005)
603,720
974,656
1,702,489
643,905
689,620

201407201006(201407201006)
603,720
974,656
1,706,313
644,299
690,358

201407201007(201407201007)
603,720
975,129
1,706,313
644,299
690,358

201407201010(201407201010)
604,728
975,129
1,706,313
647,352
690,358

201407201011(201407201011)
604,907
976,447
1,706,313
647,352
690,358

201407201012(201407201012)
604,907
976,447
1,706,313
647,352
690,877

201407201015(201407201015)
605,385
976,447
1,706,313
647,828
691,369

201407201016(201407201016)
605,385
976,627
1,706,313
647,828
691,981

201407201017(201407201017)
605,385
976,627
1,706,313
647,828
692,964

201407201020(201407201020)
605,604
976,627
1,706,313
647,828
692,964

201407201021(201407201021)
606,402
976,627
1,706,313
647,828
693,055

201407201022(201407201022)
606,402
976,627
1,706,313
648,064
693,055

201407201025(201407201025)
606,671
976,702
1,706,313
648,109
693,937

201407201026(201407201026)
607,080
976,702
1,706,313
648,109
693,937

201407201027(201407201027)
607,080
976,702
1,706,313
648,674
693,937

201407201030(201407201030)
607,415
976,702
1,706,313
648,907
694,260

201407201031(201407201031)
608,277
977,356
1,706,313
648,907
694,260

201407201032(201407201032)
608,277
978,598
1,706,313
648,907
695,442

201407201035(201407201035)
608,277
980,653
1,706,313
649,359
696,712

201407201036(201407201036)
608,277
980,767
1,706,313
649,541
696,925

201407201037(201407201037)
608,627
981,829
1,706,313
649,556
696,925

201407201040(201407201040)
608,693
982,461
1,706,313
649,556
698,419

201407201041(201407201041)
608,693
982,461
1,706,313
649,556
698,419

201407201042(201407201042)
609,398
982,461
1,706,313
649,556
698,419

201407201045(201407201045)
609,398
982,560
1,706,313
650,225
698,419

201407201046(201407201046)
609,398
982,934
1,706,313
650,225
698,419

201407201047(201407201047)
609,398
982,934
1,706,313
650,225
698,419

201407201050(201407201050)
609,398
984,322
1,706,313
650,225
699,173

201407201051(201407201051)
609,398
984,322
1,706,313
650,225
699,173

201407201052(201407201052)
609,398
986,315
1,706,313
650,225
699,173

201407201055(201407201055)
609,613
986,966
1,716,556
651,457
699,173

201407201056(201407201056)
609,666
986,966
1,717,620
651,457
699,173

201407201057(201407201057)
609,666
986,966
1,717,620
651,457
699,173

201407201100(201407201100)
609,666
987,701
1,717,620
652,582
699,173

201407201101(201407201101)
609,666
987,812
1,717,620
652,992
699,278

201407201102(201407201102)
609,666
990,938
1,717,620
653,437
699,278

201407201105(201407201105)
609,689
992,522
1,717,620
653,437
700,007

201407201106(201407201106)
609,689
992,522
1,717,620
653,437
700,007

201407201107(201407201107)
609,689
992,747
1,717,620
653,619
700,634

201407201110(201407201110)
610,181
992,747
1,746,801
654,196
700,900

201407201111(201407201111)
610,181
992,747
1,746,801
654,196
701,057

201407201112(201407201112)
610,203
992,747
1,746,801
654,196
701,078

201407201115(201407201115)
611,730
992,747
1,746,801
655,154
701,078

201407201116(201407201116)
611,730
992,747
1,746,801
655,154
701,078

201407201117(201407201117)
611,730
992,747
1,746,801
655,154
701,078

201407201120(201407201120)
612,230
992,747
1,746,801
655,154
701,078

201407201121(201407201121)
612,450
992,747
1,746,801
655,154
701,484

201407201122(201407201122)
612,811
992,747
1,746,801
655,547
701,584

201407201125(201407201125)
613,131
993,240
1,746,801
655,547
701,691

201407201126(201407201126)
614,249
993,240
1,746,801
655,547
701,691

201407201127(201407201127)
615,697
994,174
1,746,801
655,619
701,691

201407201130(201407201130)
616,193
995,310
1,746,801
657,528
701,691

201407201131(201407201131)
616,224
995,310
1,746,801
657,744
701,691

201407201132(201407201132)
616,444
995,310
1,746,801
658,486
701,691

201407201135(201407201135)
617,233
995,310
1,746,801
658,836
702,070

201407201136(201407201136)
617,233
995,797
1,746,801
658,836
702,227

201407201137(201407201137)
617,399
995,797
1,746,801
658,848
702,227

201407201140(201407201140)
617,677
995,797
1,747,909
658,913
702,227

201407201141(201407201141)
617,677
995,797
1,747,909
659,356
702,279

201407201142(201407201142)
617,677
995,797
1,747,909
659,356
702,279

201407201145(201407201145)
617,677
995,797
1,747,909
660,579
702,904

201407201146(201407201146)
618,654
995,797
1,747,909
660,579
704,056

201407201147(201407201147)
618,654
995,797
1,747,909
660,579
704,395

201407201150(201407201150)
619,263
995,797
1,747,909
661,321
705,462

201407201151(201407201151)
619,263
995,797
1,747,909
661,321
706,384

201407201152(201407201152)
619,263
996,278
1,747,909
661,321
706,384

201407201155(201407201155)
619,377
996,278
1,747,909
661,837
706,674

201407201156(201407201156)
619,377
996,278
1,747,909
661,837
706,674

201407201157(201407201157)
619,377
996,278
1,747,909
662,802
706,987

201407201200(201407201200)
619,377
997,819
1,749,286
663,957
706,987

201407201201(201407201201)
619,377
998,174
1,749,286
663,957
706,987

201407201202(201407201202)
619,377
998,174
1,749,286
664,843
707,831

201407201205(201407201205)
619,473
998,174
1,749,286
665,070
708,129

201407201206(201407201206)
619,473
998,174
1,749,286
665,070
708,129

201407201207(201407201207)
619,473
998,174
1,749,286
665,439
708,129

201407201210(201407201210)
620,074
998,174
1,749,286
666,700
708,129

201407201211(201407201211)
620,074
998,174
1,749,286
666,700
708,129

201407201212(201407201212)
620,074
998,174
1,749,286
666,700
708,129

201407201215(201407201215)
621,799
998,174
1,749,286
666,713
709,474

201407201216(201407201216)
621,799
998,174
1,749,286
666,713
709,474

201407201217(201407201217)
621,799
998,174
1,749,286
666,713
709,936

201407201220(201407201220)
622,141
998,866
1,749,286
668,786
709,936

201407201221(201407201221)
622,141
999,773
1,749,286
668,786
710,069

201407201222(201407201222)
622,674
999,773
1,749,286
668,786
710,922

201407201225(201407201225)
623,557
999,923
1,749,286
668,786
711,458

201407201226(201407201226)
623,759
1,000,197
1,749,286
668,786
711,458

201407201227(201407201227)
623,763
1,000,251
1,749,286
669,021
711,694

201407201230(201407201230)
624,707
1,000,251
1,751,451
669,169
711,694

201407201231(201407201231)
626,150
1,000,251
1,751,451
669,470
711,719

201407201232(201407201232)
626,752
1,000,251
1,751,451
669,470
711,719

201407201235(201407201235)
627,267
1,000,251
1,751,451
671,197
711,728

201407201236(201407201236)
627,267
1,000,251
1,751,451
671,197
711,728

201407201237(201407201237)
627,267
1,000,481
1,756,760
671,197
712,114

201407201240(201407201240)
628,185
1,000,787
1,759,680
671,463
712,114

201407201241(201407201241)
628,188
1,000,787
1,759,680
671,463
712,114

201407201242(201407201242)
628,188
1,000,787
1,759,680
671,463
712,191

201407201245(201407201245)
628,188
1,000,787
1,759,680
671,463
712,766

201407201246(201407201246)
628,188
1,000,787
1,759,680
671,463
713,425

201407201247(201407201247)
628,188
1,000,787
1,759,680
671,463
713,425

201407201250(201407201250)
628,636
1,001,015
1,759,680
671,667
713,425

201407201251(201407201251)
628,636
1,001,015
1,759,680
671,667
714,340

201407201252(201407201252)
629,475
1,001,192
1,759,680
671,667
715,306

201407201255(201407201255)
631,073
1,001,397
1,759,680
671,667
715,306

201407201256(201407201256)
631,073
1,001,397
1,759,680
671,667
715,306

201407201257(201407201257)
631,753
1,001,397
1,759,680
671,667
715,306

201407201300(201407201300)
632,076
1,001,426
1,759,680
672,171
715,530

201407201301(201407201301)
632,629
1,001,426
1,759,680
672,171
715,530

201407201302(201407201302)
632,629
1,001,426
1,759,680
672,171
715,530

201407201305(201407201305)
633,341
1,001,426
1,759,680
672,748
716,145

201407201306(201407201306)
633,341
1,001,426
1,759,680
672,854
716,145

201407201307(201407201307)
633,341
1,001,490
1,759,680
673,198
716,145

201407201310(201407201310)
633,963
1,001,744
1,761,809
673,198
716,145

201407201311(201407201311)
633,963
1,002,090
1,761,809
673,198
716,145

201407201312(201407201312)
633,963
1,002,090
1,761,809
673,527
716,153

201407201315(201407201315)
634,554
1,003,441
1,761,809
673,941
716,176

201407201316(201407201316)
635,117
1,003,441
1,761,809
674,011
716,176

201407201317(201407201317)
635,117
1,003,441
1,761,809
674,491
716,176

201407201320(201407201320)
636,016
1,003,441
1,763,825
674,491
716,215

201407201321(201407201321)
636,016
1,003,529
1,763,825
674,491
716,215

201407201322(201407201322)
636,016
1,003,529
1,763,825
674,526
716,215

201407201325(201407201325)
636,334
1,003,657
1,763,825
675,261
716,215

201407201326(201407201326)
636,334
1,004,324
1,763,825
675,261
716,215

201407201327(201407201327)
636,740
1,004,324
1,764,167
675,261
716,215

201407201330(201407201330)
636,740
1,004,324
1,764,167
675,961
716,215

201407201331(201407201331)
636,740
1,004,902
1,764,167
676,173
716,215

201407201332(201407201332)
636,740
1,004,902
1,764,167
676,173
716,226

201407201335(201407201335)
636,740
1,004,902
1,764,167
676,173
716,226

201407201336(201407201336)
636,740
1,004,902
1,764,167
676,173
716,226

201407201337(201407201337)
636,740
1,004,902
1,764,167
676,173
716,226

201407201340(201407201340)
636,810
1,006,437
1,770,463
676,173
716,226

201407201341(201407201341)
636,810
1,006,437
1,770,463
676,173
716,226

201407201342(201407201342)
637,265
1,006,437
1,770,463
676,173
716,524

201407201345(201407201345)
637,433
1,006,653
1,770,463
676,924
716,702

201407201346(201407201346)
637,433
1,006,653
1,770,463
676,957
716,702

201407201347(201407201347)
637,433
1,006,653
1,770,463
677,533
716,791

201407201350(201407201350)
637,433
1,006,653
1,770,463
677,677
718,212

201407201351(201407201351)
637,433
1,006,653
1,770,463
677,881
718,212

201407201352(201407201352)
637,433
1,006,653
1,770,463
678,604
718,212

201407201355(201407201355)
637,433
1,006,999
1,770,463
678,604
720,366

201407201356(201407201356)
637,433
1,006,999
1,770,463
678,730
720,912

201407201357(201407201357)
637,433
1,006,999
1,770,463
678,730
721,603

201407201400(201407201400)
637,433
1,008,056
1,770,463
678,730
721,623

201407201401(201407201401)
637,433
1,009,147
1,770,463
679,060
721,935

201407201402(201407201402)
637,433
1,009,147
1,770,463
679,060
721,935

201407201405(201407201405)
637,433
1,009,147
1,770,463
679,060
722,063

201407201406(201407201406)
637,433
1,009,147
1,770,463
679,060
722,274

201407201407(201407201407)
637,433
1,009,147
1,770,463
679,060
722,274

201407201410(201407201410)
638,063
1,009,147
1,770,463
679,060
722,274

201407201411(201407201411)
638,411
1,009,147
1,770,463
679,060
722,274

201407201412(201407201412)
638,411
1,009,147
1,770,463
679,060
722,446

201407201415(201407201415)
638,411
1,010,591
1,770,463
679,060
722,446

201407201416(201407201416)
638,411
1,010,591
1,770,463
679,060
722,446

201407201417(201407201417)
639,087
1,010,591
1,770,463
679,060
722,521

201407201420(201407201420)
640,634
1,010,591
1,770,829
679,235
723,322

201407201421(201407201421)
641,700
1,010,591
1,770,829
679,435
723,502

201407201422(201407201422)
642,748
1,010,591
1,770,829
679,435
723,502

201407201425(201407201425)
642,802
1,010,591
1,770,829
679,607
723,502

201407201426(201407201426)
642,802
1,010,591
1,770,829
679,607
723,502

201407201427(201407201427)
642,993
1,010,591
1,770,829
679,607
723,502

201407201430(201407201430)
642,993
1,010,667
1,775,023
680,162
723,543

201407201431(201407201431)
642,993
1,010,667
1,775,023
680,162
723,837

201407201432(201407201432)
642,993
1,010,667
1,775,023
680,162
723,846

201407201435(201407201435)
642,993
1,010,667
1,775,023
680,162
724,619

201407201436(201407201436)
643,808
1,010,667
1,775,023
680,254
725,007

201407201437(201407201437)
643,808
1,010,942
1,775,023
680,254
725,007

201407201440(201407201440)
644,077
1,010,942
1,777,696
681,321
725,361

201407201441(201407201441)
644,077
1,010,942
1,778,298
681,321
726,360

201407201442(201407201442)
644,687
1,010,942
1,778,298
681,321
726,706

201407201445(201407201445)
645,516
1,010,942
1,778,298
681,321
726,706

201407201446(201407201446)
645,516
1,010,942
1,778,298
681,321
726,706

201407201447(201407201447)
645,516
1,010,942
1,778,298
681,570
726,706

201407201450(201407201450)
645,672
1,010,942
1,778,298
682,000
727,486

201407201451(201407201451)
645,672
1,010,942
1,778,298
682,000
727,486

201407201452(201407201452)
645,672
1,010,942
1,778,298
682,384
727,486

201407201455(201407201455)
645,672
1,012,209
1,778,298
682,384
728,577

201407201456(201407201456)
645,672
1,012,209
1,778,298
682,384
728,577

201407201457(201407201457)
645,672
1,012,209
1,778,298
682,384
728,577

201407201500(201407201500)
645,672
1,012,209
1,781,942
682,885
728,577

201407201501(201407201501)
645,672
1,013,018
1,782,031
682,885
728,654

201407201502(201407201502)
645,768
1,013,018
1,782,092
682,885
728,654

201407201505(201407201505)
645,869
1,013,018
1,785,332
682,885
728,654

201407201506(201407201506)
645,869
1,013,018
1,788,161
683,314
728,654

201407201507(201407201507)
645,869
1,013,246
1,788,599
683,470
728,654

201407201510(201407201510)
645,869
1,013,246
1,789,226
683,470
728,909

201407201511(201407201511)
645,869
1,013,246
1,790,027
683,470
729,506

201407201512(201407201512)
645,869
1,013,246
1,790,027
683,470
729,857

201407201515(201407201515)
646,920
1,013,810
1,790,027
683,616
729,857

201407201516(201407201516)
646,920
1,013,810
1,790,027
683,616
729,857

201407201517(201407201517)
646,920
1,015,362
1,790,027
683,616
729,993

201407201520(201407201520)
647,839
1,015,713
1,792,726
683,616
729,993

201407201521(201407201521)
647,839
1,015,713
1,795,580
683,616
729,993

201407201522(201407201522)
647,839
1,015,713
1,798,442
684,417
729,993

201407201525(201407201525)
648,058
1,015,928
1,800,428
684,447
730,064

201407201526(201407201526)
648,674
1,015,928
1,800,428
684,447
730,064

201407201527(201407201527)
648,674
1,017,558
1,800,428
684,447
730,159

201407201530(201407201530)
649,128
1,017,558
1,800,428
684,591
730,160

201407201531(201407201531)
649,128
1,017,558
1,800,428
684,591
730,567

201407201532(201407201532)
649,284
1,017,558
1,800,428
684,820
730,567

201407201535(201407201535)
649,541
1,018,752
1,800,428
684,820
730,684

201407201536(201407201536)
649,541
1,018,752
1,800,428
684,820
731,376

201407201537(201407201537)
649,541
1,018,752
1,800,428
684,820
731,616

201407201540(201407201540)
650,107
1,020,153
1,800,428
684,820
731,650

201407201541(201407201541)
650,107
1,020,153
1,800,428
684,820
731,650

201407201542(201407201542)
650,107
1,020,153
1,800,428
684,820
731,650

201407201545(201407201545)
650,897
1,020,272
1,800,428
684,820
731,650

201407201546(201407201546)
650,897
1,022,290
1,800,428
684,820
731,650

201407201547(201407201547)
650,897
1,022,290
1,800,428
684,979
731,650

201407201550(201407201550)
650,897
1,022,290
1,800,428
684,979
731,650

201407201551(201407201551)
650,897
1,022,290
1,800,428
684,979
731,650

201407201552(201407201552)
650,897
1,022,331
1,800,428
685,175
731,650

201407201555(201407201555)
650,982
1,022,503
1,800,428
685,175
731,704

201407201556(201407201556)
650,982
1,022,503
1,800,428
685,175
731,704

201407201557(201407201557)
650,982
1,022,503
1,800,428
685,175
731,704

201407201600(201407201600)
650,982
1,022,503
1,800,428
685,175
731,704

201407201601(201407201601)
650,982
1,022,503
1,800,428
685,175
732,122

201407201602(201407201602)
650,982
1,022,503
1,800,428
685,327
732,122

201407201605(201407201605)
650,982
1,022,817
1,800,428
687,248
732,155

201407201606(201407201606)
650,982
1,022,827
1,800,428
687,248
732,155

201407201607(201407201607)
650,982
1,022,827
1,800,428
687,248
732,155

201407201610(201407201610)
650,982
1,024,482
1,800,428
688,532
732,633

201407201611(201407201611)
650,982
1,024,482
1,800,428
688,532
732,633

201407201612(201407201612)
650,982
1,024,482
1,800,428
688,532
733,212

201407201615(201407201615)
651,676
1,024,482
1,800,428
689,901
733,212

201407201616(201407201616)
651,676
1,024,482
1,802,893
689,901
733,212

201407201617(201407201617)
651,676
1,025,793
1,802,893
689,901
733,212

201407201620(201407201620)
651,676
1,026,978
1,802,893
689,901
733,212

201407201621(201407201621)
651,676
1,026,978
1,802,893
689,901
733,212

201407201622(201407201622)
651,676
1,027,240
1,802,893
689,901
733,364

201407201625(201407201625)
651,854
1,028,323
1,812,047
691,081
733,364

201407201626(201407201626)
651,854
1,028,874
1,812,157
691,081
733,364

201407201627(201407201627)
651,854
1,029,574
1,812,157
691,081
733,680

201407201630(201407201630)
651,854
1,029,574
1,812,157
691,081
734,209

201407201631(201407201631)
652,712
1,029,574
1,812,157
691,081
734,209

201407201632(201407201632)
652,953
1,029,574
1,812,157
691,081
734,209

201407201635(201407201635)
652,979
1,029,574
1,812,157
691,081
734,209

201407201636(201407201636)
652,979
1,029,574
1,812,157
691,081
734,209

201407201637(201407201637)
652,979
1,029,574
1,812,157
691,716
734,209

201407201640(201407201640)
653,619
1,030,103
1,812,570
691,716
735,166

201407201641(201407201641)
653,619
1,030,103
1,812,570
692,414
735,166

201407201642(201407201642)
653,619
1,030,103
1,812,570
692,414
735,316

201407201645(201407201645)
653,619
1,030,103
1,812,570
692,414
735,316

201407201646(201407201646)
654,274
1,030,103
1,815,394
692,414
735,316

201407201647(201407201647)
654,274
1,030,103
1,815,394
692,414
735,316

201407201650(201407201650)
654,274
1,031,461
1,815,394
693,772
735,602

201407201651(201407201651)
654,348
1,031,461
1,815,394
693,772
736,177

201407201652(201407201652)
654,405
1,031,461
1,826,787
694,290
736,620

201407201655(201407201655)
654,405
1,031,926
1,826,787
695,442
736,764

201407201656(201407201656)
654,405
1,031,926
1,826,787
695,442
736,764

201407201657(201407201657)
654,405
1,032,160
1,826,787
695,442
736,945

201407201700(201407201700)
656,233
1,032,160
1,826,787
695,813
738,466

201407201701(201407201701)
656,233
1,034,112
1,826,787
695,813
738,466

201407201702(201407201702)
656,233
1,034,112
1,826,787
695,913
738,466

