201407221706(201407221706)
956,852
1,422,993
2,311,133
1,020,177
1,077,005

201407221707(201407221707)
956,852
1,422,993
2,311,133
1,020,251
1,077,005

201407221710(201407221710)
956,852
1,426,507
2,311,133
1,020,251
1,077,005

201407221711(201407221711)
956,852
1,426,507
2,311,133
1,020,251
1,077,005

201407221712(201407221712)
956,852
1,426,507
2,311,133
1,020,251
1,077,051

201407221715(201407221715)
957,620
1,426,507
2,311,133
1,021,023
1,077,190

201407221716(201407221716)
957,620
1,426,507
2,311,133
1,021,023
1,077,190

201407221717(201407221717)
957,620
1,427,630
2,311,133
1,021,023
1,077,190

201407221720(201407221720)
957,620
1,427,630
2,313,076
1,021,023
1,077,190

201407221721(201407221721)
957,620
1,427,630
2,313,076
1,021,023
1,077,190

201407221722(201407221722)
957,620
1,427,946
2,313,076
1,021,023
1,077,190

201407221725(201407221725)
957,620
1,428,450
2,313,076
1,021,065
1,077,190

201407221726(201407221726)
957,620
1,428,450
2,313,076
1,021,065
1,077,190

201407221727(201407221727)
957,620
1,428,450
2,313,076
1,021,065
1,077,190

201407221730(201407221730)
957,620
1,428,450
2,313,076
1,021,065
1,077,968

201407221731(201407221731)
957,620
1,428,450
2,313,076
1,022,248
1,077,968

201407221732(201407221732)
957,620
1,428,450
2,313,076
1,022,248
1,078,126

201407221735(201407221735)
958,116
1,428,450
2,313,076
1,022,248
1,078,126

201407221736(201407221736)
958,116
1,428,450
2,313,076
1,022,248
1,078,126

201407221737(201407221737)
958,836
1,428,450
2,313,076
1,022,248
1,078,678

201407221740(201407221740)
958,963
1,430,099
2,313,076
1,022,248
1,078,678

201407221741(201407221741)
958,978
1,430,099
2,313,076
1,022,248
1,078,678

201407221742(201407221742)
958,978
1,430,099
2,313,076
1,022,611
1,078,678

201407221745(201407221745)
959,013
1,430,099
2,313,076
1,022,803
1,078,678

201407221746(201407221746)
959,013
1,430,233
2,313,076
1,022,803
1,078,678

201407221747(201407221747)
959,013
1,430,233
2,313,076
1,023,093
1,078,678

201407221750(201407221750)
959,892
1,430,464
2,313,189
1,023,245
1,078,678

201407221751(201407221751)
959,892
1,430,464
2,313,215
1,023,245
1,078,678

201407221752(201407221752)
959,892
1,430,464
2,313,271
1,023,245
1,079,159

201407221755(201407221755)
959,892
1,430,464
2,313,271
1,023,570
1,079,159

201407221756(201407221756)
960,534
1,430,464
2,313,326
1,023,570
1,079,159

201407221757(201407221757)
960,534
1,430,464
2,313,326
1,024,361
1,079,159

201407221800(201407221800)
960,534
1,430,464
2,315,265
1,025,193
1,079,540

201407221801(201407221801)
960,534
1,430,464
2,315,265
1,025,193
1,081,580

201407221802(201407221802)
960,534
1,430,464
2,315,265
1,025,193
1,081,580

201407221805(201407221805)
960,534
1,431,312
2,315,265
1,025,708
1,082,202

201407221806(201407221806)
960,534
1,431,312
2,315,265
1,025,708
1,082,202

201407221807(201407221807)
960,534
1,431,312
2,315,265
1,025,708
1,082,202

201407221810(201407221810)
960,534
1,431,312
2,315,265
1,025,734
1,082,668

201407221811(201407221811)
960,534
1,431,312
2,315,265
1,025,734
1,082,668

201407221812(201407221812)
960,534
1,431,312
2,315,265
1,025,734
1,083,440

201407221815(201407221815)
960,534
1,431,312
2,315,265
1,025,734
1,083,440

201407221816(201407221816)
960,534
1,431,312
2,315,265
1,025,734
1,083,440

201407221817(201407221817)
960,647
1,431,312
2,315,265
1,025,734
1,083,556

201407221820(201407221820)
960,647
1,431,357
2,315,265
1,025,792
1,085,340

201407221821(201407221821)
960,647
1,431,357
2,315,265
1,025,792
1,085,340

201407221822(201407221822)
962,976
1,432,501
2,315,265
1,025,792
1,085,340

201407221825(201407221825)
962,976
1,432,818
2,315,265
1,025,961
1,085,444

201407221826(201407221826)
962,976
1,432,818
2,315,265
1,025,961
1,085,444

201407221827(201407221827)
962,976
1,432,818
2,315,265
1,025,961
1,085,444

201407221830(201407221830)
965,115
1,432,818
2,315,265
1,025,990
1,085,631

201407221831(201407221831)
965,115
1,432,818
2,315,265
1,025,990
1,086,021

201407221832(201407221832)
965,796
1,432,818
2,315,265
1,026,425
1,086,021

201407221835(201407221835)
965,796
1,432,818
2,315,265
1,026,434
1,086,021

201407221836(201407221836)
965,796
1,432,818
2,315,265
1,026,434
1,086,021

201407221837(201407221837)
965,796
1,432,818
2,315,265
1,026,434
1,086,021

201407221840(201407221840)
965,796
1,432,818
2,315,265
1,027,204
1,086,029

201407221841(201407221841)
965,796
1,432,818
2,315,265
1,027,204
1,086,029

201407221842(201407221842)
965,796
1,432,818
2,315,265
1,027,684
1,086,029

201407221845(201407221845)
965,796
1,432,818
2,315,265
1,030,759
1,086,032

201407221846(201407221846)
965,796
1,432,818
2,315,265
1,030,759
1,086,032

201407221847(201407221847)
965,796
1,432,818
2,315,265
1,031,002
1,086,032

201407221850(201407221850)
966,542
1,432,818
2,315,265
1,031,002
1,086,032

201407221851(201407221851)
967,937
1,432,818
2,315,265
1,031,002
1,086,779

201407221852(201407221852)
968,466
1,432,818
2,315,265
1,031,002
1,086,809

201407221855(201407221855)
968,466
1,432,818
2,315,265
1,031,002
1,086,809

201407221856(201407221856)
968,466
1,432,818
2,315,265
1,031,348
1,086,809

201407221857(201407221857)
968,466
1,434,245
2,315,265
1,032,241
1,086,809

201407221900(201407221900)
969,246
1,434,245
2,315,265
1,032,823
1,086,809

201407221901(201407221901)
969,246
1,434,245
2,315,265
1,032,823
1,086,809

201407221902(201407221902)
969,373
1,434,245
2,315,265
1,032,823
1,086,809

201407221905(201407221905)
969,453
1,434,245
2,315,265
1,032,823
1,086,809

201407221906(201407221906)
969,453
1,436,708
2,315,265
1,032,823
1,086,809

201407221907(201407221907)
969,453
1,436,708
2,315,265
1,032,823
1,086,809

201407221910(201407221910)
971,023
1,437,640
2,315,265
1,032,823
1,088,610

201407221911(201407221911)
971,590
1,437,640
2,315,265
1,033,944
1,088,610

201407221912(201407221912)
971,590
1,437,640
2,315,265
1,033,944
1,088,610

201407221915(201407221915)
972,147
1,437,851
2,315,265
1,033,944
1,088,610

201407221916(201407221916)
972,147
1,437,851
2,315,265
1,033,944
1,089,013

201407221917(201407221917)
972,147
1,437,851
2,315,265
1,034,575
1,089,013

201407221920(201407221920)
975,169
1,440,162
2,315,265
1,034,575
1,090,966

201407221921(201407221921)
975,169
1,440,162
2,315,265
1,034,575
1,091,533

201407221922(201407221922)
975,169
1,440,188
2,315,265
1,034,575
1,091,533

201407221925(201407221925)
975,169
1,440,696
2,315,265
1,034,575
1,091,533

201407221926(201407221926)
975,169
1,440,718
2,315,265
1,035,340
1,091,533

201407221927(201407221927)
975,169
1,440,828
2,315,265
1,035,340
1,091,533

201407221930(201407221930)
976,730
1,441,421
2,315,265
1,036,917
1,092,091

201407221931(201407221931)
976,730
1,444,994
2,315,265
1,036,966
1,092,543

201407221932(201407221932)
976,730
1,444,994
2,315,265
1,037,405
1,092,543

201407221935(201407221935)
976,730
1,444,994
2,315,265
1,037,554
1,093,364

201407221936(201407221936)
977,261
1,444,994
2,315,265
1,037,554
1,094,738

201407221937(201407221937)
977,549
1,445,839
2,315,265
1,037,554
1,094,738

201407221940(201407221940)
977,549
1,445,839
2,315,265
1,038,904
1,095,661

201407221941(201407221941)
977,549
1,445,839
2,315,265
1,038,904
1,095,661

201407221942(201407221942)
977,780
1,445,839
2,315,265
1,038,904
1,095,661

201407221945(201407221945)
978,232
1,445,839
2,315,301
1,038,904
1,096,762

201407221946(201407221946)
979,680
1,445,839
2,315,301
1,040,310
1,097,109

201407221947(201407221947)
979,680
1,446,122
2,315,336
1,040,330
1,097,109

201407221950(201407221950)
979,680
1,446,122
2,318,061
1,040,376
1,098,560

201407221951(201407221951)
979,680
1,446,122
2,318,061
1,040,376
1,098,789

201407221952(201407221952)
979,995
1,446,122
2,318,061
1,040,376
1,099,485

201407221955(201407221955)
979,995
1,448,777
2,318,061
1,040,376
1,099,485

201407221956(201407221956)
979,995
1,450,458
2,318,061
1,040,376
1,099,485

201407221957(201407221957)
979,995
1,450,458
2,318,061
1,040,376
1,099,485

201407222000(201407222000)
980,799
1,450,458
2,318,061
1,042,213
1,100,366

201407222001(201407222001)
980,799
1,451,510
2,318,061
1,042,213
1,100,366

201407222002(201407222002)
980,799
1,451,510
2,318,061
1,042,213
1,101,125

201407222005(201407222005)
980,799
1,455,397
2,318,061
1,043,548
1,101,989

201407222006(201407222006)
980,799
1,455,802
2,318,061
1,043,763
1,101,989

201407222007(201407222007)
980,799
1,455,802
2,318,061
1,043,763
1,102,360

201407222010(201407222010)
981,331
1,455,948
2,318,061
1,046,468
1,102,530

201407222011(201407222011)
981,331
1,455,948
2,320,834
1,048,824
1,102,530

201407222012(201407222012)
981,331
1,455,948
2,320,834
1,049,636
1,103,248

201407222015(201407222015)
981,331
1,455,948
2,322,351
1,049,636
1,103,533

201407222016(201407222016)
981,331
1,455,948
2,322,351
1,049,636
1,104,112

201407222017(201407222017)
981,331
1,455,948
2,322,351
1,049,636
1,104,396

201407222020(201407222020)
982,454
1,456,135
2,322,351
1,049,636
1,105,453

201407222021(201407222021)
982,454
1,456,135
2,322,351
1,049,636
1,105,453

201407222022(201407222022)
982,454
1,456,135
2,322,351
1,049,636
1,105,453

201407222025(201407222025)
982,454
1,457,100
2,322,351
1,049,636
1,105,718

201407222026(201407222026)
982,454
1,457,100
2,322,351
1,049,636
1,105,718

201407222027(201407222027)
984,389
1,457,100
2,322,351
1,049,636
1,106,889

201407222030(201407222030)
984,389
1,457,100
2,322,351
1,049,636
1,108,032

201407222031(201407222031)
984,389
1,457,100
2,322,351
1,049,636
1,108,061

201407222032(201407222032)
984,389
1,457,412
2,322,351
1,049,636
1,109,595

201407222035(201407222035)
986,179
1,457,412
2,322,351
1,049,636
1,111,452

201407222036(201407222036)
986,179
1,457,947
2,322,351
1,049,636
1,111,452

201407222037(201407222037)
986,179
1,460,219
2,322,351
1,050,011
1,111,452

201407222040(201407222040)
988,113
1,460,219
2,322,351
1,051,206
1,111,452

201407222041(201407222041)
988,113
1,460,219
2,322,351
1,051,206
1,111,452

201407222042(201407222042)
988,138
1,460,219
2,322,351
1,051,206
1,111,452

201407222045(201407222045)
988,485
1,460,219
2,322,351
1,051,206
1,114,093

201407222046(201407222046)
989,407
1,460,710
2,322,351
1,051,206
1,114,093

201407222047(201407222047)
989,407
1,461,066
2,322,351
1,051,206
1,114,093

201407222050(201407222050)
990,154
1,461,066
2,322,351
1,051,206
1,114,093

201407222051(201407222051)
991,157
1,461,066
2,322,351
1,051,206
1,114,237

201407222052(201407222052)
991,157
1,461,066
2,322,351
1,051,667
1,115,709

201407222055(201407222055)
991,157
1,461,066
2,322,351
1,051,667
1,115,709

201407222056(201407222056)
992,523
1,461,066
2,322,351
1,051,667
1,115,709

201407222057(201407222057)
993,692
1,461,354
2,322,351
1,051,667
1,115,745

201407222100(201407222100)
993,692
1,461,354
2,322,351
1,052,681
1,115,745

201407222101(201407222101)
993,692
1,461,354
2,322,351
1,052,681
1,115,745

201407222102(201407222102)
993,697
1,461,354
2,322,379
1,052,681
1,115,745

201407222105(201407222105)
993,697
1,462,069
2,324,560
1,053,237
1,117,301

201407222106(201407222106)
993,910
1,462,069
2,324,560
1,053,237
1,117,301

201407222107(201407222107)
993,910
1,462,069
2,324,560
1,053,237
1,117,301

201407222110(201407222110)
993,945
1,462,069
2,324,560
1,053,237
1,117,534

201407222111(201407222111)
994,004
1,462,069
2,324,560
1,053,438
1,117,534

201407222112(201407222112)
994,004
1,462,069
2,324,560
1,053,438
1,118,461

201407222115(201407222115)
997,604
1,462,148
2,324,560
1,053,438
1,119,482

201407222116(201407222116)
997,604
1,462,148
2,324,560
1,053,438
1,121,481

201407222117(201407222117)
997,938
1,462,527
2,324,560
1,053,438
1,121,481

201407222120(201407222120)
998,013
1,462,949
2,326,104
1,054,376
1,121,481

201407222121(201407222121)
998,013
1,462,949
2,326,104
1,054,376
1,121,481

201407222122(201407222122)
998,045
1,462,949
2,326,104
1,054,376
1,121,481

201407222125(201407222125)
999,801
1,464,566
2,326,104
1,055,214
1,121,481

201407222126(201407222126)
999,801
1,464,566
2,326,104
1,055,214
1,121,481

201407222127(201407222127)
999,801
1,464,566
2,326,104
1,055,669
1,121,481

201407222130(201407222130)
1,000,391
1,465,825
2,326,104
1,055,669
1,121,481

201407222131(201407222131)
1,000,391
1,466,383
2,326,104
1,056,964
1,122,469

201407222132(201407222132)
1,000,391
1,466,383
2,326,104
1,056,964
1,122,469

201407222135(201407222135)
1,000,773
1,470,646
2,332,736
1,057,594
1,123,427

201407222136(201407222136)
1,000,839
1,470,646
2,332,764
1,057,594
1,123,427

201407222137(201407222137)
1,000,839
1,470,646
2,332,764
1,057,594
1,123,684

201407222140(201407222140)
1,000,839
1,472,549
2,332,764
1,057,594
1,124,818

201407222141(201407222141)
1,000,839
1,472,549
2,332,764
1,057,822
1,125,888

201407222142(201407222142)
1,000,839
1,472,549
2,332,764
1,057,822
1,125,888

201407222145(201407222145)
1,001,261
1,474,211
2,332,973
1,058,318
1,126,174

201407222146(201407222146)
1,001,710
1,474,211
2,333,363
1,058,318
1,126,174

201407222147(201407222147)
1,002,012
1,474,515
2,333,992
1,058,318
1,127,029

201407222150(201407222150)
1,003,291
1,477,377
2,341,901
1,059,324
1,127,130

201407222151(201407222151)
1,003,291
1,477,377
2,341,901
1,060,696
1,127,130

201407222152(201407222152)
1,003,291
1,477,645
2,341,901
1,061,169
1,127,130

201407222155(201407222155)
1,004,347
1,478,977
2,341,901
1,061,672
1,128,687

201407222156(201407222156)
1,004,347
1,478,977
2,341,901
1,062,628
1,130,444

201407222157(201407222157)
1,004,347
1,479,190
2,341,901
1,062,682
1,130,444

201407222200(201407222200)
1,004,347
1,483,196
2,341,901
1,063,325
1,134,856

201407222201(201407222201)
1,004,347
1,486,337
2,341,901
1,063,325
1,135,543

201407222202(201407222202)
1,004,347
1,488,014
2,341,901
1,063,325
1,135,811

201407222205(201407222205)
1,005,535
1,488,217
2,341,901
1,064,198
1,135,811

201407222206(201407222206)
1,005,842
1,488,217
2,341,901
1,064,198
1,135,914

201407222207(201407222207)
1,005,842
1,488,217
2,341,901
1,064,198
1,136,775

201407222210(201407222210)
1,005,842
1,488,528
2,345,429
1,067,200
1,137,374

201407222211(201407222211)
1,005,842
1,488,528
2,345,794
1,069,342
1,137,374

201407222212(201407222212)
1,005,947
1,488,528
2,348,594
1,069,342
1,137,374

201407222215(201407222215)
1,006,296
1,489,154
2,359,772
1,069,342
1,138,265

201407222216(201407222216)
1,007,974
1,489,881
2,359,772
1,069,955
1,138,565

201407222217(201407222217)
1,007,974
1,490,081
2,359,772
1,070,357
1,139,092

201407222220(201407222220)
1,011,406
1,491,798
2,359,772
1,070,463
1,139,445

201407222221(201407222221)
1,011,563
1,491,798
2,359,772
1,070,463
1,139,445

201407222222(201407222222)
1,011,563
1,491,798
2,359,772
1,070,463
1,139,445

201407222225(201407222225)
1,011,563
1,493,239
2,359,772
1,070,463
1,141,018

201407222226(201407222226)
1,011,563
1,493,239
2,359,772
1,070,674
1,141,018

201407222227(201407222227)
1,012,644
1,493,307
2,359,772
1,071,678
1,141,018

201407222230(201407222230)
1,012,644
1,495,382
2,360,748
1,071,678
1,142,099

201407222231(201407222231)
1,012,644
1,495,382
2,360,952
1,072,581
1,142,403

201407222232(201407222232)
1,012,644
1,495,382
2,364,319
1,072,581
1,142,403

201407222235(201407222235)
1,012,802
1,495,382
2,365,125
1,072,581
1,143,027

201407222236(201407222236)
1,015,759
1,495,889
2,365,125
1,072,581
1,143,027

201407222237(201407222237)
1,015,806
1,495,889
2,365,125
1,072,581
1,144,119

201407222240(201407222240)
1,018,745
1,500,608
2,372,398
1,072,709
1,145,642

201407222241(201407222241)
1,019,743
1,500,829
2,376,471
1,074,816
1,145,739

201407222242(201407222242)
1,019,743
1,500,829
2,376,471
1,074,816
1,145,739

201407222245(201407222245)
1,019,743
1,501,727
2,376,471
1,076,729
1,145,966

201407222246(201407222246)
1,019,743
1,501,727
2,376,471
1,077,190
1,145,966

201407222247(201407222247)
1,019,755
1,501,727
2,376,471
1,077,968
1,145,966

201407222250(201407222250)
1,020,063
1,501,727
2,376,471
1,078,126
1,145,966

201407222251(201407222251)
1,021,571
1,501,727
2,376,471
1,079,697
1,145,966

201407222252(201407222252)
1,022,473
1,501,727
2,376,471
1,080,773
1,146,937

201407222255(201407222255)
1,022,761
1,501,727
2,376,471
1,080,773
1,147,056

201407222256(201407222256)
1,023,482
1,502,238
2,376,471
1,080,773
1,147,056

201407222257(201407222257)
1,023,597
1,502,238
2,376,471
1,080,773
1,148,139

201407222300(201407222300)
1,024,361
1,502,371
2,376,471
1,080,773
1,148,523

201407222301(201407222301)
1,024,361
1,502,371
2,376,471
1,080,773
1,149,444

201407222302(201407222302)
1,024,361
1,502,371
2,376,471
1,080,773
1,149,444

201407222305(201407222305)
1,024,661
1,503,113
2,379,642
1,082,187
1,150,252

201407222306(201407222306)
1,025,734
1,503,113
2,379,921
1,082,187
1,150,534

201407222307(201407222307)
1,025,734
1,503,113
2,385,603
1,082,187
1,150,534

201407222310(201407222310)
1,026,087
1,503,584
2,401,983
1,082,740
1,151,306

201407222311(201407222311)
1,026,087
1,503,584
2,401,983
1,082,740
1,151,306

201407222312(201407222312)
1,026,087
1,503,584
2,401,983
1,082,740
1,151,306

201407222315(201407222315)
1,026,087
1,504,179
2,401,983
1,085,105
1,152,331

201407222316(201407222316)
1,026,543
1,504,762
2,401,983
1,085,105
1,152,331

201407222317(201407222317)
1,026,543
1,504,762
2,401,983
1,085,105
1,152,331

201407222320(201407222320)
1,027,684
1,504,762
2,403,357
1,085,341
1,152,331

201407222321(201407222321)
1,027,684
1,504,762
2,403,357
1,086,029
1,152,361

201407222322(201407222322)
1,027,757
1,504,762
2,403,357
1,086,809
1,152,793

201407222325(201407222325)
1,028,115
1,504,762
2,403,357
1,086,907
1,153,615

201407222326(201407222326)
1,030,012
1,504,762
2,403,357
1,086,907
1,155,224

201407222327(201407222327)
1,030,012
1,504,762
2,403,357
1,086,907
1,155,224

201407222330(201407222330)
1,030,597
1,505,145
2,403,357
1,088,507
1,155,224

201407222331(201407222331)
1,030,597
1,505,145
2,403,357
1,088,507
1,156,440

201407222332(201407222332)
1,030,597
1,505,145
2,403,357
1,088,507
1,156,440

201407222335(201407222335)
1,030,759
1,505,863
2,403,357
1,088,690
1,157,883

201407222336(201407222336)
1,030,759
1,505,863
2,403,357
1,088,690
1,159,921

201407222337(201407222337)
1,030,759
1,506,001
2,403,357
1,088,690
1,160,401

201407222340(201407222340)
1,030,759
1,506,076
2,403,357
1,088,690
1,161,412

201407222341(201407222341)
1,030,759
1,506,076
2,403,357
1,088,690
1,162,384

201407222342(201407222342)
1,030,848
1,506,297
2,404,358
1,088,690
1,162,756

201407222345(201407222345)
1,032,852
1,506,297
2,407,618
1,090,515
1,163,779

201407222346(201407222346)
1,033,068
1,506,297
2,407,618
1,090,515
1,164,351

201407222347(201407222347)
1,033,068
1,506,297
2,407,618
1,090,515
1,164,351

201407222350(201407222350)
1,033,707
1,506,297
2,407,618
1,092,109
1,164,456

201407222351(201407222351)
1,033,944
1,506,297
2,407,618
1,092,187
1,164,476

201407222352(201407222352)
1,034,837
1,506,297
2,407,618
1,095,703
1,164,476

201407222355(201407222355)
1,035,820
1,506,297
2,407,618
1,095,703
1,166,647

201407222356(201407222356)
1,035,820
1,506,297
2,407,618
1,095,703
1,166,647

201407222357(201407222357)
1,035,842
1,506,297
2,407,618
1,095,703
1,166,647

201407230000(201407230000)
1,036,642
1,506,342
2,407,618
1,095,703
1,166,647

201407230001(201407230001)
1,036,642
1,506,597
2,407,618
1,095,866
1,166,679

201407230002(201407230002)
1,036,642
1,507,647
2,407,618
1,095,866
1,166,679

201407230005(201407230005)
1,036,642
1,508,166
2,407,618
1,096,142
1,166,679

201407230006(201407230006)
1,036,642
1,508,166
2,407,618
1,097,005
1,166,679

201407230007(201407230007)
1,036,642
1,509,205
2,407,618
1,097,005
1,167,065

201407230010(201407230010)
1,037,405
1,511,809
2,407,618
1,098,842
1,168,615

201407230011(201407230011)
1,037,405
1,511,809
2,407,618
1,099,880
1,168,615

201407230012(201407230012)
1,037,405
1,511,809
2,407,618
1,101,347
1,168,746

201407230015(201407230015)
1,037,554
1,512,443
2,407,618
1,102,530
1,170,460

201407230016(201407230016)
1,038,097
1,512,443
2,407,618
1,102,739
1,170,460

201407230017(201407230017)
1,038,097
1,512,443
2,407,618
1,102,739
1,170,966

201407230020(201407230020)
1,038,547
1,512,443
2,407,618
1,102,755
1,170,968

201407230021(201407230021)
1,038,547
1,512,443
2,407,618
1,102,755
1,171,397

201407230022(201407230022)
1,038,547
1,512,443
2,407,618
1,102,755
1,171,397

201407230025(201407230025)
1,039,267
1,512,443
2,411,308
1,103,254
1,171,397

201407230026(201407230026)
1,039,267
1,512,443
2,411,308
1,103,254
1,171,397

201407230027(201407230027)
1,039,267
1,512,443
2,411,308
1,103,254
1,171,397

201407230030(201407230030)
1,040,182
1,512,443
2,411,308
1,105,410
1,171,478

201407230031(201407230031)
1,040,182
1,512,443
2,411,308
1,105,410
1,171,478

201407230032(201407230032)
1,040,182
1,512,443
2,411,308
1,105,410
1,171,478

201407230035(201407230035)
1,040,289
1,514,496
2,411,308
1,105,433
1,171,995

201407230036(201407230036)
1,040,403
1,515,489
2,411,308
1,105,433
1,171,995

201407230037(201407230037)
1,040,454
1,515,510
2,413,579
1,105,433
1,171,995

201407230040(201407230040)
1,040,454
1,515,510
2,416,640
1,105,444
1,171,995

201407230041(201407230041)
1,040,454
1,515,510
2,416,640
1,105,444
1,171,995

201407230042(201407230042)
1,040,454
1,516,005
2,416,640
1,105,444
1,171,995

201407230045(201407230045)
1,041,187
1,520,195
2,427,566
1,105,444
1,171,995

201407230046(201407230046)
1,041,338
1,522,437
2,439,257
1,105,444
1,171,995

201407230047(201407230047)
1,042,502
1,522,437
2,445,061
1,105,867
1,171,995

201407230050(201407230050)
1,042,502
1,524,092
2,454,440
1,106,889
1,172,900

201407230051(201407230051)
1,044,078
1,524,581
2,454,440
1,108,402
1,172,900

201407230052(201407230052)
1,044,078
1,524,581
2,454,440
1,108,487
1,172,900

201407230055(201407230055)
1,044,739
1,525,323
2,454,440
1,112,044
1,173,871

201407230056(201407230056)
1,045,451
1,526,308
2,454,440
1,112,044
1,173,871

201407230057(201407230057)
1,047,439
1,526,308
2,454,440
1,112,044
1,173,871

201407230100(201407230100)
1,048,126
1,528,516
2,454,440
1,113,407
1,174,069

201407230101(201407230101)
1,048,126
1,528,516
2,454,440
1,113,407
1,174,069

201407230102(201407230102)
1,048,126
1,528,516
2,454,440
1,113,407
1,175,273

201407230105(201407230105)
1,048,824
1,528,516
2,454,440
1,113,407
1,176,126

201407230106(201407230106)
1,049,184
1,528,516
2,454,440
1,113,407
1,177,137

201407230107(201407230107)
1,049,184
1,528,516
2,454,440
1,114,090
1,177,287

201407230110(201407230110)
1,049,379
1,529,749
2,454,440
1,115,594
1,177,287

201407230111(201407230111)
1,049,379
1,532,371
2,454,440
1,116,298
1,178,119

201407230112(201407230112)
1,049,379
1,532,371
2,454,440
1,116,298
1,178,279

201407230115(201407230115)
1,050,558
1,537,920
2,454,440
1,118,618
1,180,203

201407230116(201407230116)
1,050,558
1,537,920
2,454,440
1,118,618
1,180,218

201407230117(201407230117)
1,050,558
1,537,920
2,454,440
1,118,647
1,180,218

201407230120(201407230120)
1,050,558
1,537,920
2,454,440
1,121,950
1,180,718

201407230121(201407230121)
1,050,558
1,537,920
2,454,440
1,121,950
1,181,438

201407230122(201407230122)
1,050,558
1,537,920
2,454,440
1,121,950
1,181,766

201407230125(201407230125)
1,051,206
1,539,765
2,454,440
1,124,774
1,182,183

201407230126(201407230126)
1,051,427
1,539,765
2,454,440
1,126,336
1,182,183

201407230127(201407230127)
1,051,427
1,539,765
2,454,440
1,126,336
1,182,183

201407230130(201407230130)
1,051,427
1,539,765
2,454,440
1,126,955
1,182,183

201407230131(201407230131)
1,051,427
1,539,765
2,454,440
1,127,029
1,183,383

201407230132(201407230132)
1,051,427
1,539,765
2,454,440
1,127,678
1,183,549

201407230135(201407230135)
1,051,427
1,539,765
2,454,440
1,128,138
1,185,452

201407230136(201407230136)
1,051,427
1,539,765
2,454,440
1,128,138
1,186,059

201407230137(201407230137)
1,051,427
1,539,765
2,454,440
1,128,138
1,186,059

201407230140(201407230140)
1,051,966
1,540,652
2,454,440
1,129,489
1,186,059

201407230141(201407230141)
1,052,260
1,540,652
2,454,440
1,129,885
1,186,859

201407230142(201407230142)
1,052,260
1,540,652
2,454,440
1,130,444
1,186,859

201407230145(201407230145)
1,053,513
1,540,652
2,454,440
1,130,571
1,186,869

201407230146(201407230146)
1,053,513
1,540,670
2,454,440
1,133,191
1,186,869

201407230147(201407230147)
1,053,529
1,542,305
2,454,440
1,133,191
1,189,023

201407230150(201407230150)
1,053,529
1,542,987
2,454,440
1,133,191
1,189,913

201407230151(201407230151)
1,053,529
1,542,987
2,454,440
1,133,191
1,189,913

201407230152(201407230152)
1,053,529
1,543,596
2,454,440
1,133,191
1,190,539

201407230155(201407230155)
1,053,623
1,545,042
2,454,440
1,134,178
1,190,539

201407230156(201407230156)
1,053,623
1,545,042
2,454,440
1,134,178
1,190,539

201407230157(201407230157)
1,053,711
1,545,042
2,454,440
1,134,178
1,191,659

201407230200(201407230200)
1,054,777
1,545,042
2,454,440
1,136,046
1,191,659

201407230201(201407230201)
1,055,471
1,545,042
2,454,440
1,136,046
1,191,659

201407230202(201407230202)
1,055,658
1,545,042
2,454,440
1,136,046
1,193,200

201407230205(201407230205)
1,055,669
1,545,459
2,454,440
1,136,046
1,193,806

201407230206(201407230206)
1,055,669
1,545,459
2,454,440
1,136,046
1,193,806

201407230207(201407230207)
1,055,669
1,545,459
2,454,440
1,136,046
1,193,806

201407230210(201407230210)
1,055,669
1,546,017
2,454,440
1,136,048
1,195,051

201407230211(201407230211)
1,055,669
1,546,017
2,454,440
1,136,048
1,195,702

201407230212(201407230212)
1,055,669
1,546,017
2,454,440
1,136,048
1,195,702

201407230215(201407230215)
1,055,994
1,546,017
2,454,440
1,136,048
1,195,702

201407230216(201407230216)
1,056,088
1,546,017
2,454,440
1,136,048
1,195,702

201407230217(201407230217)
1,057,134
1,546,054
2,454,440
1,136,196
1,195,702

201407230220(201407230220)
1,057,134
1,546,129
2,454,440
1,136,196
1,195,702

201407230221(201407230221)
1,057,134
1,546,129
2,454,440
1,136,196
1,195,702

201407230222(201407230222)
1,057,179
1,547,070
2,454,440
1,136,196
1,195,702

201407230225(201407230225)
1,057,739
1,547,225
2,454,440
1,136,196
1,196,409

201407230226(201407230226)
1,057,739
1,548,160
2,454,440
1,136,196
1,196,409

201407230227(201407230227)
1,057,739
1,548,160
2,454,440
1,136,196
1,196,409

201407230230(201407230230)
1,057,739
1,549,596
2,454,440
1,136,388
1,196,409

201407230231(201407230231)
1,058,358
1,550,327
2,454,440
1,136,388
1,196,409

201407230232(201407230232)
1,058,358
1,550,327
2,454,440
1,136,388
1,196,409

201407230235(201407230235)
1,058,853
1,550,327
2,454,440
1,137,150
1,196,409

201407230236(201407230236)
1,058,853
1,550,327
2,454,440
1,137,150
1,196,409

201407230237(201407230237)
1,058,917
1,550,327
2,454,440
1,137,150
1,196,409

201407230240(201407230240)
1,058,917
1,550,327
2,454,440
1,137,150
1,196,960

201407230241(201407230241)
1,058,917
1,550,327
2,454,440
1,137,150
1,197,367

201407230242(201407230242)
1,058,917
1,550,327
2,454,440
1,137,150
1,197,367

201407230245(201407230245)
1,059,115
1,550,327
2,454,440
1,137,150
1,197,367

201407230246(201407230246)
1,059,115
1,550,327
2,454,440
1,137,150
1,197,367

201407230247(201407230247)
1,059,115
1,550,327
2,454,440
1,137,150
1,197,367

201407230250(201407230250)
1,059,489
1,550,327
2,454,440
1,137,150
1,197,367

201407230251(201407230251)
1,059,489
1,550,327
2,454,440
1,137,150
1,198,046

201407230252(201407230252)
1,059,489
1,550,327
2,454,440
1,137,150
1,198,046

201407230255(201407230255)
1,060,073
1,550,327
2,454,440
1,137,150
1,198,046

201407230256(201407230256)
1,060,073
1,550,327
2,454,440
1,137,150
1,198,046

201407230257(201407230257)
1,060,073
1,550,327
2,454,440
1,137,181
1,198,046

201407230300(201407230300)
1,060,100
1,550,850
2,454,440
1,137,370
1,198,046

201407230301(201407230301)
1,060,100
1,550,850
2,454,440
1,137,370
1,198,046

201407230302(201407230302)
1,061,299
1,550,850
2,454,440
1,137,370
1,198,046

201407230305(201407230305)
1,061,945
1,551,482
2,454,440
1,137,370
1,201,037

201407230306(201407230306)
1,061,945
1,551,482
2,454,440
1,137,370
1,201,058

201407230307(201407230307)
1,061,945
1,551,482
2,454,440
1,137,370
1,201,100

201407230310(201407230310)
1,061,945
1,551,482
2,454,440
1,137,370
1,201,100

201407230311(201407230311)
1,061,945
1,551,482
2,454,440
1,137,370
1,201,100

201407230312(201407230312)
1,062,380
1,551,482
2,454,440
1,137,370
1,201,100

201407230315(201407230315)
1,062,380
1,552,912
2,454,440
1,137,370
1,201,119

201407230316(201407230316)
1,062,380
1,552,912
2,454,440
1,137,370
1,201,896

201407230317(201407230317)
1,063,348
1,552,912
2,454,440
1,137,370
1,201,896

201407230320(201407230320)
1,063,348
1,552,912
2,454,440
1,137,370
1,201,896

201407230321(201407230321)
1,063,348
1,552,912
2,454,440
1,137,370
1,201,896

201407230322(201407230322)
1,063,348
1,552,912
2,454,440
1,137,370
1,201,896

201407230325(201407230325)
1,064,233
1,552,912
2,454,440
1,137,653
1,201,896

201407230326(201407230326)
1,064,233
1,552,912
2,454,440
1,137,653
1,201,896

201407230327(201407230327)
1,064,233
1,552,912
2,454,440
1,137,653
1,201,896

201407230330(201407230330)
1,064,874
1,552,912
2,454,440
1,137,653
1,201,896

201407230331(201407230331)
1,064,874
1,552,912
2,454,440
1,137,653
1,201,896

201407230332(201407230332)
1,064,874
1,552,912
2,454,440
1,137,653
1,201,896

201407230335(201407230335)
1,064,874
1,553,217
2,454,440
1,137,653
1,201,896

201407230336(201407230336)
1,067,420
1,553,217
2,454,440
1,137,653
1,201,902

201407230337(201407230337)
1,067,420
1,553,217
2,454,440
1,137,653
1,201,902

201407230340(201407230340)
1,067,420
1,553,217
2,454,440
1,137,653
1,201,989

201407230341(201407230341)
1,067,420
1,553,217
2,454,440
1,137,653
1,202,044

201407230342(201407230342)
1,067,420
1,553,217
2,454,440
1,137,653
1,202,330

201407230345(201407230345)
1,067,420
1,554,757
2,454,440
1,137,653
1,202,330

201407230346(201407230346)
1,067,420
1,554,757
2,454,440
1,138,457
1,202,330

201407230347(201407230347)
1,067,420
1,554,757
2,454,440
1,138,457
1,202,330

201407230350(201407230350)
1,067,420
1,554,757
2,454,440
1,139,215
1,202,390

201407230351(201407230351)
1,067,420
1,554,757
2,454,440
1,139,364
1,202,390

201407230352(201407230352)
1,067,420
1,554,757
2,454,440
1,139,364
1,202,390

201407230355(201407230355)
1,067,420
1,554,757
2,454,440
1,139,788
1,202,390

201407230356(201407230356)
1,067,518
1,554,757
2,454,440
1,139,788
1,202,390

201407230357(201407230357)
1,067,518
1,554,757
2,454,440
1,139,788
1,203,741

201407230400(201407230400)
1,067,518
1,554,757
2,454,440
1,140,876
1,203,741

201407230401(201407230401)
1,067,518
1,554,757
2,454,440
1,140,876
1,204,144

201407230402(201407230402)
1,067,518
1,554,757
2,454,440
1,140,876
1,204,192

201407230405(201407230405)
1,068,149
1,554,757
2,454,440
1,140,876
1,204,192

201407230406(201407230406)
1,068,149
1,554,757
2,454,440
1,140,876
1,204,192

201407230407(201407230407)
1,068,149
1,554,757
2,454,440
1,140,876
1,204,192

201407230410(201407230410)
1,068,149
1,554,757
2,454,440
1,141,001
1,204,192

201407230411(201407230411)
1,068,149
1,554,757
2,454,440
1,141,001
1,204,192

201407230412(201407230412)
1,068,623
1,554,757
2,454,440
1,141,001
1,204,192

201407230415(201407230415)
1,068,623
1,555,868
2,454,440
1,141,018
1,204,192

201407230416(201407230416)
1,068,623
1,555,868
2,454,440
1,141,018
1,204,192

201407230417(201407230417)
1,068,623
1,555,868
2,454,440
1,141,018
1,204,192

201407230420(201407230420)
1,070,357
1,556,285
2,454,440
1,141,018
1,204,192

201407230421(201407230421)
1,070,357
1,556,285
2,454,440
1,141,018
1,204,192

201407230422(201407230422)
1,070,357
1,556,285
2,454,440
1,141,018
1,204,192

201407230425(201407230425)
1,070,357
1,556,285
2,454,440
1,141,018
1,204,192

201407230426(201407230426)
1,070,674
1,556,285
2,454,440
1,141,018
1,204,192

201407230427(201407230427)
1,070,674
1,556,285
2,454,440
1,141,018
1,204,192

201407230430(201407230430)
1,070,833
1,556,285
2,454,440
1,141,018
1,204,192

201407230431(201407230431)
1,070,923
1,556,285
2,454,440
1,141,018
1,204,192

201407230432(201407230432)
1,070,937
1,556,285
2,454,440
1,141,018
1,204,192

201407230435(201407230435)
1,070,937
1,556,808
2,454,440
1,142,089
1,204,192

201407230436(201407230436)
1,071,761
1,556,808
2,454,440
1,142,089
1,204,192

201407230437(201407230437)
1,071,761
1,556,808
2,454,440
1,142,089
1,204,192

201407230440(201407230440)
1,071,761
1,556,808
2,454,440
1,142,089
1,204,192

201407230441(201407230441)
1,071,761
1,556,808
2,454,440
1,142,089
1,204,871

201407230442(201407230442)
1,071,761
1,556,808
2,454,440
1,142,089
1,204,871

201407230445(201407230445)
1,071,761
1,556,808
2,454,440
1,142,403
1,204,871

201407230446(201407230446)
1,071,761
1,556,808
2,454,440
1,142,403
1,204,871

201407230447(201407230447)
1,071,761
1,557,081
2,454,440
1,142,403
1,205,037

201407230450(201407230450)
1,071,761
1,557,081
2,454,440
1,145,642
1,206,993

201407230451(201407230451)
1,071,761
1,557,081
2,454,440
1,145,642
1,206,993

201407230452(201407230452)
1,071,761
1,559,025
2,454,440
1,145,642
1,206,993

201407230455(201407230455)
1,072,196
1,559,025
2,454,440
1,145,642
1,207,142

201407230456(201407230456)
1,072,196
1,559,025
2,454,440
1,145,642
1,207,142

201407230457(201407230457)
1,072,196
1,559,025
2,454,440
1,145,642
1,207,142

201407230500(201407230500)
1,072,196
1,559,025
2,454,440
1,145,730
1,207,142

201407230501(201407230501)
1,072,196
1,559,025
2,454,440
1,145,730
1,207,142

201407230502(201407230502)
1,072,234
1,559,025
2,454,440
1,145,730
1,207,142

201407230505(201407230505)
1,072,901
1,559,025
2,454,440
1,145,730
1,207,142

201407230506(201407230506)
1,073,632
1,559,025
2,454,440
1,145,935
1,207,142

201407230507(201407230507)
1,073,632
1,559,025
2,454,440
1,145,935
1,207,142

201407230510(201407230510)
1,075,735
1,559,025
2,454,440
1,145,935
1,207,756

201407230511(201407230511)
1,075,735
1,559,025
2,454,440
1,145,935
1,207,756

201407230512(201407230512)
1,075,735
1,559,025
2,454,440
1,145,935
1,207,756

201407230515(201407230515)
1,075,735
1,559,025
2,454,440
1,145,935
1,208,092

201407230516(201407230516)
1,075,735
1,559,025
2,454,440
1,145,935
1,208,092

201407230517(201407230517)
1,075,735
1,559,025
2,454,440
1,145,935
1,208,092

201407230520(201407230520)
1,075,735
1,560,114
2,454,440
1,145,935
1,208,092

201407230521(201407230521)
1,075,735
1,560,114
2,454,440
1,145,935
1,208,092

201407230522(201407230522)
1,075,735
1,560,114
2,454,440
1,145,935
1,208,092

201407230525(201407230525)
1,075,735
1,560,114
2,454,440
1,145,935
1,208,215

201407230526(201407230526)
1,075,735
1,560,114
2,454,440
1,145,935
1,208,215

201407230527(201407230527)
1,075,735
1,560,114
2,454,440
1,145,935
1,208,215

201407230530(201407230530)
1,075,735
1,560,114
2,454,440
1,145,935
1,208,215

201407230531(201407230531)
1,075,735
1,560,114
2,454,440
1,145,935
1,208,215

201407230532(201407230532)
1,075,735
1,560,114
2,454,440
1,145,935
1,208,215

201407230535(201407230535)
1,077,874
1,560,437
2,454,440
1,145,935
1,208,215

201407230536(201407230536)
1,077,874
1,560,437
2,454,440
1,145,935
1,208,215

201407230537(201407230537)
1,077,874
1,560,437
2,454,440
1,145,935
1,208,215

201407230540(201407230540)
1,077,874
1,560,437
2,454,440
1,145,935
1,208,563

201407230541(201407230541)
1,077,874
1,560,437
2,454,440
1,145,935
1,208,563

201407230542(201407230542)
1,077,874
1,560,437
2,454,440
1,145,935
1,208,563

201407230545(201407230545)
1,077,874
1,561,435
2,454,440
1,146,113
1,209,145

201407230546(201407230546)
1,077,874
1,561,435
2,454,440
1,146,226
1,209,145

201407230547(201407230547)
1,077,874
1,561,435
2,454,440
1,146,226
1,209,145

201407230550(201407230550)
1,077,874
1,561,465
2,454,440
1,146,226
1,209,145

201407230551(201407230551)
1,077,874
1,561,465
2,454,440
1,146,226
1,209,145

201407230552(201407230552)
1,077,874
1,561,465
2,454,440
1,146,226
1,209,145

201407230555(201407230555)
1,077,874
1,561,465
2,454,440
1,146,226
1,209,145

201407230556(201407230556)
1,077,947
1,561,465
2,454,440
1,146,226
1,209,145

201407230557(201407230557)
1,077,947
1,561,465
2,454,440
1,146,226
1,209,145

201407230600(201407230600)
1,077,947
1,561,465
2,454,440
1,146,226
1,209,145

201407230601(201407230601)
1,078,164
1,561,465
2,454,440
1,146,226
1,209,145

201407230602(201407230602)
1,078,164
1,561,465
2,454,440
1,146,226
1,209,145

201407230605(201407230605)
1,078,166
1,561,465
2,454,440
1,147,056
1,209,145

201407230606(201407230606)
1,078,166
1,561,465
2,454,440
1,147,056
1,209,416

201407230607(201407230607)
1,078,166
1,561,465
2,454,440
1,147,056
1,209,788

201407230610(201407230610)
1,078,331
1,561,465
2,454,440
1,151,511
1,209,822

201407230611(201407230611)
1,078,678
1,561,465
2,454,440
1,151,511
1,209,822

201407230612(201407230612)
1,078,678
1,561,465
2,454,440
1,151,511
1,209,822

201407230615(201407230615)
1,079,977
1,561,465
2,454,440
1,151,622
1,210,055

201407230616(201407230616)
1,079,977
1,561,465
2,454,440
1,151,622
1,211,114

201407230617(201407230617)
1,079,977
1,561,465
2,454,440
1,151,622
1,211,793

201407230620(201407230620)
1,079,977
1,561,900
2,454,440
1,151,622
1,211,793

201407230621(201407230621)
1,079,977
1,561,900
2,454,478
1,151,622
1,211,793

201407230622(201407230622)
1,079,977
1,561,900
2,455,552
1,151,622
1,211,793

201407230625(201407230625)
1,079,977
1,561,900
2,455,552
1,151,622
1,211,793

201407230626(201407230626)
1,079,977
1,561,900
2,455,552
1,151,622
1,211,793

201407230627(201407230627)
1,079,977
1,561,900
2,455,552
1,151,622
1,211,793

201407230630(201407230630)
1,079,977
1,561,900
2,455,552
1,151,622
1,211,793

201407230631(201407230631)
1,079,977
1,561,900
2,455,552
1,152,361
1,211,793

201407230632(201407230632)
1,079,977
1,561,900
2,455,552
1,152,871
1,211,793

201407230635(201407230635)
1,079,977
1,561,900
2,455,552
1,152,871
1,212,175

201407230636(201407230636)
1,079,977
1,561,900
2,455,552
1,152,871
1,212,175

201407230637(201407230637)
1,081,994
1,562,533
2,455,552
1,152,871
1,212,175

201407230640(201407230640)
1,084,380
1,562,533
2,455,552
1,152,871
1,212,175

201407230641(201407230641)
1,085,341
1,562,533
2,455,552
1,152,871
1,212,175

201407230642(201407230642)
1,085,341
1,562,533
2,455,552
1,152,871
1,212,175

201407230645(201407230645)
1,086,029
1,562,533
2,455,552
1,152,871
1,212,175

201407230646(201407230646)
1,086,029
1,562,533
2,455,552
1,152,871
1,212,475

201407230647(201407230647)
1,086,029
1,562,642
2,456,209
1,155,549
1,212,475

201407230650(201407230650)
1,086,549
1,562,642
2,459,127
1,155,708
1,213,340

201407230651(201407230651)
1,086,549
1,562,832
2,462,068
1,155,708
1,213,938

201407230652(201407230652)
1,086,809
1,562,832
2,462,068
1,155,708
1,214,432

201407230655(201407230655)
1,087,633
1,562,832
2,462,068
1,155,752
1,214,562

201407230656(201407230656)
1,087,633
1,562,832
2,462,068
1,155,752
1,214,562

201407230657(201407230657)
1,087,633
1,562,832
2,464,820
1,155,752
1,214,775

201407230700(201407230700)
1,087,633
1,562,832
2,470,530
1,156,223
1,215,388

201407230701(201407230701)
1,087,633
1,562,832
2,470,530
1,156,223
1,215,388

201407230702(201407230702)
1,087,633
1,562,832
2,470,530
1,156,223
1,215,388

201407230705(201407230705)
1,087,633
1,564,862
2,476,036
1,156,223
1,216,188

201407230706(201407230706)
1,087,633
1,564,862
2,476,164
1,156,223
1,216,188

201407230707(201407230707)
1,087,633
1,564,862
2,478,010
1,156,223
1,216,972

201407230710(201407230710)
1,088,407
1,564,862
2,478,010
1,156,223
1,216,972

201407230711(201407230711)
1,088,996
1,564,862
2,478,010
1,156,223
1,216,972

201407230712(201407230712)
1,088,996
1,566,582
2,478,010
1,157,237
1,216,972

201407230715(201407230715)
1,088,996
1,566,582
2,478,010
1,157,237
1,216,972

201407230716(201407230716)
1,088,996
1,566,582
2,478,010
1,157,237
1,216,972

201407230717(201407230717)
1,088,996
1,566,582
2,478,010
1,157,237
1,216,972

201407230720(201407230720)
1,090,654
1,566,768
2,478,010
1,157,237
1,216,972

201407230721(201407230721)
1,090,952
1,566,768
2,478,010
1,157,237
1,218,551

201407230722(201407230722)
1,090,952
1,566,768
2,478,010
1,157,237
1,218,551

201407230725(201407230725)
1,090,952
1,566,768
2,478,010
1,157,728
1,219,112

