201407181705(201407181705)
346,056
553,035
1,090,551
366,709
386,260

201407181706(201407181706)
346,056
553,035
1,090,551
366,709
386,260

201407181707(201407181707)
346,056
553,035
1,090,551
366,709
386,707

201407181710(201407181710)
346,123
553,203
1,090,551
367,159
386,953

201407181711(201407181711)
346,231
553,203
1,090,551
367,159
386,953

201407181712(201407181712)
346,444
553,203
1,095,652
367,159
386,953

201407181715(201407181715)
346,699
553,507
1,095,652
367,591
387,232

201407181716(201407181716)
346,699
553,507
1,095,652
367,812
387,268

201407181717(201407181717)
346,699
553,507
1,095,652
367,812
387,601

201407181720(201407181720)
346,742
554,006
1,095,652
368,318
387,679

201407181721(201407181721)
347,456
554,006
1,095,652
368,318
387,679

201407181722(201407181722)
347,456
554,006
1,095,652
368,318
387,679

201407181725(201407181725)
347,538
554,006
1,101,048
369,091
388,014

201407181726(201407181726)
347,852
554,006
1,101,048
369,380
388,014

201407181727(201407181727)
347,852
554,103
1,101,048
369,380
388,356

201407181730(201407181730)
348,079
554,621
1,102,530
369,485
388,588

201407181731(201407181731)
348,079
554,819
1,102,829
369,485
388,588

201407181732(201407181732)
348,079
556,255
1,103,466
369,485
388,588

201407181735(201407181735)
348,313
558,372
1,105,667
369,674
388,588

201407181736(201407181736)
348,486
558,772
1,105,667
369,674
388,588

201407181737(201407181737)
348,486
558,772
1,105,667
369,674
388,588

201407181740(201407181740)
349,066
558,796
1,105,667
370,098
389,249

201407181741(201407181741)
349,532
558,796
1,105,667
370,098
389,249

201407181742(201407181742)
349,532
559,520
1,105,667
370,098
389,249

201407181745(201407181745)
350,239
562,320
1,105,667
370,100
389,753

201407181746(201407181746)
350,239
562,550
1,105,667
370,100
390,330

201407181747(201407181747)
350,239
562,550
1,105,667
370,378
390,330

201407181750(201407181750)
350,516
562,562
1,105,667
370,809
391,462

201407181751(201407181751)
350,516
562,569
1,105,667
370,992
392,125

201407181752(201407181752)
351,139
563,116
1,105,667
370,992
392,125

201407181755(201407181755)
351,235
563,127
1,105,667
372,078
393,327

201407181756(201407181756)
351,235
563,840
1,105,667
372,078
393,832

201407181757(201407181757)
351,235
563,840
1,105,667
372,892
393,832

201407181800(201407181800)
351,674
564,394
1,105,667
373,345
394,739

201407181801(201407181801)
351,674
564,933
1,105,667
373,705
394,877

201407181802(201407181802)
352,006
564,933
1,105,667
373,705
394,907

201407181805(201407181805)
352,374
565,254
1,105,667
373,778
395,041

201407181806(201407181806)
352,458
565,254
1,105,667
373,778
395,556

201407181807(201407181807)
352,533
565,254
1,105,667
373,778
395,556

201407181810(201407181810)
353,202
565,848
1,105,667
374,439
396,300

201407181811(201407181811)
353,528
566,133
1,105,667
374,562
396,300

201407181812(201407181812)
353,681
566,133
1,105,667
375,006
396,300

201407181815(201407181815)
353,737
566,939
1,105,667
375,109
397,082

201407181816(201407181816)
353,737
567,553
1,105,667
375,109
397,403

201407181817(201407181817)
353,737
567,598
1,105,667
375,177
397,403

201407181820(201407181820)
354,496
568,813
1,105,667
375,177
398,168

201407181821(201407181821)
354,496
568,813
1,105,667
375,551
398,502

201407181822(201407181822)
354,531
568,884
1,105,667
375,551
398,639

201407181825(201407181825)
354,798
569,027
1,105,667
376,312
398,943

201407181826(201407181826)
354,798
569,027
1,105,667
376,312
398,943

201407181827(201407181827)
354,798
569,027
1,105,667
376,312
399,493

201407181830(201407181830)
354,856
569,233
1,105,667
376,706
399,493

201407181831(201407181831)
355,093
569,233
1,105,667
376,706
399,493

201407181832(201407181832)
355,093
569,233
1,105,667
376,706
399,493

201407181835(201407181835)
355,700
570,422
1,105,667
376,706
400,492

201407181836(201407181836)
355,700
570,589
1,105,667
376,772
400,597

201407181837(201407181837)
355,700
572,138
1,107,258
376,772
400,597

201407181840(201407181840)
356,172
572,594
1,107,258
377,702
400,650

201407181841(201407181841)
356,172
573,308
1,112,287
377,702
400,681

201407181842(201407181842)
356,172
573,713
1,115,193
377,702
400,681

201407181845(201407181845)
356,551
573,873
1,116,365
377,702
400,765

201407181846(201407181846)
356,551
573,873
1,116,365
377,832
400,765

201407181847(201407181847)
356,671
573,873
1,116,365
377,961
400,765

201407181850(201407181850)
356,889
575,230
1,116,365
378,689
400,909

201407181851(201407181851)
357,180
575,230
1,116,365
379,485
400,956

201407181852(201407181852)
357,475
575,230
1,116,365
379,485
401,546

201407181855(201407181855)
358,186
575,405
1,116,614
379,682
401,619

201407181856(201407181856)
358,664
575,405
1,116,614
380,090
401,907

201407181857(201407181857)
359,194
576,547
1,116,614
380,236
401,907

201407181900(201407181900)
360,292
577,890
1,116,614
380,656
402,301

201407181901(201407181901)
360,292
578,022
1,116,614
380,779
402,301

201407181902(201407181902)
360,537
578,022
1,123,137
381,059
402,301

201407181905(201407181905)
360,799
579,775
1,126,050
381,751
402,588

201407181906(201407181906)
360,799
579,775
1,126,050
381,751
402,612

201407181907(201407181907)
360,799
579,775
1,128,623
382,536
404,084

201407181910(201407181910)
361,003
580,121
1,128,623
383,613
404,159

201407181911(201407181911)
361,003
580,121
1,128,623
383,788
404,754

201407181912(201407181912)
361,003
580,121
1,128,623
384,023
404,754

201407181915(201407181915)
362,565
581,073
1,128,750
384,595
405,363

201407181916(201407181916)
362,996
581,073
1,128,750
384,595
405,363

201407181917(201407181917)
363,048
581,341
1,128,750
384,595
405,409

201407181920(201407181920)
363,876
581,889
1,135,551
384,828
405,872

201407181921(201407181921)
364,081
581,889
1,137,452
384,855
406,229

201407181922(201407181922)
364,263
581,889
1,138,569
384,855
406,235

201407181925(201407181925)
364,600
581,889
1,141,141
384,855
406,317

201407181926(201407181926)
364,600
581,889
1,141,141
385,404
406,317

201407181927(201407181927)
364,960
581,889
1,141,141
385,579
406,337

201407181930(201407181930)
365,048
583,431
1,141,141
385,657
406,740

201407181931(201407181931)
365,048
583,431
1,141,141
385,911
406,740

201407181932(201407181932)
365,589
583,714
1,141,141
385,911
406,962

201407181935(201407181935)
366,429
585,372
1,141,141
386,247
407,685

201407181936(201407181936)
366,429
585,372
1,141,141
386,247
408,056

201407181937(201407181937)
366,688
585,495
1,141,141
386,247
408,056

201407181940(201407181940)
366,709
586,420
1,141,141
386,260
408,749

201407181941(201407181941)
366,709
587,035
1,141,141
386,260
408,749

201407181942(201407181942)
366,709
587,035
1,141,141
386,707
408,749

201407181945(201407181945)
366,902
587,195
1,141,141
387,457
408,749

201407181946(201407181946)
367,179
587,559
1,141,141
387,457
409,020

201407181947(201407181947)
367,179
587,559
1,141,141
387,679
409,270

201407181950(201407181950)
367,929
587,559
1,141,141
388,097
409,584

201407181951(201407181951)
367,929
587,559
1,143,633
388,097
410,608

201407181952(201407181952)
367,929
587,559
1,146,029
388,125
410,743

201407181955(201407181955)
367,929
587,559
1,146,029
388,311
410,848

201407181956(201407181956)
367,929
587,559
1,146,029
388,311
410,848

201407181957(201407181957)
368,318
587,559
1,146,029
388,311
410,916

201407182000(201407182000)
368,673
587,559
1,146,029
388,311
411,538

201407182001(201407182001)
368,781
587,559
1,146,029
388,367
411,538

201407182002(201407182002)
368,781
587,559
1,146,029
388,575
411,538

201407182005(201407182005)
368,781
587,559
1,146,029
388,773
412,092

201407182006(201407182006)
368,906
588,287
1,146,029
388,773
412,174

201407182007(201407182007)
368,949
588,406
1,146,029
388,773
412,174

201407182010(201407182010)
369,144
588,555
1,152,713
389,593
412,439

201407182011(201407182011)
369,380
588,585
1,155,281
389,593
412,439

201407182012(201407182012)
369,413
588,615
1,155,281
389,593
412,439

201407182015(201407182015)
369,413
590,378
1,155,281
390,584
412,439

201407182016(201407182016)
370,518
590,378
1,155,281
390,781
412,444

201407182017(201407182017)
370,518
593,381
1,155,281
390,781
412,519

201407182020(201407182020)
371,512
593,381
1,155,281
391,715
413,770

201407182021(201407182021)
371,793
593,650
1,155,281
391,811
413,770

201407182022(201407182022)
371,829
593,650
1,155,281
392,427
413,770

201407182025(201407182025)
372,586
597,027
1,155,281
393,216
414,737

201407182026(201407182026)
372,586
597,027
1,155,281
394,365
414,768

201407182027(201407182027)
372,586
597,027
1,155,281
394,515
414,963

201407182030(201407182030)
372,698
597,854
1,155,281
395,972
415,525

201407182031(201407182031)
372,698
598,499
1,155,281
395,972
415,525

201407182032(201407182032)
372,892
598,586
1,155,281
396,374
415,525

201407182035(201407182035)
373,705
598,636
1,155,281
396,952
415,885

201407182036(201407182036)
373,886
598,789
1,155,281
397,040
416,099

201407182037(201407182037)
373,886
599,263
1,155,281
397,040
416,172

201407182040(201407182040)
373,963
600,067
1,155,281
397,317
416,370

201407182041(201407182041)
373,963
600,067
1,155,281
397,563
416,641

201407182042(201407182042)
373,987
600,067
1,157,064
397,866
417,176

201407182045(201407182045)
375,203
600,350
1,157,892
398,502
418,557

201407182046(201407182046)
375,551
600,350
1,157,892
398,502
418,557

201407182047(201407182047)
375,639
600,350
1,157,892
398,502
418,654

201407182050(201407182050)
375,763
600,621
1,157,892
398,555
419,020

201407182051(201407182051)
375,763
600,621
1,157,892
398,555
419,056

201407182052(201407182052)
375,816
601,242
1,157,892
398,555
419,056

201407182055(201407182055)
376,924
601,939
1,157,892
398,943
419,470

201407182056(201407182056)
376,924
602,407
1,157,892
398,943
419,470

201407182057(201407182057)
376,924
602,781
1,157,892
398,943
419,830

201407182100(201407182100)
377,156
603,021
1,163,454
399,285
420,447

201407182101(201407182101)
377,702
603,021
1,163,454
399,285
420,528

201407182102(201407182102)
377,832
603,021
1,163,454
399,285
420,656

201407182105(201407182105)
378,692
604,049
1,163,454
399,556
421,144

201407182106(201407182106)
378,692
604,702
1,163,454
400,032
421,570

201407182107(201407182107)
379,009
604,702
1,163,454
400,650
421,642

201407182110(201407182110)
379,607
605,472
1,171,655
400,859
421,786

201407182111(201407182111)
379,607
605,472
1,171,655
400,909
422,369

201407182112(201407182112)
379,607
605,472
1,171,655
400,909
422,369

201407182115(201407182115)
379,806
605,664
1,174,328
401,546
422,691

201407182116(201407182116)
379,806
605,664
1,174,821
401,546
423,342

201407182117(201407182117)
380,747
605,664
1,174,821
401,546
423,451

201407182120(201407182120)
380,747
605,664
1,174,821
402,474
423,942

201407182121(201407182121)
381,037
606,024
1,174,821
402,512
424,221

201407182122(201407182122)
381,037
606,511
1,174,821
402,588
424,221

201407182125(201407182125)
381,922
608,747
1,177,125
403,141
424,932

201407182126(201407182126)
382,536
608,915
1,177,873
403,141
425,021

201407182127(201407182127)
382,812
608,915
1,178,132
403,141
425,744

201407182130(201407182130)
383,116
609,462
1,178,132
405,362
426,819

201407182131(201407182131)
383,263
609,595
1,178,132
405,409
427,754

201407182132(201407182132)
383,613
609,595
1,178,132
405,872
427,855

201407182135(201407182135)
384,855
610,714
1,180,803
406,317
429,245

201407182136(201407182136)
385,023
610,999
1,183,722
406,500
429,296

201407182137(201407182137)
385,231
610,999
1,186,652
406,567
429,296

201407182140(201407182140)
385,657
611,661
1,189,543
407,562
429,712

201407182141(201407182141)
385,657
611,719
1,189,543
407,899
430,405

201407182142(201407182142)
385,657
611,719
1,189,543
408,056
430,428

201407182145(201407182145)
386,070
612,629
1,192,475
408,768
430,658

201407182146(201407182146)
386,260
613,085
1,192,475
409,254
430,658

201407182147(201407182147)
386,260
613,268
1,192,475
409,319
430,658

201407182150(201407182150)
386,671
614,249
1,192,475
409,495
431,110

201407182151(201407182151)
388,074
614,294
1,192,475
409,800
431,110

201407182152(201407182152)
388,367
615,195
1,195,394
410,026
431,110

201407182155(201407182155)
388,372
616,133
1,198,701
410,801
431,314

201407182156(201407182156)
388,564
616,133
1,198,701
410,886
431,314

201407182157(201407182157)
388,824
616,133
1,198,701
410,987
431,314

201407182200(201407182200)
388,903
617,280
1,198,701
411,254
433,224

201407182201(201407182201)
389,372
617,306
1,201,642
411,324
433,256

201407182202(201407182202)
389,372
618,086
1,204,023
411,680
433,256

201407182205(201407182205)
390,523
618,984
1,204,023
412,176
433,447

201407182206(201407182206)
390,781
619,408
1,207,086
412,291
433,614

201407182207(201407182207)
391,369
619,497
1,210,023
412,291
433,704

201407182210(201407182210)
392,930
619,497
1,216,106
412,524
434,739

201407182211(201407182211)
393,161
619,497
1,216,106
412,714
434,739

201407182212(201407182212)
393,216
619,497
1,216,106
412,953
434,739

201407182215(201407182215)
393,694
621,397
1,216,106
414,837
435,418

201407182216(201407182216)
393,949
621,397
1,216,106
414,837
435,418

201407182217(201407182217)
393,949
621,421
1,216,106
414,963
435,418

201407182220(201407182220)
394,505
623,468
1,216,106
415,791
435,439

201407182221(201407182221)
395,037
624,342
1,216,106
415,791
435,705

201407182222(201407182222)
395,170
624,909
1,216,106
415,791
436,334

201407182225(201407182225)
395,521
627,071
1,216,106
416,225
437,775

201407182226(201407182226)
395,521
627,338
1,220,164
416,225
438,185

201407182227(201407182227)
395,521
627,338
1,220,164
416,385
438,228

201407182230(201407182230)
396,500
628,160
1,220,164
416,385
439,679

201407182231(201407182231)
396,500
628,160
1,222,538
416,660
440,544

201407182232(201407182232)
396,666
628,160
1,222,538
416,660
441,074

201407182235(201407182235)
397,702
628,160
1,222,538
418,557
441,164

201407182236(201407182236)
397,702
628,195
1,222,538
419,020
441,741

201407182237(201407182237)
398,383
630,691
1,222,538
419,020
442,816

201407182240(201407182240)
398,383
630,691
1,222,538
420,333
444,152

201407182241(201407182241)
399,285
630,691
1,222,570
420,333
444,152

201407182242(201407182242)
399,492
630,691
1,222,570
420,472
444,152

201407182245(201407182245)
399,689
632,496
1,222,570
421,140
444,414

201407182246(201407182246)
399,828
632,496
1,222,570
421,407
445,017

201407182247(201407182247)
400,032
632,496
1,222,572
422,128
445,017

201407182250(201407182250)
400,765
636,653
1,223,391
422,681
447,012

201407182251(201407182251)
400,765
638,234
1,223,391
422,916
447,012

201407182252(201407182252)
400,877
638,234
1,223,391
422,916
447,012

201407182255(201407182255)
402,059
638,234
1,224,319
423,451
447,521

201407182256(201407182256)
402,059
638,413
1,224,319
423,451
447,843

201407182257(201407182257)
402,059
638,413
1,224,319
423,588
447,869

201407182300(201407182300)
402,303
639,575
1,227,782
424,329
448,514

201407182301(201407182301)
402,303
639,575
1,228,220
425,011
448,514

201407182302(201407182302)
402,588
639,575
1,232,843
425,021
449,207

201407182305(201407182305)
403,547
639,771
1,235,653
425,200
449,529

201407182306(201407182306)
403,547
639,771
1,235,653
425,292
450,022

201407182307(201407182307)
403,547
640,145
1,235,653
425,292
450,447

201407182310(201407182310)
404,084
640,447
1,235,653
425,915
450,528

201407182311(201407182311)
404,704
640,447
1,235,653
426,073
450,719

201407182312(201407182312)
404,704
640,447
1,235,653
426,249
451,166

201407182315(201407182315)
405,023
640,505
1,238,575
427,289
451,795

201407182316(201407182316)
405,432
641,277
1,238,897
427,688
451,795

201407182317(201407182317)
405,432
641,277
1,238,897
427,754
452,099

201407182320(201407182320)
405,522
644,197
1,238,897
427,782
452,297

201407182321(201407182321)
405,522
644,197
1,240,191
427,782
452,297

201407182322(201407182322)
405,522
644,197
1,240,191
427,842
452,619

201407182325(201407182325)
405,872
647,566
1,240,191
428,317
453,245

201407182326(201407182326)
405,963
647,566
1,241,256
428,973
453,245

201407182327(201407182327)
405,963
647,566
1,242,223
428,973
453,245

201407182330(201407182330)
406,500
647,566
1,245,939
429,562
453,364

201407182331(201407182331)
406,500
647,566
1,245,939
429,778
453,364

201407182332(201407182332)
406,500
647,566
1,245,939
429,797
453,716

201407182335(201407182335)
406,602
648,123
1,246,287
429,948
455,832

201407182336(201407182336)
407,190
648,123
1,248,817
430,405
455,832

201407182337(201407182337)
407,190
648,123
1,248,817
430,502
455,832

201407182340(201407182340)
407,284
648,545
1,251,338
430,701
456,929

201407182341(201407182341)
407,388
648,588
1,251,338
431,159
457,079

201407182342(201407182342)
407,388
648,588
1,251,338
431,986
457,079

201407182345(201407182345)
407,702
649,074
1,253,280
432,056
457,079

201407182346(201407182346)
408,868
649,074
1,253,280
432,171
457,079

201407182347(201407182347)
410,015
650,755
1,253,280
432,283
458,271

201407182350(201407182350)
410,923
651,412
1,253,362
433,336
459,289

201407182351(201407182351)
410,957
652,222
1,253,362
433,704
459,797

201407182352(201407182352)
410,957
653,463
1,253,362
433,892
459,907

201407182355(201407182355)
411,324
657,568
1,253,362
434,732
460,665

201407182356(201407182356)
411,504
659,405
1,253,403
434,732
460,842

201407182357(201407182357)
411,504
659,579
1,253,667
434,739
461,622

201407190000(201407190000)
412,174
659,579
1,253,667
434,739
463,138

201407190001(201407190001)
412,174
660,139
1,253,667
434,777
463,755

201407190002(201407190002)
412,174
660,139
1,253,667
435,045
464,026

201407190005(201407190005)
412,291
661,198
1,253,667
435,045
464,887

201407190006(201407190006)
412,391
662,203
1,253,667
435,045
464,887

201407190007(201407190007)
412,953
662,203
1,253,667
435,045
465,289

201407190010(201407190010)
413,497
662,380
1,254,194
435,202
465,554

201407190011(201407190011)
413,497
663,249
1,254,194
435,330
465,598

201407190012(201407190012)
413,497
663,378
1,254,194
435,330
465,598

201407190015(201407190015)
413,501
663,536
1,254,194
435,705
466,667

201407190016(201407190016)
414,663
663,536
1,254,194
436,334
466,922

201407190017(201407190017)
414,768
663,536
1,254,227
436,546
467,927

201407190020(201407190020)
415,841
666,369
1,254,260
436,710
469,361

201407190021(201407190021)
415,841
666,369
1,254,260
436,710
469,361

201407190022(201407190022)
415,841
666,369
1,254,260
437,775
469,621

201407190025(201407190025)
416,172
667,276
1,264,160
439,469
469,698

201407190026(201407190026)
416,172
669,642
1,264,160
439,469
469,698

201407190027(201407190027)
416,225
669,666
1,264,160
439,469
469,806

201407190030(201407190030)
416,646
670,224
1,264,160
439,689
469,806

201407190031(201407190031)
416,837
671,538
1,264,160
439,778
470,774

201407190032(201407190032)
416,837
671,538
1,266,362
440,019
470,774

201407190035(201407190035)
418,588
672,054
1,269,929
440,418
470,860

201407190036(201407190036)
418,588
672,054
1,269,929
440,418
470,860

201407190037(201407190037)
418,613
672,054
1,269,929
441,216
470,860

201407190040(201407190040)
419,020
675,117
1,269,929
441,932
470,886

201407190041(201407190041)
419,080
675,117
1,269,929
442,756
470,886

201407190042(201407190042)
419,080
676,739
1,269,929
442,756
471,338

201407190045(201407190045)
419,734
678,382
1,271,234
443,944
471,902

201407190046(201407190046)
419,734
678,382
1,274,688
443,944
472,349

201407190047(201407190047)
419,734
678,382
1,276,281
443,944
472,385

201407190050(201407190050)
420,141
678,985
1,281,469
444,152
472,634

201407190051(201407190051)
420,141
678,985
1,283,644
444,152
472,634

201407190052(201407190052)
420,472
680,178
1,283,644
444,152
472,634

201407190055(201407190055)
420,472
681,129
1,283,644
444,857
473,478

201407190056(201407190056)
420,528
681,841
1,284,970
445,207
473,727

201407190057(201407190057)
420,528
681,841
1,284,970
445,207
473,727

201407190100(201407190100)
421,551
683,629
1,284,970
445,260
473,727

201407190101(201407190101)
421,551
683,629
1,284,970
445,753
473,821

201407190102(201407190102)
421,551
683,629
1,284,970
445,753
473,821

201407190105(201407190105)
421,836
683,629
1,284,970
445,996
474,152

201407190106(201407190106)
422,031
683,629
1,284,970
446,180
474,152

201407190107(201407190107)
422,031
683,629
1,284,970
446,180
474,152

201407190110(201407190110)
422,231
683,629
1,284,970
446,907
475,386

201407190111(201407190111)
422,231
683,629
1,284,970
446,952
475,468

201407190112(201407190112)
422,231
683,629
1,284,970
446,952
475,504

201407190115(201407190115)
422,403
683,629
1,284,970
446,952
476,577

201407190116(201407190116)
422,403
683,629
1,284,970
446,952
476,577

201407190117(201407190117)
422,403
683,629
1,284,970
446,952
476,577

201407190120(201407190120)
422,403
683,758
1,287,795
446,952
476,793

201407190121(201407190121)
423,058
684,558
1,287,795
446,952
476,793

201407190122(201407190122)
423,844
684,558
1,287,795
447,012
476,793

201407190125(201407190125)
424,805
684,601
1,287,795
447,182
476,793

201407190126(201407190126)
425,200
684,601
1,287,795
447,368
476,793

201407190127(201407190127)
425,200
686,197
1,287,795
447,368
477,115

201407190130(201407190130)
425,292
687,227
1,287,795
447,869
477,379

201407190131(201407190131)
425,601
687,587
1,288,840
447,869
478,015

201407190132(201407190132)
425,915
687,587
1,291,837
448,653
478,571

201407190135(201407190135)
426,249
689,202
1,291,837
449,056
478,711

201407190136(201407190136)
426,249
689,202
1,291,837
449,123
478,711

201407190137(201407190137)
426,288
689,202
1,291,837
449,123
478,711

201407190140(201407190140)
426,377
689,202
1,292,628
449,293
479,797

201407190141(201407190141)
426,913
689,202
1,292,628
449,293
480,068

201407190142(201407190142)
426,913
689,202
1,292,628
449,293
480,068

201407190145(201407190145)
427,234
689,202
1,292,628
449,305
480,068

201407190146(201407190146)
427,754
689,202
1,292,628
449,305
480,519

201407190147(201407190147)
427,754
689,202
1,292,628
449,403
480,519

201407190150(201407190150)
428,105
692,197
1,292,735
450,087
480,681

201407190151(201407190151)
428,317
694,787
1,292,735
450,249
480,681

201407190152(201407190152)
428,317
694,787
1,292,735
450,249
480,681

201407190155(201407190155)
428,533
694,787
1,292,735
451,025
481,224

201407190156(201407190156)
428,771
694,787
1,292,735
451,025
481,224

201407190157(201407190157)
428,771
694,787
1,292,735
451,309
481,395

201407190200(201407190200)
428,771
694,787
1,292,735
452,045
481,540

201407190201(201407190201)
428,871
694,787
1,292,735
452,159
481,540

201407190202(201407190202)
428,951
694,787
1,292,735
452,159
481,540

201407190205(201407190205)
429,562
694,904
1,292,735
453,122
481,540

201407190206(201407190206)
429,562
695,540
1,292,735
453,245
481,540

201407190207(201407190207)
429,562
695,913
1,292,735
453,245
482,048

201407190210(201407190210)
429,778
696,193
1,292,735
453,245
483,273

201407190211(201407190211)
429,852
696,193
1,292,735
453,364
483,273

201407190212(201407190212)
430,502
696,193
1,292,735
453,364
483,273

201407190215(201407190215)
431,127
698,024
1,292,735
455,144
483,479

201407190216(201407190216)
431,127
698,024
1,292,735
455,342
483,479

201407190217(201407190217)
431,127
698,024
1,292,735
455,342
483,479

201407190220(201407190220)
431,197
698,024
1,292,735
456,113
483,935

201407190221(201407190221)
431,587
699,278
1,292,735
456,113
483,935

201407190222(201407190222)
431,773
699,278
1,292,735
456,113
484,042

201407190225(201407190225)
431,976
701,049
1,292,735
456,113
484,091

201407190226(201407190226)
431,976
701,049
1,292,735
456,113
484,091

201407190227(201407190227)
431,976
701,049
1,292,735
456,113
484,091

201407190230(201407190230)
431,976
701,049
1,292,735
456,790
484,091

201407190231(201407190231)
432,154
701,049
1,292,735
456,790
484,154

201407190232(201407190232)
432,154
701,049
1,292,735
456,790
484,457

201407190235(201407190235)
432,154
701,049
1,292,735
457,079
486,770

201407190236(201407190236)
432,283
701,049
1,296,992
457,079
487,300

201407190237(201407190237)
432,283
701,049
1,296,992
458,217
487,300

201407190240(201407190240)
432,332
701,320
1,296,992
458,271
487,300

201407190241(201407190241)
432,566
701,320
1,296,992
458,271
487,609

201407190242(201407190242)
432,566
701,320
1,296,992
458,271
487,950

201407190245(201407190245)
432,660
701,320
1,301,759
458,387
487,950

201407190246(201407190246)
432,660
701,457
1,307,341
458,444
487,950

201407190247(201407190247)
432,660
701,457
1,307,341
458,473
487,950

201407190250(201407190250)
432,660
701,902
1,310,944
458,631
488,537

201407190251(201407190251)
432,660
701,902
1,310,944
458,631
488,537

201407190252(201407190252)
432,660
701,902
1,310,944
459,316
488,537

201407190255(201407190255)
433,450
702,719
1,310,944
459,353
489,990

201407190256(201407190256)
433,450
702,826
1,310,944
459,845
490,192

201407190257(201407190257)
433,450
702,826
1,310,944
459,848
490,192

201407190300(201407190300)
433,687
703,082
1,310,944
460,139
490,432

201407190301(201407190301)
433,687
703,082
1,310,944
460,139
490,432

201407190302(201407190302)
433,687
703,082
1,310,944
460,139
490,432

201407190305(201407190305)
433,687
703,082
1,310,944
460,842
490,432

201407190306(201407190306)
433,687
703,082
1,310,944
460,842
490,432

201407190307(201407190307)
433,687
703,082
1,310,944
461,095
490,432

201407190310(201407190310)
433,687
703,082
1,310,944
461,095
491,717

201407190311(201407190311)
433,687
703,082
1,310,944
461,095
491,717

201407190312(201407190312)
433,687
703,082
1,310,944
461,095
491,717

201407190315(201407190315)
434,034
703,082
1,310,944
461,477
491,841

201407190316(201407190316)
434,497
703,082
1,310,944
461,477
491,841

201407190317(201407190317)
434,505
703,082
1,310,944
461,477
491,841

201407190320(201407190320)
434,584
703,082
1,310,944
461,676
491,841

201407190321(201407190321)
434,732
703,082
1,310,944
461,846
492,389

201407190322(201407190322)
434,732
703,082
1,310,944
462,281
492,389

201407190325(201407190325)
434,732
703,194
1,310,944
462,281
492,389

201407190326(201407190326)
434,732
703,451
1,311,443
462,281
492,389

201407190327(201407190327)
434,732
703,657
1,311,443
462,281
492,389

201407190330(201407190330)
434,739
704,546
1,311,443
462,281
492,389

201407190331(201407190331)
434,739
704,697
1,311,443
462,937
492,389

201407190332(201407190332)
434,739
705,942
1,311,443
462,937
492,389

201407190335(201407190335)
435,156
705,942
1,311,443
464,040
492,389

201407190336(201407190336)
435,156
706,406
1,311,443
464,040
492,389

201407190337(201407190337)
435,156
706,406
1,311,443
464,040
492,389

201407190340(201407190340)
435,156
706,406
1,311,443
464,040
492,389

201407190341(201407190341)
435,202
706,406
1,311,443
464,040
492,395

201407190342(201407190342)
435,202
706,468
1,311,443
464,040
492,395

201407190345(201407190345)
435,202
707,144
1,311,443
464,040
492,395

201407190346(201407190346)
435,315
707,144
1,311,443
464,040
492,395

201407190347(201407190347)
435,315
707,144
1,311,443
464,040
492,395

201407190350(201407190350)
435,439
707,144
1,311,562
464,166
492,395

201407190351(201407190351)
435,439
707,826
1,311,562
464,617
492,395

201407190352(201407190352)
435,439
707,826
1,311,562
465,171
492,395

201407190355(201407190355)
435,439
707,986
1,311,562
465,286
492,605

201407190356(201407190356)
435,439
707,986
1,311,562
465,286
492,605

201407190357(201407190357)
435,439
707,986
1,311,562
465,286
492,979

201407190400(201407190400)
435,439
707,986
1,311,562
465,286
492,979

201407190401(201407190401)
435,439
707,986
1,311,562
465,286
492,979

201407190402(201407190402)
435,439
707,986
1,311,562
465,286
492,979

201407190405(201407190405)
435,439
707,986
1,315,001
465,286
493,704

201407190406(201407190406)
435,439
707,986
1,315,001
465,286
493,704

201407190407(201407190407)
435,439
707,986
1,315,001
465,286
493,704

201407190410(201407190410)
435,705
708,288
1,315,001
465,286
493,814

201407190411(201407190411)
435,705
708,288
1,315,001
465,286
493,814

201407190412(201407190412)
435,705
708,288
1,315,001
465,286
493,814

201407190415(201407190415)
435,705
708,764
1,315,001
465,318
493,814

201407190416(201407190416)
435,705
708,764
1,315,001
465,318
493,814

201407190417(201407190417)
435,714
708,764
1,315,001
465,318
493,814

201407190420(201407190420)
435,714
708,764
1,315,001
465,318
493,814

201407190421(201407190421)
435,714
708,764
1,315,001
465,318
493,814

201407190422(201407190422)
435,915
708,764
1,315,001
465,318
493,814

201407190425(201407190425)
436,317
708,764
1,315,001
465,318
493,814

201407190426(201407190426)
436,317
708,764
1,315,001
465,318
493,814

201407190427(201407190427)
436,334
708,764
1,315,001
465,318
493,814

201407190430(201407190430)
436,334
710,524
1,315,001
465,318
493,814

201407190431(201407190431)
436,334
710,524
1,315,001
465,339
493,814

201407190432(201407190432)
436,546
710,524
1,315,001
465,339
493,814

201407190435(201407190435)
436,546
710,679
1,315,001
465,339
493,814

201407190436(201407190436)
436,546
710,679
1,315,001
465,339
493,814

201407190437(201407190437)
436,546
710,679
1,315,001
465,339
493,814

201407190440(201407190440)
436,696
710,679
1,315,001
465,339
494,096

201407190441(201407190441)
436,696
710,679
1,315,001
465,339
494,096

201407190442(201407190442)
436,696
710,679
1,316,165
465,456
494,096

201407190445(201407190445)
436,696
710,679
1,323,398
465,456
494,096

201407190446(201407190446)
436,696
710,679
1,323,480
465,456
494,096

201407190447(201407190447)
436,696
710,679
1,325,298
465,456
494,096

201407190450(201407190450)
437,249
710,679
1,332,535
465,480
494,149

201407190451(201407190451)
437,440
710,679
1,333,833
465,480
494,471

201407190452(201407190452)
437,761
710,679
1,333,833
465,534
494,471

201407190455(201407190455)
438,379
710,679
1,333,833
465,579
494,471

201407190456(201407190456)
438,379
710,679
1,333,833
465,579
494,471

201407190457(201407190457)
438,379
710,679
1,333,833
465,579
494,974

201407190500(201407190500)
438,379
710,679
1,333,833
465,579
495,274

201407190501(201407190501)
438,379
710,679
1,333,833
465,579
495,274

201407190502(201407190502)
438,379
710,679
1,333,833
465,579
495,274

201407190505(201407190505)
438,809
711,579
1,333,833
465,579
495,274

201407190506(201407190506)
438,809
711,579
1,333,833
465,579
495,274

201407190507(201407190507)
438,809
711,579
1,333,833
465,926
495,274

201407190510(201407190510)
438,809
711,579
1,333,833
465,926
495,274

201407190511(201407190511)
438,809
711,579
1,333,833
465,926
495,274

201407190512(201407190512)
438,809
711,579
1,333,833
465,926
495,274

201407190515(201407190515)
438,897
711,579
1,333,833
466,221
496,308

201407190516(201407190516)
438,897
711,579
1,333,833
466,221
497,605

201407190517(201407190517)
438,897
711,579
1,333,833
466,413
497,605

201407190520(201407190520)
438,897
711,579
1,333,833
466,413
497,605

201407190521(201407190521)
438,932
711,648
1,333,833
466,413
499,134

201407190522(201407190522)
438,932
711,648
1,333,833
467,307
499,134

201407190525(201407190525)
438,932
711,648
1,333,833
467,307
499,134

201407190526(201407190526)
438,932
711,648
1,340,934
467,876
499,134

201407190527(201407190527)
438,932
711,648
1,341,944
467,876
499,309

201407190530(201407190530)
439,469
711,648
1,341,944
468,225
499,426

201407190531(201407190531)
439,469
711,648
1,341,944
468,225
499,426

201407190532(201407190532)
439,469
711,878
1,341,944
468,225
499,426

201407190535(201407190535)
439,469
711,878
1,341,944
468,487
499,426

201407190536(201407190536)
439,469
711,878
1,341,944
468,487
499,426

201407190537(201407190537)
439,469
711,878
1,341,944
468,487
499,426

201407190540(201407190540)
440,019
711,878
1,341,944
468,487
499,748

201407190541(201407190541)
440,019
711,878
1,342,332
468,487
499,748

201407190542(201407190542)
440,019
711,878
1,342,332
468,487
499,748

201407190545(201407190545)
440,181
711,878
1,342,332
468,487
499,748

201407190546(201407190546)
440,181
711,878
1,342,332
468,487
499,748

201407190547(201407190547)
440,181
711,878
1,342,332
468,487
499,858

201407190550(201407190550)
440,181
712,759
1,342,332
469,593
499,858

201407190551(201407190551)
440,181
712,759
1,342,332
469,593
499,858

201407190552(201407190552)
440,288
712,759
1,342,332
469,593
499,858

201407190555(201407190555)
440,288
712,759
1,342,332
469,593
499,858

201407190556(201407190556)
440,418
712,759
1,342,332
469,593
499,858

201407190557(201407190557)
440,418
712,759
1,342,332
469,593
499,858

201407190600(201407190600)
440,480
712,759
1,342,332
469,651
499,858

201407190601(201407190601)
440,480
712,759
1,342,332
469,651
499,858

201407190602(201407190602)
440,480
712,759
1,342,332
469,806
499,910

201407190605(201407190605)
440,544
712,759
1,342,332
469,806
499,910

201407190606(201407190606)
440,544
714,123
1,342,332
470,256
499,910

201407190607(201407190607)
441,127
714,123
1,342,332
470,256
500,164

201407190610(201407190610)
441,216
714,123
1,342,332
470,886
500,164

201407190611(201407190611)
441,216
714,123
1,342,332
470,886
500,164

201407190612(201407190612)
441,216
714,123
1,342,332
470,886
500,164

201407190615(201407190615)
441,677
714,123
1,342,332
471,297
500,164

201407190616(201407190616)
441,677
714,123
1,342,332
471,441
500,164

201407190617(201407190617)
441,677
714,123
1,342,332
471,441
500,164

201407190620(201407190620)
442,756
716,147
1,342,332
471,683
500,629

201407190621(201407190621)
442,756
716,147
1,342,332
471,683
500,629

201407190622(201407190622)
442,816
716,147
1,342,332
472,041
500,629

201407190625(201407190625)
442,816
716,147
1,342,332
472,041
500,796

201407190626(201407190626)
442,816
716,147
1,342,332
472,041
500,796

201407190627(201407190627)
442,816
716,147
1,342,332
472,212
500,796

201407190630(201407190630)
442,816
716,147
1,342,332
472,558
500,796

201407190631(201407190631)
442,820
716,294
1,342,332
472,558
500,796

201407190632(201407190632)
443,130
716,294
1,342,332
472,558
500,796

201407190635(201407190635)
443,130
716,294
1,342,332
472,558
500,942

201407190636(201407190636)
443,130
716,294
1,342,332
472,558
500,947

201407190637(201407190637)
443,342
716,294
1,342,332
472,558
500,947

201407190640(201407190640)
443,884
716,294
1,342,332
472,634
500,947

201407190641(201407190641)
443,884
716,294
1,342,332
472,634
500,947

201407190642(201407190642)
443,944
716,294
1,342,332
472,634
501,775

201407190645(201407190645)
443,977
716,540
1,342,332
473,270
502,440

201407190646(201407190646)
443,977
716,862
1,344,977
473,821
502,440

201407190647(201407190647)
443,977
716,862
1,347,765
473,821
502,440

201407190650(201407190650)
444,463
716,862
1,347,765
474,438
502,666

201407190651(201407190651)
444,463
716,862
1,347,765
474,438
502,666

201407190652(201407190652)
444,463
716,862
1,347,765
474,438
502,984

201407190655(201407190655)
444,463
717,716
1,347,765
474,563
503,057

201407190656(201407190656)
444,463
717,986
1,347,765
474,563
503,157

201407190657(201407190657)
444,647
717,986
1,347,765
474,563
503,157

201407190700(201407190700)
445,036
718,546
1,347,765
474,563
503,157

201407190701(201407190701)
445,036
718,618
1,347,765
474,563
503,157

201407190702(201407190702)
445,036
718,618
1,347,765
475,504
503,157

201407190705(201407190705)
445,036
718,618
1,347,765
475,960
503,158

201407190706(201407190706)
445,036
718,618
1,347,765
476,172
503,258

201407190707(201407190707)
445,109
718,618
1,347,765
476,172
503,258

201407190710(201407190710)
445,260
718,618
1,348,469
476,332
504,841

201407190711(201407190711)
445,753
718,618
1,354,660
476,332
504,841

201407190712(201407190712)
445,996
718,618
1,354,660
476,517
505,507

201407190715(201407190715)
446,180
721,922
1,354,660
476,577
507,007

201407190716(201407190716)
446,522
721,922
1,354,660
476,577
507,007

201407190717(201407190717)
446,701
721,922
1,354,660
476,577
507,149

201407190720(201407190720)
447,416
722,563
1,354,660
477,148
507,149

201407190721(201407190721)
447,416
722,819
1,354,660
477,148
507,422

201407190722(201407190722)
447,416
722,885
1,354,660
477,148
507,422

201407190725(201407190725)
447,521
723,331
1,354,660
477,148
507,886

201407190726(201407190726)
447,521
723,331
1,354,660
477,148
507,886

201407190727(201407190727)
447,521
723,331
1,354,660
477,379
507,886

201407190730(201407190730)
447,655
724,624
1,354,660
477,379
507,886

201407190731(201407190731)
447,655
724,624
1,354,660
478,267
507,886

201407190732(201407190732)
447,655
724,624
1,354,660
478,718
507,886

201407190735(201407190735)
447,655
724,927
1,354,660
478,718
507,886

201407190736(201407190736)
447,655
724,927
1,354,660
479,055
507,886

201407190737(201407190737)
447,655
724,927
1,354,660
479,230
507,886

201407190740(201407190740)
447,940
724,927
1,354,660
479,488
507,886

201407190741(201407190741)
448,073
724,927
1,361,523
479,488
507,886

201407190742(201407190742)
448,073
724,927
1,361,523
479,488
507,886

201407190745(201407190745)
448,073
726,336
1,361,523
479,488
508,180

201407190746(201407190746)
448,073
726,336
1,361,523
479,488
508,180

201407190747(201407190747)
448,073
726,336
1,361,523
479,488
508,275

201407190750(201407190750)
448,568
726,336
1,361,523
479,488
508,460

201407190751(201407190751)
448,653
727,440
1,361,523
479,488
508,555

201407190752(201407190752)
448,728
727,440
1,361,523
479,961
508,555

201407190755(201407190755)
448,728
728,456
1,361,523
479,961
510,210

201407190756(201407190756)
450,249
728,456
1,361,523
480,466
510,210

201407190757(201407190757)
450,249
728,456
1,361,523
481,158
510,210

201407190800(201407190800)
450,504
729,798
1,367,413
481,224
510,210

201407190801(201407190801)
450,504
729,798
1,369,377
481,224
510,210

201407190802(201407190802)
450,504
730,722
1,371,403
481,574
510,711

201407190805(201407190805)
450,809
732,515
1,371,403
481,574
511,441

201407190806(201407190806)
450,809
732,752
1,371,403
481,574
511,441

201407190807(201407190807)
451,011
733,680
1,371,403
481,574
511,441

201407190810(201407190810)
451,571
733,680
1,371,403
481,574
511,577

201407190811(201407190811)
451,571
733,680
1,371,403
481,574
511,577

201407190812(201407190812)
451,618
733,977
1,371,403
481,574
511,577

201407190815(201407190815)
451,840
734,146
1,371,403
482,759
511,922

201407190816(201407190816)
451,841
734,794
1,371,403
482,866
512,428

201407190817(201407190817)
452,032
734,803
1,371,403
482,866
512,428

201407190820(201407190820)
452,159
734,803
1,371,403
483,479
513,005

201407190821(201407190821)
452,159
734,883
1,371,403
483,529
513,005

201407190822(201407190822)
452,159
734,883
1,371,403
483,529
513,005

201407190825(201407190825)
453,245
735,288
1,371,403
483,631
513,005

201407190826(201407190826)
453,245
735,288
1,371,403
483,633
513,005

201407190827(201407190827)
453,245
735,288
1,371,403
483,633
513,005

201407190830(201407190830)
453,245
735,316
1,371,403
483,753
513,681

201407190831(201407190831)
453,364
735,316
1,371,403
483,753
513,681

201407190832(201407190832)
453,364
735,316
1,371,403
483,753
513,681

201407190835(201407190835)
454,086
735,563
1,371,403
483,812
513,697

201407190836(201407190836)
454,086
735,670
1,371,403
483,989
513,697

201407190837(201407190837)
454,444
735,670
1,371,403
483,989
513,697

201407190840(201407190840)
455,154
736,018
1,374,368
484,091
513,872

201407190841(201407190841)
455,154
736,018
1,377,164
484,091
513,872

201407190842(201407190842)
455,953
736,018
1,377,164
484,154
513,872

201407190845(201407190845)
456,314
737,494
1,377,164
484,461
514,226

201407190846(201407190846)
456,382
737,637
1,377,164
484,683
514,226

201407190847(201407190847)
456,382
737,637
1,377,164
484,683
514,226

201407190850(201407190850)
456,474
737,716
1,377,164
486,196
514,894

201407190851(201407190851)
456,474
737,716
1,377,164
486,651
514,894

201407190852(201407190852)
456,817
737,716
1,377,164
486,675
514,894

201407190855(201407190855)
458,372
738,090
1,377,164
487,300
515,122

201407190856(201407190856)
458,851
738,447
1,377,164
487,300
515,352

201407190857(201407190857)
459,076
738,447
1,377,164
487,300
515,352

201407190900(201407190900)
459,302
738,447
1,377,164
487,727
515,659

201407190901(201407190901)
459,302
738,447
1,377,164
487,727
515,659

201407190902(201407190902)
459,302
738,447
1,377,164
487,950
515,659

201407190905(201407190905)
459,844
738,447
1,377,164
487,950
515,905

201407190906(201407190906)
459,845
738,447
1,377,164
488,287
515,905

201407190907(201407190907)
459,848
738,447
1,377,164
488,287
515,905

201407190910(201407190910)
461,477
739,312
1,377,164
488,287
517,362

201407190911(201407190911)
461,622
739,312
1,377,204
488,339
517,362

201407190912(201407190912)
461,622
739,312
1,377,322
488,405
517,362

201407190915(201407190915)
461,846
739,312
1,377,482
489,179
517,488

201407190916(201407190916)
461,846
739,312
1,377,867
490,258
517,995

201407190917(201407190917)
461,846
739,312
1,377,867
490,285
518,308

201407190920(201407190920)
462,255
740,165
1,378,206
490,404
518,308

201407190921(201407190921)
462,936
740,165
1,378,206
490,661
518,308

201407190922(201407190922)
462,936
740,165
1,378,206
491,109
518,308

201407190925(201407190925)
463,201
740,165
1,378,206
491,635
518,660

201407190926(201407190926)
464,040
740,732
1,378,206
491,841
519,564

201407190927(201407190927)
464,710
740,732
1,378,206
491,841
519,900

201407190930(201407190930)
465,480
740,732
1,378,206
492,389
520,667

201407190931(201407190931)
465,926
740,732
1,378,206
492,493
521,018

201407190932(201407190932)
465,926
740,732
1,378,206
493,025
521,018

201407190935(201407190935)
465,926
741,271
1,378,206
493,262
521,018

201407190936(201407190936)
466,329
741,271
1,378,206
493,262
521,018

201407190937(201407190937)
466,329
741,597
1,378,206
493,297
521,018

201407190940(201407190940)
466,329
744,034
1,378,206
493,704
521,459

201407190941(201407190941)
466,329
745,099
1,378,206
493,939
521,459

201407190942(201407190942)
466,329
745,099
1,378,206
493,939
521,459

201407190945(201407190945)
466,384
745,099
1,380,051
493,939
523,295

201407190946(201407190946)
466,384
745,395
1,380,051
493,939
523,415

201407190947(201407190947)
466,384
745,395
1,385,128
493,939
523,430

201407190950(201407190950)
466,384
745,395
1,385,128
493,939
523,430

201407190951(201407190951)
466,841
745,395
1,385,128
493,939
523,430

201407190952(201407190952)
466,922
745,395
1,385,128
494,033
523,430

201407190955(201407190955)
467,890
745,395
1,391,192
494,148
523,794

201407190956(201407190956)
467,913
745,395
1,391,192
494,148
523,794

201407190957(201407190957)
468,137
745,395
1,391,192
494,148
524,133

201407191000(201407191000)
468,225
745,395
1,401,191
495,032
524,133

201407191001(201407191001)
468,225
745,395
1,401,191
495,274
524,133

201407191002(201407191002)
468,225
745,395
1,406,322
496,860
524,133

201407191005(201407191005)
468,786
747,842
1,406,322
496,860
524,133

201407191006(201407191006)
470,896
747,899
1,406,322
496,860
524,133

201407191007(201407191007)
470,896
747,899
1,406,322
497,477
524,133

201407191010(201407191010)
471,750
747,899
1,406,322
497,855
524,532

201407191011(201407191011)
471,750
748,289
1,406,322
497,855
524,532

201407191012(201407191012)
472,141
752,009
1,406,322
497,855
524,544

201407191015(201407191015)
472,141
752,009
1,409,600
498,194
524,913

201407191016(201407191016)
472,141
752,009
1,409,600
498,270
524,913

201407191017(201407191017)
472,141
752,009
1,409,600
498,777
524,913

201407191020(201407191020)
472,402
752,009
1,409,600
499,607
525,862

201407191021(201407191021)
472,402
752,009
1,409,600
499,607
525,862

201407191022(201407191022)
472,402
752,009
1,409,600
499,607
525,862

201407191025(201407191025)
472,558
752,009
1,409,600
499,607
525,862

201407191026(201407191026)
472,766
752,009
1,409,600
499,607
525,862

201407191027(201407191027)
473,204
752,009
1,409,600
499,607
525,908

201407191030(201407191030)
473,260
754,368
1,409,600
500,073
525,908

201407191031(201407191031)
473,260
754,368
1,409,600
500,073
525,908

201407191032(201407191032)
473,260
754,368
1,409,600
500,511
525,908

201407191035(201407191035)
473,598
754,368
1,415,518
500,537
525,949

201407191036(201407191036)
473,685
754,368
1,418,445
500,537
525,949

201407191037(201407191037)
474,045
754,649
1,420,998
500,545
526,073

201407191040(201407191040)
474,619
754,649
1,420,998
500,624
527,413

201407191041(201407191041)
475,191
754,649
1,420,998
500,629
527,413

201407191042(201407191042)
475,191
755,116
1,420,998
500,659
527,552

201407191045(201407191045)
475,685
755,987
1,420,998
500,943
527,790

201407191046(201407191046)
475,705
755,987
1,420,998
500,943
527,790

201407191047(201407191047)
475,705
755,987
1,420,998
500,943
527,790

201407191050(201407191050)
475,705
755,987
1,420,998
501,894
527,790

201407191051(201407191051)
475,705
755,987
1,420,998
502,414
528,536

201407191052(201407191052)
475,705
755,987
1,420,998
502,414
528,536

201407191055(201407191055)
475,960
758,208
1,420,998
502,414
528,544

201407191056(201407191056)
475,960
758,208
1,420,998
502,414
528,544

201407191057(201407191057)
476,172
758,208
1,420,998
502,440
528,544

201407191100(201407191100)
476,948
759,660
1,420,998
502,666
529,262

201407191101(201407191101)
476,948
759,660
1,420,998
502,666
529,262

201407191102(201407191102)
476,948
759,660
1,420,998
502,666
529,262

201407191105(201407191105)
477,310
760,229
1,420,998
503,157
530,172

201407191106(201407191106)
478,622
760,541
1,420,998
503,367
530,172

201407191107(201407191107)
478,770
760,541
1,420,998
503,367
530,172

201407191110(201407191110)
479,160
760,541
1,420,998
503,478
530,172

201407191111(201407191111)
479,488
760,541
1,420,998
503,609
530,172

201407191112(201407191112)
480,172
760,541
1,420,998
503,609
530,172

201407191115(201407191115)
480,403
760,749
1,420,998
504,129
530,731

201407191116(201407191116)
480,403
760,749
1,420,998
504,321
530,759

201407191117(201407191117)
480,403
760,749
1,420,998
504,539
530,759

201407191120(201407191120)
480,466
760,749
1,420,998
504,539
531,591

201407191121(201407191121)
480,466
760,749
1,420,998
504,539
531,591

201407191122(201407191122)
480,466
760,749
1,420,998
504,539
531,769

201407191125(201407191125)
480,902
760,749
1,420,998
504,841
532,149

201407191126(201407191126)
480,902
760,749
1,420,998
505,050
532,149

201407191127(201407191127)
480,902
760,749
1,420,998
505,160
532,149

201407191130(201407191130)
481,224
761,495
1,420,998
505,183
532,715

201407191131(201407191131)
481,224
761,738
1,420,998
505,507
533,175

201407191132(201407191132)
481,224
763,926
1,420,998
505,507
533,269

201407191135(201407191135)
481,224
763,926
1,420,998
505,528
534,162

201407191136(201407191136)
481,224
763,926
1,420,998
505,704
534,300

201407191137(201407191137)
481,224
763,926
1,420,998
505,704
534,300

201407191140(201407191140)
481,224
763,926
1,420,998
505,704
534,778

201407191141(201407191141)
481,224
763,926
1,420,998
505,704
535,147

201407191142(201407191142)
481,224
764,952
1,420,998
505,704
535,147

201407191145(201407191145)
481,871
765,152
1,420,998
506,297
535,169

201407191146(201407191146)
481,871
765,152
1,420,998
506,297
535,169

201407191147(201407191147)
482,332
765,152
1,420,998
506,297
535,459

201407191150(201407191150)
482,332
765,287
1,420,998
507,007
535,459

201407191151(201407191151)
482,332
765,287
1,420,998
507,007
535,558

201407191152(201407191152)
482,332
765,287
1,420,998
507,614
535,558

201407191155(201407191155)
482,408
765,632
1,420,998
507,614
535,663

201407191156(201407191156)
482,866
765,632
1,420,998
507,614
535,992

201407191157(201407191157)
482,921
765,800
1,420,998
508,484
535,992

201407191200(201407191200)
482,921
766,053
1,420,998
508,904
535,992

201407191201(201407191201)
482,921
766,053
1,420,998
508,904
535,992

201407191202(201407191202)
482,921
766,053
1,430,182
508,904
535,992

201407191205(201407191205)
484,121
766,053
1,430,182
510,098
536,137

201407191206(201407191206)
484,121
766,053
1,430,182
510,098
536,216

201407191207(201407191207)
484,121
766,053
1,430,182
510,098
536,216

201407191210(201407191210)
484,121
767,030
1,430,182
510,637
536,216

201407191211(201407191211)
484,121
768,937
1,431,838
510,717
536,216

201407191212(201407191212)
484,121
768,937
1,442,656
511,441
536,216

201407191215(201407191215)
484,154
768,937
1,442,830
511,441
536,599

201407191216(201407191216)
484,154
768,937
1,442,830
511,577
537,217

201407191217(201407191217)
484,690
769,385
1,442,830
511,577
538,640

201407191220(201407191220)
485,114
770,102
1,444,331
511,577
538,664

201407191221(201407191221)
486,196
770,102
1,444,366
511,611
538,664

201407191222(201407191222)
486,196
770,102
1,444,366
511,611
538,664

201407191225(201407191225)
486,196
772,738
1,446,374
512,148
538,664

201407191226(201407191226)
486,196
773,943
1,446,374
512,148
540,366

201407191227(201407191227)
486,196
774,277
1,446,374
512,440
540,366

201407191230(201407191230)
486,441
775,839
1,446,374
512,440
540,366

201407191231(201407191231)
486,441
775,839
1,446,374
513,033
540,366

201407191232(201407191232)
486,441
775,839
1,446,374
513,183
540,416

201407191235(201407191235)
486,893
775,839
1,446,374
513,183
540,835

201407191236(201407191236)
486,893
777,034
1,446,374
513,183
540,835

201407191237(201407191237)
486,939
777,034
1,446,374
513,183
541,522

201407191240(201407191240)
487,037
777,034
1,446,374
514,410
541,522

201407191241(201407191241)
487,037
777,034
1,446,374
514,410
542,770

201407191242(201407191242)
487,037
777,034
1,446,374
514,659
543,187

201407191245(201407191245)
488,752
777,034
1,446,374
514,888
543,187

201407191246(201407191246)
488,752
777,034
1,446,374
514,894
543,821

201407191247(201407191247)
488,752
777,034
1,446,374
514,899
543,821

201407191250(201407191250)
488,752
777,034
1,446,374
516,029
544,107

201407191251(201407191251)
488,752
780,213
1,446,374
516,029
544,107

201407191252(201407191252)
488,752
780,213
1,446,374
516,112
544,107

201407191255(201407191255)
490,045
780,213
1,446,374
516,571
544,819

201407191256(201407191256)
490,045
780,213
1,446,374
516,786
545,133

201407191257(201407191257)
490,285
780,213
1,447,282
516,786
545,133

201407191300(201407191300)
490,285
781,671
1,447,282
517,714
545,464

201407191301(201407191301)
490,285
781,671
1,449,493
518,308
545,464

201407191302(201407191302)
490,585
781,671
1,449,905
518,308
545,464

201407191305(201407191305)
490,819
782,533
1,449,905
519,345
546,122

201407191306(201407191306)
490,915
782,533
1,450,664
519,345
546,380

201407191307(201407191307)
490,992
782,533
1,451,887
519,851
547,895

201407191310(201407191310)
491,498
782,533
1,460,613
519,851
548,147

201407191311(201407191311)
491,593
782,533
1,460,613
519,851
548,743

201407191312(201407191312)
492,258
782,533
1,460,613
520,077
548,743

201407191315(201407191315)
492,313
782,533
1,460,613
520,495
548,743

201407191316(201407191316)
492,423
782,533
1,460,613
520,495
548,743

201407191317(201407191317)
492,423
782,533
1,460,613
520,495
548,812

201407191320(201407191320)
492,457
782,533
1,460,613
521,018
549,266

201407191321(201407191321)
492,478
782,533
1,460,613
522,029
549,266

201407191322(201407191322)
492,493
783,580
1,460,613
523,295
549,370

201407191325(201407191325)
492,943
783,580
1,460,613
523,415
549,643

201407191326(201407191326)
493,080
785,052
1,460,613
523,430
549,792

201407191327(201407191327)
493,704
785,052
1,460,949
523,430
549,987

201407191330(201407191330)
493,704
785,147
1,467,968
523,793
549,987

201407191331(201407191331)
494,123
785,170
1,471,553
523,794
550,454

201407191332(201407191332)
494,123
785,196
1,472,293
523,794
550,454

201407191335(201407191335)
494,471
786,179
1,472,293
524,412
550,454

201407191336(201407191336)
494,605
786,179
1,472,293
524,532
550,454

201407191337(201407191337)
494,612
786,179
1,472,293
524,532
550,792

201407191340(201407191340)
494,612
786,179
1,472,293
524,544
551,867

201407191341(201407191341)
494,908
786,179
1,472,293
524,544
551,867

201407191342(201407191342)
494,908
787,328
1,472,293
525,092
552,328

201407191345(201407191345)
495,032
787,547
1,472,293
525,862
552,721

201407191346(201407191346)
495,032
787,692
1,472,347
525,862
552,721

201407191347(201407191347)
495,032
787,692
1,480,316
525,862
552,734

201407191350(201407191350)
495,340
788,146
1,480,316
525,904
553,633

201407191351(201407191351)
495,340
788,579
1,480,316
525,908
553,633

201407191352(201407191352)
495,340
788,970
1,480,316
525,908
553,633

201407191355(201407191355)
495,346
790,134
1,480,316
525,986
554,356

201407191356(201407191356)
495,346
790,134
1,481,310
525,986
554,356

201407191357(201407191357)
495,346
790,134
1,485,289
525,986
554,383

201407191400(201407191400)
496,860
790,586
1,486,365
525,986
555,614

201407191401(201407191401)
496,860
790,772
1,486,365
525,986
555,614

201407191402(201407191402)
496,860
790,772
1,486,365
525,986
555,614

201407191405(201407191405)
496,860
790,772
1,486,365
527,032
555,898

201407191406(201407191406)
496,860
790,772
1,486,365
527,103
556,544

201407191407(201407191407)
496,860
790,772
1,486,365
527,103
556,860

201407191410(201407191410)
497,890
790,772
1,488,237
527,173
556,860

201407191411(201407191411)
497,890
790,772
1,489,144
527,209
556,860

201407191412(201407191412)
497,890
790,772
1,489,144
527,421
556,860

201407191415(201407191415)
497,987
790,772
1,489,144
528,310
557,649

201407191416(201407191416)
498,006
790,772
1,489,144
528,310
557,649

201407191417(201407191417)
498,006
790,772
1,489,144
528,310
557,879

201407191420(201407191420)
498,006
790,772
1,489,144
528,310
557,879

201407191421(201407191421)
498,286
790,772
1,489,144
528,310
557,879

201407191422(201407191422)
498,286
790,772
1,489,144
528,310
557,879

201407191425(201407191425)
498,290
790,772
1,489,144
528,310
557,879

201407191426(201407191426)
498,290
790,772
1,489,144
528,499
557,879

201407191427(201407191427)
498,381
790,772
1,489,144
528,536
557,879

201407191430(201407191430)
499,416
793,477
1,489,144
528,542
557,879

201407191431(201407191431)
499,416
793,477
1,489,144
528,542
557,879

201407191432(201407191432)
499,416
793,477
1,489,144
528,542
557,879

201407191435(201407191435)
499,416
793,477
1,489,144
528,544
558,709

201407191436(201407191436)
499,416
794,064
1,489,144
528,544
558,709

201407191437(201407191437)
499,695
794,064
1,489,144
528,544
558,709

201407191440(201407191440)
499,695
794,064
1,489,144
528,692
558,709

201407191441(201407191441)
500,357
794,064
1,489,144
528,692
558,709

201407191442(201407191442)
500,357
794,064
1,492,643
528,692
559,804

201407191445(201407191445)
500,572
794,064
1,494,871
528,799
560,076

201407191446(201407191446)
500,572
794,064
1,494,871
528,876
560,076

201407191447(201407191447)
500,572
794,064
1,494,871
528,900
560,076

201407191450(201407191450)
500,629
794,064
1,494,871
528,900
560,076

201407191451(201407191451)
500,943
794,064
1,494,871
528,900
560,096

201407191452(201407191452)
500,943
794,064
1,494,871
528,959
560,096

201407191455(201407191455)
501,358
794,064
1,494,871
528,959
560,096

201407191456(201407191456)
501,597
794,207
1,494,871
528,959
560,096

201407191457(201407191457)
501,597
796,017
1,494,871
529,464
560,181

201407191500(201407191500)
502,690
796,017
1,495,682
530,172
560,184

201407191501(201407191501)
503,306
796,017
1,495,682
530,618
560,184

201407191502(201407191502)
503,306
796,017
1,495,682
530,618
560,184

201407191505(201407191505)
503,367
796,017
1,497,238
530,718
560,583

201407191506(201407191506)
503,367
796,017
1,497,238
530,759
561,644

201407191507(201407191507)
503,367
796,098
1,497,238
530,759
562,292

201407191510(201407191510)
503,607
796,098
1,497,238
530,759
563,283

201407191511(201407191511)
503,607
796,098
1,497,666
530,759
563,283

201407191512(201407191512)
503,607
796,098
1,497,666
530,759
563,283

201407191515(201407191515)
504,364
800,068
1,500,000
530,879
563,283

201407191516(201407191516)
504,454
800,068
1,500,000
530,879
563,283

201407191517(201407191517)
504,454
800,068
1,500,000
531,210
563,283

201407191520(201407191520)
504,454
801,114
1,500,000
531,591
563,350

201407191521(201407191521)
504,562
802,321
1,500,423
531,654
563,466

201407191522(201407191522)
504,562
802,457
1,500,423
531,654
563,466

201407191525(201407191525)
504,562
803,510
1,500,423
531,769
564,153

201407191526(201407191526)
504,562
803,510
1,500,423
531,769
564,249

201407191527(201407191527)
504,562
803,510
1,500,423
531,769
564,249

201407191530(201407191530)
504,832
803,510
1,504,069
532,547
564,752

201407191531(201407191531)
504,832
803,510
1,504,069
532,715
564,752

201407191532(201407191532)
504,832
803,510
1,504,069
532,715
564,925

201407191535(201407191535)
504,832
803,510
1,504,069
533,498
566,320

201407191536(201407191536)
505,376
803,510
1,504,069
533,498
566,320

201407191537(201407191537)
505,376
803,510
1,504,069
533,630
566,537

201407191540(201407191540)
505,483
803,510
1,504,069
533,630
566,537

201407191541(201407191541)
505,483
803,510
1,504,069
533,630
566,896

201407191542(201407191542)
506,275
803,773
1,504,069
533,698
566,896

201407191545(201407191545)
506,275
803,773
1,504,069
534,142
566,896

201407191546(201407191546)
506,275
803,773
1,504,069
534,142
567,209

201407191547(201407191547)
506,488
803,773
1,504,069
534,759
567,226

201407191550(201407191550)
506,578
803,773
1,507,882
534,759
567,240

201407191551(201407191551)
506,578
803,773
1,507,882
534,759
567,269

201407191552(201407191552)
506,578
803,773
1,507,882
534,759
568,458

201407191555(201407191555)
506,757
804,144
1,508,700
534,759
569,151

201407191556(201407191556)
506,757
804,144
1,508,700
534,759
569,151

201407191557(201407191557)
507,007
804,144
1,509,944
534,759
569,151

201407191600(201407191600)
507,007
804,144
1,509,944
534,826
569,151

201407191601(201407191601)
507,007
804,144
1,509,944
534,826
569,151

201407191602(201407191602)
507,007
805,015
1,516,714
534,826
569,151

201407191605(201407191605)
507,090
805,015
1,522,948
535,147
570,524

201407191606(201407191606)
507,149
805,015
1,522,948
535,147
570,524

201407191607(201407191607)
507,149
805,015
1,522,948
535,169
570,804

201407191610(201407191610)
507,158
805,015
1,522,948
536,102
570,804

201407191611(201407191611)
507,158
805,015
1,522,948
536,430
570,804

201407191612(201407191612)
507,158
805,015
1,522,948
536,430
570,804

201407191615(201407191615)
507,763
805,027
1,528,249
536,430
570,862

201407191616(201407191616)
507,763
805,027
1,528,249
536,430
570,862

201407191617(201407191617)
507,763
805,027
1,528,249
536,430
571,225

201407191620(201407191620)
507,763
805,027
1,528,249
536,430
571,230

201407191621(201407191621)
507,763
805,027
1,528,249
536,430
571,230

201407191622(201407191622)
507,794
805,222
1,528,249
536,430
572,057

201407191625(201407191625)
508,197
805,465
1,528,249
536,695
572,577

201407191626(201407191626)
508,197
805,465
1,528,249
537,006
573,174

201407191627(201407191627)
508,570
805,465
1,528,249
537,216
573,210

201407191630(201407191630)
509,581
806,725
1,529,312
537,216
573,549

201407191631(201407191631)
509,581
808,538
1,529,312
537,216
574,196

201407191632(201407191632)
509,622
808,538
1,529,312
537,216
574,605

201407191635(201407191635)
509,622
808,538
1,529,312
537,985
575,377

201407191636(201407191636)
509,622
808,538
1,529,312
537,985
575,377

201407191637(201407191637)
509,758
808,538
1,529,312
537,985
575,377

201407191640(201407191640)
510,363
809,469
1,529,312
537,985
575,466

201407191641(201407191641)
510,363
809,469
1,529,312
538,349
575,466

201407191642(201407191642)
510,363
809,469
1,529,312
538,349
576,377

201407191645(201407191645)
510,469
810,663
1,529,312
538,349
576,581

201407191646(201407191646)
510,469
810,663
1,529,312
538,349
576,581

201407191647(201407191647)
510,613
812,168
1,529,312
538,349
576,581

201407191650(201407191650)
511,046
813,090
1,529,312
538,642
576,906

201407191651(201407191651)
511,046
813,090
1,529,312
538,962
576,906

201407191652(201407191652)
511,164
813,090
1,529,312
539,561
577,039

201407191655(201407191655)
511,466
814,857
1,529,312
540,279
577,968

201407191656(201407191656)
511,466
814,857
1,529,312
540,279
577,968

201407191657(201407191657)
511,466
814,857
1,529,312
540,279
577,968

201407191700(201407191700)
511,577
814,857
1,529,312
541,630
579,316

201407191701(201407191701)
511,910
814,857
1,529,312
541,634
579,546

201407191702(201407191702)
511,910
814,857
1,529,312
542,097
579,546

