201407211705(201407211705)
808,974
1,249,737
2,101,367
857,796
912,495

201407211706(201407211706)
808,974
1,249,737
2,101,367
857,796
912,495

201407211707(201407211707)
808,974
1,249,737
2,101,367
857,796
912,495

201407211710(201407211710)
810,300
1,249,737
2,108,154
857,796
912,495

201407211711(201407211711)
811,185
1,249,737
2,108,154
857,796
912,495

201407211712(201407211712)
811,185
1,249,737
2,108,154
857,796
912,694

201407211715(201407211715)
811,185
1,249,737
2,108,154
857,796
913,050

201407211716(201407211716)
811,185
1,249,737
2,108,154
857,796
913,050

201407211717(201407211717)
811,185
1,249,737
2,108,154
858,046
913,050

201407211720(201407211720)
811,185
1,249,737
2,108,154
859,508
913,050

201407211721(201407211721)
811,185
1,249,737
2,108,154
859,508
913,050

201407211722(201407211722)
811,185
1,249,737
2,108,154
859,508
913,050

201407211725(201407211725)
813,016
1,252,135
2,114,617
859,508
913,050

201407211726(201407211726)
813,327
1,252,135
2,117,193
859,508
913,555

201407211727(201407211727)
813,327
1,252,135
2,119,668
859,508
913,555

201407211730(201407211730)
813,442
1,252,622
2,119,668
860,329
913,555

201407211731(201407211731)
813,442
1,252,774
2,119,668
860,480
913,555

201407211732(201407211732)
813,442
1,252,774
2,119,668
861,220
913,555

201407211735(201407211735)
814,055
1,252,774
2,119,668
861,434
913,555

201407211736(201407211736)
814,083
1,252,774
2,119,821
861,595
913,555

201407211737(201407211737)
814,083
1,252,774
2,119,821
861,897
913,555

201407211740(201407211740)
814,083
1,252,846
2,119,821
862,535
913,724

201407211741(201407211741)
814,083
1,252,846
2,119,821
862,706
913,851

201407211742(201407211742)
814,083
1,252,846
2,119,821
862,911
913,878

201407211745(201407211745)
814,391
1,252,846
2,119,821
862,911
913,878

201407211746(201407211746)
814,391
1,252,846
2,119,821
862,911
914,815

201407211747(201407211747)
814,391
1,252,846
2,119,821
862,911
914,815

201407211750(201407211750)
814,391
1,252,846
2,119,821
862,911
915,154

201407211751(201407211751)
814,391
1,252,846
2,122,061
862,911
915,272

201407211752(201407211752)
814,391
1,252,846
2,122,824
863,164
915,932

201407211755(201407211755)
814,391
1,254,843
2,125,724
863,564
917,666

201407211756(201407211756)
814,391
1,255,159
2,125,724
863,564
917,666

201407211757(201407211757)
814,391
1,255,159
2,125,724
863,564
917,745

201407211800(201407211800)
814,391
1,255,672
2,125,724
863,745
918,335

201407211801(201407211801)
814,391
1,255,672
2,125,724
863,745
919,051

201407211802(201407211802)
814,736
1,256,492
2,125,724
863,745
919,051

201407211805(201407211805)
815,651
1,256,771
2,125,724
863,745
919,051

201407211806(201407211806)
815,651
1,259,545
2,125,724
863,745
919,051

201407211807(201407211807)
815,651
1,260,139
2,125,724
865,200
919,051

201407211810(201407211810)
815,651
1,260,139
2,125,724
865,452
919,307

201407211811(201407211811)
815,651
1,260,139
2,125,724
865,452
919,307

201407211812(201407211812)
817,007
1,260,139
2,125,724
865,595
919,307

201407211815(201407211815)
817,389
1,260,139
2,125,724
866,881
919,694

201407211816(201407211816)
817,389
1,260,139
2,125,724
867,233
919,694

201407211817(201407211817)
817,389
1,260,139
2,126,450
867,233
919,975

201407211820(201407211820)
817,389
1,260,139
2,126,533
867,233
919,975

201407211821(201407211821)
817,389
1,260,139
2,126,533
867,309
919,975

201407211822(201407211822)
817,389
1,260,139
2,126,533
867,547
919,975

201407211825(201407211825)
818,618
1,260,139
2,126,533
868,647
919,975

201407211826(201407211826)
818,618
1,260,635
2,126,533
868,708
920,343

201407211827(201407211827)
818,618
1,260,635
2,126,533
868,708
920,463

201407211830(201407211830)
819,965
1,261,528
2,126,533
868,708
920,551

201407211831(201407211831)
819,965
1,261,528
2,126,533
868,708
920,575

201407211832(201407211832)
820,052
1,261,528
2,126,533
869,524
920,575

201407211835(201407211835)
821,056
1,261,528
2,126,533
869,524
920,575

201407211836(201407211836)
821,056
1,263,845
2,126,533
869,524
920,575

201407211837(201407211837)
821,121
1,265,176
2,126,533
869,702
920,575

201407211840(201407211840)
821,121
1,265,176
2,126,533
869,731
921,062

201407211841(201407211841)
821,121
1,265,176
2,126,533
869,731
921,062

201407211842(201407211842)
821,121
1,265,429
2,126,533
869,731
921,062

201407211845(201407211845)
821,121
1,265,980
2,126,533
869,731
921,360

201407211846(201407211846)
821,121
1,265,980
2,126,533
869,731
921,360

201407211847(201407211847)
821,121
1,267,106
2,126,533
869,731
921,360

201407211850(201407211850)
821,121
1,270,015
2,126,533
869,731
922,671

201407211851(201407211851)
821,121
1,270,015
2,126,533
869,731
922,671

201407211852(201407211852)
821,121
1,270,015
2,126,533
869,731
923,197

201407211855(201407211855)
821,121
1,270,588
2,126,533
869,731
923,505

201407211856(201407211856)
821,121
1,270,588
2,126,533
869,731
923,505

201407211857(201407211857)
821,121
1,270,588
2,126,533
869,731
923,505

201407211900(201407211900)
822,131
1,270,588
2,126,533
870,107
923,505

201407211901(201407211901)
822,131
1,270,588
2,126,533
870,107
923,505

201407211902(201407211902)
822,131
1,270,588
2,126,533
870,107
923,505

201407211905(201407211905)
822,459
1,271,679
2,126,533
871,171
923,870

201407211906(201407211906)
822,459
1,274,051
2,126,533
873,294
923,870

201407211907(201407211907)
822,459
1,274,514
2,126,533
873,294
923,870

201407211910(201407211910)
823,262
1,274,514
2,126,533
873,294
923,870

201407211911(201407211911)
823,262
1,274,514
2,126,533
873,294
923,870

201407211912(201407211912)
823,262
1,275,791
2,126,533
873,294
923,870

201407211915(201407211915)
824,430
1,275,791
2,126,533
874,094
923,908

201407211916(201407211916)
824,430
1,275,791
2,126,533
874,094
923,908

201407211917(201407211917)
824,916
1,275,791
2,126,533
874,094
923,908

201407211920(201407211920)
824,916
1,275,791
2,126,533
874,807
924,853

201407211921(201407211921)
824,916
1,275,791
2,126,533
874,807
924,853

201407211922(201407211922)
824,916
1,275,791
2,126,533
874,807
924,853

201407211925(201407211925)
825,231
1,275,869
2,126,533
875,027
924,991

201407211926(201407211926)
826,139
1,275,869
2,126,533
875,027
925,258

201407211927(201407211927)
826,139
1,275,869
2,126,533
875,027
925,615

201407211930(201407211930)
826,151
1,276,885
2,126,533
875,027
925,925

201407211931(201407211931)
826,151
1,277,835
2,126,533
875,027
926,147

201407211932(201407211932)
827,496
1,278,089
2,126,533
876,762
926,751

201407211935(201407211935)
827,756
1,278,089
2,131,625
876,762
927,726

201407211936(201407211936)
827,756
1,278,089
2,135,113
876,762
927,726

201407211937(201407211937)
828,753
1,278,339
2,135,113
877,451
927,743

201407211940(201407211940)
828,753
1,278,339
2,135,113
877,451
927,743

201407211941(201407211941)
828,753
1,278,339
2,135,113
879,318
928,469

201407211942(201407211942)
829,428
1,278,339
2,135,113
879,917
928,469

201407211945(201407211945)
830,065
1,278,339
2,135,113
879,955
928,469

201407211946(201407211946)
830,065
1,278,339
2,135,113
879,955
928,469

201407211947(201407211947)
830,065
1,278,339
2,135,113
879,955
928,469

201407211950(201407211950)
830,065
1,278,339
2,135,113
880,090
928,964

201407211951(201407211951)
830,065
1,278,631
2,135,113
880,090
929,518

201407211952(201407211952)
830,065
1,278,906
2,135,113
880,090
929,518

201407211955(201407211955)
830,065
1,279,008
2,135,113
880,929
929,906

201407211956(201407211956)
830,065
1,280,713
2,135,113
880,929
929,906

201407211957(201407211957)
830,065
1,280,915
2,135,113
880,929
930,452

201407212000(201407212000)
830,391
1,281,787
2,135,113
880,929
931,027

201407212001(201407212001)
830,391
1,281,787
2,135,113
880,929
931,027

201407212002(201407212002)
830,391
1,281,787
2,135,113
880,929
931,027

201407212005(201407212005)
830,391
1,281,787
2,135,113
880,929
932,479

201407212006(201407212006)
830,391
1,281,787
2,135,113
880,929
932,479

201407212007(201407212007)
830,391
1,282,089
2,143,686
880,929
932,479

201407212010(201407212010)
830,391
1,282,089
2,143,826
884,426
932,479

201407212011(201407212011)
830,391
1,283,549
2,143,826
884,426
932,508

201407212012(201407212012)
830,455
1,285,103
2,143,826
884,426
932,508

201407212015(201407212015)
830,455
1,285,103
2,143,826
884,426
932,508

201407212016(201407212016)
830,455
1,285,103
2,143,826
884,426
932,508

201407212017(201407212017)
830,455
1,285,103
2,143,826
884,426
932,766

201407212020(201407212020)
831,202
1,285,103
2,146,511
884,426
933,165

201407212021(201407212021)
831,202
1,285,103
2,146,511
884,426
933,642

201407212022(201407212022)
831,202
1,285,103
2,146,511
884,454
933,642

201407212025(201407212025)
831,526
1,285,103
2,164,306
885,077
933,642

201407212026(201407212026)
831,526
1,285,371
2,164,306
886,541
933,642

201407212027(201407212027)
831,526
1,285,651
2,164,306
888,025
934,095

201407212030(201407212030)
831,526
1,286,163
2,164,306
888,136
934,862

201407212031(201407212031)
831,526
1,286,524
2,164,306
888,136
934,862

201407212032(201407212032)
831,526
1,287,004
2,164,306
888,136
934,862

201407212035(201407212035)
831,528
1,287,741
2,164,306
889,858
934,862

201407212036(201407212036)
831,528
1,287,781
2,164,306
890,969
934,862

201407212037(201407212037)
831,528
1,288,279
2,164,306
890,969
934,862

201407212040(201407212040)
831,764
1,290,662
2,164,306
890,969
937,305

201407212041(201407212041)
831,764
1,290,967
2,164,306
891,632
937,305

201407212042(201407212042)
831,764
1,290,967
2,164,306
891,632
937,305

201407212045(201407212045)
831,764
1,291,054
2,164,306
891,817
937,305

201407212046(201407212046)
831,764
1,291,953
2,164,306
891,817
937,305

201407212047(201407212047)
831,764
1,292,285
2,164,306
891,952
937,305

201407212050(201407212050)
831,764
1,293,126
2,164,306
893,218
937,305

201407212051(201407212051)
831,764
1,293,126
2,164,306
893,622
937,305

201407212052(201407212052)
831,764
1,293,126
2,164,306
893,622
937,305

201407212055(201407212055)
831,831
1,293,126
2,164,306
894,022
938,289

201407212056(201407212056)
831,879
1,293,126
2,164,306
894,217
938,779

201407212057(201407212057)
831,879
1,293,126
2,164,306
894,269
938,854

201407212100(201407212100)
832,183
1,293,126
2,164,306
894,293
939,554

201407212101(201407212101)
832,183
1,293,126
2,164,306
895,686
939,554

201407212102(201407212102)
832,183
1,293,358
2,164,306
895,686
939,554

201407212105(201407212105)
832,183
1,294,914
2,164,306
895,686
940,705

201407212106(201407212106)
832,183
1,294,914
2,164,306
895,686
941,157

201407212107(201407212107)
832,183
1,294,914
2,164,306
895,686
941,157

201407212110(201407212110)
832,183
1,295,786
2,164,306
896,896
941,157

201407212111(201407212111)
832,183
1,295,786
2,164,306
896,896
941,166

201407212112(201407212112)
832,183
1,296,188
2,164,306
898,773
941,183

201407212115(201407212115)
832,183
1,296,188
2,164,306
899,118
941,729

201407212116(201407212116)
832,183
1,296,188
2,164,306
899,118
943,289

201407212117(201407212117)
832,183
1,296,188
2,164,306
899,118
943,289

201407212120(201407212120)
832,279
1,296,188
2,164,306
899,683
943,678

201407212121(201407212121)
832,279
1,296,583
2,164,306
899,683
943,897

201407212122(201407212122)
832,279
1,297,391
2,164,306
900,240
944,594

201407212125(201407212125)
832,279
1,297,698
2,164,306
900,240
947,567

201407212126(201407212126)
832,287
1,300,642
2,164,306
900,274
947,567

201407212127(201407212127)
832,287
1,300,713
2,164,306
900,274
947,567

201407212130(201407212130)
832,287
1,300,713
2,164,306
900,324
947,567

201407212131(201407212131)
832,287
1,301,008
2,164,306
900,324
947,970

201407212132(201407212132)
832,287
1,301,120
2,164,306
900,324
947,970

201407212135(201407212135)
832,544
1,301,886
2,164,306
900,530
949,121

201407212136(201407212136)
832,670
1,301,886
2,164,306
900,627
949,121

201407212137(201407212137)
833,145
1,303,064
2,164,306
901,815
949,121

201407212140(201407212140)
833,170
1,303,064
2,164,306
902,749
949,121

201407212141(201407212141)
833,170
1,303,064
2,164,306
902,765
949,121

201407212142(201407212142)
833,170
1,303,064
2,164,306
902,765
949,568

201407212145(201407212145)
833,625
1,303,064
2,164,306
902,765
949,568

201407212146(201407212146)
833,625
1,303,064
2,164,306
902,765
949,568

201407212147(201407212147)
833,625
1,303,064
2,164,306
903,223
951,106

201407212150(201407212150)
834,113
1,303,142
2,164,306
903,614
951,586

201407212151(201407212151)
834,113
1,304,503
2,164,306
903,614
951,623

201407212152(201407212152)
834,113
1,305,136
2,164,306
903,614
952,001

201407212155(201407212155)
834,113
1,305,530
2,164,306
903,614
952,670

201407212156(201407212156)
834,113
1,305,530
2,164,306
903,614
952,871

201407212157(201407212157)
834,113
1,307,097
2,164,306
903,614
952,871

201407212200(201407212200)
834,829
1,307,596
2,167,876
903,614
952,871

201407212201(201407212201)
835,510
1,307,596
2,167,876
903,614
952,871

201407212202(201407212202)
835,510
1,308,230
2,167,876
903,614
952,871

201407212205(201407212205)
835,510
1,309,328
2,167,876
903,614
953,425

201407212206(201407212206)
835,510
1,309,328
2,167,876
903,614
953,978

201407212207(201407212207)
835,510
1,309,328
2,167,876
903,614
954,173

201407212210(201407212210)
835,510
1,310,173
2,173,868
903,636
954,173

201407212211(201407212211)
835,510
1,310,173
2,174,417
903,636
954,173

201407212212(201407212212)
835,510
1,310,173
2,174,417
903,636
954,173

201407212215(201407212215)
836,939
1,311,562
2,174,417
903,636
954,173

201407212216(201407212216)
836,939
1,311,562
2,174,417
903,636
954,173

201407212217(201407212217)
836,939
1,311,562
2,174,417
903,636
954,173

201407212220(201407212220)
836,939
1,312,072
2,174,417
904,630
954,173

201407212221(201407212221)
836,939
1,312,111
2,174,417
904,630
954,537

201407212222(201407212222)
836,939
1,312,425
2,174,417
904,630
954,537

201407212225(201407212225)
836,939
1,314,136
2,174,417
904,947
955,404

201407212226(201407212226)
836,939
1,314,136
2,174,417
904,947
955,404

201407212227(201407212227)
836,939
1,314,136
2,174,417
905,270
955,404

201407212230(201407212230)
838,056
1,315,217
2,174,417
905,270
955,410

201407212231(201407212231)
838,056
1,315,229
2,174,417
905,270
955,410

201407212232(201407212232)
838,056
1,315,229
2,174,417
905,270
955,410

201407212235(201407212235)
839,605
1,315,229
2,174,417
905,270
955,503

201407212236(201407212236)
841,382
1,315,229
2,174,417
905,270
955,503

201407212237(201407212237)
842,664
1,315,229
2,174,417
905,270
956,092

201407212240(201407212240)
843,644
1,317,825
2,180,549
905,552
956,487

201407212241(201407212241)
843,644
1,317,964
2,180,549
905,552
956,487

201407212242(201407212242)
844,995
1,317,964
2,180,549
906,208
956,487

201407212245(201407212245)
844,995
1,318,265
2,180,549
907,074
956,487

201407212246(201407212246)
845,598
1,318,265
2,180,549
907,874
956,487

201407212247(201407212247)
845,598
1,318,265
2,180,549
909,761
957,025

201407212250(201407212250)
845,957
1,318,493
2,180,549
910,324
957,608

201407212251(201407212251)
845,957
1,319,195
2,180,549
910,324
958,413

201407212252(201407212252)
845,957
1,319,195
2,180,549
910,324
958,413

201407212255(201407212255)
846,976
1,321,847
2,180,549
911,880
958,706

201407212256(201407212256)
846,976
1,322,966
2,180,549
912,166
958,857

201407212257(201407212257)
846,976
1,323,187
2,180,549
912,190
959,799

201407212300(201407212300)
846,976
1,324,273
2,180,549
912,769
961,791

201407212301(201407212301)
846,976
1,324,273
2,180,549
913,320
961,791

201407212302(201407212302)
846,976
1,325,270
2,180,549
913,440
963,984

201407212305(201407212305)
848,049
1,326,757
2,180,549
913,440
964,535

201407212306(201407212306)
848,049
1,326,757
2,180,549
913,440
964,535

201407212307(201407212307)
848,049
1,326,757
2,180,549
913,819
968,213

201407212310(201407212310)
850,310
1,326,757
2,180,549
913,819
969,873

201407212311(201407212311)
850,310
1,326,757
2,180,549
913,819
969,873

201407212312(201407212312)
850,310
1,326,757
2,180,549
914,469
970,540

201407212315(201407212315)
850,310
1,326,876
2,180,549
916,539
971,987

201407212316(201407212316)
850,310
1,326,876
2,180,549
916,539
971,987

201407212317(201407212317)
850,310
1,327,273
2,180,549
916,539
971,987

201407212320(201407212320)
851,692
1,327,529
2,180,549
917,030
973,518

201407212321(201407212321)
851,692
1,327,529
2,180,549
917,697
973,518

201407212322(201407212322)
851,692
1,327,529
2,180,549
917,697
973,518

201407212325(201407212325)
851,692
1,327,529
2,184,734
919,051
974,855

201407212326(201407212326)
851,692
1,327,625
2,186,204
919,187
974,860

201407212327(201407212327)
851,692
1,327,625
2,188,921
919,187
974,860

201407212330(201407212330)
851,692
1,327,625
2,188,921
919,309
976,222

201407212331(201407212331)
851,692
1,327,625
2,188,921
919,309
976,253

201407212332(201407212332)
851,692
1,327,625
2,188,921
919,309
976,253

201407212335(201407212335)
851,692
1,327,635
2,188,921
919,328
976,253

201407212336(201407212336)
851,747
1,329,217
2,188,921
919,328
976,363

201407212337(201407212337)
851,747
1,329,217
2,188,921
919,328
976,374

201407212340(201407212340)
852,339
1,329,217
2,188,921
919,328
976,952

201407212341(201407212341)
852,477
1,330,394
2,188,921
919,328
977,082

201407212342(201407212342)
852,477
1,331,063
2,188,921
919,328
977,108

201407212345(201407212345)
852,477
1,331,063
2,188,921
920,579
977,434

201407212346(201407212346)
852,477
1,331,063
2,188,921
920,579
977,434

201407212347(201407212347)
852,477
1,331,063
2,188,921
920,605
977,434

201407212350(201407212350)
853,785
1,331,063
2,188,921
920,625
977,434

201407212351(201407212351)
853,785
1,331,157
2,188,921
920,625
978,969

201407212352(201407212352)
853,822
1,331,157
2,188,921
920,625
978,969

201407212355(201407212355)
853,898
1,331,687
2,188,921
921,360
979,706

201407212356(201407212356)
853,898
1,331,687
2,188,921
921,360
980,020

201407212357(201407212357)
853,898
1,331,687
2,188,921
921,360
980,020

201407220000(201407220000)
853,898
1,331,687
2,188,921
922,120
980,020

201407220001(201407220001)
853,898
1,331,687
2,188,921
922,120
980,020

201407220002(201407220002)
855,402
1,331,687
2,188,921
922,120
980,377

201407220005(201407220005)
855,402
1,331,687
2,188,921
922,553
982,124

201407220006(201407220006)
855,402
1,331,687
2,188,921
922,639
982,124

201407220007(201407220007)
855,708
1,331,687
2,188,921
922,639
982,124

201407220010(201407220010)
856,846
1,332,259
2,188,921
922,639
984,765

201407220011(201407220011)
857,924
1,332,259
2,188,921
922,639
985,538

201407220012(201407220012)
857,961
1,332,721
2,188,921
922,671
985,538

201407220015(201407220015)
858,043
1,332,721
2,188,921
922,671
987,365

201407220016(201407220016)
858,043
1,332,721
2,188,921
922,847
987,365

201407220017(201407220017)
858,043
1,332,721
2,188,921
922,854
987,554

201407220020(201407220020)
858,206
1,332,721
2,188,921
923,218
987,554

201407220021(201407220021)
858,511
1,332,721
2,188,921
923,295
987,554

201407220022(201407220022)
858,511
1,332,721
2,188,921
923,295
988,058

201407220025(201407220025)
858,924
1,333,968
2,188,921
924,156
988,189

201407220026(201407220026)
858,924
1,333,968
2,188,921
925,465
988,257

201407220027(201407220027)
858,924
1,333,968
2,188,921
925,995
988,320

201407220030(201407220030)
858,924
1,333,968
2,188,921
926,472
988,320

201407220031(201407220031)
858,924
1,333,968
2,188,921
926,751
988,320

201407220032(201407220032)
858,924
1,333,968
2,188,921
926,751
988,320

201407220035(201407220035)
859,535
1,333,968
2,188,921
927,048
990,774

201407220036(201407220036)
859,535
1,333,968
2,188,921
927,048
990,774

201407220037(201407220037)
859,594
1,334,119
2,188,921
927,880
991,394

201407220040(201407220040)
859,769
1,334,119
2,190,168
930,202
992,032

201407220041(201407220041)
859,769
1,334,119
2,190,168
930,202
992,032

201407220042(201407220042)
859,769
1,334,119
2,190,168
930,202
992,032

201407220045(201407220045)
859,769
1,334,119
2,190,168
930,452
993,594

201407220046(201407220046)
859,769
1,334,119
2,190,168
930,452
993,594

201407220047(201407220047)
861,102
1,334,119
2,190,168
930,452
993,594

201407220050(201407220050)
863,564
1,334,119
2,190,168
930,452
993,594

201407220051(201407220051)
863,564
1,334,119
2,190,168
930,452
993,594

201407220052(201407220052)
863,745
1,334,119
2,190,168
930,452
995,738

201407220055(201407220055)
863,745
1,334,119
2,190,168
930,452
996,466

201407220056(201407220056)
863,745
1,334,773
2,190,168
930,452
996,466

201407220057(201407220057)
863,745
1,337,447
2,190,168
930,452
996,856

201407220100(201407220100)
863,745
1,340,676
2,190,168
930,452
998,562

201407220101(201407220101)
863,745
1,341,139
2,190,168
930,452
998,562

201407220102(201407220102)
863,772
1,341,139
2,190,168
930,452
998,562

201407220105(201407220105)
863,962
1,341,139
2,190,168
930,818
998,562

201407220106(201407220106)
863,962
1,341,139
2,190,168
930,818
998,562

201407220107(201407220107)
863,962
1,341,139
2,190,168
930,818
998,908

201407220110(201407220110)
865,005
1,341,524
2,190,168
930,818
999,017

201407220111(201407220111)
865,005
1,341,524
2,190,168
930,818
999,017

201407220112(201407220112)
865,005
1,341,524
2,190,168
930,818
999,872

201407220115(201407220115)
866,009
1,341,524
2,190,168
933,642
999,872

201407220116(201407220116)
866,009
1,341,524
2,190,168
933,642
1,000,109

201407220117(201407220117)
866,009
1,341,524
2,194,951
933,642
1,000,459

201407220120(201407220120)
866,009
1,344,436
2,205,349
937,112
1,000,459

201407220121(201407220121)
866,009
1,344,436
2,206,119
937,497
1,000,459

201407220122(201407220122)
866,009
1,344,436
2,206,119
938,584
1,000,693

201407220125(201407220125)
866,009
1,344,916
2,206,119
938,584
1,000,693

201407220126(201407220126)
866,009
1,344,916
2,206,119
938,584
1,000,693

201407220127(201407220127)
866,009
1,344,916
2,206,119
938,584
1,000,693

201407220130(201407220130)
869,524
1,344,916
2,206,119
940,315
1,000,693

201407220131(201407220131)
870,107
1,345,218
2,206,119
940,315
1,000,693

201407220132(201407220132)
870,107
1,345,218
2,206,119
940,315
1,000,693

201407220135(201407220135)
870,470
1,345,356
2,206,119
940,315
1,001,000

201407220136(201407220136)
870,470
1,345,356
2,206,119
940,315
1,001,000

201407220137(201407220137)
870,470
1,345,356
2,206,119
940,315
1,001,000

201407220140(201407220140)
870,470
1,345,356
2,206,119
940,315
1,001,000

201407220141(201407220141)
870,470
1,345,356
2,206,119
940,315
1,001,000

201407220142(201407220142)
870,470
1,345,356
2,206,119
940,315
1,001,000

201407220145(201407220145)
870,470
1,345,574
2,206,119
940,315
1,001,000

201407220146(201407220146)
870,470
1,345,574
2,206,119
940,315
1,001,000

201407220147(201407220147)
870,470
1,345,574
2,206,119
940,315
1,001,000

201407220150(201407220150)
871,716
1,346,716
2,206,119
940,315
1,001,000

201407220151(201407220151)
871,930
1,346,716
2,206,119
940,315
1,001,000

201407220152(201407220152)
871,930
1,346,716
2,206,974
940,543
1,001,269

201407220155(201407220155)
872,108
1,346,716
2,206,974
940,543
1,001,386

201407220156(201407220156)
872,108
1,346,716
2,206,974
940,543
1,001,607

201407220157(201407220157)
872,108
1,346,716
2,206,974
940,543
1,001,607

201407220200(201407220200)
872,145
1,346,716
2,206,974
940,543
1,001,607

201407220201(201407220201)
872,145
1,346,716
2,206,974
940,543
1,001,607

201407220202(201407220202)
872,145
1,346,716
2,206,974
940,543
1,001,724

201407220205(201407220205)
873,189
1,349,202
2,206,974
940,543
1,001,724

201407220206(201407220206)
873,189
1,349,202
2,206,974
941,166
1,001,724

201407220207(201407220207)
873,189
1,349,202
2,206,974
941,166
1,001,724

201407220210(201407220210)
873,294
1,352,479
2,206,974
941,166
1,002,328

201407220211(201407220211)
873,294
1,352,479
2,206,974
941,166
1,004,175

201407220212(201407220212)
873,294
1,352,536
2,206,974
941,166
1,004,972

201407220215(201407220215)
873,294
1,352,737
2,214,933
941,166
1,004,972

201407220216(201407220216)
873,294
1,353,243
2,214,933
941,166
1,004,972

201407220217(201407220217)
873,294
1,353,879
2,214,933
941,658
1,004,972

201407220220(201407220220)
873,294
1,355,087
2,222,475
943,107
1,005,410

201407220221(201407220221)
873,294
1,355,087
2,222,475
943,107
1,005,410

201407220222(201407220222)
873,294
1,355,087
2,222,475
943,107
1,005,410

201407220225(201407220225)
873,792
1,355,087
2,222,475
943,107
1,005,898

201407220226(201407220226)
873,792
1,355,087
2,222,475
943,107
1,006,001

201407220227(201407220227)
873,792
1,355,087
2,222,475
943,107
1,006,206

201407220230(201407220230)
873,792
1,355,502
2,222,475
943,107
1,006,206

201407220231(201407220231)
873,792
1,355,502
2,222,475
943,107
1,006,206

201407220232(201407220232)
873,792
1,355,502
2,222,475
944,806
1,006,206

201407220235(201407220235)
873,792
1,356,245
2,222,475
944,806
1,007,063

201407220236(201407220236)
873,792
1,356,245
2,222,475
944,806
1,007,063

201407220237(201407220237)
873,792
1,356,245
2,222,475
944,806
1,007,063

201407220240(201407220240)
873,792
1,356,245
2,222,475
944,806
1,007,791

201407220241(201407220241)
873,792
1,356,245
2,222,475
944,806
1,007,947

201407220242(201407220242)
873,792
1,356,245
2,222,475
945,423
1,007,947

201407220245(201407220245)
874,094
1,357,334
2,222,475
945,423
1,007,947

201407220246(201407220246)
874,094
1,357,334
2,222,475
945,425
1,007,947

201407220247(201407220247)
874,094
1,357,334
2,222,475
945,425
1,007,947

201407220250(201407220250)
874,818
1,357,334
2,222,475
945,425
1,008,060

201407220251(201407220251)
875,899
1,357,334
2,222,475
945,425
1,008,060

201407220252(201407220252)
876,816
1,357,334
2,222,475
945,425
1,008,073

201407220255(201407220255)
878,761
1,357,334
2,222,687
945,425
1,008,953

201407220256(201407220256)
878,761
1,357,334
2,222,837
945,425
1,008,953

201407220257(201407220257)
878,761
1,357,334
2,222,896
945,425
1,008,953

201407220300(201407220300)
878,761
1,357,334
2,224,124
945,721
1,008,953

201407220301(201407220301)
879,104
1,357,334
2,224,124
945,721
1,009,467

201407220302(201407220302)
879,104
1,357,334
2,224,124
946,055
1,009,467

201407220305(201407220305)
879,104
1,357,334
2,224,124
946,822
1,009,629

201407220306(201407220306)
879,104
1,357,334
2,224,124
946,822
1,009,629

201407220307(201407220307)
879,104
1,357,334
2,224,124
946,822
1,010,262

201407220310(201407220310)
879,280
1,357,334
2,224,124
946,822
1,010,262

201407220311(201407220311)
879,280
1,357,334
2,224,124
946,822
1,010,262

201407220312(201407220312)
879,280
1,357,334
2,224,124
946,822
1,010,262

201407220315(201407220315)
879,280
1,359,653
2,224,124
946,822
1,010,512

201407220316(201407220316)
879,280
1,360,806
2,224,124
946,822
1,010,512

201407220317(201407220317)
879,280
1,360,806
2,224,124
946,822
1,010,512

201407220320(201407220320)
879,438
1,360,806
2,224,124
946,822
1,010,512

201407220321(201407220321)
879,438
1,360,806
2,224,124
946,822
1,010,512

201407220322(201407220322)
879,438
1,360,806
2,224,124
946,822
1,010,512

201407220325(201407220325)
879,438
1,360,861
2,224,124
946,822
1,010,512

201407220326(201407220326)
880,425
1,360,861
2,224,124
946,822
1,010,512

201407220327(201407220327)
880,425
1,360,861
2,224,124
946,822
1,010,512

201407220330(201407220330)
881,201
1,360,861
2,224,124
946,822
1,010,512

201407220331(201407220331)
881,201
1,360,861
2,224,124
946,822
1,010,512

201407220332(201407220332)
881,201
1,360,861
2,224,124
946,822
1,010,512

201407220335(201407220335)
882,265
1,362,352
2,224,124
947,523
1,010,512

201407220336(201407220336)
882,265
1,362,352
2,224,124
947,523
1,010,512

201407220337(201407220337)
882,265
1,362,352
2,224,124
947,523
1,010,512

201407220340(201407220340)
882,265
1,362,352
2,224,124
947,567
1,010,512

201407220341(201407220341)
882,265
1,362,352
2,224,124
947,567
1,010,512

201407220342(201407220342)
882,265
1,362,352
2,224,124
947,567
1,010,512

201407220345(201407220345)
882,265
1,362,352
2,224,124
947,567
1,010,512

201407220346(201407220346)
882,265
1,362,352
2,224,124
947,567
1,011,399

201407220347(201407220347)
882,265
1,362,352
2,224,124
947,567
1,011,399

201407220350(201407220350)
882,292
1,363,068
2,224,124
947,567
1,011,399

201407220351(201407220351)
882,292
1,363,068
2,224,124
947,567
1,011,399

201407220352(201407220352)
882,292
1,363,068
2,224,124
947,567
1,011,399

201407220355(201407220355)
882,292
1,363,068
2,224,124
947,567
1,011,399

201407220356(201407220356)
882,292
1,363,068
2,224,124
947,567
1,011,399

201407220357(201407220357)
882,292
1,363,068
2,224,124
947,567
1,011,399

201407220400(201407220400)
882,292
1,364,153
2,224,124
947,567
1,011,406

201407220401(201407220401)
882,292
1,364,153
2,224,124
947,567
1,011,406

201407220402(201407220402)
882,292
1,364,153
2,224,124
947,567
1,011,406

201407220405(201407220405)
882,292
1,364,153
2,224,124
947,709
1,011,406

201407220406(201407220406)
882,292
1,364,153
2,224,124
947,709
1,011,406

201407220407(201407220407)
882,292
1,364,153
2,224,124
947,709
1,011,406

201407220410(201407220410)
882,292
1,364,153
2,224,124
947,709
1,011,406

201407220411(201407220411)
882,292
1,364,881
2,224,124
947,709
1,011,406

201407220412(201407220412)
882,927
1,366,809
2,224,124
947,709
1,011,406

201407220415(201407220415)
884,751
1,366,809
2,224,124
948,077
1,011,406

201407220416(201407220416)
884,751
1,366,809
2,224,124
948,077
1,011,406

201407220417(201407220417)
884,751
1,366,809
2,224,124
948,077
1,011,406

201407220420(201407220420)
885,686
1,366,809
2,224,124
948,265
1,011,965

201407220421(201407220421)
885,686
1,366,809
2,224,124
948,265
1,011,965

201407220422(201407220422)
885,686
1,366,809
2,224,124
948,451
1,011,965

201407220425(201407220425)
886,509
1,366,809
2,224,124
948,451
1,011,965

201407220426(201407220426)
886,509
1,366,809
2,224,124
948,451
1,012,008

201407220427(201407220427)
886,509
1,366,809
2,224,124
948,451
1,012,008

201407220430(201407220430)
886,509
1,366,809
2,224,124
948,451
1,012,149

201407220431(201407220431)
886,509
1,366,809
2,224,124
948,451
1,012,149

201407220432(201407220432)
886,509
1,366,809
2,224,124
948,451
1,012,149

201407220435(201407220435)
886,509
1,366,809
2,224,124
949,572
1,012,149

201407220436(201407220436)
886,509
1,369,735
2,224,124
949,572
1,012,149

201407220437(201407220437)
886,509
1,369,735
2,224,124
949,572
1,012,149

201407220440(201407220440)
887,672
1,369,735
2,224,124
949,572
1,012,149

201407220441(201407220441)
887,729
1,369,735
2,224,124
949,572
1,012,280

201407220442(201407220442)
887,729
1,369,735
2,224,124
949,572
1,012,522

201407220445(201407220445)
887,729
1,369,735
2,224,124
949,572
1,012,522

201407220446(201407220446)
887,729
1,369,735
2,224,124
949,791
1,012,522

201407220447(201407220447)
887,729
1,369,735
2,224,124
949,791
1,012,522

201407220450(201407220450)
887,729
1,369,735
2,224,124
949,791
1,013,753

201407220451(201407220451)
887,729
1,369,735
2,224,124
949,791
1,013,753

201407220452(201407220452)
887,729
1,369,735
2,224,124
949,791
1,013,753

201407220455(201407220455)
887,729
1,369,735
2,224,124
949,791
1,013,753

201407220456(201407220456)
887,729
1,369,735
2,224,124
949,791
1,013,753

201407220457(201407220457)
887,729
1,369,735
2,224,124
949,791
1,013,753

201407220500(201407220500)
887,729
1,369,735
2,224,124
949,791
1,013,753

201407220501(201407220501)
887,729
1,369,735
2,224,124
949,791
1,013,753

201407220502(201407220502)
887,729
1,370,518
2,224,124
949,791
1,013,753

201407220505(201407220505)
887,729
1,370,518
2,224,124
949,791
1,013,753

201407220506(201407220506)
887,729
1,370,518
2,224,124
949,791
1,013,753

201407220507(201407220507)
887,729
1,370,518
2,224,124
949,791
1,013,753

201407220510(201407220510)
887,729
1,370,518
2,224,124
949,791
1,015,759

201407220511(201407220511)
887,729
1,370,518
2,224,124
949,791
1,015,759

201407220512(201407220512)
887,729
1,370,518
2,224,124
949,791
1,015,759

201407220515(201407220515)
887,729
1,370,518
2,224,124
950,196
1,015,759

201407220516(201407220516)
887,729
1,370,518
2,224,124
950,196
1,015,759

201407220517(201407220517)
890,068
1,370,518
2,224,124
950,196
1,015,759

201407220520(201407220520)
890,068
1,370,518
2,224,124
950,290
1,016,701

201407220521(201407220521)
890,068
1,370,518
2,224,124
950,290
1,016,701

201407220522(201407220522)
890,068
1,370,518
2,224,124
950,290
1,016,701

201407220525(201407220525)
890,405
1,370,518
2,224,124
950,290
1,016,701

201407220526(201407220526)
890,405
1,370,518
2,224,124
950,290
1,016,701

201407220527(201407220527)
890,405
1,370,518
2,224,124
950,290
1,016,701

201407220530(201407220530)
891,039
1,370,518
2,224,124
950,290
1,016,701

201407220531(201407220531)
891,039
1,370,518
2,224,124
950,290
1,016,701

201407220532(201407220532)
891,039
1,370,518
2,224,124
950,290
1,016,701

201407220535(201407220535)
891,039
1,370,518
2,224,124
950,290
1,016,701

201407220536(201407220536)
891,788
1,370,518
2,224,124
950,290
1,016,701

201407220537(201407220537)
891,833
1,370,518
2,224,124
950,290
1,016,701

201407220540(201407220540)
891,833
1,370,518
2,224,124
950,290
1,016,701

201407220541(201407220541)
891,833
1,370,518
2,224,124
950,290
1,016,701

201407220542(201407220542)
891,833
1,370,518
2,224,124
950,290
1,016,701

201407220545(201407220545)
892,554
1,370,518
2,224,124
950,290
1,016,701

201407220546(201407220546)
892,554
1,370,518
2,224,124
950,290
1,016,701

201407220547(201407220547)
892,554
1,370,518
2,224,124
950,290
1,016,701

201407220550(201407220550)
892,554
1,370,518
2,224,124
950,290
1,016,818

201407220551(201407220551)
892,554
1,370,518
2,224,124
950,290
1,016,818

201407220552(201407220552)
892,554
1,370,518
2,224,124
950,290
1,016,818

201407220555(201407220555)
892,554
1,370,518
2,224,124
950,290
1,016,818

201407220556(201407220556)
892,554
1,370,518
2,224,124
950,431
1,016,818

201407220557(201407220557)
892,554
1,370,518
2,224,124
950,431
1,016,818

201407220600(201407220600)
892,554
1,370,518
2,224,124
950,592
1,017,629

201407220601(201407220601)
892,554
1,370,518
2,224,124
950,996
1,017,629

201407220602(201407220602)
892,554
1,370,518
2,224,124
951,106
1,017,629

201407220605(201407220605)
892,554
1,370,518
2,224,124
951,178
1,017,629

201407220606(201407220606)
892,554
1,370,518
2,224,124
951,178
1,017,629

201407220607(201407220607)
892,554
1,370,518
2,224,124
951,178
1,017,629

201407220610(201407220610)
892,554
1,370,518
2,224,124
951,277
1,018,464

201407220611(201407220611)
892,554
1,370,518
2,224,124
951,277
1,018,524

201407220612(201407220612)
892,554
1,370,518
2,224,124
951,277
1,018,524

201407220615(201407220615)
892,554
1,370,518
2,224,124
951,277
1,019,086

201407220616(201407220616)
894,829
1,370,518
2,224,124
951,988
1,019,086

201407220617(201407220617)
895,496
1,370,518
2,224,124
952,001
1,019,086

201407220620(201407220620)
895,496
1,370,518
2,224,124
952,359
1,019,086

201407220621(201407220621)
895,496
1,370,518
2,224,124
952,359
1,019,086

201407220622(201407220622)
895,496
1,370,518
2,224,124
952,359
1,019,086

201407220625(201407220625)
895,496
1,370,518
2,224,124
952,359
1,019,211

201407220626(201407220626)
895,496
1,370,518
2,224,124
952,359
1,019,211

201407220627(201407220627)
895,496
1,370,518
2,224,124
952,359
1,019,211

201407220630(201407220630)
896,242
1,370,518
2,224,124
952,359
1,020,735

201407220631(201407220631)
896,242
1,370,518
2,224,124
952,359
1,020,735

201407220632(201407220632)
896,242
1,370,518
2,224,124
952,359
1,021,011

201407220635(201407220635)
896,251
1,370,518
2,224,124
952,359
1,021,011

201407220636(201407220636)
896,251
1,370,518
2,224,124
952,359
1,021,011

201407220637(201407220637)
896,251
1,370,518
2,224,124
952,359
1,021,065

201407220640(201407220640)
896,251
1,370,518
2,224,124
952,359
1,021,065

201407220641(201407220641)
896,290
1,370,518
2,224,124
952,359
1,021,197

201407220642(201407220642)
896,290
1,370,518
2,224,124
952,359
1,021,197

201407220645(201407220645)
896,290
1,370,518
2,224,124
952,359
1,021,197

201407220646(201407220646)
896,451
1,370,518
2,224,124
952,359
1,021,197

201407220647(201407220647)
897,654
1,370,518
2,224,124
952,359
1,021,197

201407220650(201407220650)
897,654
1,370,518
2,229,137
952,359
1,021,352

201407220651(201407220651)
898,137
1,370,518
2,229,563
952,359
1,021,352

201407220652(201407220652)
898,137
1,370,518
2,229,563
952,636
1,021,352

201407220655(201407220655)
898,949
1,370,518
2,229,563
952,636
1,021,414

201407220656(201407220656)
898,949
1,370,518
2,229,563
952,636
1,021,414

201407220657(201407220657)
899,932
1,370,518
2,229,563
952,636
1,021,414

201407220700(201407220700)
900,324
1,370,518
2,229,563
952,636
1,021,414

201407220701(201407220701)
900,324
1,371,625
2,229,563
953,816
1,021,414

201407220702(201407220702)
900,324
1,371,625
2,229,563
953,934
1,022,828

201407220705(201407220705)
900,507
1,371,625
2,229,563
956,815
1,023,207

201407220706(201407220706)
900,627
1,371,625
2,229,563
958,021
1,023,207

201407220707(201407220707)
900,627
1,371,625
2,229,563
958,021
1,023,207

201407220710(201407220710)
900,828
1,375,361
2,229,563
958,021
1,023,281

201407220711(201407220711)
900,828
1,375,361
2,229,563
958,021
1,023,281

201407220712(201407220712)
900,828
1,375,361
2,229,563
958,021
1,023,281

201407220715(201407220715)
900,841
1,375,361
2,229,563
958,178
1,024,287

201407220716(201407220716)
901,179
1,375,361
2,229,563
958,356
1,024,287

201407220717(201407220717)
901,179
1,375,361
2,229,563
958,356
1,024,287

201407220720(201407220720)
901,861
1,375,361
2,229,563
958,978
1,024,287

201407220721(201407220721)
901,861
1,375,812
2,229,563
958,978
1,024,287

201407220722(201407220722)
901,861
1,375,812
2,229,563
958,978
1,024,287

201407220725(201407220725)
902,242
1,376,006
2,229,714
960,292
1,024,825

201407220726(201407220726)
902,242
1,376,006
2,229,865
960,292
1,024,825

201407220727(201407220727)
902,242
1,376,006
2,229,953
961,931
1,024,825

201407220730(201407220730)
902,387
1,376,006
2,232,876
961,931
1,024,825

201407220731(201407220731)
902,387
1,376,006
2,232,876
963,811
1,024,825

201407220732(201407220732)
902,387
1,376,006
2,232,876
963,811
1,024,825

201407220735(201407220735)
903,223
1,376,006
2,232,876
963,811
1,024,825

201407220736(201407220736)
903,230
1,376,006
2,232,876
963,811
1,024,825

201407220737(201407220737)
903,252
1,376,006
2,232,876
963,811
1,024,825

201407220740(201407220740)
903,614
1,376,006
2,232,876
966,065
1,025,614

201407220741(201407220741)
903,614
1,376,006
2,232,876
966,065
1,025,614

201407220742(201407220742)
903,764
1,376,006
2,232,876
966,065
1,025,614

201407220745(201407220745)
903,764
1,376,006
2,232,876
966,065
1,025,614

201407220746(201407220746)
903,764
1,376,006
2,232,876
966,065
1,025,614

201407220747(201407220747)
903,764
1,376,006
2,232,876
966,065
1,025,614

201407220750(201407220750)
903,764
1,376,006
2,232,876
966,809
1,025,614

201407220751(201407220751)
903,764
1,376,006
2,232,876
968,114
1,025,614

201407220752(201407220752)
903,764
1,376,006
2,232,876
968,114
1,025,614

201407220755(201407220755)
903,764
1,376,006
2,232,876
968,114
1,027,085

201407220756(201407220756)
903,764
1,376,006
2,232,876
968,114
1,027,085

201407220757(201407220757)
903,764
1,376,006
2,232,876
968,114
1,027,478

201407220800(201407220800)
903,764
1,376,006
2,232,876
968,114
1,027,478

201407220801(201407220801)
903,764
1,376,006
2,232,876
968,114
1,027,478

201407220802(201407220802)
903,764
1,376,006
2,232,876
968,114
1,027,478

201407220805(201407220805)
903,764
1,376,006
2,232,876
968,171
1,027,478

201407220806(201407220806)
904,066
1,376,006
2,232,876
968,171
1,027,478

201407220807(201407220807)
904,066
1,376,006
2,232,876
968,171
1,027,478

201407220810(201407220810)
904,203
1,376,006
2,232,876
968,171
1,027,478

201407220811(201407220811)
904,435
1,376,006
2,232,876
968,171
1,027,684

201407220812(201407220812)
904,435
1,376,006
2,232,876
968,171
1,027,684

201407220815(201407220815)
905,270
1,376,943
2,232,876
968,171
1,027,684

201407220816(201407220816)
905,270
1,376,943
2,232,876
968,171
1,027,724

201407220817(201407220817)
905,270
1,376,943
2,232,876
968,171
1,027,724

201407220820(201407220820)
905,270
1,376,943
2,232,876
968,171
1,027,724

201407220821(201407220821)
905,270
1,376,943
2,232,876
968,171
1,027,724

201407220822(201407220822)
905,965
1,376,943
2,232,876
968,171
1,027,724

201407220825(201407220825)
905,965
1,376,943
2,233,028
968,409
1,027,724

201407220826(201407220826)
905,965
1,376,943
2,235,920
968,409
1,027,724

201407220827(201407220827)
905,965
1,377,821
2,235,920
968,409
1,027,724

201407220830(201407220830)
905,965
1,378,556
2,235,920
968,409
1,027,724

201407220831(201407220831)
905,965
1,378,556
2,235,920
968,409
1,027,724

201407220832(201407220832)
905,965
1,378,556
2,235,920
968,409
1,027,724

201407220835(201407220835)
906,229
1,378,556
2,235,920
968,409
1,030,012

201407220836(201407220836)
906,229
1,378,556
2,235,920
968,409
1,030,012

201407220837(201407220837)
906,229
1,379,394
2,235,920
969,214
1,030,012

201407220840(201407220840)
906,229
1,379,394
2,235,920
969,453
1,030,012

201407220841(201407220841)
906,229
1,379,394
2,235,920
970,001
1,030,012

201407220842(201407220842)
906,229
1,379,394
2,235,920
971,322
1,030,012

201407220845(201407220845)
906,229
1,379,394
2,235,920
971,961
1,030,012

201407220846(201407220846)
906,704
1,379,394
2,235,920
971,961
1,030,012

201407220847(201407220847)
906,704
1,379,394
2,235,920
971,961
1,030,012

201407220850(201407220850)
907,128
1,379,394
2,235,920
971,961
1,030,012

201407220851(201407220851)
907,556
1,379,394
2,235,920
971,961
1,030,012

201407220852(201407220852)
907,556
1,379,394
2,235,920
971,961
1,030,012

201407220855(201407220855)
907,978
1,379,394
2,235,920
971,961
1,030,012

201407220856(201407220856)
907,978
1,379,394
2,235,920
971,961
1,030,012

201407220857(201407220857)
907,978
1,379,394
2,235,920
971,961
1,030,012

201407220900(201407220900)
907,978
1,379,394
2,235,920
972,147
1,030,119

201407220901(201407220901)
907,978
1,379,394
2,235,920
972,147
1,030,119

201407220902(201407220902)
907,978
1,379,394
2,235,920
972,147
1,030,119

201407220905(201407220905)
907,978
1,379,394
2,235,920
972,147
1,030,387

201407220906(201407220906)
909,378
1,379,394
2,235,920
972,557
1,030,387

201407220907(201407220907)
909,378
1,379,394
2,235,920
972,557
1,030,387

201407220910(201407220910)
909,378
1,379,394
2,235,920
972,557
1,030,759

201407220911(201407220911)
909,378
1,379,394
2,235,920
972,684
1,030,759

201407220912(201407220912)
909,378
1,379,394
2,235,920
972,684
1,030,759

201407220915(201407220915)
909,378
1,381,169
2,235,920
973,980
1,030,877

201407220916(201407220916)
909,378
1,381,169
2,235,920
973,980
1,030,877

201407220917(201407220917)
909,378
1,381,169
2,235,920
973,980
1,030,877

201407220920(201407220920)
911,815
1,381,383
2,235,920
974,159
1,030,877

201407220921(201407220921)
911,815
1,383,989
2,235,920
974,159
1,030,877

201407220922(201407220922)
911,815
1,383,989
2,235,920
974,159
1,031,002

201407220925(201407220925)
911,815
1,383,989
2,235,920
974,159
1,032,411

201407220926(201407220926)
911,815
1,383,989
2,235,920
974,159
1,032,411

201407220927(201407220927)
911,815
1,383,989
2,235,920
974,159
1,032,411

201407220930(201407220930)
911,815
1,383,989
2,235,920
976,234
1,032,411

201407220931(201407220931)
911,815
1,383,989
2,235,920
976,234
1,032,411

201407220932(201407220932)
911,815
1,383,989
2,235,920
976,234
1,032,411

201407220935(201407220935)
911,815
1,383,989
2,235,920
977,074
1,032,411

201407220936(201407220936)
911,815
1,383,989
2,235,920
977,074
1,032,411

201407220937(201407220937)
912,190
1,383,989
2,235,920
977,074
1,032,411

201407220940(201407220940)
913,303
1,383,989
2,235,920
977,074
1,032,411

201407220941(201407220941)
913,303
1,383,989
2,235,920
977,074
1,032,773

201407220942(201407220942)
913,303
1,384,758
2,235,920
977,074
1,033,095

201407220945(201407220945)
913,303
1,384,758
2,235,920
977,074
1,033,598

201407220946(201407220946)
913,303
1,384,758
2,235,920
977,074
1,033,598

201407220947(201407220947)
913,303
1,386,509
2,235,920
977,074
1,033,598

201407220950(201407220950)
913,303
1,386,509
2,235,920
977,074
1,033,598

201407220951(201407220951)
913,785
1,386,639
2,235,920
977,074
1,033,598

201407220952(201407220952)
913,785
1,386,639
2,235,920
977,074
1,033,598

201407220955(201407220955)
913,785
1,386,639
2,235,920
977,074
1,033,598

201407220956(201407220956)
913,785
1,386,639
2,235,920
977,074
1,033,598

201407220957(201407220957)
913,785
1,387,557
2,235,920
977,074
1,033,598

201407221000(201407221000)
913,785
1,387,557
2,240,054
977,074
1,034,162

201407221001(201407221001)
913,785
1,388,242
2,240,961
977,074
1,034,162

201407221002(201407221002)
913,785
1,389,494
2,241,441
977,207
1,034,162

201407221005(201407221005)
914,290
1,390,011
2,245,838
977,207
1,034,162

201407221006(201407221006)
914,290
1,390,011
2,245,838
977,207
1,034,162

201407221007(201407221007)
914,290
1,390,199
2,245,838
977,207
1,034,162

201407221010(201407221010)
914,784
1,391,350
2,245,838
977,511
1,034,217

201407221011(201407221011)
914,784
1,391,350
2,245,838
977,511
1,034,217

201407221012(201407221012)
914,784
1,391,350
2,245,838
977,511
1,034,217

201407221015(201407221015)
914,784
1,391,918
2,245,838
978,515
1,034,217

201407221016(201407221016)
914,784
1,391,918
2,245,838
979,104
1,034,217

201407221017(201407221017)
914,784
1,391,918
2,245,838
980,548
1,034,217

201407221020(201407221020)
914,809
1,391,918
2,245,838
981,765
1,034,217

201407221021(201407221021)
914,809
1,391,918
2,245,838
981,765
1,034,217

201407221022(201407221022)
914,809
1,391,918
2,245,838
981,765
1,034,217

201407221025(201407221025)
915,448
1,391,918
2,245,838
981,765
1,034,217

201407221026(201407221026)
915,448
1,391,918
2,245,838
981,765
1,034,217

201407221027(201407221027)
915,448
1,391,918
2,245,838
981,896
1,034,217

201407221030(201407221030)
916,850
1,391,918
2,245,838
982,576
1,034,217

201407221031(201407221031)
916,850
1,391,918
2,245,838
982,576
1,034,217

201407221032(201407221032)
916,850
1,391,918
2,245,838
982,576
1,034,217

201407221035(201407221035)
919,187
1,391,918
2,245,838
983,920
1,034,217

201407221036(201407221036)
919,187
1,391,918
2,245,838
984,261
1,034,217

201407221037(201407221037)
919,187
1,391,918
2,245,838
984,261
1,034,217

201407221040(201407221040)
919,187
1,393,086
2,245,838
984,305
1,034,217

201407221041(201407221041)
921,244
1,393,086
2,245,838
984,327
1,034,217

201407221042(201407221042)
921,331
1,393,086
2,245,838
984,368
1,034,217

201407221045(201407221045)
921,711
1,393,086
2,245,838
985,451
1,034,217

201407221046(201407221046)
921,711
1,393,086
2,245,838
985,451
1,034,217

201407221047(201407221047)
923,295
1,393,086
2,245,838
985,451
1,034,217

201407221050(201407221050)
923,430
1,393,153
2,245,838
985,451
1,034,217

201407221051(201407221051)
923,430
1,393,153
2,245,838
985,451
1,034,217

201407221052(201407221052)
923,430
1,393,153
2,245,838
985,451
1,034,217

201407221055(201407221055)
924,043
1,393,265
2,245,838
988,011
1,034,217

201407221056(201407221056)
924,043
1,393,265
2,245,838
988,189
1,034,217

201407221057(201407221057)
924,043
1,393,265
2,245,838
988,189
1,034,217

201407221100(201407221100)
924,043
1,393,265
2,245,838
988,189
1,035,027

201407221101(201407221101)
924,043
1,393,265
2,245,838
988,189
1,035,027

201407221102(201407221102)
924,043
1,393,265
2,245,838
988,189
1,035,340

201407221105(201407221105)
924,043
1,393,265
2,245,838
988,189
1,037,562

201407221106(201407221106)
924,043
1,393,265
2,245,838
989,563
1,037,562

201407221107(201407221107)
924,043
1,393,801
2,245,838
989,626
1,037,562

201407221110(201407221110)
924,043
1,393,801
2,245,838
989,723
1,037,562

201407221111(201407221111)
924,043
1,393,801
2,245,838
989,723
1,037,562

201407221112(201407221112)
924,043
1,393,801
2,245,838
989,723
1,037,562

201407221115(201407221115)
925,587
1,393,801
2,245,838
990,440
1,037,578

201407221116(201407221116)
925,587
1,393,801
2,245,838
993,150
1,037,578

201407221117(201407221117)
925,587
1,393,801
2,245,838
993,359
1,037,578

201407221120(201407221120)
925,587
1,393,801
2,245,838
993,990
1,037,847

201407221121(201407221121)
925,587
1,393,801
2,245,838
993,990
1,037,847

201407221122(201407221122)
925,587
1,393,801
2,245,838
993,990
1,038,361

201407221125(201407221125)
925,587
1,393,801
2,245,838
995,738
1,039,597

201407221126(201407221126)
926,008
1,393,801
2,245,838
995,738
1,039,597

201407221127(201407221127)
926,008
1,393,801
2,245,838
995,738
1,040,330

201407221130(201407221130)
926,008
1,393,801
2,245,838
995,738
1,040,330

201407221131(201407221131)
926,356
1,393,801
2,245,838
996,124
1,040,330

201407221132(201407221132)
926,356
1,393,801
2,245,838
996,124
1,040,330

201407221135(201407221135)
926,356
1,393,801
2,245,838
996,124
1,041,221

201407221136(201407221136)
926,356
1,393,801
2,245,838
996,124
1,041,820

201407221137(201407221137)
926,356
1,393,801
2,245,838
998,216
1,041,975

201407221140(201407221140)
926,356
1,394,248
2,246,017
998,216
1,042,035

201407221141(201407221141)
926,356
1,394,248
2,247,838
998,216
1,042,035

201407221142(201407221142)
926,356
1,394,248
2,247,838
998,216
1,042,035

201407221145(201407221145)
926,356
1,398,594
2,247,838
998,237
1,042,524

201407221146(201407221146)
926,751
1,398,594
2,247,838
998,237
1,042,524

201407221147(201407221147)
926,751
1,400,316
2,247,838
998,237
1,042,524

201407221150(201407221150)
926,751
1,400,316
2,247,838
998,237
1,042,524

201407221151(201407221151)
926,751
1,400,316
2,247,838
998,237
1,043,266

201407221152(201407221152)
926,751
1,400,316
2,247,838
998,237
1,043,266

201407221155(201407221155)
927,269
1,400,316
2,247,838
1,000,057
1,043,266

201407221156(201407221156)
927,395
1,400,316
2,247,838
1,000,057
1,043,266

201407221157(201407221157)
927,395
1,400,316
2,247,838
1,000,057
1,043,757

201407221200(201407221200)
927,395
1,400,316
2,247,838
1,000,057
1,048,824

201407221201(201407221201)
927,395
1,400,316
2,247,838
1,000,057
1,048,824

201407221202(201407221202)
927,466
1,400,316
2,247,873
1,000,391
1,048,824

201407221205(201407221205)
928,119
1,400,316
2,248,669
1,000,391
1,048,824

201407221206(201407221206)
928,119
1,400,316
2,248,669
1,000,391
1,048,824

201407221207(201407221207)
928,119
1,400,316
2,248,669
1,000,391
1,048,824

201407221210(201407221210)
928,119
1,401,013
2,248,669
1,000,391
1,048,824

201407221211(201407221211)
928,119
1,401,013
2,248,669
1,000,391
1,048,824

201407221212(201407221212)
928,119
1,401,013
2,248,669
1,000,391
1,048,824

201407221215(201407221215)
928,119
1,401,564
2,248,669
1,000,391
1,049,180

201407221216(201407221216)
928,119
1,401,564
2,248,669
1,000,391
1,049,180

201407221217(201407221217)
928,119
1,401,564
2,248,669
1,000,392
1,049,426

201407221220(201407221220)
928,145
1,401,564
2,248,669
1,000,773
1,049,535

201407221221(201407221221)
928,145
1,401,564
2,248,669
1,000,773
1,049,535

201407221222(201407221222)
928,810
1,401,564
2,248,669
1,000,773
1,049,628

201407221225(201407221225)
930,452
1,405,020
2,248,669
1,000,787
1,049,628

201407221226(201407221226)
931,342
1,405,020
2,248,669
1,000,839
1,049,938

201407221227(201407221227)
931,342
1,406,109
2,248,669
1,000,839
1,051,206

201407221230(201407221230)
932,055
1,406,316
2,248,669
1,000,839
1,051,427

201407221231(201407221231)
932,210
1,406,835
2,248,669
1,000,839
1,051,427

201407221232(201407221232)
932,353
1,406,835
2,248,669
1,000,839
1,051,427

201407221235(201407221235)
932,581
1,406,835
2,248,669
1,001,083
1,054,115

201407221236(201407221236)
932,581
1,406,835
2,248,669
1,001,083
1,054,115

201407221237(201407221237)
932,581
1,406,989
2,248,669
1,001,083
1,054,327

201407221240(201407221240)
932,581
1,406,989
2,248,669
1,001,083
1,055,336

201407221241(201407221241)
932,581
1,406,989
2,248,669
1,001,083
1,055,336

201407221242(201407221242)
932,581
1,406,989
2,248,669
1,001,083
1,055,515

201407221245(201407221245)
933,642
1,406,989
2,248,669
1,001,083
1,056,017

201407221246(201407221246)
933,642
1,406,989
2,248,669
1,001,083
1,056,988

201407221247(201407221247)
933,642
1,406,989
2,248,669
1,001,083
1,056,988

201407221250(201407221250)
934,763
1,406,989
2,248,669
1,001,083
1,056,988

201407221251(201407221251)
934,763
1,406,989
2,248,669
1,001,083
1,056,988

201407221252(201407221252)
934,763
1,406,989
2,248,669
1,001,083
1,057,179

201407221255(201407221255)
934,763
1,406,989
2,248,669
1,002,873
1,057,179

201407221256(201407221256)
934,763
1,406,989
2,248,669
1,003,328
1,057,179

201407221257(201407221257)
934,763
1,406,989
2,248,669
1,003,820
1,057,179

201407221300(201407221300)
934,763
1,406,989
2,248,669
1,005,738
1,057,179

201407221301(201407221301)
934,763
1,406,989
2,248,669
1,005,738
1,057,179

201407221302(201407221302)
934,763
1,406,989
2,248,669
1,005,738
1,057,594

201407221305(201407221305)
934,763
1,407,056
2,251,584
1,005,738
1,057,594

201407221306(201407221306)
934,763
1,407,056
2,252,816
1,005,738
1,057,594

201407221307(201407221307)
934,763
1,407,056
2,255,389
1,005,738
1,057,594

201407221310(201407221310)
934,763
1,407,056
2,267,207
1,005,927
1,057,594

201407221311(201407221311)
935,518
1,407,566
2,267,207
1,005,927
1,057,594

201407221312(201407221312)
935,518
1,407,566
2,267,207
1,005,947
1,057,594

201407221315(201407221315)
935,518
1,407,566
2,267,207
1,005,947
1,059,049

201407221316(201407221316)
935,518
1,407,566
2,267,207
1,005,947
1,059,049

201407221317(201407221317)
935,518
1,407,566
2,267,207
1,005,947
1,059,049

201407221320(201407221320)
935,518
1,407,566
2,267,207
1,005,947
1,059,049

201407221321(201407221321)
937,428
1,407,566
2,267,207
1,005,947
1,059,049

201407221322(201407221322)
938,124
1,407,566
2,267,207
1,005,947
1,059,049

201407221325(201407221325)
938,861
1,407,566
2,267,207
1,005,947
1,059,049

201407221326(201407221326)
938,861
1,407,566
2,267,207
1,005,947
1,059,049

201407221327(201407221327)
938,861
1,407,566
2,267,207
1,005,947
1,059,049

201407221330(201407221330)
939,770
1,407,566
2,267,207
1,005,947
1,059,049

201407221331(201407221331)
939,770
1,407,566
2,267,207
1,006,001
1,059,049

201407221332(201407221332)
939,770
1,407,566
2,267,207
1,006,001
1,059,389

201407221335(201407221335)
939,770
1,407,645
2,267,207
1,006,206
1,059,389

201407221336(201407221336)
939,770
1,407,714
2,267,207
1,006,206
1,059,389

201407221337(201407221337)
939,770
1,407,714
2,267,207
1,006,206
1,059,389

201407221340(201407221340)
939,770
1,407,714
2,267,207
1,006,649
1,059,389

201407221341(201407221341)
939,770
1,407,714
2,267,207
1,006,649
1,059,389

201407221342(201407221342)
939,770
1,407,714
2,267,207
1,006,649
1,059,389

201407221345(201407221345)
939,770
1,407,714
2,267,207
1,006,649
1,059,389

201407221346(201407221346)
939,770
1,407,714
2,267,207
1,006,649
1,059,389

201407221347(201407221347)
939,770
1,407,714
2,267,207
1,006,649
1,059,389

201407221350(201407221350)
939,770
1,408,725
2,267,207
1,006,649
1,059,891

201407221351(201407221351)
940,396
1,408,725
2,267,207
1,006,649
1,059,891

201407221352(201407221352)
940,396
1,408,725
2,267,207
1,006,649
1,060,236

201407221355(201407221355)
940,396
1,408,827
2,267,207
1,006,649
1,060,236

201407221356(201407221356)
940,396
1,408,827
2,267,207
1,006,697
1,060,236

201407221357(201407221357)
940,396
1,408,827
2,267,207
1,006,697
1,060,236

201407221400(201407221400)
941,166
1,408,827
2,267,207
1,006,697
1,060,236

201407221401(201407221401)
941,166
1,408,827
2,267,207
1,006,697
1,060,236

201407221402(201407221402)
941,166
1,408,827
2,267,207
1,006,697
1,060,236

201407221405(201407221405)
941,166
1,408,827
2,267,207
1,006,697
1,060,236

201407221406(201407221406)
941,166
1,408,827
2,267,207
1,006,697
1,060,236

201407221407(201407221407)
941,166
1,408,827
2,267,207
1,006,697
1,060,236

201407221410(201407221410)
941,166
1,408,827
2,273,139
1,007,011
1,060,708

201407221411(201407221411)
941,454
1,408,918
2,275,910
1,007,011
1,060,922

201407221412(201407221412)
941,454
1,408,918
2,278,632
1,007,522
1,060,922

201407221415(201407221415)
941,454
1,408,918
2,286,920
1,009,658
1,061,548

201407221416(201407221416)
941,454
1,408,918
2,286,920
1,009,861
1,061,548

201407221417(201407221417)
941,454
1,408,918
2,289,720
1,009,861
1,061,548

201407221420(201407221420)
943,250
1,408,918
2,303,592
1,010,512
1,061,548

201407221421(201407221421)
943,250
1,408,918
2,306,306
1,010,512
1,061,548

201407221422(201407221422)
943,250
1,408,918
2,308,359
1,011,012
1,061,548

201407221425(201407221425)
943,250
1,408,918
2,308,359
1,011,012
1,062,332

201407221426(201407221426)
943,250
1,408,918
2,308,359
1,011,012
1,062,332

201407221427(201407221427)
943,250
1,408,918
2,308,359
1,011,012
1,063,325

201407221430(201407221430)
944,611
1,408,918
2,308,359
1,011,399
1,063,325

201407221431(201407221431)
944,611
1,408,918
2,308,359
1,011,399
1,063,325

201407221432(201407221432)
944,611
1,408,918
2,308,359
1,011,399
1,063,325

201407221435(201407221435)
944,611
1,408,918
2,308,359
1,011,406
1,063,827

201407221436(201407221436)
944,611
1,408,918
2,308,359
1,011,406
1,063,827

201407221437(201407221437)
944,611
1,408,918
2,308,359
1,011,406
1,063,827

201407221440(201407221440)
944,611
1,408,918
2,308,359
1,011,406
1,064,198

201407221441(201407221441)
944,611
1,408,918
2,308,359
1,011,406
1,064,198

201407221442(201407221442)
944,611
1,408,918
2,308,359
1,011,406
1,064,198

201407221445(201407221445)
944,611
1,408,918
2,308,359
1,011,589
1,064,198

201407221446(201407221446)
944,611
1,408,918
2,308,359
1,012,008
1,064,198

201407221447(201407221447)
944,611
1,408,918
2,308,359
1,012,041
1,064,198

201407221450(201407221450)
944,611
1,408,944
2,308,359
1,012,922
1,064,198

201407221451(201407221451)
944,681
1,408,944
2,308,359
1,012,922
1,064,198

201407221452(201407221452)
944,935
1,408,944
2,308,359
1,012,922
1,064,198

201407221455(201407221455)
945,046
1,408,944
2,308,359
1,012,922
1,064,198

201407221456(201407221456)
945,046
1,408,944
2,308,359
1,012,922
1,064,198

201407221457(201407221457)
945,922
1,408,944
2,308,359
1,012,922
1,065,368

201407221500(201407221500)
945,968
1,408,944
2,308,359
1,012,922
1,065,606

201407221501(201407221501)
945,968
1,408,944
2,308,359
1,012,922
1,065,606

201407221502(201407221502)
945,968
1,408,944
2,308,359
1,012,922
1,065,606

201407221505(201407221505)
946,449
1,408,944
2,309,719
1,013,119
1,065,759

201407221506(201407221506)
946,490
1,408,944
2,309,719
1,013,119
1,065,759

201407221507(201407221507)
946,822
1,408,944
2,309,719
1,013,167
1,065,759

201407221510(201407221510)
947,690
1,408,944
2,309,719
1,013,167
1,065,838

201407221511(201407221511)
947,738
1,409,397
2,309,719
1,013,167
1,065,838

201407221512(201407221512)
947,757
1,409,408
2,309,719
1,013,167
1,065,838

201407221515(201407221515)
947,757
1,409,408
2,309,719
1,013,167
1,065,838

201407221516(201407221516)
947,757
1,410,326
2,309,719
1,013,167
1,065,838

201407221517(201407221517)
947,757
1,410,326
2,309,719
1,013,167
1,065,838

201407221520(201407221520)
947,757
1,410,390
2,309,719
1,013,167
1,065,838

201407221521(201407221521)
947,757
1,410,390
2,309,719
1,013,167
1,065,838

201407221522(201407221522)
947,778
1,410,390
2,309,719
1,013,167
1,065,838

201407221525(201407221525)
947,883
1,410,421
2,309,719
1,013,807
1,066,104

201407221526(201407221526)
947,883
1,410,566
2,309,719
1,014,522
1,066,104

201407221527(201407221527)
947,883
1,411,682
2,309,719
1,014,522
1,066,104

201407221530(201407221530)
947,883
1,414,714
2,309,719
1,015,320
1,066,682

201407221531(201407221531)
947,883
1,414,714
2,309,832
1,015,320
1,066,682

201407221532(201407221532)
947,883
1,414,714
2,309,887
1,015,320
1,066,682

201407221535(201407221535)
948,265
1,414,714
2,311,133
1,015,514
1,067,205

201407221536(201407221536)
948,265
1,414,714
2,311,133
1,015,514
1,067,205

201407221537(201407221537)
948,265
1,414,714
2,311,133
1,015,514
1,067,205

201407221540(201407221540)
948,891
1,414,714
2,311,133
1,015,514
1,067,205

201407221541(201407221541)
948,891
1,414,714
2,311,133
1,015,514
1,067,205

201407221542(201407221542)
948,891
1,414,714
2,311,133
1,015,514
1,067,205

201407221545(201407221545)
950,892
1,414,714
2,311,133
1,015,759
1,067,205

201407221546(201407221546)
950,892
1,414,714
2,311,133
1,015,759
1,067,205

201407221547(201407221547)
950,892
1,414,714
2,311,133
1,015,759
1,067,205

201407221550(201407221550)
950,892
1,416,180
2,311,133
1,015,759
1,068,828

201407221551(201407221551)
950,892
1,416,180
2,311,133
1,015,759
1,068,828

201407221552(201407221552)
950,892
1,416,180
2,311,133
1,015,759
1,068,828

201407221555(201407221555)
950,892
1,416,180
2,311,133
1,015,759
1,068,828

201407221556(201407221556)
950,892
1,416,180
2,311,133
1,015,759
1,068,828

201407221557(201407221557)
950,892
1,416,180
2,311,133
1,015,759
1,068,828

201407221600(201407221600)
950,892
1,416,180
2,311,133
1,015,759
1,068,828

201407221601(201407221601)
950,892
1,416,180
2,311,133
1,015,759
1,068,828

201407221602(201407221602)
950,892
1,416,180
2,311,133
1,016,044
1,068,828

201407221605(201407221605)
951,254
1,416,180
2,311,133
1,016,044
1,070,301

201407221606(201407221606)
951,254
1,416,180
2,311,133
1,016,044
1,070,301

201407221607(201407221607)
951,254
1,416,180
2,311,133
1,016,044
1,070,357

201407221610(201407221610)
951,254
1,416,180
2,311,133
1,016,076
1,070,357

201407221611(201407221611)
951,254
1,416,180
2,311,133
1,016,076
1,070,357

201407221612(201407221612)
951,254
1,416,180
2,311,133
1,016,076
1,070,357

201407221615(201407221615)
952,001
1,416,180
2,311,133
1,016,076
1,070,357

201407221616(201407221616)
952,001
1,416,180
2,311,133
1,016,076
1,070,357

201407221617(201407221617)
952,001
1,416,180
2,311,133
1,016,076
1,071,354

201407221620(201407221620)
952,001
1,416,180
2,311,133
1,016,588
1,071,354

201407221621(201407221621)
952,001
1,417,209
2,311,133
1,016,588
1,071,354

201407221622(201407221622)
952,001
1,417,209
2,311,133
1,016,588
1,073,592

201407221625(201407221625)
952,201
1,417,209
2,311,133
1,016,588
1,073,666

201407221626(201407221626)
952,485
1,417,209
2,311,133
1,016,588
1,073,666

201407221627(201407221627)
952,485
1,417,209
2,311,133
1,016,588
1,073,666

201407221630(201407221630)
952,485
1,419,707
2,311,133
1,016,588
1,074,407

201407221631(201407221631)
952,485
1,419,707
2,311,133
1,016,588
1,074,816

201407221632(201407221632)
952,485
1,419,707
2,311,133
1,016,588
1,074,816

201407221635(201407221635)
952,485
1,419,707
2,311,133
1,017,273
1,076,460

201407221636(201407221636)
952,485
1,419,707
2,311,133
1,017,273
1,076,460

201407221637(201407221637)
954,209
1,419,707
2,311,133
1,017,273
1,076,460

201407221640(201407221640)
954,209
1,420,670
2,311,133
1,017,273
1,076,460

201407221641(201407221641)
954,209
1,420,670
2,311,133
1,018,311
1,076,506

201407221642(201407221642)
954,522
1,420,670
2,311,133
1,018,311
1,076,506

201407221645(201407221645)
954,522
1,420,670
2,311,133
1,019,218
1,076,506

201407221646(201407221646)
954,522
1,422,430
2,311,133
1,019,218
1,076,506

201407221647(201407221647)
954,522
1,422,430
2,311,133
1,019,218
1,076,506

201407221650(201407221650)
954,522
1,422,430
2,311,133
1,019,218
1,076,506

201407221651(201407221651)
954,522
1,422,430
2,311,133
1,019,218
1,076,518

201407221652(201407221652)
954,522
1,422,430
2,311,133
1,019,286
1,076,548

201407221655(201407221655)
954,522
1,422,430
2,311,133
1,019,286
1,076,548

201407221656(201407221656)
954,522
1,422,430
2,311,133
1,019,286
1,076,548

201407221657(201407221657)
954,522
1,422,430
2,311,133
1,019,286
1,076,548

201407221700(201407221700)
955,596
1,422,430
2,311,133
1,019,286
1,076,548

201407221701(201407221701)
956,336
1,422,536
2,311,133
1,020,177
1,077,005

201407221702(201407221702)
956,336
1,422,536
2,311,133
1,020,177
1,077,005

