201406202159(201406202159)
648418
1220221
2717475
52,158,044
49,608,022
14,028,227

201406202200(201406202200)
648418
1220221
2717475
52,158,044
49,608,022
14,028,227

201406202200(201406202200)
648418
1220221
2717475
52,160,636
49,608,068
14,031,310

201406202201(201406202201)
649152
1220221
2724286
52,199,630
49,672,879
14,040,535

201406202202(201406202202)
650702
1220221
2727862
52,199,630
49,797,878
14,057,853

201406202203(201406202203)
650702
1220221
2727862
52,261,933
49,797,878
14,057,853

201406202204(201406202204)
650702
1223569
2727862
52,338,495
49,922,620
14,069,886

201406202205(201406202205)
650702
1223837
2727862
52,438,029
50,033,116
14,084,538

201406202206(201406202206)
651561
1225857
2727862
52,518,361
50,138,976
14,096,873

201406202207(201406202207)
653797
1229575
2727862
52,616,738
50,246,910
14,110,944

201406202208(201406202208)
656245
1231464
2728716
52,695,391
50,345,306
14,133,084

201406202209(201406202209)
657785
1232119
2733345
52,773,242
50,455,003
14,152,587

201406202210(201406202210)
658678
1233001
2740216
52,852,589
50,569,019
14,178,621

201406202211(201406202211)
660102
1236091
2742567
52,960,059
50,670,416
14,204,594

201406202212(201406202212)
662311
1237626
2748540
53,053,267
50,765,499
14,215,760

201406202213(201406202213)
662706
1239059
2748540
53,141,476
50,874,867
14,224,662

201406202214(201406202214)
663725
1243610
2754173
53,237,215
50,966,569
14,240,187

201406202215(201406202215)
664623
1245466
2758946
53,319,054
51,078,365
14,267,193

201406202216(201406202216)
666463
1250659
2758946
53,406,408
51,190,413
14,293,948

201406202217(201406202217)
667649
1251711
2770573
53,475,119
51,306,005
14,322,735

201406202218(201406202218)
667918
1252968
2775272
53,547,328
51,408,695
14,335,894

201406202219(201406202219)
669984
1253901
2784467
53,604,460
51,464,222
14,364,792

201406202220(201406202220)
669984
1259754
2791636
53,685,442
51,583,724
14,400,632

201406202221(201406202221)
674808
1265035
2794572
53,748,098
51,644,143
14,426,064

201406202222(201406202222)
678404
1265035
2794572
53,825,059
51,723,073
14,443,369

201406202223(201406202223)
678425
1266237
2794572
53,920,393
51,796,884
14,451,795

201406202224(201406202224)
680959
1268951
2795550
53,984,671
51,796,884
14,451,795

201406202225(201406202225)
681842
1268951
2800436
54,067,215
51,966,963
14,505,622

201406202226(201406202226)
683769
1272040
2805220
54,124,299
52,055,893
14,531,860

201406202227(201406202227)
685559
1275317
2806431
54,195,163
52,129,503
14,556,221

201406202228(201406202228)
687262
1281553
2806431
54,306,055
52,218,219
14,593,639

201406202229(201406202229)
691701
1284070
2809436
54,405,839
52,327,868
14,611,377

201406202230(201406202230)
692486
1291349
2811802
54,490,972
52,427,029
14,633,404

201406202231(201406202231)
695207
1295572
2815009
54,576,507
52,509,150
14,658,019

201406202232(201406202232)
695794
1297648
2819987
54,625,851
52,617,861
14,688,433

201406202233(201406202233)
699837
1297648
2827478
54,695,320
52,709,055
14,717,044

201406202234(201406202234)
702649
1298381
2837183
54,775,500
52,836,076
14,745,173

201406202235(201406202235)
704795
1299739
2837183
54,894,586
52,922,661
14,763,808

201406202236(201406202236)
706052
1301852
2848804
55,053,463
52,986,717
14,788,955

201406202237(201406202237)
706052
1301852
2848804
55,193,292
52,986,717
14,788,955

201406202238(201406202238)
710730
1305549
2848804
55,334,746
53,127,639
14,828,441

201406202239(201406202239)
712735
1311657
2848804
55,428,862
53,210,999
14,856,965

201406202240(201406202240)
714998
1316035
2848804
55,540,195
53,288,386
14,882,274

201406202241(201406202241)
717961
1319752
2848804
55,655,968
53,340,500
14,914,190

201406202242(201406202242)
719311
1326079
2850041
55,770,982
53,433,998
14,939,390

201406202243(201406202243)
720638
1329852
2861213
55,910,902
53,534,298
14,972,303

201406202244(201406202244)
722233
1333518
2867767
56,050,465
53,657,814
14,989,243

201406202245(201406202245)
725603
1338933
2872415
56,161,200
53,779,423
15,018,672

201406202246(201406202246)
729009
1341965
2879067
56,257,727
53,918,987
15,068,904

201406202247(201406202247)
731046
1345959
2883837
56,375,540
54,051,123
15,104,108

201406202248(201406202248)
733109
1353085
2884094
56,457,829
54,199,258
15,127,634

201406202249(201406202249)
735494
1357484
2891666
56,562,341
54,324,913
15,138,232

201406202250(201406202250)
736905
1362950
2896098
56,690,627
54,412,903
15,158,240

201406202251(201406202251)
740283
1369181
2905123
56,863,388
54,540,898
15,184,036

201406202252(201406202252)
743491
1372826
2916350
57,027,358
54,670,850
15,194,143

201406202253(201406202253)
744321
1376421
2922752
57,152,239
54,776,186
15,230,712

201406202254(201406202254)
746142
1380269
2929148
57,277,293
54,904,135
15,263,793

201406202255(201406202255)
749187
1383606
2936454
57,429,539
55,029,812
15,290,526

201406202256(201406202256)
750905
1391117
2947730
57,586,434
55,152,638
15,323,613

201406202257(201406202257)
752271
1394851
2954164
57,700,461
55,241,252
15,358,563

201406202258(201406202258)
755167
1399396
2964778
57,821,946
55,348,918
15,381,653

201406202259(201406202259)
757062
1407102
2974592
57,959,224
55,498,254
15,417,704

201406202300(201406202300)
758844
1410731
2979527
58,079,393
55,628,319
15,452,527

201406202301(201406202301)
760113
1417428
2990846
58,195,925
55,784,479
15,484,943

201406202302(201406202302)
760878
1420749
3012815
58,293,340
55,945,835
15,511,484

201406202303(201406202303)
766072
1423820
3027100
58,381,586
56,076,480
15,533,668

201406202304(201406202304)
770506
1428390
3027100
58,489,532
56,200,360
15,564,160

201406202305(201406202305)
770911
1431231
3027100
58,615,054
56,328,304
15,590,218

201406202306(201406202306)
773779
1434463
3033860
58,740,844
56,477,717
15,613,196

201406202307(201406202307)
776203
1436754
3042978
58,867,246
56,602,706
15,645,225

201406202308(201406202308)
778801
1443052
3049163
59,011,068
56,728,380
15,668,002

201406202309(201406202309)
779608
1448969
3055349
59,120,442
56,856,019
15,706,306

201406202310(201406202310)
781034
1451608
3059541
59,230,329
57,004,496
15,740,356

201406202311(201406202311)
785110
1454020
3067815
59,346,680
57,157,303
15,777,955

201406202312(201406202312)
787085
1455029
3074273
59,490,963
57,285,733
15,804,080

201406202313(201406202313)
788959
1455029
3078565
59,627,778
57,408,967
15,836,723

201406202314(201406202314)
792826
1463552
3087296
59,734,515
57,541,362
15,868,165

201406202315(201406202315)
793253
1467733
3098504
59,849,258
57,696,648
15,906,300

201406202316(201406202316)
793301
1473749
3100561
59,963,003
57,843,244
15,962,071

201406202317(201406202317)
797277
1479859
3106145
60,085,292
57,994,357
16,006,918

201406202318(201406202318)
799618
1482413
3106145
60,247,070
58,157,662
16,057,818

201406202319(201406202319)
802267
1486844
3106145
60,382,862
58,302,230
16,125,036

201406202320(201406202320)
803035
1491334
3114435
60,508,290
58,441,185
16,172,705

201406202321(201406202321)
804572
1494459
3126603
60,660,185
58,586,307
16,245,865

201406202322(201406202322)
806605
1498187
3133838
60,779,853
58,720,942
16,293,151

201406202323(201406202323)
808940
1501658
3141210
60,889,332
58,870,590
16,342,788

201406202324(201406202324)
810965
1504730
3141210
61,020,550
59,020,653
16,401,313

201406202325(201406202325)
812785
1509450
3141210
61,158,853
59,213,038
16,451,995

201406202326(201406202326)
817791
1515970
3141210
61,320,957
59,410,470
16,507,535

201406202327(201406202327)
818209
1520282
3141210
61,429,093
59,571,137
16,546,648

201406202328(201406202328)
821067
1524304
3141210
61,546,410
59,809,687
16,595,016

201406202329(201406202329)
825947
1530452
3141552
61,671,845
60,015,177
16,659,130

201406202330(201406202330)
827132
1533548
3153107
61,775,686
60,193,665
16,717,514

201406202331(201406202331)
830776
1538174
3159803
61,871,126
60,380,102
16,756,148

201406202332(201406202332)
835066
835066
3164507
61,965,410
60,601,362
16,807,120

201406202333(201406202333)
837037
1548586
3179924
62,040,878
60,804,623
16,869,390

201406202334(201406202334)
838633
1552760
3187855
62,118,774
61,058,615
16,917,644

201406202335(201406202335)
840639
1554973
3189391
62,203,906
61,288,111
16,967,738

201406202336(201406202336)
840639
1558669
3198500
62,301,939
61,499,977
17,007,877

201406202337(201406202337)
842049
1561888
3205165
62,379,631
61,754,705
17,057,313

201406202338(201406202338)
845072
1566157
3211979
62,489,831
62,039,296
17,115,493

201406202339(201406202339)
848076
1573757
3219388
62,582,722
62,254,683
17,190,278

201406202340(201406202340)
848076
1580125
3226450
62,657,413
62,483,579
17,245,291

201406202341(201406202341)
853848
1584629
3226450
62,744,078
62,735,004
17,286,456

201406202342(201406202342)
856119
1588436
3233529
62,991,244
62,821,779
17,335,458

201406202343(201406202343)
857494
1594525
3235842
63,208,601
62,887,678
17,390,559

201406202344(201406202344)
858626
1598623
3238237
63,402,852
62,951,129
17,432,167

201406202345(201406202345)
860113
1602502
3245343
63,614,088
63,013,733
17,476,163

201406202346(201406202346)
866104
1607401
3253544
63,826,531
63,093,928
17,516,262

201406202347(201406202347)
869395
1610515
3256003
64,033,516
63,186,287
17,554,178

201406202348(201406202348)
872353
1615383
3260902
64,197,513
63,246,889
17,586,792

201406202349(201406202349)
876129
1619654
3261964
64,347,547
63,312,996
17,619,159

201406202350(201406202350)
877054
1625914
3264353
64,568,354
63,385,255
17,655,652

201406202351(201406202351)
878815
1628293
3264353
64,746,032
63,470,920
17,694,989

201406202352(201406202352)
878979
1630413
3268510
64,900,293
63,546,629
17,727,993

201406202353(201406202353)
882265
1633309
3268510
65,045,057
63,625,709
17,757,687

201406202354(201406202354)
883985
1637883
3268510
65,207,008
63,706,750
17,789,470

201406202355(201406202355)
887016
1641990
3268510
65,376,334
63,752,993
17,822,331

201406202356(201406202356)
888444
1643828
3272825
65,566,606
63,794,186
17,843,187

201406202357(201406202357)
891057
1645172
3277701
65,713,482
63,839,799
17,888,407

201406202358(201406202358)
891057
1647890
3277701
65,796,045
63,874,143
17,919,698

201406202359(201406202359)
895382
1647890
3290122
65,954,452
63,874,143
17,919,698

201406210000(201406210000)
897358
1652198
3297584
66,120,427
63,982,079
17,975,317

201406210001(201406210001)
898162
1652198
3300058
66,224,715
64,005,315
17,991,986

201406210002(201406210002)
898162
1652198
3300058
66,224,715
64,005,315
17,991,986

