201406212151(201406212151)
1324714
2260904
4308244
95,448,829
79,273,440
24,710,441

201406212152(201406212152)
1324714
2260904
4308244
95,448,829
79,273,440
24,710,441

201406212153(201406212153)
1324714
2260904
4308244
95,448,829
79,273,440
24,710,441

201406212154(201406212154)
1324714
2260904
4308244
95,448,829
79,273,440
24,710,441

201406212155(201406212155)
1324714
2260904
4308244
95,448,829
79,273,440
24,710,441

201406212156(201406212156)
1324714
2260904
4308244
95,448,829
79,273,440
24,710,441

201406212157(201406212157)
1324714
2260904
4308244
95,448,829
79,273,440
24,710,441

201406212158(201406212158)
1324714
2260904
4308244
95,448,829
79,273,440
24,710,441

201406212159(201406212159)
1324714
2260904
4308244
95,448,829
79,273,440
24,710,441

201406212200(201406212200)
1324714
2260904
4308244
95,448,829
79,273,440
24,710,441

201406212201(201406212201)
1324714
2260904
4308244
95,466,103
79,273,440
24,719,102

201406212202(201406212202)
1324714
2263958
4319545
95,559,321
79,276,750
24,771,816

201406212203(201406212203)
1325701
2263958
4328964
95,686,281
79,308,240
24,864,747

201406212204(201406212204)
1325701
2263958
4332988
95,797,594
79,337,811
24,947,369

201406212205(201406212205)
1325701
2263958
4332988
95,915,700
79,377,706
25,019,873

201406212206(201406212206)
1326679
2263958
4332988
96,023,170
79,431,414
25,093,514

201406212207(201406212207)
1327811
2266012
4332988
96,121,279
79,465,705
25,176,364

201406212208(201406212208)
1327974
2273771
4332988
96,215,226
79,499,946
25,238,603

201406212209(201406212209)
1332540
2274161
4332988
96,317,443
79,548,177
25,310,497

201406212210(201406212210)
1335581
2276945
4332988
96,429,177
79,596,427
25,369,316

201406212211(201406212211)
1336442
2282569
4332988
96,564,256
79,646,551
25,424,635

201406212212(201406212212)
1337220
2284915
4332988
96,674,916
79,685,649
25,475,832

201406212213(201406212213)
1337575
2291301
4337535
96,804,656
79,739,215
25,543,776

201406212214(201406212214)
1339399
2293922
4341586
96,930,419
79,801,147
25,617,663

201406212215(201406212215)
1339399
2299450
4352844
97,067,902
79,850,580
25,686,882

201406212216(201406212216)
1341294
2305784
4367454
97,206,081
79,899,495
25,758,527

201406212217(201406212217)
1346606
2308311
4368490
97,386,359
79,941,002
25,823,767

201406212218(201406212218)
1348656
2313506
4368779
97,551,973
79,990,793
25,894,227

201406212219(201406212219)
1355267
2315453
4368779
97,706,975
80,049,607
25,955,910

201406212220(201406212220)
1356614
2322558
4368779
97,845,977
80,095,444
26,014,745

201406212221(201406212221)
1357916
2327194
4368779
98,026,559
80,141,725
26,066,839

201406212222(201406212222)
1362560
2330939
4370546
98,165,027
80,188,041
26,128,600

201406212223(201406212223)
1363832
2333800
4375190
98,308,885
80,260,171
26,190,861

201406212224(201406212224)
1367330
2340408
4377700
98,467,907
80,317,090
26,243,676

201406212225(201406212225)
1372783
2343220
4399780
98,585,160
80,365,345
26,298,923

201406212226(201406212226)
1375572
2348152
4408240
98,712,158
80,446,027
26,368,832

201406212227(201406212227)
1379776
2350214
4410646
98,852,532
80,511,798
26,424,907

201406212228(201406212228)
1384272
2357620
4411256
99,010,764
80,585,271
26,507,703

201406212229(201406212229)
1386660
2365539
4421041
99,152,364
80,644,059
26,565,569

201406212230(201406212230)
1390406
2368608
4427497
99,311,931
80,710,315
26,647,471

201406212231(201406212231)
1394890
2374394
4436943
99,460,295
80,783,183
26,701,744

201406212232(201406212232)
1397880
2377621
4446483
99,547,875
80,834,691
26,759,119

201406212233(201406212233)
1399726
2384265
4451227
99,633,026
80,925,706
26,837,598

201406212234(201406212234)
1401536
2390401
4455519
99,732,757
81,000,707
26,886,589

201406212235(201406212235)
1404478
2394667
4457285
99,807,916
81,080,735
26,939,341

201406212236(201406212236)
1410632
2395901
4469427
99,936,921
81,143,845
27,013,031

201406212237(201406212237)
1411251
2403084
4476724
100,029,574
81,215,342
27,050,806

201406212238(201406212238)
1418790
2408488
4483874
100,174,395
81,294,074
27,095,698

201406212239(201406212239)
1419950
2412912
4489791
100,320,970
81,372,175
27,150,517

201406212240(201406212240)
1422264
2417388
4491120
100,463,393
81,444,140
27,206,302

201406212241(201406212241)
1423718
2421318
4500787
100,616,998
81,601,919
27,307,404

201406212242(201406212242)
1425344
2424467
4507969
100,747,079
81,601,919
27,307,404

201406212243(201406212243)
1430482
2430444
4509882
100,870,779
81,679,177
27,370,742

201406212244(201406212244)
1432399
2435905
4509882
100,947,081
81,750,762
27,410,580

201406212245(201406212245)
1435359
2440871
4512326
101,035,504
81,807,733
27,446,761

201406212246(201406212246)
1439186
2445048
4512326
101,130,205
81,870,886
27,500,120

201406212247(201406212247)
1443519
2451725
4512326
101,212,149
81,938,976
27,566,185

201406212248(201406212248)
1444702
2455918
4526617
101,318,600
82,011,362
27,622,216

201406212249(201406212249)
1446860
2460690
4531460
101,427,799
82,089,406
27,699,078

201406212250(201406212250)
1449322
2460690
4531460
101,530,212
82,169,471
27,726,583

201406212251(201406212251)
1452454
2465518
4536358
101,615,361
82,253,650
27,779,825

201406212252(201406212252)
1455735
2472034
4546036
101,695,358
82,338,325
27,842,472

201406212253(201406212253)
1457058
2478979
4546036
101,810,733
82,421,334
27,876,091

201406212254(201406212254)
1458989
2485164
4548488
101,894,295
82,515,911
27,928,532

201406212255(201406212255)
1462005
2489232
4555685
102,009,742
82,597,906
27,969,078

201406212256(201406212256)
1466597
2498777
4555685
102,099,636
82,691,102
28,009,603

201406212257(201406212257)
1467715
2503477
4567242
102,199,759
82,769,096
28,039,096

201406212258(201406212258)
1467715
2507208
4581292
102,306,103
82,839,137
28,064,331

201406212259(201406212259)
1469014
2511739
4590846
102,408,548
82,901,657
28,126,359

201406212300(201406212300)
1470774
2518415
4602832
102,490,618
82,976,791
28,152,634

201406212301(201406212301)
1475138
2521362
4619433
102,576,384
83,056,001
28,184,673

201406212302(201406212302)
1479235
2525121
4624611
102,640,725
83,142,479
28,209,975

201406212303(201406212303)
1481094
2527167
4631694
102,727,936
83,215,191
28,236,012

201406212304(201406212304)
1483938
2531667
4636337
102,812,086
83,294,142
28,301,938

201406212305(201406212305)
1485441
2533873
4636337
102,904,652
83,357,568
28,357,975

201406212306(201406212306)
1490983
2533915
4639888
102,984,693
83,432,192
28,409,651

201406212307(201406212307)
1494947
2540260
4639888
103,064,538
83,492,842
28,459,443

201406212308(201406212308)
1501411
2542996
4639888
103,147,153
83,550,677
28,498,160

201406212309(201406212309)
1505095
2546339
4641084
103,202,890
83,618,955
28,566,671

201406212310(201406212310)
1505974
2551338
4654979
103,288,877
83,674,625
28,617,244

201406212311(201406212311)
1505974
2551338
4655310
103,383,935
83,727,457
28,654,859

201406212312(201406212312)
1508067
2551338
4665323
103,474,359
83,780,340
28,677,026

201406212313(201406212313)
1510563
2551992
4670328
103,577,844
83,831,431
28,695,624

201406212314(201406212314)
1516414
2551992
4675334
103,714,983
83,888,541
28,719,511

201406212315(201406212315)
1523038
2558257
4675947
103,806,291
83,938,908
28,750,047

201406212316(201406212316)
1523093
2562989
4680617
103,938,113
84,009,015
28,766,874

201406212317(201406212317)
1523457
2569762
4682965
104,050,336
84,055,003
28,786,859

201406212318(201406212318)
1524809
2572012
4682965
104,148,724
84,114,143
28,800,646

201406212319(201406212319)
1527307
2576089
4687642
104,234,400
84,163,778
28,830,903

201406212320(201406212320)
1528696
2577168
4694539
104,316,020
84,212,054
28,865,234

201406212321(201406212321)
1533106
2583616
4698134
104,422,443
84,254,262
28,914,397

201406212322(201406212322)
1538740
2589714
4702070
104,524,305
84,302,085
28,934,961

201406212323(201406212323)
1538824
2597448
4702070
104,619,574
84,364,433
28,959,143

201406212324(201406212324)
1543435
2601252
4707999
104,718,394
84,401,262
28,991,596

201406212325(201406212325)
1548740
2605723
4708179
104,823,558
84,468,000
29,022,446

201406212326(201406212326)
1553468
2609289
4717824
104,922,089
84,516,313
29,052,392

201406212327(201406212327)
1556051
2611050
4719951
105,045,468
84,583,855
29,118,717

201406212328(201406212328)
1561397
2619533
4719951
105,156,629
84,637,378
29,179,923

201406212329(201406212329)
1564357
2624240
4727293
105,253,266
84,695,958
29,239,132

201406212330(201406212330)
1566895
2627415
4727293
105,348,498
84,756,486
29,307,352

201406212331(201406212331)
1569729
2634981
4734114
105,446,645
84,814,828
29,369,041

201406212332(201406212332)
1572789
2640510
4743809
105,531,326
84,873,207
29,423,638

201406212333(201406212333)
1577787
2647906
4752582
105,615,076
84,957,933
29,481,955

201406212334(201406212334)
1580575
2651796
4757282
105,686,606
85,008,824
29,541,208

201406212335(201406212335)
1585570
2654514
4764276
105,768,060
85,065,228
29,566,673

201406212336(201406212336)
1586883
2657836
4768935
105,824,947
85,114,762
29,616,991

201406212337(201406212337)
1591127
2662427
4769238
105,888,727
85,153,137
29,646,908

201406212338(201406212338)
1593399
2665797
4775829
105,923,011
85,189,328
29,686,736

201406212339(201406212339)
1594776
2668733
4778929
105,987,272
85,227,681
29,735,511

201406212340(201406212340)
1594776
2673208
4782810
106,040,750
85,270,808
29,772,835

201406212341(201406212341)
1598284
2676222
4785100
106,091,293
85,332,904
29,819,788

201406212342(201406212342)
1601044
2680656
4788569
106,124,719
85,390,833
29,844,981

201406212343(201406212343)
1604039
2684650
4792103
106,145,766
85,426,629
29,887,622

201406212344(201406212344)
1607713
2686434
4804801
106,179,830
85,532,649
29,971,118

201406212345(201406212345)
1610891
2690146
4804801
106,231,063
85,532,649
29,971,118

201406212346(201406212346)
1613047
2690146
4806189
106,280,056
85,570,800
30,010,574

201406212347(201406212347)
1616147
2693468
4806189
106,312,782
85,611,602
30,051,135

201406212348(201406212348)
1617195
2693468
4808515
106,382,122
85,650,591
30,098,028

201406212349(201406212349)
1620365
2699306
4813193
106,433,765
85,688,934
30,154,842

201406212350(201406212350)
1622721
2704109
4817904
106,483,740
85,723,710
30,211,713

201406212351(201406212351)
1622721
2707473
4823867
106,537,072
85,762,478
30,271,203

201406212352(201406212352)
1632252
2708754
4823867
106,588,580
85,793,755
30,325,028

201406212353(201406212353)
1634012
2710640
4823867
106,659,168
85,821,225
30,368,056

201406212354(201406212354)
1635592
2714768
4823867
106,713,361
85,847,534
30,393,190

201406212355(201406212355)
1641058
2716151
4823867
106,788,711
85,880,922
30,438,844

201406212356(201406212356)
1647597
2717680
4823867
106,842,326
85,902,410
30,486,025

201406212357(201406212357)
1648025
2718936
4823867
106,894,011
85,950,669
30,516,623

201406212358(201406212358)
1648843
2725113
4823867
106,945,676
85,989,068
30,541,601

201406212359(201406212359)
1650212
2730223
4823867
107,003,062
86,021,556
30,568,875

201406220000(201406220000)
1650212
2730243
4828135
107,068,669
86,052,770
30,587,709

201406220001(201406220001)
--
2732456
4828135
107,111,731
86,077,220
30,601,711

201406220002(201406220002)
1655617
2732456
4828135
107,111,731
86,077,220
30,601,711

201406220003(201406220003)
1655617
2732456
4828135
107,111,731
86,077,220
30,601,711

201406220004(201406220004)
1655617
2732456
4828135
107,111,731
86,077,220
30,601,711

201406220005(201406220005)
1655617
2732456
4828135
107,111,731
86,077,220
30,601,711

201406220006(201406220006)
1655617
2732456
4828135
107,111,731
86,077,220
30,601,711

201406220007(201406220007)
1655617
2732456
4828135
107,111,731
86,077,220
30,601,711

201406220008(201406220008)
1655617
2732456
4828135
107,111,731
86,077,220
30,601,711

201406220009(201406220009)
1655617
2732456
4828135
107,111,731
86,077,220
30,601,711

