201406201159(201406201159)
374741
697593
1460162
29,478,580
28,626,176
7,550,916

201406201200(201406201200)
374741
697593
1460162
29,478,580
28,626,176
7,550,916

201406201200(201406201200)
374741
697593
1460162
29,487,209
28,627,333
7,550,916

201406201201(201406201201)
375437
699337
1460162
29,556,322
28,645,545
7,555,604

201406201202(201406201202)
375437
699337
1463938
29,647,336
28,645,545
7,555,604

201406201203(201406201203)
376101
699590
1463938
29,647,336
28,660,996
7,568,651

201406201204(201406201204)
377007
701431
1463938
29,761,848
28,674,186
7,589,166

201406201205(201406201205)
378314
702048
1467459
29,909,133
28,699,313
7,612,418

201406201206(201406201206)
379353
703351
1467459
30,053,400
28,742,033
7,624,817

201406201207(201406201207)
379472
705939
1467459
30,181,183
28,771,141
7,649,959

201406201208(201406201208)
380850
711173
1478315
30,348,474
28,791,532
7,688,335

201406201209(201406201209)
381681
713113
1488088
30,489,624
28,822,206
7,722,188

201406201210(201406201210)
381681
716056
1500242
30,612,955
28,845,512
7,753,944

201406201211(201406201211)
382333
720834
1500242
30,742,984
28,876,237
7,790,178

201406201212(201406201212)
384056
721967
1507279
30,867,578
28,901,969
7,818,421

201406201213(201406201213)
387350
723704
1514621
30,974,047
28,938,302
7,847,955

201406201214(201406201214)
387698
726100
1529244
31,070,024
28,968,811
7,875,150

201406201215(201406201215)
389455
730129
1543649
31,214,230
29,016,061
7,903,050

201406201216(201406201216)
391287
731402
1550880
31,331,305
29,042,711
7,923,638

201406201217(201406201217)
392310
733330
1560591
31,441,434
29,092,127
7,934,177

201406201218(201406201218)
395032
740018
1578740
31,572,490
29,112,542
7,946,131

201406201219(201406201219)
398755
742005
1582432
31,687,574
29,147,833
7,960,836

201406201220(201406201220)
400571
743090
1597191
31,829,655
29,184,605
7,969,319

201406201221(201406201221)
401952
745232
1606670
31,973,256
29,228,426
7,985,816

201406201222(201406201222)
403392
748816
1609776
32,067,062
29,272,394
8,000,234

201406201223(201406201223)
406944
752779
1609776
32,207,530
29,301,794
8,017,862

201406201224(201406201224)
408161
754424
1609776
32,317,024
29,331,679
8,032,745

201406201225(201406201225)
409885
756097
1609776
32,454,758
29,369,375
8,053,136

201406201226(201406201226)
412171
759160
1617471
32,587,407
29,413,968
8,060,889

201406201227(201406201227)
414218
761322
1623849
32,671,039
29,464,090
8,108,613

201406201228(201406201228)
415142
763713
1627754
32,803,100
29,496,047
8,155,865

201406201229(201406201229)
416848
768449
1627754
32,920,089
29,537,096
8,199,772

201406201230(201406201230)
418588
772448
1627754
33,077,417
29,585,843
8,248,354

201406201231(201406201231)
420523
774632
1627754
33,206,117
29,629,471
8,291,431

201406201232(201406201232)
422989
775283
1630274
33,315,488
29,663,518
8,337,597

201406201233(201406201233)
425307
779627
1636247
33,446,847
29,709,300
8,367,594

201406201234(201406201234)
427987
782401
1642943
33,621,404
29,802,840
8,391,136

201406201235(201406201235)
428616
787608
1646223
1646223
29,889,397
8,427,672

201406201236(201406201236)
430813
792995
1650465
33,914,258
29,977,445
8,491,433

201406201237(201406201237)
432664
793318
1656598
34,049,862
30,057,025
8,538,795

201406201238(201406201238)
435466
799433
1658678
34,187,564
30,138,643
8,605,979

201406201239(201406201239)
437481
802242
1658678
34,347,593
30,195,651
8,660,569

201406201240(201406201240)
438313
802242
1661904
34,494,191
30,287,762
8,734,439

201406201241(201406201241)
440231
805646
1665114
34,809,442
30,363,448
8,787,518

201406201242(201406201242)
441594
809957
1675769
34,809,442
30,434,441
8,822,806

201406201243(201406201243)
444024
812404
1682366
34,946,787
30,514,941
8,864,305

201406201244(201406201244)
445554
813787
1685025
35,068,111
30,595,523
8,895,752

201406201245(201406201245)
448422
819311
1692646
35,243,783
30,651,461
8,945,444

201406201246(201406201246)
450402
821681
1701499
35,389,260
30,710,109
8,996,286

201406201247(201406201247)
452683
823565
1705802
35,491,845
30,781,281
9,039,298

201406201248(201406201248)
454184
824460
1715654
35,642,716
30,863,528
9,075,549

201406201249(201406201249)
454764
828938
1721906
35,768,851
30,921,980
9,129,259

201406201250(201406201250)
454871
830275
1728494
35,901,134
30,997,604
9,183,903

201406201251(201406201251)
457342
834616
1737229
36,036,402
31,070,546
9,212,911

201406201252(201406201252)
457889
836875
1746419
36,136,833
31,159,734
9,249,630

201406201253(201406201253)
460627
842333
1753338
36,251,473
31,247,379
9,308,147

201406201254(201406201254)
461277
846002
1762950
36,380,564
31,288,470
9,348,004

201406201255(201406201255)
462885
848029
1770430
36,480,892
31,395,096
9,423,697

201406201256(201406201256)
464222
850599
1782433
36,588,536
31,519,424
9,468,777

201406201257(201406201257)
466491
854231
1789649
36,702,448
31,588,432
9,547,496

201406201258(201406201258)
468153
856987
1792335
36,823,113
31,682,034
9,606,882

201406201259(201406201259)
468153
860110
1798279
36,953,142
31,778,654
9,660,888

201406201300(201406201300)
470092
862422
1802385
37,064,034
31,856,290
9,682,717

201406201301(201406201301)
470595
862795
1802385
37,153,945
31,921,209
9,694,742

201406201302(201406201302)
470595
862795
1802385
37,153,945
31,921,209
9,694,742

201406201303(201406201303)
470595
862795
1802385
37,153,945
31,921,209
9,694,742

201406201304(201406201304)
470595
862795
1802385
37,153,945
31,921,209
9,694,742

201406201305(201406201305)
470595
862795
1802385
37,153,945
31,921,209
9,694,742

201406201306(201406201306)
470595
862795
1802385
37,153,945
31,921,209
9,694,742

201406201307(201406201307)
470595
862795
1802385
37,153,945
31,921,209
9,694,742

201406201308(201406201308)
470595
862795
1802385
37,153,945
31,921,209
9,694,742

201406201309(201406201309)
470595
862795
1802385
37,153,945
31,921,209
9,694,742

201406201310(201406201310)
470595
862795
1802385
37,153,945
31,921,209
9,694,742

201406201311(201406201311)
470595
862795
1802385
37,153,945
31,921,209
9,694,742

201406201312(201406201312)
470595
862795
1802385
37,153,945
31,921,209
9,694,742

201406201313(201406201313)
470595
862795
1802385
37,153,945
31,921,209
9,694,742

