201406211200(201406211200)
898162
1652198
3300058
66,224,715
64,005,315
17,991,986

201406211200(201406211200)
898162
1652198
3300058
66,230,111
64,007,934
17,991,986

201406211201(201406211201)
898162
1652198
3300058
66,230,111
64,007,934
17,991,986

201406211202(201406211202)
899220
1652198
3306317
66,300,003
64,041,474
17,991,986

201406211203(201406211203)
899220
1657957
3310757
66,434,970
64,100,748
17,993,045

201406211204(201406211204)
899423
1657957
3320103
66,567,304
64,205,207
17,994,155

201406211205(201406211205)
899423
1658614
3329738
66,801,559
64,304,832
17,998,990

201406211206(201406211206)
900718
1661636
3340730
67,020,105
64,421,660
18,007,697

201406211207(201406211207)
900955
1664429
3348149
67,305,365
64,524,480
18,010,799

201406211208(201406211208)
900972
1665515
3353130
67,481,145
64,630,722
18,018,312

201406211209(201406211209)
904279
1665515
3358104
67,677,501
64,729,835
18,027,078

201406211210(201406211210)
904279
1667882
3367642
67,817,522
64,818,300
18,039,209

201406211211(201406211211)
905031
1668716
3367740
67,986,436
64,920,369
18,048,697

201406211212(201406211212)
909568
1670027
3372580
68,117,344
65,022,247
18,063,379

201406211213(201406211213)
909568
1673459
3377923
68,285,639
65,124,704
18,085,615

201406211214(201406211214)
911006
1677417
3389267
68,468,274
65,201,458
18,113,769

201406211215(201406211215)
913800
1680576
3396434
68,663,477
65,290,402
18,139,408

201406211216(201406211216)
916715
1680576
3401167
68,787,025
65,387,331
18,170,466

201406211217(201406211217)
918561
1684129
3407292
68,972,103
65,523,433
18,206,959

201406211218(201406211218)
924122
1690292
3416536
69,113,928
65,628,095
18,247,820

201406211219(201406211219)
925126
1693275
3425745
69,229,395
65,734,564
18,279,625

201406211220(201406211220)
930272
1698424
3432680
69,340,975
65,858,486
18,314,038

201406211221(201406211221)
932239
1705317
3434453
69,468,213
65,984,480
18,373,525

201406211222(201406211222)
936225
1705638
3437131
69,594,060
66,101,681
18,404,334

201406211223(201406211223)
937553
1707145
3443619
69,775,782
66,203,145
18,434,796

201406211224(201406211224)
940742
1707933
3443619
69,900,252
66,315,683
18,456,587

201406211225(201406211225)
946451
1711846
3446198
70,068,286
66,464,611
18,481,531

201406211226(201406211226)
950076
1714879
3455658
70,208,342
66,622,390
18,506,016

201406211227(201406211227)
953708
1714879
3456182
70,360,090
66,712,528
18,551,763

201406211228(201406211228)
955244
1716568
3456182
70,547,638
66,827,235
18,587,212

201406211229(201406211229)
958778
1716954
3459626
70,777,038
66,908,926
18,636,999

201406211230(201406211230)
962054
1721164
3462122
71,011,160
67,030,164
18,676,432

201406211231(201406211231)
965759
1727848
3464124
71,180,662
67,150,669
18,708,938

201406211232(201406211232)
967081
1730112
3464124
71,319,417
67,247,718
18,743,165

201406211233(201406211233)
972388
1732998
3471273
71,477,922
67,342,611
18,779,842

201406211234(201406211234)
974010
1741782
3478492
71,692,898
67,455,290
18,835,416

201406211235(201406211235)
975882
1743405
3483365
71,867,668
67,551,314
18,878,944

201406211236(201406211236)
977936
1747582
3488222
72,026,997
67,650,241
18,920,287

201406211237(201406211237)
979152
1751273
3498949
72,210,045
67,737,195
18,963,767

201406211238(201406211238)
981169
1755619
3500227
72,386,259
67,858,634
19,009,606

201406211239(201406211239)
984836
1759697
3502892
72,571,367
67,949,040
19,064,961

201406211240(201406211240)
991173
1766254
3502892
72,707,260
68,054,106
19,116,381

201406211241(201406211241)
996930
1767158
3502892
72,895,150
68,161,022
19,169,542

201406211242(201406211242)
999686
1773416
3502892
73,054,486
68,256,901
19,202,060

201406211243(201406211243)
1001928
1774241
3502892
73,249,679
68,379,818
19,242,236

201406211244(201406211244)
1002655
1775499
3505164
73,427,195
68,496,702
19,280,677

201406211245(201406211245)
1005165
1780047
3507667
73,598,187
68,599,589
19,320,695

201406211246(201406211246)
1007575
1784249
3515182
73,745,804
68,742,577
19,362,473

201406211247(201406211247)
1011359
1788329
3516146
74,047,821
68,820,434
19,405,235

201406211248(201406211248)
1013758
1788669
3523476
74,047,821
68,912,349
19,452,665

201406211249(201406211249)
1016716
1793924
3525907
74,168,592
68,989,336
19,491,412

201406211250(201406211250)
1016962
1798905
3533165
74,342,523
69,097,925
19,529,970

201406211251(201406211251)
1020749
1802948
3537987
74,492,674
69,180,828
19,566,881

201406211252(201406211252)
1021810
1808252
3545220
74,616,198
69,268,972
19,599,286

201406211253(201406211253)
1022721
1810330
3547679
74,730,228
69,331,612
19,631,139

201406211254(201406211254)
1024882
1816063
3552536
74,867,583
69,453,400
19,657,712

201406211255(201406211255)
1026950
1820543
3557438
75,028,824
69,516,317
19,682,243

201406211256(201406211256)
1030801
1822659
3557438
75,136,821
69,625,856
19,708,518

201406211257(201406211257)
1033582
1830336
3569653
75,246,813
69,708,828
19,752,081

201406211258(201406211258)
1036249
1832158
3576935
75,363,278
69,793,970
19,774,572

201406211259(201406211259)
1039244
1833974
3581726
75,457,397
69,887,450
19,801,738

201406211300(201406211300)
1041216
1834230
3586565
75,569,773
69,997,716
19,836,080

201406211301(201406211301)
1041559
1837242
3593886
75,665,480
70,060,507
19,869,952

201406211302(201406211302)
1041559
1837242
3593886
75,665,480
70,060,507
19,869,952

201406211303(201406211303)
1041559
1837242
3593886
75,665,480
70,060,507
19,869,952

201406211304(201406211304)
1041559
1837242
3593886
75,665,480
70,060,507
19,869,952

