201403090609(201403090555)
44871132
67386486
157199132
572699752
6747014

201403090630(201403090555)
44879320
67438853
157199132
572699752
6757905

201403090728(201403090655)
45062585
67508701
157199132
572699752
6767625

201403090825(201403090755)
45366927
67706542
157199132
572699752
6778109

201403090925(201403090855)
45636582
67960830
157199132
572699752
6799445

201403091025(201403090955)
45908247
68172816
157199132
575239382
6810289

201403091125(201403091055)
46254511
68590599
157199132
579990159
6843917

201403091225(201403091155)
47038090
69057590
167297826
590478222
6875142

201403091325(201403091255)
47677114
69989337
167753178
590860807
6891051

201403091425(201403091355)
48056862
70334634
167753178
592605338
6905245

201403091525(201403091455)
48650668
70569354
168346430
594037092
6937850

201403091625(201403091555)
49081009
70987566
168581588
602698282
6951391

201403091725(201403091655)
49699075
71609090
168759026
610725419
6970925

201403091825(201403091755)
50288941
72380510
169098915
618181466
6998838

201403091925(201403091855)
51015178
72965470
169289180
621979944
7034256

201403092025(201403091955)
51623006
73611840
172280890
644743765
7070168

201403092125(201403092055)
52391372
75032921
172998889
662988985
7092366

201403092225(201403092155)
53441358
76886271
175912717
662989461
7121526

201403092325(201403092255)
55514798
80006021
181521850
662991837
7218829

201403100025(201403092355)
58514168
81807345
184517383
689797524
7278596

201403100125(201403100055)
60378299
83354540
184517383
708347544
7325326

201403100225(201403100155)
61814995
84446611
186912769
755934675
7354543

201403100325(201403100255)
63561892
84761663
192956890
763012776
7386917

201403100425(201403100355)
64011192
85071471
192956890
763012776
7397545

201403100525(201403100455)
64804515
85378213
192956890
825618413
7414223

201403100625(201403100555)
65393677
85685043
192960286
831765532
7423702

201403100725(201403100655)
66057130
85971648
195606865
831765532
7427936

201403100825(201403100755)
66777094
86554650
195607001
831765532
7441802

201403100925(201403100855)
67291684
86968389
201110908
836823214
7464164

201403101025(201403100955)
68553945
87107421
201110908
859000756
7480321

201403101125(201403101055)
70007934
87403681
201110908
877937485
7522856

201403101225(201403101155)
71754517
87736497
202515569
898447018
7551539

201403101325(201403101255)
74569919
89739705
217302772
927106803
7608815

201403101425(201403101355)
76849984
90742818
226285226
940991532
7641927

201403101525(201403101455)
80274992
91677719
237896131
954578310
7683635

201403101625(201403101555)
83033375
93294101
240451206
976062504
7739746

