201403061707(201403061655)
23586359
36769824
95515044
5852864
315540411

201403061725(201403061710)
23700849
36811711
95515044
5856291
315798886

201403061740(201403061725)
23700849
36811711
95515044
5856291
315798886

201403061755(201403061740)
23750493
36898023
95627971
5864537
315798886

201403061810(201403061755)
23763297
36944536
95627971
5865695
315798886

201403061825(201403061810)
23780351
37028004
95627971
5865865
315798886

201403061840(201403061825)
23846233
37145085
95627971
5866657
315798886

201403061855(201403061840)
23891062
37174714
96873251
5867630
315798886

201403061910(201403061855)
23903779
37247689
96873251
5871290
315798886

201403061920(201403061910)
23923066
37340903
96873251
5875433
315798886

201403061925(201403061910)
23923066
37340903
96873251
5875433
315798886

201403061940(201403061925)
24042548
37422990
97031901
5876310
316478409

201403061955(201403061940)
24138937
37504530
98061387
5881770
316846111

201403062010(201403061955)
24249798
37527810
98061523
5884025
317017271

201403062025(201403062010)
24340676
37577913
98061659
5885305
317017271

201403062040(201403062025)
24384480
37689509
98061659
5889983
317017271

201403062055(201403062040)
24409346
38036512
98061659
5892288
317017271

201403062110(201403062055)
24485991
38420865
98061659
5896841
317017271

201403062125(201403062110)
24635773
38645402
98061659
5900963
317017271

201403062140(201403062125)
24751529
38920294
98061659
5907187
318759580

201403062155(201403062140)
24908030
39162443
98386277
5909645
320645122

201403062210(201403062155)
24992585
39708750
100819398
5913701
323439228

201403062225(201403062210)
25215268
39961313
100819398
5918108
327466846

201403062240(201403062225)
25368034
40256615
100819398
5922163
330087792

201403062255(201403062240)
25598100
40706770
100819398
5932829
333123472

201403062310(201403062255)
25774368
41034612
101926179
5936105
333786462

201403062325(201403062310)
25965037
41334695
103523646
5940342
335438983

201403062340(201403062325)
26148276
41728076
103523782
5943157
337149474

201403062355(201403062340)
26390840
42019166
104261574
5949760
338120189

201403070010(201403062355)
26619259
42356333
105821577
5950905
338333969

201403070025(201403070010)
26822350
42751989
106271518
5953033
339130008

201403070040(201403070025)
27090497
43192848
106271518
5955147
340829565

201403070055(201403070040)
27360698
43279544
106576332
5961111
344198082

201403070110(201403070055)
27480939
43511425
106576332
5967817
344198082

201403070125(201403070110)
27568903
43702216
106576332
5984241
344198082

201403070140(201403070125)
27661142
43908819
106576332
5990818
344198082

201403070155(201403070140)
27770767
44067567
107672647
5992265
344198082

201403070210(201403070155)
27821790
44083490
107774653
5993261
344198082

201403070225(201403070210)
27821790
44105441
107787501
5994435
344198082

201403070240(201403070225)
27866639
44217005
110205071
5997186
344198082

201403070255(201403070240)
27934430
44246682
110205071
5997476
355416548

201403070310(201403070255)
27953547
44259355
110205071
5999706
355416548

201403070325(201403070310)
27969641
44260157
110205071
6005974
355416548

201403070340(201403070325)
28011564
44260157
111513700
6010023
355416548

201403070355(201403070340)
28020213
44260157
111573354
6014086
355416548

201403070410(201403070355)
28059893
44267209
111573354
6015401
355416548

201403070425(201403070410)
28080214
44320274
111573486
6016474
355416548

201403070440(201403070425)
28082274
44320274
111573486
6016933
355416548

201403070455(201403070440)
28082274
44356768
111573486
6017736
359035397

201403070510(201403070455)
28082274
44362019
111573486
6018305
359111755

201403070525(201403070510)
28087876
44390029
111573486
6018305
359111755

201403070540(201403070525)
28114453
44390029
111573486
6018653
359112547

201403070555(201403070540)
28116312
44393765
111573486
6018867
359112547

201403070610(201403070555)
28128904
44500309
111573486
6019116
359112547

201403070625(201403070610)
28167548
44578880
111573486
6022125
359700205

201403070640(201403070625)
28167548
44578880
111573486
6022125
359700205

201403070655(201403070640)
28169795
44578880
111573486
6022125
359701269

201403070710(201403070655)
28194020
44610739
111573486
6023870
359923665

201403070725(201403070710)
28287742
44643385
111573486
6024146
360079725

201403070740(201403070725)
28324814
44711385
111573486
6027853
360079725

201403070755(201403070740)
28427388
44792110
111573486
6032948
360079725

201403070810(201403070755)
28435123
44971831
111574414
6033745
360473409

201403070825(201403070810)
28553311
45023608
111574550
6034379
360994164

201403070840(201403070825)
28576225
45023608
111574550
6034379
360994164

201403070855(201403070840)
28620533
45023608
111574550
6036100
360994300

201403070910(201403070855)
28632554
45033015
111574550
6037683
362590389

201403070925(201403070910)
28659975
45033015
111574550
6039748
362590389

201403070940(201403070925)
28659975
45084133
111575478
6043346
362590389

201403070955(201403070940)
28659975
45105776
111575478
6043346
362590389

201403071010(201403070955)
28659975
45105776
111575478
6045292
362590389

201403071025(201403071010)
28772169
45144920
111575478
6047337
362590389

201403071040(201403071025)
28823745
45241312
111575478
6048262
362590389

201403071055(201403071040)
28826339
45245914
111575478
6054800
362590389

201403071110(201403071055)
28840079
45362433
111575478
6055506
363014240

201403071125(201403071110)
28954493
45366227
111575478
6057445
363014240

201403071140(201403071125)
28987588
45510136
111575614
6058775
363014240

201403071155(201403071140)
29120904
45531309
111577742
6060487
363014240

201403071210(201403071155)
29196105
45638493
111577742
6062478
363347738

201403071225(201403071210)
29213811
45644818
111577742
6063339
367903569

201403071240(201403071225)
29213811
45644818
111577742
6070869
368106229

201403071255(201403071240)
29273119
45939284
111578670
6073341
368615965

201403071310(201403071255)
29388952
45973542
111578670
6077789
368672070

201403071325(201403071310)
29510298
45973542
111578670
6082483
368741270

201403071340(201403071325)
29554613
46071681
111578670
6085610
369505760

201403071355(201403071340)
29638507
46114021
111578670
6085985
369505760

201403071410(201403071355)
29638507
46226599
111578670
6086555
369652321

201403071425(201403071410)
29666107
46262419
111578670
6088912
370545030

201403071440(201403071425)
29666107
46262419
111578670
6092653
371006516

201403071455(201403071440)
29669627
46263211
111578670
6098399
371164714

201403071510(201403071455)
29719464
46272146
111578670
6099264
371504625

201403071525(201403071510)
29804995
46457027
111578670
6099264
371509153

201403071540(201403071525)
29831103
46490219
111578670
6104028
371746896

201403071555(201403071540)
29854544
46509857
111578670
6111914
371746896

201403071610(201403071555)
29872938
46522176
111578670
6113153
371799965

201403071625(201403071610)
29879887
46523613
111652873
6116515
373125520

201403071640(201403071625)
29938454
46523953
111753350
6117384
377529666

201403071655(201403071640)
29980707
46556475
111753350
6118884
377652421

201403071710(201403071655)
30048705
46590803
111753350
6118884
377652421

201403071725(201403071710)
30052103
46668093
111753350
6123684
377652421

201403071740(201403071725)
30052103
46693295
111753350
6127754
377652421

201403071755(201403071740)
30105316
46807955
111814158
6127754
377652421

201403071810(201403071755)
30105316
46836569
111970218
6134170
377652421

201403071825(201403071810)
30121239
46836569
111970218
6141343
377652421

201403071840(201403071825)
30159404
47019982
112098486
6148676
377652421

201403071855(201403071840)
30219998
47060307
112245995
6152326
377652421

201403071910(201403071855)
30335081
47095825
112245995
6152326
377652421

201403071925(201403071910)
30465982
47236828
112361437
6154714
377652421

201403071940(201403071925)
30603218
47270743
112361437
6159982
377652421

201403071955(201403071940)
30614255
47420731
112361437
6163622
377652421

201403072010(201403071955)
30665423
47510571
112361437
6163879
377652421

201403072025(201403072010)
30676111
47683130
112365290
6164659
380728315

201403072040(201403072025)
30852924
47717487
112365290
6171662
381330919

201403072055(201403072040)
30938184
47718944
112365290
6171998
381337711

201403072110(201403072055)
31033662
48072416
112504247
6177537
381341899

201403072125(201403072110)
31087257
48189409
112647480
6179340
384722306

201403072140(201403072125)
31157998
48434387
112647480
6182951
390646165

201403072155(201403072140)
31227978
48624782
114720549
6194653
394438632

201403072210(201403072155)
31282796
48817050
116282902
6201082
396982621

201403072225(201403072210)
31397239
49066893
116462704
6205783
397647478

201403072240(201403072225)
31570918
49278510
116462704
6213553
397717455

201403072255(201403072240)
31676551
49787121
116462704
6221181
397717455

201403072310(201403072255)
31821469
50143271
116462704
6226840
398247631

201403072325(201403072310)
32136285
50368065
116462704
6231382
398247631

201403072340(201403072325)
32215029
50684906
116605937
6239401
399964289

201403072355(201403072340)
32517600
50981703
118330321
6246545
402952938

201403080010(201403072355)
32630727
51395117
118330321
6255298
408701299

201403080025(201403080010)
32921953
51959585
118330321
6257941
415627774

201403080040(201403080025)
33045152
52523743
118650814
6259662
417931981

201403080055(201403080040)
33319929
52659905
119251937
6275594
417931981

201403080110(201403080055)
33427399
53011950
119251937
6280996
417965149

201403080125(201403080110)
33702962
53532990
119251937
6285942
417965149

201403080140(201403080125)
34032427
53712361
120922236
6287579
417965149

201403080155(201403080140)
34146140
54074675
120922236
6300233
417965149

201403080210(201403080155)
34228560
54160942
120922236
6300402
418123347

201403080225(201403080210)
34229929
54327693
120922236
6304043
418123347

201403080240(201403080225)
34458194
54388057
122482190
6306283
418188579

201403080255(201403080240)
34478079
54584498
122482190
6306892
418370292

201403080310(201403080255)
34633260
54664568
122482190
6308608
418370292

201403080325(201403080310)
34669257
54724151
122482190
6310339
418370292

201403080340(201403080325)
34670525
54754828
122482190
6311720
418370292

201403080355(201403080340)
34756526
54809920
122482190
6313014
418370292

201403080410(201403080355)
34756526
54809920
122770896
6314493
418370292

201403080425(201403080410)
34756526
54825587
123377900
6314546
418370292

201403080440(201403080425)
34756526
54825587
123377900
6317097
434736607

201403080455(201403080440)
34771356
54891591
123377900
6317097
468339412

201403080510(201403080455)
34771356
54891591
123377900
6317097
468339412

201403080525(201403080510)
34771356
54891591
123377900
6317097
468339412

201403080540(201403080525)
34771356
54891591
123377900
6317097
468339412

201403080555(201403080540)
34771356
54891591
123377900
6317097
468339412

201403080610(201403080555)
34771356
54891591
123377900
6317097
468339412

201403080625(201403080610)
34771356
54891591
123377900
6317097
468339412

201403080640(201403080625)
34771356
54891591
123377900
6317097
468339412

201403080655(201403080640)
34771356
54891591
123377900
6317097
468339412

201403080710(201403080655)
34771356
54891591
123377900
6317097
468339412

201403080725(201403080710)
34771356
54891591
123377900
6317097
468339412

201403080740(201403080725)
34771356
54891591
123377900
6317097
468339412

201403080755(201403080740)
34771356
54891591
123377900
6317097
468339412

201403080810(201403080755)
34771356
54891591
123377900
6317097
468339412

201403080825(201403080810)
34771356
54891591
123377900
6317097
468339412

201403080840(201403080825)
34771356
54891591
123377900
6317097
468339412

201403080855(201403080840)
34771356
54891591
123377900
6317097
468339412

201403080910(201403080855)
34771356
54891591
123377900
6317097
468339412

201403080925(201403080910)
35471269
55481177
124313354
6352335
491149736

