201404142051(201404142051)
4,423,880
2,754,646
1,674,536
62,697,011
56,911,944
27,903,581
11,708,589

201404142052(201404142052)
4,423,880
2,754,646
1,674,536
62,697,011
56,911,944
27,903,581
11,708,589

201404142053(201404142053)
4,423,880
2,754,646
1,674,536
62,697,011
56,911,944
27,903,581
11,708,589

201404142054(201404142054)
4,423,880
2,754,646
1,674,536
62,697,011
56,911,944
27,903,581
11,708,589

201404142055(201404142055)
4,423,880
2,754,646
1,674,536
62,697,011
56,911,944
27,903,581
11,708,589

201404142056(201404142056)
4,423,880
2,754,646
1,674,536
62,697,011
56,911,944
27,903,581
11,708,589

201404142057(201404142057)
4,423,880
2,754,646
1,674,536
62,697,011
56,911,944
27,903,581
11,708,589

201404142058(201404142058)
4,423,880
2,754,646
1,674,536
62,697,011
56,911,944
27,903,581
11,708,589

201404142059(201404142059)
4,423,880
2,754,646
1,674,536
62,697,011
56,911,944
27,903,581
11,708,589

201404142100(201404142100)
4,423,880
2,754,646
1,674,536
62,697,011
56,911,944
27,903,581
11,708,589

201404142101(201404142101)
4,423,880
2,754,646
1,674,536
62,702,393
56,913,175
27,905,729
11,708,589

201404142102(201404142102)
4,423,880
2,757,209
1,674,536
62,727,100
56,926,770
27,923,526
11,714,719

201404142103(201404142103)
4,423,880
2,759,117
1,676,300
62,758,571
56,963,257
27,944,920
11,741,248

201404142104(201404142104)
4,423,880
2,759,117
1,676,300
62,795,821
57,012,545
27,985,402
11,757,814

201404142105(201404142105)
4,423,880
2,763,108
1,676,300
62,834,906
57,055,104
28,016,797
11,766,723

201404142106(201404142106)
4,423,880
2,764,526
1,680,854
62,859,624
57,103,699
28,054,155
11,793,493

201404142107(201404142107)
4,425,985
2,764,526
1,683,113
62,939,627
57,161,673
28,086,529
11,831,328

201404142108(201404142108)
4,425,991
2,765,225
1,686,505
63,002,561
57,210,057
28,111,561
11,862,067

201404142109(201404142109)
4,425,991
2,765,225
1,689,642
63,049,274
57,264,017
28,157,371
11,868,723

201404142110(201404142110)
4,425,991
2,768,804
1,689,954
63,132,028
57,320,731
28,211,817
11,875,867

201404142111(201404142111)
4,425,991
2,773,590
1,693,766
63,200,501
57,373,640
28,284,323
11,882,522

201404142112(201404142112)
4,425,991
2,773,590
1,705,738
63,260,827
57,419,594
28,362,005
11,893,102

201404142113(201404142113)
4,425,991
2,775,880
1,706,343
63,303,212
57,462,104
28,422,515
11,903,436

201404142114(201404142114)
4,425,991
2,781,651
1,711,947
63,344,909
57,520,879
28,468,387
11,925,357

201404142115(201404142115)
4,425,991
2,781,872
1,715,394
63,397,015
57,567,933
28,535,134
11,951,454

201404142116(201404142116)
4,425,991
2,782,888
1,724,509
63,451,647
57,622,207
28,587,201
11,992,828

201404142117(201404142117)
4,425,991
2,784,140
1,729,106
63,493,199
57,669,372
28,644,057
12,030,186

201404142118(201404142118)
4,425,991
2,786,646
1,731,893
63,528,549
57,720,161
28,714,119
12,060,161

201404142119(201404142119)
4,425,991
2,791,290
1,737,865
63,559,709
57,778,043
28,774,015
12,078,630

201404142120(201404142120)
4,425,991
2,796,412
1,741,604
63,596,753
57,829,950
28,820,025
12,107,009

201404142121(201404142121)
4,425,991
2,797,759
1,749,561
63,641,740
57,889,072
28,867,383
12,147,715

201404142122(201404142122)
4,425,991
2,805,093
1,755,967
63,666,361
57,915,319
28,928,831
12,188,338

201404142123(201404142123)
4,425,991
2,806,921
1,762,467
63,717,652
57,953,696
28,999,843
12,217,290

201404142124(201404142124)
4,425,991
2,809,691
1,767,570
63,738,710
57,997,643
29,069,131
12,245,270

201404142125(201404142125)
4,425,991
2,810,464
1,772,705
63,781,121
58,069,623
29,126,632
12,276,394

201404142126(201404142126)
4,425,991
2,816,295
1,776,506
63,817,577
58,119,524
29,174,431
12,312,504

201404142127(201404142127)
4,425,991
2,816,295
1,781,885
63,889,211
58,170,323
29,228,006
12,361,500

201404142128(201404142128)
4,425,991
2,822,632
1,782,206
63,956,548
58,208,719
29,273,240
12,397,782

201404142129(201404142129)
4,425,991
2,825,527
1,786,389
64,001,997
58,250,243
29,290,337
12,431,533

201404142130(201404142130)
4,425,991
2,830,838
1,790,827
64,055,649
58,311,786
29,292,529
12,446,837

201404142131(201404142131)
4,425,991
2,832,330
1,797,626
64,116,045
58,364,118
29,303,718
12,451,839

201404142132(201404142132)
4,425,991
2,832,330
1,802,720
64,156,810
58,425,952
29,315,816
12,457,126

201404142133(201404142133)
4,425,991
2,834,030
1,803,932
64,205,086
58,474,747
29,327,854
12,459,241

201404142134(201404142134)
4,425,991
2,834,489
1,807,225
64,257,268
58,512,481
29,334,730
12,486,331

201404142135(201404142135)
4,425,991
2,840,645
1,811,573
64,302,075
58,571,857
29,348,534
12,517,186

201404142136(201404142136)
4,425,991
2,841,374
1,820,882
64,347,164
58,642,229
29,351,042
12,546,575

201404142137(201404142137)
4,425,991
2,844,042
1,824,929
64,384,871
58,716,714
29,365,752
12,576,401

201404142138(201404142138)
4,425,991
2,844,412
1,827,334
64,434,790
58,782,183
29,375,478
12,626,972

201404142139(201404142139)
4,436,233
2,847,814
1,831,416
64,479,379
58,835,280
29,397,488
12,674,563

201404142140(201404142140)
4,436,233
2,848,438
1,837,273
64,519,265
58,908,907
29,423,426
12,719,715

201404142141(201404142141)
4,436,233
2,848,932
1,843,049
64,561,981
58,982,374
29,440,500
12,782,499

201404142142(201404142142)
4,436,233
2,848,932
1,845,088
64,595,539
59,060,492
29,449,369
12,821,397

201404142143(201404142143)
4,436,233
2,854,195
1,849,891
64,626,615
59,135,233
29,465,514
12,874,670

201404142144(201404142144)
4,436,233
2,855,094
1,853,758
64,659,673
59,211,278
29,499,551
12,885,411

201404142145(201404142145)
4,436,233
2,855,505
1,856,541
64,695,418
59,274,770
29,521,864
12,895,281

201404142146(201404142146)
4,436,233
2,857,536
1,860,597
64,735,799
59,327,186
29,542,583
12,911,995

201404142147(201404142147)
4,436,233
2,858,683
1,862,757
64,786,448
59,379,330
29,551,424
12,917,377

201404142148(201404142148)
4,436,233
2,861,536
1,870,576
64,844,921
59,433,245
29,575,447
12,923,348

201404142149(201404142149)
4,436,233
2,864,172
1,880,727
64,900,284
59,495,344
29,601,987
12,929,443

201404142150(201404142150)
4,436,233
2,865,500
1,889,171
64,950,939
59,538,720
29,606,944
12,933,374

201404142151(201404142151)
4,436,233
2,867,335
1,901,595
65,008,127
59,584,218
29,626,093
12,940,763

201404142152(201404142152)
4,436,233
2,868,108
1,901,944
65,054,816
59,629,442
29,653,760
12,948,811

201404142153(201404142153)
4,436,233
2,874,118
1,905,592
65,096,731
59,673,258
29,683,395
12,956,696

201404142154(201404142154)
4,444,300
2,874,118
1,913,229
65,154,744
59,766,954
29,729,718
12,967,209

201404142155(201404142155)
4,444,300
2,874,733
1,918,551
65,202,975
59,834,782
29,770,182
12,975,304

201404142156(201404142156)
4,444,300
2,877,599
1,923,867
65,258,585
59,917,494
29,777,693
12,982,771

201404142157(201404142157)
4,444,300
2,880,873
1,927,887
65,329,060
59,994,026
29,801,601
12,988,523

201404142158(201404142158)
4,444,300
2,885,978
1,931,389
65,438,695
60,056,640
29,841,776
12,991,473

201404142159(201404142159)
4,444,300
2,893,109
1,936,049
65,525,293
60,097,931
29,883,943
13,002,668

201404142200(201404142200)
4,444,300
2,894,960
1,939,616
65,629,774
60,164,109
29,913,548
13,007,258

201404142201(201404142201)
4,444,300
2,894,960
1,945,152
65,729,013
60,235,493
29,955,117
13,016,230

201404142202(201404142202)
4,444,300
2,894,960
1,947,875
65,795,851
60,296,150
29,986,450
13,024,828

201404142203(201404142203)
4,444,300
2,894,960
1,955,870
65,901,690
60,369,992
30,013,082
13,030,963

201404142204(201404142204)
4,444,300
2,900,679
1,961,966
66,007,077
60,456,997
30,047,696
13,039,844

201404142205(201404142205)
4,444,300
2,900,708
1,966,737
66,125,605
60,542,590
30,070,433
13,052,796

201404142206(201404142206)
4,450,480
2,901,975
1,974,917
66,213,217
60,595,270
30,095,232
13,064,815

201404142207(201404142207)
4,457,674
2,902,022
1,980,544
66,298,268
60,655,476
30,109,455
13,075,461

201404142208(201404142208)
4,464,963
2,903,568
1,987,323
66,391,390
60,711,684
30,138,202
13,086,412

201404142209(201404142209)
4,470,746
2,904,398
1,993,009
66,459,183
60,761,441
30,161,595
13,094,185

201404142210(201404142210)
4,476,561
2,908,617
1,999,762
66,549,279
60,838,642
30,191,969
13,100,564

201404142211(201404142211)
4,485,216
2,909,759
1,999,762
66,631,987
60,909,988
30,200,432
13,106,500

201404142212(201404142212)
4,492,407
2,909,759
2,003,377
66,713,292
60,969,728
30,215,101
13,114,746

201404142213(201404142213)
4,496,599
2,909,759
2,011,412
66,842,386
61,035,966
30,234,830
13,120,937

201404142214(201404142214)
4,497,669
2,911,909
2,015,830
66,942,450
61,079,107
30,258,799
13,127,258

201404142215(201404142215)
4,497,669
2,911,909
2,023,203
67,110,637
61,124,162
30,278,946
13,133,501

201404142216(201404142216)
4,497,669
2,912,957
2,031,628
67,269,087
61,164,335
30,291,609
13,138,926

201404142217(201404142217)
4,506,659
2,913,574
2,035,919
67,371,287
61,207,621
30,307,013
13,165,463

201404142218(201404142218)
4,510,997
2,913,608
2,041,136
67,478,335
61,261,663
30,321,933
13,196,645

201404142219(201404142219)
4,526,883
2,915,999
2,048,389
67,607,232
61,327,608
30,330,489
13,225,977

201404142220(201404142220)
4,539,258
2,920,873
2,055,189
67,684,307
61,360,397
30,343,477
13,242,077

201404142221(201404142221)
4,546,979
2,923,875
2,058,756
67,750,402
61,384,533
30,358,649
13,252,098

201404142222(201404142222)
4,552,753
2,924,031
2,060,969
67,817,132
61,406,921
30,373,807
13,262,323

201404142223(201404142223)
4,560,162
2,924,872
2,066,550
67,888,577
61,444,681
30,378,169
13,284,706

201404142224(201404142224)
4,564,717
2,930,626
2,073,362
67,953,612
61,469,059
30,386,187
13,310,212

201404142225(201404142225)
4,571,913
2,931,326
2,082,867
68,024,377
61,495,228
30,393,187
13,341,905

201404142226(201404142226)
4,577,058
2,937,492
2,089,153
68,084,227
61,516,842
30,399,824
13,374,258

201404142227(201404142227)
4,585,092
2,942,023
2,097,024
68,135,887
61,523,599
30,413,661
13,405,522

201404142228(201404142228)
4,592,215
2,942,023
2,100,647
68,175,257
61,537,273
30,427,473
13,439,781

201404142229(201404142229)
4,592,215
2,947,041
2,105,561
68,220,878
61,569,777
30,434,046
13,463,914

201404142230(201404142230)
4,592,215
2,948,546
2,108,742
68,287,610
61,621,693
30,440,195
13,495,014

201404142231(201404142231)
4,592,215
2,952,082
2,112,370
68,324,298
61,659,788
30,456,492
13,519,191

201404142232(201404142232)
4,592,215
2,959,411
2,119,994
68,366,311
61,700,554
30,468,031
13,536,929

201404142233(201404142233)
4,592,215
2,961,298
2,128,097
68,431,853
61,762,069
30,473,228
13,558,799

201404142234(201404142234)
4,592,215
2,963,566
2,136,661
68,496,999
61,792,766
30,488,242
13,579,536

201404142235(201404142235)
4,592,215
2,964,943
2,142,034
68,537,430
61,844,424
30,492,452
13,598,555

201404142236(201404142236)
4,592,215
2,970,326
2,150,106
68,607,994
61,908,235
30,494,674
13,615,167

201404142237(201404142237)
4,609,657
2,970,326
2,157,908
68,666,813
61,949,416
30,503,271
13,633,751

201404142238(201404142238)
4,612,255
2,970,326
2,166,666
68,732,404
61,982,246
30,511,956
13,660,038

201404142239(201404142239)
4,612,255
2,970,326
2,175,224
68,775,987
62,023,682
30,520,185
13,673,841

201404142240(201404142240)
4,612,255
2,974,507
2,183,187
68,813,344
62,069,368
30,533,016
13,698,724

201404142241(201404142241)
4,612,255
2,976,500
2,185,587
68,866,173
62,138,751
30,551,345
13,717,584

201404142242(201404142242)
4,612,255
2,982,128
2,191,396
68,901,271
62,191,705
30,563,623
13,733,321

201404142243(201404142243)
4,612,255
2,986,297
2,198,639
68,928,858
62,240,666
30,576,847
13,765,144

201404142244(201404142244)
2,989,138
2,205,603
68,971,596
62,290,086
30,579,910
13,801,232

201404142245(201404142245)
4,623,136
2,989,138
2,214,883
69,026,728
62,344,434
30,586,607
13,832,308

201404142246(201404142246)
4,623,136
2,989,232
2,222,196
69,086,736
62,415,657
30,603,335
13,871,532

201404142247(201404142247)
4,623,136
2,990,324
2,226,094
69,135,917
62,470,829
30,615,061
13,874,736

201404142248(201404142248)
4,623,136
2,995,512
2,237,828
69,190,021
62,519,694
30,646,024
13,890,591

201404142249(201404142249)
4,623,136
2,995,512
2,240,636
69,228,170
62,572,440
30,667,751
13,915,706

201404142250(201404142250)
4,623,136
2,998,561
2,247,227
69,293,462
62,642,281
30,683,059
13,933,559

201404142251(201404142251)
4,627,100
3,000,053
2,254,174
69,370,308
62,714,976
30,683,059
13,951,282

201404142252(201404142252)
4,629,227
3,000,161
2,261,727
69,443,095
62,772,014
30,689,569
13,970,172

201404142253(201404142253)
4,637,427
3,000,161
2,270,114
69,499,843
62,837,472
30,698,671
13,980,595

201404142254(201404142254)
4,637,535
3,000,382
2,275,186
69,562,330
62,897,786
30,707,502
14,021,769

201404142255(201404142255)
4,644,012
3,000,382
2,280,716
69,656,340
62,968,856
30,724,681
14,042,275

201404142256(201404142256)
4,644,012
3,000,382
2,283,848
69,717,990
63,022,318
30,733,681
14,042,275

201404142257(201404142257)
4,645,105
3,000,941
2,293,312
69,768,802
63,063,360
30,742,508
14,042,275

201404142258(201404142258)
4,645,105
3,002,152
2,300,933
69,830,439
63,102,789
30,756,538
14,042,275

201404142259(201404142259)
4,645,105
3,002,810
2,308,408
69,881,782
63,161,872
30,760,759
14,043,870

201404142300(201404142300)
4,645,105
3,003,585
2,315,244
69,942,662
63,236,961
30,771,785
14,043,870

201404142301(201404142301)
4,645,105
3,004,392
2,320,723
70,000,540
63,268,659
30,781,399
14,043,870

201404142302(201404142302)
4,645,105
3,004,944
2,326,989
70,064,801
63,294,742
30,796,599
14,049,881

201404142303(201404142303)
4,645,105
3,005,317
2,334,528
70,127,862
63,327,842
30,811,526
14,077,762

201404142304(201404142304)
4,645,105
3,007,009
2,338,396
70,167,902
63,351,716
30,829,143
14,092,645

201404142305(201404142305)
4,645,105
3,008,437
2,345,071
70,202,282
63,366,345
30,852,642
14,108,516

201404142306(201404142306)
4,651,223
3,009,776
2,352,250
70,226,359
63,421,347
30,901,827
14,128,509

201404142307(201404142307)
4,671,977
3,009,776
2,361,266
70,324,265
63,471,656
30,960,361
14,145,994

201404142308(201404142308)
4,702,924
3,010,356
2,369,534
70,406,140
63,480,208
30,966,801
14,161,811

201404142309(201404142309)
4,702,924
3,010,446
2,376,983
70,489,170
63,504,931
30,988,137
14,189,400

201404142310(201404142310)
4,702,924
3,013,559
2,385,296
70,570,093
63,537,320
31,007,752
14,216,476

201404142311(201404142311)
4,702,924
3,016,086
2,390,826
70,644,870
63,561,580
31,024,220
14,242,738

201404142312(201404142312)
4,702,924
3,018,335
2,399,093
70,689,298
63,577,184
31,065,265
14,283,570

201404142313(201404142313)
4,702,924
3,019,382
2,407,086
70,729,013
63,608,993
31,103,428
14,327,416

201404142314(201404142314)
4,720,418
3,022,655
2,413,773
70,764,616
63,655,216
31,134,966
14,377,862

201404142315(201404142315)
4,722,821
3,022,655
2,422,464
70,805,534
63,706,337
31,154,297
14,410,957

201404142316(201404142316)
4,722,821
3,024,686
2,432,217
70,849,585
63,726,232
31,182,025
14,438,864

201404142317(201404142317)
4,722,821
3,026,204
2,438,847
70,875,600
63,743,842
31,230,015
14,460,257

201404142318(201404142318)
4,722,821
3,026,204
2,444,327
70,909,966
63,765,987
31,243,831
14,474,322

201404142319(201404142319)
4,722,821
3,030,515
2,449,936
70,952,544
63,783,354
31,260,501
14,500,428

201404142320(201404142320)
4,722,821
3,031,708
2,459,290
70,977,217
63,834,587
31,296,601
14,531,800

201404142321(201404142321)
3,031,708
2,465,533
71,000,600
63,894,220
31,335,424
14,558,424

201404142322(201404142322)
4,722,821
3,033,473
2,473,714
71,012,312
63,934,100
31,366,747
14,577,023

201404142323(201404142323)
4,722,821
3,034,906
2,479,628
71,019,115
63,960,707
31,398,279
14,597,598

201404142324(201404142324)
4,722,821
3,035,388
2,485,342
71,028,665
63,994,795
31,437,563
14,619,984

201404142325(201404142325)
4,722,821
3,036,754
2,492,107
71,054,839
64,018,323
31,476,337
14,644,219

201404142326(201404142326)
4,722,821
3,036,754
2,501,910
71,059,177
64,028,665
31,526,006
14,673,632

201404142327(201404142327)
4,722,821
3,039,352
2,508,660
71,071,655
64,074,475
31,567,505
14,699,044

201404142328(201404142328)
4,727,613
3,040,229
2,518,697
71,085,093
64,112,235
31,595,240
14,733,010

201404142329(201404142329)
4,736,716
3,041,811
2,524,291
71,095,541
64,127,649
31,628,623
14,758,366

201404142330(201404142330)
4,742,745
3,043,066
2,529,794
71,145,691
64,153,611
31,661,266
14,778,268

201404142331(201404142331)
4,744,599
3,044,793
2,533,956
71,175,792
64,175,746
31,700,516
14,805,733

201404142332(201404142332)
4,756,888
3,044,800
2,537,767
71,179,788
64,202,509
31,753,593
14,837,845

201404142333(201404142333)
4,768,403
3,044,800
2,551,826
71,189,511
64,235,848
31,814,687
14,871,515

201404142334(201404142334)
4,768,403
3,048,699
2,559,371
71,198,083
64,258,089
31,871,297
14,890,326

201404142335(201404142335)
4,768,403
3,050,904
2,569,639
71,218,986
64,286,325
31,915,697
14,917,209

201404142336(201404142336)
4,782,766
3,053,261
2,580,464
71,233,624
64,317,136
31,976,874
14,942,717

201404142337(201404142337)
4,806,280
3,053,261
2,584,125
71,257,104
64,362,500
32,036,874
14,978,936

201404142338(201404142338)
4,806,280
3,055,036
2,593,109
71,270,959
64,410,809
32,087,443
15,002,793

201404142339(201404142339)
4,806,280
3,055,045
2,599,004
71,287,960
64,456,090
32,133,131
15,033,020

201404142340(201404142340)
4,806,280
3,055,045
2,607,256
71,294,022
64,486,221
32,174,532
15,056,294

201404142341(201404142341)
4,817,934
3,057,604
2,609,574
71,303,985
64,519,638
32,217,667
15,082,546

201404142342(201404142342)
4,820,286
3,059,916
2,613,563
71,312,738
64,549,934
32,258,683
15,115,387

201404142343(201404142343)
4,825,029
3,061,778
2,622,790
71,321,425
64,604,415
32,315,677
15,144,205

201404142344(201404142344)
4,827,392
3,063,063
2,628,846
71,321,425
64,647,686
32,354,926
15,163,914

201404142345(201404142345)
4,832,117
3,063,063
2,633,926
71,331,062
64,726,784
32,390,411
15,197,617

201404142346(201404142346)
4,832,117
3,067,007
2,648,961
71,331,062
64,804,053
32,441,828
15,239,124

201404142347(201404142347)
4,839,184
3,069,073
2,657,097
71,339,525
64,846,752
32,475,738
15,273,472

201404142348(201404142348)
4,841,903
3,072,571
2,663,810
71,351,753
64,889,370
32,519,254
15,317,665

201404142349(201404142349)
4,851,402
3,072,662
2,672,594
71,367,066
64,921,857
32,568,920
15,332,580

201404142350(201404142350)
4,851,402
3,072,969
2,680,183
71,382,452
64,957,240
32,608,125
15,350,926

201404142351(201404142351)
4,864,117
3,073,009
2,685,984
71,391,300
65,019,969
32,647,694
15,373,717

201404142352(201404142352)
4,881,651
3,073,009
2,693,440
71,401,043
65,066,443
32,692,482
15,396,099

201404142353(201404142353)
4,896,139
3,076,385
2,703,708
71,414,373
65,126,013
32,743,389
15,415,561

201404142354(201404142354)
4,904,042
3,079,562
2,713,578
71,420,799
65,158,091
32,787,051
15,436,596

201404142355(201404142355)
4,904,042
3,081,940
2,720,212
71,445,001
65,174,448
32,824,730
15,465,758

201404142356(201404142356)
4,906,299
3,085,269
2,729,840
71,471,274
65,200,551
32,856,355
15,485,418

201404142357(201404142357)
4,935,934
3,085,680
2,736,040
71,500,151
65,247,928
32,892,778
15,508,840

201404142358(201404142358)
4,954,118
3,086,472
2,745,509
71,525,795
65,274,601
32,933,454
15,520,882

201404142359(201404142359)
4,954,443
3,086,905
2,754,216
71,540,215
65,317,649
32,969,150
15,541,952

