201404121157(201404121157)
2,702,063
1,288,415
612,617
30,173,423
26,732,050
13,225,161
5,160,570

201404121158(201404121158)
2,702,063
1,288,415
612,617
30,173,423
26,732,050
13,225,161
5,160,570

201404121159(201404121159)
2,702,063
1,288,415
612,617
30,173,423
26,732,050
13,225,161
5,160,570

201404121200(201404121200)
2,702,063
1,288,415
612,617
30,173,423
26,732,050
13,225,161
5,160,570

201404121201(201404121201)
2,702,063
1,288,415
612,617
30,173,423
26,732,050
13,226,191
5,160,570

201404121202(201404121202)
2,702,063
1,292,146
614,666
30,173,423
26,738,027
13,233,362
5,165,695

201404121203(201404121203)
2,702,063
1,295,063
614,941
30,173,423
26,753,425
13,244,010
5,168,326

201404121204(201404121204)
2,702,063
1,296,266
616,009
30,174,981
26,776,842
13,253,218
5,169,111

201404121205(201404121205)
2,702,063
1,296,504
616,109
30,179,897
26,801,412
13,268,016
5,178,295

201404121206(201404121206)
2,702,063
1,296,504
617,703
30,197,229
26,822,933
13,282,214
5,188,782

201404121207(201404121207)
2,702,063
1,298,568
619,557
30,219,827
26,839,915
13,298,360
5,198,999

201404121208(201404121208)
2,702,063
1,303,573
619,862
30,244,159
26,881,125
13,320,841
5,201,104

201404121209(201404121209)
2,702,063
1,307,813
619,896
30,289,836
26,930,501
13,341,946
5,219,131

201404121210(201404121210)
2,702,063
1,311,655
620,660
30,323,394
26,989,017
13,356,727
5,234,046

201404121211(201404121211)
2,704,303
1,315,859
623,982
30,348,841
27,055,061
13,379,373
5,245,726

201404121212(201404121212)
2,716,047
1,318,710
628,394
30,384,479
27,118,379
13,393,807
5,266,086

201404121213(201404121213)
2,722,216
1,318,710
630,158
30,405,324
27,155,713
13,409,468
5,285,162

201404121214(201404121214)
2,722,216
1,324,536
633,031
30,434,091
27,202,263
13,420,421
5,309,239

201404121215(201404121215)
2,722,216
1,325,614
634,329
30,478,744
27,256,092
13,440,302
5,318,094

201404121216(201404121216)
2,730,564
1,325,614
635,173
30,534,050
27,302,060
13,452,451
5,335,775

201404121217(201404121217)
2,740,239
1,325,614
635,708
30,590,072
27,340,141
13,481,023
5,352,670

201404121218(201404121218)
2,749,228
1,325,986
638,355
30,632,032
27,385,503
13,529,461
5,373,064

201404121219(201404121219)
2,749,228
1,329,718
640,380
30,715,360
27,413,870
13,558,856
5,392,854

201404121220(201404121220)
2,749,228
1,335,192
641,626
30,791,779
27,449,632
13,563,176
5,413,828

201404121221(201404121221)
2,749,228
1,335,192
642,296
30,858,531
27,518,187
13,569,284
5,434,990

201404121222(201404121222)
2,749,228
1,335,828
645,774
30,907,823
27,518,187
13,569,284
5,451,467

201404121223(201404121223)
2,749,228
1,336,590
646,646
30,962,442
27,569,178
13,573,742
5,481,467

201404121224(201404121224)
2,760,541
1,343,865
648,758
31,033,035
27,602,637
13,573,742
5,510,127

201404121225(201404121225)
2,776,619
1,343,865
651,289
31,088,412
27,641,486
13,577,390
5,521,728

201404121226(201404121226)
2,784,945
1,345,844
651,797
31,138,997
27,691,845
13,583,648
5,529,603

201404121227(201404121227)
2,787,910
1,347,051
653,356
31,177,837
27,724,129
13,589,553
5,535,223

201404121228(201404121228)
2,801,795
1,348,556
654,949
31,244,792
27,761,754
13,593,824
5,544,495

201404121229(201404121229)
2,813,353
1,356,321
656,574
31,297,065
27,802,238
13,598,174
5,556,753

201404121230(201404121230)
2,814,471
1,363,891
657,332
31,361,523
27,844,791
13,602,906
5,564,378

201404121231(201404121231)
2,818,123
1,367,992
662,446
31,429,179
27,885,698
13,609,565
5,580,369

201404121232(201404121232)
2,823,768
1,369,646
663,194
31,474,151
27,927,667
13,613,993
5,591,733

201404121233(201404121233)
2,827,756
1,369,646
663,741
31,522,658
27,976,563
13,615,700
5,616,383

201404121234(201404121234)
2,845,696
1,369,771
664,433
31,599,097
28,025,033
13,628,708
5,645,412

201404121235(201404121235)
2,867,218
1,370,453
665,926
31,684,341
28,054,609
13,638,258
5,655,340

201404121236(201404121236)
2,885,255
1,371,139
668,153
31,748,659
28,091,297
13,640,884
5,666,497

201404121237(201404121237)
2,885,255
1,371,139
668,620
31,776,418
28,121,918
13,644,681
5,680,250

201404121238(201404121238)
2,885,255
1,372,055
668,869
31,832,771
28,151,962
13,665,500
5,689,279

201404121239(201404121239)
2,885,255
1,375,492
672,058
31,890,797
28,176,292
13,684,370
5,692,891

201404121240(201404121240)
2,885,255
1,375,771
674,409
31,961,758
28,211,366
13,695,989
5,700,243

201404121241(201404121241)
2,885,255
1,381,133
675,340
32,028,913
28,242,959
13,707,498
5,702,229

201404121242(201404121242)
2,885,255
1,385,791
676,574
32,119,333
28,267,962
13,717,505
5,705,472

201404121243(201404121243)
2,885,255
1,389,598
678,937
32,185,995
28,318,553
13,731,328
5,705,557

201404121244(201404121244)
2,885,255
1,393,230
679,062
32,228,018
28,366,900
13,746,148
5,729,177

201404121245(201404121245)
2,885,255
1,393,709
683,440
32,264,653
28,411,928
13,757,812
5,741,175

201404121246(201404121246)
2,885,255
1,395,158
684,633
32,315,576
28,463,696
13,771,649
5,743,402

201404121247(201404121247)
2,885,255
1,396,842
685,723
32,401,446
28,532,752
13,784,428
5,743,402

201404121248(201404121248)
2,890,449
1,398,266
691,379
32,479,678
28,591,272
13,786,616
5,743,451

201404121249(201404121249)
2,890,848
1,398,266
692,626
32,549,085
28,648,254
13,802,580
5,743,451

201404121250(201404121250)
2,890,848
1,399,470
693,769
32,617,296
28,682,797
13,810,461
5,743,451

201404121251(201404121251)
2,890,848
1,401,168
694,615
32,693,488
28,729,590
13,818,982
5,743,451

201404121252(201404121252)
2,890,848
1,402,775
695,285
32,770,251
28,784,543
13,831,635
5,764,053

201404121253(201404121253)
2,893,548
1,403,391
697,993
32,855,217
28,836,312
13,840,250
5,783,393

201404121254(201404121254)
2,906,071
1,404,562
701,023
32,902,918
28,874,868
13,847,747
5,785,105

201404121255(201404121255)
2,916,235
1,405,128
704,133
32,953,677
28,920,914
13,862,647
5,785,105

201404121256(201404121256)
2,918,473
1,407,727
705,607
33,018,902
28,964,719
13,864,705
5,789,020

201404121257(201404121257)
2,918,739
1,408,775
708,035
33,063,768
29,014,907
13,873,948
5,795,212

201404121258(201404121258)
1,412,581
708,533
33,120,512
29,050,129
13,879,322
5,801,559

201404121259(201404121259)
2,930,645
1,412,696
710,534
33,177,834
29,092,689
13,887,518
5,804,517

201404121300(201404121300)
2,930,645
1,412,696
711,939
33,214,595
29,129,144
13,895,634
5,816,530

201404121301(201404121301)
2,930,645
1,414,526
712,441
33,238,189
29,149,925
13,898,371
5,828,917

201404121157(201404121157)
2,702,063
1,288,415
612,617
30,173,423
26,732,050
13,225,161
5,160,570

201404121158(201404121158)
2,702,063
1,288,415
612,617
30,173,423
26,732,050
13,225,161
5,160,570

201404121159(201404121159)
2,702,063
1,288,415
612,617
30,173,423
26,732,050
13,225,161
5,160,570

201404121200(201404121200)
2,702,063
1,288,415
612,617
30,173,423
26,732,050
13,225,161
5,160,570

201404121201(201404121201)
2,702,063
1,288,415
612,617
30,173,423
26,732,050
13,226,191
5,160,570

201404121202(201404121202)
2,702,063
1,292,146
614,666
30,173,423
26,738,027
13,233,362
5,165,695

201404121203(201404121203)
2,702,063
1,295,063
614,941
30,173,423
26,753,425
13,244,010
5,168,326

201404121204(201404121204)
2,702,063
1,296,266
616,009
30,174,981
26,776,842
13,253,218
5,169,111

201404121205(201404121205)
2,702,063
1,296,504
616,109
30,179,897
26,801,412
13,268,016
5,178,295

201404121206(201404121206)
2,702,063
1,296,504
617,703
30,197,229
26,822,933
13,282,214
5,188,782

201404121207(201404121207)
2,702,063
1,298,568
619,557
30,219,827
26,839,915
13,298,360
5,198,999

201404121208(201404121208)
2,702,063
1,303,573
619,862
30,244,159
26,881,125
13,320,841
5,201,104

201404121209(201404121209)
2,702,063
1,307,813
619,896
30,289,836
26,930,501
13,341,946
5,219,131

201404121210(201404121210)
2,702,063
1,311,655
620,660
30,323,394
26,989,017
13,356,727
5,234,046

201404121211(201404121211)
2,704,303
1,315,859
623,982
30,348,841
27,055,061
13,379,373
5,245,726

201404121212(201404121212)
2,716,047
1,318,710
628,394
30,384,479
27,118,379
13,393,807
5,266,086

201404121213(201404121213)
2,722,216
1,318,710
630,158
30,405,324
27,155,713
13,409,468
5,285,162

201404121214(201404121214)
2,722,216
1,324,536
633,031
30,434,091
27,202,263
13,420,421
5,309,239

201404121215(201404121215)
2,722,216
1,325,614
634,329
30,478,744
27,256,092
13,440,302
5,318,094

201404121216(201404121216)
2,730,564
1,325,614
635,173
30,534,050
27,302,060
13,452,451
5,335,775

201404121217(201404121217)
2,740,239
1,325,614
635,708
30,590,072
27,340,141
13,481,023
5,352,670

201404121218(201404121218)
2,749,228
1,325,986
638,355
30,632,032
27,385,503
13,529,461
5,373,064

201404121219(201404121219)
2,749,228
1,329,718
640,380
30,715,360
27,413,870
13,558,856
5,392,854

201404121220(201404121220)
2,749,228
1,335,192
641,626
30,791,779
27,449,632
13,563,176
5,413,828

201404121221(201404121221)
2,749,228
1,335,192
642,296
30,858,531
27,518,187
13,569,284
5,434,990

201404121222(201404121222)
2,749,228
1,335,828
645,774
30,907,823
27,518,187
13,569,284
5,451,467

201404121223(201404121223)
2,749,228
1,336,590
646,646
30,962,442
27,569,178
13,573,742
5,481,467

201404121224(201404121224)
2,760,541
1,343,865
648,758
31,033,035
27,602,637
13,573,742
5,510,127

201404121225(201404121225)
2,776,619
1,343,865
651,289
31,088,412
27,641,486
13,577,390
5,521,728

201404121226(201404121226)
2,784,945
1,345,844
651,797
31,138,997
27,691,845
13,583,648
5,529,603

201404121227(201404121227)
2,787,910
1,347,051
653,356
31,177,837
27,724,129
13,589,553
5,535,223

201404121228(201404121228)
2,801,795
1,348,556
654,949
31,244,792
27,761,754
13,593,824
5,544,495

201404121229(201404121229)
2,813,353
1,356,321
656,574
31,297,065
27,802,238
13,598,174
5,556,753

201404121230(201404121230)
2,814,471
1,363,891
657,332
31,361,523
27,844,791
13,602,906
5,564,378

201404121231(201404121231)
2,818,123
1,367,992
662,446
31,429,179
27,885,698
13,609,565
5,580,369

201404121232(201404121232)
2,823,768
1,369,646
663,194
31,474,151
27,927,667
13,613,993
5,591,733

201404121233(201404121233)
2,827,756
1,369,646
663,741
31,522,658
27,976,563
13,615,700
5,616,383

201404121234(201404121234)
2,845,696
1,369,771
664,433
31,599,097
28,025,033
13,628,708
5,645,412

201404121235(201404121235)
2,867,218
1,370,453
665,926
31,684,341
28,054,609
13,638,258
5,655,340

201404121236(201404121236)
2,885,255
1,371,139
668,153
31,748,659
28,091,297
13,640,884
5,666,497

201404121237(201404121237)
2,885,255
1,371,139
668,620
31,776,418
28,121,918
13,644,681
5,680,250

201404121238(201404121238)
2,885,255
1,372,055
668,869
31,832,771
28,151,962
13,665,500
5,689,279

201404121239(201404121239)
2,885,255
1,375,492
672,058
31,890,797
28,176,292
13,684,370
5,692,891

201404121240(201404121240)
2,885,255
1,375,771
674,409
31,961,758
28,211,366
13,695,989
5,700,243

201404121241(201404121241)
2,885,255
1,381,133
675,340
32,028,913
28,242,959
13,707,498
5,702,229

201404121242(201404121242)
2,885,255
1,385,791
676,574
32,119,333
28,267,962
13,717,505
5,705,472

201404121243(201404121243)
2,885,255
1,389,598
678,937
32,185,995
28,318,553
13,731,328
5,705,557

201404121244(201404121244)
2,885,255
1,393,230
679,062
32,228,018
28,366,900
13,746,148
5,729,177

201404121245(201404121245)
2,885,255
1,393,709
683,440
32,264,653
28,411,928
13,757,812
5,741,175

201404121246(201404121246)
2,885,255
1,395,158
684,633
32,315,576
28,463,696
13,771,649
5,743,402

201404121247(201404121247)
2,885,255
1,396,842
685,723
32,401,446
28,532,752
13,784,428
5,743,402

201404121248(201404121248)
2,890,449
1,398,266
691,379
32,479,678
28,591,272
13,786,616
5,743,451

201404121249(201404121249)
2,890,848
1,398,266
692,626
32,549,085
28,648,254
13,802,580
5,743,451

201404121250(201404121250)
2,890,848
1,399,470
693,769
32,617,296
28,682,797
13,810,461
5,743,451

201404121251(201404121251)
2,890,848
1,401,168
694,615
32,693,488
28,729,590
13,818,982
5,743,451

201404121252(201404121252)
2,890,848
1,402,775
695,285
32,770,251
28,784,543
13,831,635
5,764,053

201404121253(201404121253)
2,893,548
1,403,391
697,993
32,855,217
28,836,312
13,840,250
5,783,393

201404121254(201404121254)
2,906,071
1,404,562
701,023
32,902,918
28,874,868
13,847,747
5,785,105

201404121255(201404121255)
2,916,235
1,405,128
704,133
32,953,677
28,920,914
13,862,647
5,785,105

201404121256(201404121256)
2,918,473
1,407,727
705,607
33,018,902
28,964,719
13,864,705
5,789,020

201404121257(201404121257)
2,918,739
1,408,775
708,035
33,063,768
29,014,907
13,873,948
5,795,212

201404121258(201404121258)
1,412,581
708,533
33,120,512
29,050,129
13,879,322
5,801,559

201404121259(201404121259)
2,930,645
1,412,696
710,534
33,177,834
29,092,689
13,887,518
5,804,517

201404121300(201404121300)
2,930,645
1,412,696
711,939
33,214,595
29,129,144
13,895,634
5,816,530

201404121301(201404121301)
2,930,645
1,414,526
712,441
33,238,189
29,149,925
13,898,371
5,828,917

