201404121648(201404121648)
2,930,645
1,414,526
712,441
33,238,189
29,149,925
13,898,371
5,828,917

201404121649(201404121649)
2,930,645
1,414,526
712,441
33,238,189
29,149,925
13,898,371
5,828,917

201404121650(201404121650)
2,930,645
1,414,526
712,441
33,238,189
29,149,925
13,898,371
5,828,917

201404121651(201404121651)
2,930,645
1,414,526
712,441
33,238,189
29,149,925
13,898,371
5,828,917

201404121652(201404121652)
2,930,645
1,414,526
712,441
33,238,189
29,149,925
13,898,371
5,828,917

201404121653(201404121653)
2,930,645
1,414,526
712,441
33,238,189
29,149,925
13,898,371
5,828,917

201404121654(201404121654)
2,930,645
1,414,526
712,441
33,238,189
29,149,925
13,898,371
5,828,917

201404121655(201404121655)
2,930,645
1,414,526
712,441
33,238,189
29,149,925
13,898,371
5,828,917

201404121656(201404121656)
2,930,645
1,414,526
712,441
33,238,189
29,149,925
13,898,371
5,828,917

201404121657(201404121657)
2,930,645
1,414,526
712,441
33,238,189
29,149,925
13,898,371
5,828,917

201404121658(201404121658)
2,930,645
1,414,526
712,441
33,238,189
29,149,925
13,898,371
5,828,917

201404121659(201404121659)
2,930,645
1,414,526
712,441
33,238,189
29,149,925
13,898,371
5,828,917

201404121700(201404121700)
2,930,645
1,414,526
712,441
33,238,189
29,149,925
13,898,371
5,828,917

201404121701(201404121701)
2,930,645
1,414,526
712,441
33,241,285
29,153,501
13,898,371
5,828,917

201404121702(201404121702)
2,930,645
1,414,526
712,761
33,249,171
29,174,940
13,905,099
5,830,181

201404121703(201404121703)
2,934,865
1,415,678
712,761
33,270,214
29,194,572
13,919,427
5,834,112

201404121704(201404121704)
2,934,865
1,418,810
713,662
33,295,882
29,218,414
13,932,328
5,844,233

201404121705(201404121705)
2,934,865
1,427,283
714,167
33,339,330
29,257,102
13,941,665
5,853,476

201404121706(201404121706)
2,934,865
1,427,509
715,440
33,390,184
29,299,770
13,961,136
5,862,125

201404121707(201404121707)
2,934,865
1,430,488
716,641
33,417,269
29,331,299
13,978,805
5,876,693

201404121708(201404121708)
2,934,865
1,439,762
717,880
33,449,643
29,357,545
14,008,275
5,896,637

201404121709(201404121709)
2,934,865
1,442,372
718,796
33,489,980
29,400,684
14,037,217
5,925,860

201404121710(201404121710)
2,934,865
1,444,955
719,482
33,530,338
29,447,796
14,068,099
5,942,974

201404121711(201404121711)
2,938,621
1,451,091
720,650
33,562,491
29,492,813
14,090,848
5,952,745

201404121712(201404121712)
2,943,743
1,451,091
720,837
33,600,864
29,526,991
14,121,529
5,952,745

201404121713(201404121713)
2,943,743
1,451,091
721,808
33,652,059
29,548,612
14,134,410
5,952,745

201404121714(201404121714)
2,943,743
1,451,091
721,808
33,718,866
29,580,888
14,151,012
5,975,632

201404121715(201404121715)
2,943,743
1,453,766
723,708
33,787,367
29,613,273
14,182,040
5,976,096

201404121716(201404121716)
2,943,743
1,453,961
724,016
33,820,609
29,658,389
14,206,032
5,979,466

201404121717(201404121717)
2,945,299
1,456,168
725,623
33,868,767
29,719,007
14,246,462
5,979,466

201404121718(201404121718)
2,945,299
1,456,731
726,798
33,899,423
29,769,115
14,279,716
5,984,001

201404121719(201404121719)
2,945,299
1,457,838
727,965
33,930,916
29,815,472
14,302,866
5,987,340

201404121720(201404121720)
2,947,688
1,459,825
729,781
33,958,548
29,875,513
14,333,145
5,994,813

201404121721(201404121721)
2,954,966
1,461,831
730,292
33,996,077
29,951,233
14,355,943
6,013,120

201404121722(201404121722)
2,962,295
1,463,898
731,642
34,034,107
30,000,708
14,382,791
6,021,641

201404121723(201404121723)
2,967,172
1,464,850
732,607
34,081,324
30,061,551
14,411,643
6,021,641

201404121724(201404121724)
2,967,172
1,466,022
734,157
34,127,444
30,116,227
14,437,197
6,026,904

201404121725(201404121725)
2,984,227
1,470,705
736,720
34,183,285
30,181,994
14,456,676
6,045,006

201404121726(201404121726)
2,985,320
1,475,171
738,183
34,217,131
30,236,655
14,471,882
6,074,059

201404121727(201404121727)
2,985,320
1,480,495
740,564
34,264,745
30,283,948
14,491,415
6,099,075

201404121728(201404121728)
2,985,320
1,485,973
741,653
34,307,207
30,344,350
14,501,151
6,135,731

201404121729(201404121729)
2,985,320
1,488,394
741,935
34,360,333
30,398,690
14,511,728
6,163,428

201404121730(201404121730)
2,985,320
1,488,696
741,973
34,411,542
30,452,366
14,525,667
6,178,634

201404121731(201404121731)
2,986,345
1,493,021
744,374
34,458,474
30,512,941
14,529,144
6,197,385

201404121732(201404121732)
3,000,276
1,494,687
746,982
34,522,084
30,565,577
14,535,050
6,205,235

201404121733(201404121733)
3,000,276
1,498,349
749,377
34,582,663
30,630,742
14,544,685
6,212,517

201404121734(201404121734)
3,001,030
1,498,655
749,732
34,631,334
30,713,069
14,552,550
6,230,168

201404121735(201404121735)
3,001,030
1,499,170
752,011
34,705,762
30,792,142
14,554,146
6,246,721

201404121736(201404121736)
3,001,880
1,504,100
753,795
34,775,976
30,850,187
14,559,813
6,299,499

201404121737(201404121737)
3,001,880
1,506,011
753,795
34,824,686
30,901,121
14,573,308
6,331,566

201404121738(201404121738)
3,001,929
1,506,011
756,659
34,871,443
30,952,899
14,594,310
6,356,805

201404121739(201404121739)
3,001,929
1,507,148
756,755
34,919,971
31,024,889
14,625,200
6,386,921

201404121740(201404121740)
3,004,267
1,509,138
759,055
34,986,168
31,081,250
14,639,393
6,402,902

201404121741(201404121741)
3,020,268
1,509,463
759,882
35,041,273
31,117,797
14,649,463
6,424,713

201404121742(201404121742)
3,022,298
1,511,317
760,029
35,108,615
31,163,995
14,672,611
6,424,713

201404121743(201404121743)
3,027,782
1,519,892
760,029
35,183,510
31,235,376
14,755,813
6,432,528

201404121744(201404121744)
3,028,216
1,520,545
760,642
35,261,573
31,298,889
14,836,672
6,464,065

201404121745(201404121745)
3,032,961
1,521,820
763,047
35,310,163
31,357,235
14,911,681
6,464,065

201404121746(201404121746)
3,049,174
1,521,848
763,819
35,390,260
31,429,254
14,985,254
6,464,065

201404121747(201404121747)
3,064,438
1,522,575
765,209
35,458,757
31,471,233
15,040,787
6,464,065

201404121748(201404121748)
3,064,872
1,522,575
767,431
35,510,043
31,519,065
15,105,927
6,479,583

201404121749(201404121749)
3,064,872
1,522,883
768,260
35,579,836
31,569,350
15,155,394
6,484,476

201404121750(201404121750)
3,064,872
1,524,209
769,411
35,637,079
31,608,515
15,209,966
6,494,503

201404121751(201404121751)
3,064,872
1,526,897
771,764
35,721,719
31,654,573
15,295,056
6,497,022

201404121752(201404121752)
3,064,872
1,528,055
773,545
35,787,492
31,695,612
15,343,397
6,498,137

201404121753(201404121753)
3,064,872
1,531,660
777,297
35,858,616
31,737,392
15,459,447
6,501,296

201404121754(201404121754)
3,067,220
1,533,774
777,360
35,923,214
31,781,041
15,575,887
6,508,228

201404121755(201404121755)
3,067,220
1,535,840
781,456
35,984,583
31,810,267
15,662,505
6,514,010

201404121756(201404121756)
3,067,220
1,538,957
783,764
36,051,696
31,864,303
15,783,355
6,516,506

201404121757(201404121757)
3,067,220
1,543,691
786,318
36,132,862
31,913,030
15,901,577
6,516,506

201404121758(201404121758)
3,073,456
1,544,817
787,909
36,177,247
31,949,082
15,989,580
6,516,506

201404121759(201404121759)
3,090,219
1,552,136
792,149
36,231,056
31,995,500
16,101,728
6,516,506

201404121800(201404121800)
3,091,776
1,553,318
795,963
36,292,004
32,027,756
16,197,425
6,517,935

201404121801(201404121801)
3,101,508
1,556,884
796,031
36,318,408
32,080,443
16,313,180
6,529,095

201404121802(201404121802)
3,102,255
1,559,063
796,531
36,374,018
32,130,889
16,357,727
6,532,021

201404121803(201404121803)
3,104,543
1,561,686
800,020
36,455,411
32,180,788
16,441,264
6,548,736

201404121804(201404121804)
3,106,754
1,562,255
801,871
36,510,622
32,232,674
16,542,778
6,569,250

201404121805(201404121805)
3,106,754
1,564,358
801,942
36,535,649
32,292,809
16,614,969
6,591,618

201404121806(201404121806)
3,114,935
1,567,075
803,007
36,568,759
32,336,106
16,667,860
6,613,550

201404121807(201404121807)
3,121,618
1,570,297
803,208
36,596,308
32,364,755
16,721,860
6,630,014

201404121808(201404121808)
3,127,414
1,575,498
803,208
36,624,690
32,403,983
16,767,429
6,630,014

201404121809(201404121809)
3,130,747
1,577,293
803,698
36,650,547
32,446,232
16,799,785
6,630,014

201404121810(201404121810)
3,130,747
1,579,567
805,674
36,677,445
32,483,965
16,821,930
6,630,014

201404121811(201404121811)
3,130,747
1,581,364
808,640
36,708,432
32,524,599
16,876,182
6,630,014

201404121812(201404121812)
3,130,747
1,583,276
810,713
36,741,943
32,561,522
16,933,334
6,634,189

201404121813(201404121813)
3,130,747
1,583,276
812,125
36,765,614
32,594,917
17,002,593
6,656,145

201404121814(201404121814)
3,133,055
1,586,140
812,377
36,780,612
32,620,066
17,060,169
6,673,488

201404121815(201404121815)
3,133,055
1,586,140
814,199
36,789,792
32,643,318
17,108,683
6,690,244

201404121816(201404121816)
3,133,055
1,588,124
815,722
36,796,577
32,791,340
17,162,695
6,700,769

201404121817(201404121817)
3,133,055
1,592,149
816,623
36,814,816
32,932,917
17,225,805
6,712,280

201404121818(201404121818)
3,133,055
1,592,759
817,946
36,839,301
33,064,295
17,309,178
6,723,882

201404121819(201404121819)
3,133,055
1,598,869
818,826
36,864,763
33,219,040
17,366,806
6,729,591

201404121820(201404121820)
3,137,114
1,606,213
821,018
36,890,909
33,385,044
17,449,129
6,742,629

201404121821(201404121821)
3,140,276
1,607,756
823,733
36,916,880
33,531,895
17,524,402
6,756,040

201404121822(201404121822)
3,142,667
1,609,998
823,733
36,950,118
33,680,027
17,601,682
6,757,967

201404121823(201404121823)
3,142,667
1,612,209
823,733
36,984,390
33,818,271
17,690,270
6,760,273

201404121824(201404121824)
3,151,671
1,617,191
824,125
37,009,404
33,944,772
17,731,887
6,781,250

201404121825(201404121825)
3,153,293
1,617,655
825,565
37,041,370
34,049,903
17,788,819
6,784,407

201404121826(201404121826)
3,153,293
1,618,213
826,851
37,085,974
34,171,279
17,857,120
6,785,770

201404121827(201404121827)
3,155,797
1,619,327
827,475
37,108,180
34,291,207
17,914,646
6,785,770

201404121828(201404121828)
3,163,392
1,621,874
829,400
37,128,910
34,438,158
17,960,933
6,794,851

201404121829(201404121829)
3,164,857
1,622,918
830,331
37,155,512
34,586,509
18,003,971
6,805,514

201404121830(201404121830)
3,164,857
1,624,210
831,856
37,176,044
34,678,876
18,041,161
6,814,586

201404121831(201404121831)
3,164,857
1,628,911
833,929
37,199,347
34,743,826
18,061,588
6,826,642

201404121832(201404121832)
3,164,857
1,630,886
833,929
37,215,476
34,832,256
18,093,662
6,840,953

201404121833(201404121833)
3,164,857
1,633,589
834,359
37,230,247
34,901,676
18,121,849
6,863,135

201404121834(201404121834)
3,170,839
1,634,485
836,252
37,246,222
34,966,042
18,151,555
6,872,223

201404121835(201404121835)
3,170,839
1,636,404
837,793
37,258,057
35,062,358
18,236,945
6,885,953

201404121836(201404121836)
3,170,839
1,637,953
838,880
37,280,504
35,187,025
18,282,044
6,899,619

201404121837(201404121837)
3,191,703
1,640,822
840,916
37,291,628
35,281,655
18,314,847
6,909,230

201404121838(201404121838)
3,197,845
1,643,012
842,087
37,312,035
35,386,824
18,337,796
6,919,273

201404121839(201404121839)
3,197,845
1,643,159
843,136
37,329,676
35,507,699
18,359,609
6,924,433

201404121840(201404121840)
3,197,845
1,644,749
847,340
37,348,043
35,628,606
18,400,364
6,924,433

201404121841(201404121841)
3,201,126
1,644,749
847,340
37,366,648
35,731,297
18,426,369
6,925,625

201404121842(201404121842)
3,201,126
1,644,749
850,871
37,392,908
35,797,872
18,448,458
6,927,051

201404121843(201404121843)
3,206,503
1,644,749
852,452
37,413,062
35,846,910
18,474,517
6,938,425

201404121844(201404121844)
3,206,503
1,645,617
853,492
37,438,535
35,922,664
18,500,415
6,941,389

201404121845(201404121845)
3,208,845
1,646,277
853,492
37,461,359
35,996,349
18,529,852
6,942,905

201404121846(201404121846)
3,213,501
1,646,277
854,993
37,485,724
36,081,212
18,579,534
6,944,152

201404121847(201404121847)
3,213,501
1,649,274
856,051
37,511,616
36,129,775
18,629,872
6,993,125

201404121848(201404121848)
3,213,501
1,649,274
856,307
37,537,840
36,171,488
18,670,124
7,000,749

201404121849(201404121849)
3,213,501
1,653,600
857,127
37,578,416
36,246,531
18,713,189
7,000,749

201404121850(201404121850)
3,213,501
1,658,351
860,305
37,612,686
36,319,381
18,755,840
7,000,749

201404121851(201404121851)
3,213,501
1,659,944
860,305
37,624,382
36,399,331
18,792,890
7,000,749

201404121852(201404121852)
3,213,501
1,661,889
863,520
37,649,788
36,455,361
18,818,246
7,000,749

201404121853(201404121853)
3,213,501
1,661,889
865,184
37,691,138
36,508,255
18,861,280
7,000,749

201404121854(201404121854)
3,213,501
1,667,195
865,184
37,732,420
36,571,872
18,896,472
7,002,387

201404121855(201404121855)
3,216,670
1,667,853
866,742
37,762,593
36,642,380
18,917,557
7,018,213

201404121856(201404121856)
3,221,173
1,667,853
867,256
37,795,917
36,701,557
18,955,912
7,084,930

201404121857(201404121857)
3,224,033
1,667,853
868,037
37,821,677
36,752,834
18,993,295
7,104,347

201404121858(201404121858)
3,224,033
1,667,853
869,333
37,842,312
36,819,476
19,026,264
7,115,172

201404121859(201404121859)
3,232,497
1,670,274
870,596
37,863,963
36,892,760
19,068,737
7,115,172

201404121900(201404121900)
3,237,003
1,674,479
870,684
37,895,020
36,938,813
19,086,057
7,119,592

201404121901(201404121901)
3,239,792
1,675,727
871,391
37,903,665
36,960,521
19,094,947
7,123,669

