201404131154(201404131154)
3,615,506
2,039,696
1,064,842
50,633,122
42,094,948
20,914,458
8,453,378

201404131155(201404131155)
3,615,506
2,039,696
1,064,842
50,633,122
42,094,948
20,914,458
8,453,378

201404131156(201404131156)
3,615,506
2,039,696
1,064,842
50,633,122
42,094,948
20,914,458
8,453,378

201404131157(201404131157)
3,615,506
2,039,696
1,064,842
50,633,122
42,094,948
20,914,458
8,453,378

201404131158(201404131158)
3,615,506
2,039,696
1,064,842
50,633,122
42,094,948
20,914,458
8,453,378

201404131159(201404131159)
3,615,506
2,039,696
1,064,842
50,633,122
42,094,948
20,914,458
8,453,378

201404131200(201404131200)
3,615,506
2,039,696
1,064,842
50,633,122
42,094,948
20,914,458
8,453,378

201404131201(201404131201)
3,615,506
2,039,696
1,064,842
50,634,854
42,094,948
20,914,458
8,453,378

201404131202(201404131202)
3,615,506
2,039,696
1,066,569
50,641,683
42,095,005
20,914,458
8,453,378

201404131203(201404131203)
3,619,166
2,041,053
1,066,569
50,655,800
42,106,197
20,917,487
8,453,378

201404131204(201404131204)
3,621,295
2,041,053
1,067,073
50,670,530
42,113,803
20,919,907
8,453,378

201404131205(201404131205)
3,621,295
2,041,053
1,069,929
50,692,612
42,131,932
20,921,231
8,453,378

201404131206(201404131206)
3,621,295
2,041,053
1,071,297
50,702,971
42,152,609
20,924,907
8,453,378

201404131207(201404131207)
3,621,295
2,042,170
1,071,725
50,712,709
42,171,922
20,932,332
8,455,381

201404131208(201404131208)
3,621,295
2,045,353
1,074,843
50,738,318
42,203,163
20,937,787
8,455,381

201404131209(201404131209)
3,621,295
2,050,299
1,075,530
50,754,189
42,229,678
20,946,023
8,455,381

201404131210(201404131210)
3,621,450
2,053,127
1,076,420
50,758,636
42,260,718
20,957,117
8,455,381

201404131211(201404131211)
3,621,450
2,055,704
1,076,724
50,772,669
42,287,129
20,968,554
8,456,216

201404131212(201404131212)
3,621,450
2,055,793
1,077,071
50,780,372
42,313,308
20,979,538
8,458,198

201404131213(201404131213)
3,621,450
2,058,016
1,079,621
50,794,379
42,337,451
21,007,482
8,464,890

201404131214(201404131214)
3,625,181
2,061,879
1,081,141
50,799,723
42,367,694
21,039,781
8,468,880

201404131215(201404131215)
3,632,999
2,063,191
1,082,299
50,814,961
42,405,155
21,068,719
8,470,098

201404131216(201404131216)
3,644,605
2,066,837
1,085,589
50,825,628
42,443,991
21,108,701
8,474,189

201404131217(201404131217)
3,650,115
2,070,552
1,090,601
50,825,628
42,490,162
21,152,474
8,480,898

201404131218(201404131218)
3,650,115
2,072,116
1,092,047
50,827,386
42,523,803
21,179,042
8,483,482

201404131219(201404131219)
3,650,115
2,072,116
1,096,419
50,829,125
42,544,431
21,211,380
8,485,029

201404131220(201404131220)
3,650,115
2,072,116
1,098,149
50,831,663
42,593,418
21,241,974
8,486,516

201404131221(201404131221)
3,650,115
2,076,390
1,101,678
50,831,663
42,639,574
21,259,655
8,486,516

201404131222(201404131222)
3,650,115
2,077,507
1,102,164
50,834,258
42,677,204
21,285,791
8,489,848

201404131223(201404131223)
3,650,115
2,077,850
1,102,780
50,861,594
42,721,771
21,316,612
8,497,424

201404131224(201404131224)
3,650,115
2,080,688
1,106,159
50,881,511
42,792,490
21,340,867
8,499,779

201404131225(201404131225)
3,654,582
2,083,890
1,110,213
50,888,830
42,863,459
21,356,854
8,499,779

201404131226(201404131226)
3,658,910
2,087,843
1,111,520
50,902,571
42,914,557
21,367,371
8,510,537

201404131227(201404131227)
3,665,500
2,090,870
1,115,128
50,933,133
42,951,100
21,380,639
8,524,723

201404131228(201404131228)
3,672,190
2,092,439
1,117,670
50,980,240
43,000,418
21,397,829
8,536,033

201404131229(201404131229)
3,682,020
2,094,123
1,118,151
51,022,942
43,052,570
21,414,970
8,549,322

201404131230(201404131230)
3,690,945
2,096,901
1,118,656
51,052,088
43,091,644
21,444,844
8,563,654

201404131231(201404131231)
3,695,349
2,099,902
1,121,098
51,064,210
43,145,441
21,478,429
8,569,708

201404131232(201404131232)
3,698,535
2,101,426
1,123,139
51,064,210
43,190,639
21,497,464
8,581,911

201404131233(201404131233)
3,700,611
2,102,544
1,127,234
51,066,378
43,242,207
21,510,088
8,598,927

201404131234(201404131234)
3,704,992
2,108,113
1,131,019
51,083,649
43,272,760
21,536,331
8,608,095

201404131235(201404131235)
3,710,259
2,108,113
1,131,224
51,105,887
43,342,288
21,561,538
8,611,742

201404131236(201404131236)
3,712,483
2,110,806
1,137,012
51,115,444
43,409,968
21,588,204
8,617,163

201404131237(201404131237)
3,715,537
2,113,796
1,140,016
51,120,068
43,469,629
21,609,894
8,622,575

201404131238(201404131238)
3,720,923
2,119,812
1,143,730
51,136,325
43,514,603
21,631,014
8,627,719

201404131239(201404131239)
3,720,923
2,119,812
1,147,096
51,152,143
43,570,591
21,658,051
8,647,295

201404131240(201404131240)
3,728,471
2,119,812
1,147,096
51,165,896
43,641,380
21,676,849
8,667,631

201404131241(201404131241)
3,728,471
2,119,812
1,148,947
51,179,677
43,703,842
21,692,108
8,680,816

201404131242(201404131242)
3,730,688
2,125,601
1,150,092
51,193,406
43,770,528
21,702,025
8,688,768

201404131243(201404131243)
3,735,190
2,133,162
1,153,138
51,209,597
43,833,933
21,702,025
8,688,768

201404131244(201404131244)
3,739,633
2,135,069
1,156,572
51,216,527
43,899,407
21,715,907
8,688,768

201404131245(201404131245)
3,747,163
2,143,273
1,156,862
51,227,878
43,962,908
21,726,035
8,688,768

201404131246(201404131246)
3,747,163
2,144,756
1,160,482
51,244,793
44,050,629
21,744,780
8,695,491

201404131247(201404131247)
3,750,226
2,144,756
1,162,212
51,258,580
44,119,543
21,757,373
8,704,115

201404131248(201404131248)
3,752,491
2,145,719
1,165,403
51,270,097
44,161,125
21,769,434
8,714,262

201404131249(201404131249)
3,755,631
2,150,909
1,166,466
51,290,510
44,224,324
21,777,880
8,717,077

201404131250(201404131250)
3,755,631
2,152,358
1,167,680
51,299,717
44,295,856
21,788,205
8,718,481

201404131251(201404131251)
3,760,928
2,154,517
1,168,609
51,315,391
44,369,971
21,807,282
8,721,425

201404131252(201404131252)
3,764,140
2,154,517
1,171,314
51,329,144
44,425,875
21,818,073
8,722,921

201404131253(201404131253)
3,771,743
2,155,505
1,176,272
51,350,283
44,487,303
21,835,335
8,740,297

201404131254(201404131254)
3,774,945
2,160,136
1,177,413
51,369,415
44,579,033
21,856,533
8,754,887

201404131255(201404131255)
3,779,398
2,166,999
1,178,358
51,376,315
44,688,638
21,866,880
8,771,018

201404131256(201404131256)
3,787,752
2,167,711
1,183,787
51,392,303
44,821,220
21,887,164
8,782,511

201404131257(201404131257)
3,787,752
2,168,590
1,183,787
51,408,318
44,932,065
21,910,429
8,793,327

201404131258(201404131258)
3,797,518
2,168,590
1,183,787
51,436,315
45,049,439
21,929,751
8,805,446

201404131259(201404131259)
3,797,518
2,176,412
1,185,823
51,447,907
45,165,855
21,942,669
8,814,555

201404131300(201404131300)
3,798,557
2,177,382
1,188,412
51,459,317
45,279,674
21,957,851
8,825,978

201404131301(201404131301)
3,798,557
2,177,382
1,191,363
51,466,211
45,323,494
21,968,741
8,825,978

201404131302(201404131302)
3,798,557
2,177,382
1,191,363
51,466,211
45,323,494
21,968,741
8,825,978

201404131303(201404131303)
3,798,557
2,177,382
1,191,363
51,466,211
45,323,494
21,968,741
8,825,978

201404131304(201404131304)
3,798,557
2,177,382
1,191,363
51,466,211
45,323,494
21,968,741
8,825,978

201404131305(201404131305)
3,798,557
2,177,382
1,191,363
51,466,211
45,323,494
21,968,741
8,825,978

201404131306(201404131306)
3,798,557
2,177,382
1,191,363
51,466,211
45,323,494
21,968,741
8,825,978

201404131307(201404131307)
3,798,557
2,177,382
1,191,363
51,466,211
45,323,494
21,968,741
8,825,978

201404131308(201404131308)
3,798,557
2,177,382
1,191,363
51,466,211
45,323,494
21,968,741
8,825,978

201404131309(201404131309)
3,798,557
2,177,382
1,191,363
51,466,211
45,323,494
21,968,741
8,825,978

201404131310(201404131310)
3,798,557
2,177,382
1,191,363
51,466,211
45,323,494
21,968,741
8,825,978

201404131311(201404131311)
3,798,557
2,177,382
1,191,363
51,466,211
45,323,494
21,968,741
8,825,978

201404131312(201404131312)
3,798,557
2,177,382
1,191,363
51,466,211
45,323,494
21,968,741
8,825,978

201404131313(201404131313)
3,798,557
2,177,382
1,191,363
51,466,211
45,323,494
21,968,741
8,825,978