201404132201(201404132201)
4,023,684
1,384,991
54,369,755
51,217,604
24,344,204
10,208,572

201404132203(201404132203)
4,033,738
2,416,905
1,386,360
54,405,649
51,251,765
24,349,721

201404132205(201404132205)
4,046,036
2,417,136
1,388,149
54,436,623
51,278,053
24,354,594

201404132207(201404132207)
4,046,036
2,419,879
1,392,560
54,573,023
51,343,321
24,362,258
10,293,355

201404132208(201404132208)
4,046,036
2,420,050
1,392,673
54,626,682
51,372,468
24,362,258
10,320,992

201404132209(201404132209)
4,046,036
2,420,050
1,393,419
54,674,820
51,407,312
24,364,343
10,342,002

201404132210(201404132210)
4,046,036
2,424,715
1,393,419
54,723,367
51,461,104
24,371,807
10,353,119

201404132211(201404132211)
4,046,036
4,046,036
1,394,791
54,791,383
51,518,050
24,387,451
10,369,668

201404132213(201404132213)
4,046,036
2,428,009
1,397,637
54,924,574
51,665,782
24,392,775
10,396,439

201404132214(201404132214)
4,046,036
2,430,529
1,398,747
54,985,791
51,749,123
24,404,304
10,400,144

201404132215(201404132215)
4,046,036
2,434,245
1,399,226
55,053,704
51,815,551
24,423,367
10,403,313

201404132216(201404132216)
4,046,036
2,438,663
1,399,740
55,103,968
51,890,222
24,428,675
10,407,828

201404132217(201404132217)
4,048,238
2,445,008
1,401,227
55,158,068
51,985,334
24,441,223
10,411,397

201404132218(201404132218)
4,052,145
2,450,278
1,402,854
55,201,495
52,065,683
24,454,164
10,413,057

201404132219(201404132219)
4,052,145
2,450,941
1,403,721
55,231,063
52,149,914
24,462,116
10,416,260

201404132220(201404132220)
4,059,277
2,453,388
1,403,721
55,267,651
52,237,056
24,473,686
10,432,719

201404132221(201404132221)
4,059,800
2,454,108
1,408,273
55,308,438
52,326,613
24,481,256
10,458,817

201404132222(201404132222)
4,059,800
2,454,786
1,410,402
55,381,917
52,409,553
24,488,476
10,484,199

201404132223(201404132223)
4,059,800
2,458,825
1,412,472
55,433,005
52,478,372
24,499,320
10,506,005

201404132224(201404132224)
4,059,800
2,460,192
1,412,951
55,514,304
52,535,951
24,506,919
10,519,219

201404132225(201404132225)
4,059,800
2,464,185
1,418,032
55,569,641
52,594,376
24,509,119
10,522,334

201404132226(201404132226)
4,062,072
2,464,795
1,418,201
55,617,059
52,671,762
24,520,622
10,527,490

201404132227(201404132227)
4,062,072
2,465,855
1,420,815
55,713,158
52,740,233
24,527,078
10,552,404

201404132228(201404132228)
4,062,072
2,471,176
1,423,319
55,789,609
52,806,351
24,534,224
10,591,849

201404132229(201404132229)
4,062,072
2,473,202
1,423,902
55,844,843
52,865,978
24,546,703
10,608,355

201404132230(201404132230)
4,064,068
2,473,202
1,426,521
55,933,407
52,907,931
24,550,482
10,621,016

201404132231(201404132231)
4,072,893
2,474,982
1,427,959
56,009,215
52,964,748
24,552,994
10,625,827

201404132232(201404132232)
4,083,850
2,476,713
1,428,949
56,107,147
53,003,437
24,562,024
10,635,256

201404132233(201404132233)
4,092,608
2,479,387
1,431,777
56,191,436
53,063,587
24,570,686
10,639,206

201404132234(201404132234)
4,105,793
2,488,944
1,435,627
56,265,630
53,116,169
24,582,971
10,644,396

201404132235(201404132235)
4,114,806
2,493,943
1,440,826
56,333,675
53,167,997
24,626,475
10,652,848

201404132236(201404132236)
4,123,603
2,499,048
1,440,834
56,405,886
53,224,546
24,700,227
10,664,018

201404132237(201404132237)
4,130,385
2,505,833
1,442,861
56,443,257
53,262,814
24,786,113
10,671,131

201404132238(201404132238)
4,139,279
2,507,934
1,448,272
56,499,151
53,320,491
24,849,167
10,674,468

201404132239(201404132239)
4,150,521
2,509,182
1,452,950
56,574,957
53,392,185
24,892,785
10,675,827

201404132240(201404132240)
4,157,236
2,511,459
1,456,566
56,642,719
53,455,749
24,934,820
10,681,012

201404132241(201404132241)
4,159,129
2,513,010
1,458,098
56,740,235
53,570,617
25,064,306
10,681,012

201404132242(201404132242)
4,159,129
2,517,682
1,461,957
56,811,673
53,570,617
25,064,306
10,681,012

201404132243(201404132243)
4,159,129
2,520,710
1,467,605
56,851,995
53,639,914
25,135,971
10,683,145

201404132244(201404132244)
4,159,129
2,524,291
1,468,001
56,909,814
53,728,581
25,204,538
10,684,793

201404132245(201404132245)
4,159,129
2,529,669
1,470,899
56,992,679
53,816,110
25,270,898
10,690,121

201404132246(201404132246)
4,159,129
2,536,548
1,474,964
57,059,326
53,869,457
25,309,335
10,711,552

201404132247(201404132247)
4,159,129
2,542,374
1,478,450
57,104,463
53,913,266
25,328,683
10,741,881

201404132248(201404132248)
4,159,129
2,549,445
1,479,838
57,217,631
53,948,994
25,347,967
10,745,304

201404132249(201404132249)
4,159,129
2,557,607
1,482,142
57,299,184
53,982,472
25,373,420
10,762,181

201404132250(201404132250)
4,159,129
2,562,565
1,483,899
57,374,857
54,036,437
25,389,608
10,775,268

201404132251(201404132251)
4,159,129
2,571,922
1,485,683
57,444,439
54,094,249
25,400,109
10,789,433

201404132252(201404132252)
4,159,129
2,579,339
1,491,021
57,525,598
54,150,151
25,414,396
10,801,123

201404132253(201404132253)
4,159,129
2,584,473
1,491,908
57,608,570
54,216,746
25,420,163
10,815,282

201404132254(201404132254)
4,159,129
2,588,316
1,492,335
57,657,901
54,255,893
25,423,336
10,820,957

201404132255(201404132255)
4,159,129
2,590,870
1,496,391
57,733,155
54,308,354
25,440,061
10,830,929

201404132256(201404132256)
4,159,129
2,597,655
1,500,085
57,780,081
54,373,894
25,459,702
10,839,568

201404132257(201404132257)
4,159,129
2,598,293
1,501,564
57,820,331
54,420,951
25,476,744
10,842,509

201404132258(201404132258)
4,159,129
2,600,228
1,503,997
57,876,006
54,460,064
25,549,165
10,852,606

201404132259(201404132259)
4,159,129
2,602,262
1,506,783
57,940,475
54,482,695
25,617,317
10,858,433

201404132300(201404132300)
4,168,367
2,606,144
1,508,728
58,026,202
54,524,682
25,673,695
10,866,601

201404132301(201404132301)
4,187,443
2,610,234
1,511,623
58,105,719
54,545,880
25,716,058
10,878,583

201404132302(201404132302)
4,213,000
2,614,720
1,512,873
58,169,537
54,576,598
25,773,381
10,886,656

201404132303(201404132303)
4,231,139
2,615,079
1,512,873
58,221,011
54,602,405
25,828,202
10,896,705

201404132304(201404132304)
4,231,139
2,619,716
1,514,126
58,253,547
54,635,120
25,878,938
10,902,527

201404132305(201404132305)
4,231,139
2,621,211
1,517,449
58,305,178
54,698,760
25,936,977
10,913,533

201404132306(201404132306)
4,231,139
2,623,585
1,521,924
58,398,048
54,764,058
25,996,417
10,929,820

201404132307(201404132307)
4,231,139
2,628,469
1,522,335
58,468,017
54,840,211
26,051,006
10,944,500

201404132308(201404132308)
4,231,139
2,630,398
1,524,195
58,560,458
54,875,535
26,106,518
10,958,307

201404132309(201404132309)
4,231,139
2,632,873
1,527,696
58,648,134
54,911,906
26,141,889
10,971,314

201404132310(201404132310)
4,231,139
2,635,409
1,533,147
58,707,737
54,947,528
26,160,462
10,973,484

201404132311(201404132311)
4,231,139
2,643,140
1,537,945
58,746,582
54,984,288
26,187,106
10,975,113

201404132312(201404132312)
4,231,139
2,643,321
1,539,767
58,788,223
55,014,497
26,213,733
10,980,418

201404132313(201404132313)
4,232,851
2,646,706
1,548,354
58,835,259
55,052,311
26,244,030
10,997,612

201404132314(201404132314)
4,234,913
2,648,488
1,549,966
58,916,723
55,088,396
26,266,570
11,014,845

201404132315(201404132315)
4,245,800
2,650,932
1,552,454
59,012,837
55,117,394
26,292,445
11,026,513

201404132316(201404132316)
4,245,800
2,656,108
1,557,369
59,115,293
55,182,627
26,327,999
11,044,260

201404132317(201404132317)
4,245,800
2,659,793
1,563,904
59,207,503
55,219,582
26,351,146
11,062,269

201404132318(201404132318)
4,253,745
2,663,800
1,565,675
59,278,417
55,275,307
26,389,196
11,078,528

201404132319(201404132319)
4,264,289
2,666,507
1,567,127
59,383,894
55,333,497
26,420,539
11,084,472

201404132320(201404132320)
4,271,568
2,666,507
1,570,745
59,472,738
55,398,838
26,465,986
11,093,912

201404132321(201404132321)
4,271,568
2,674,339
1,574,084
59,592,689
55,464,809
26,508,954
11,096,103

201404132322(201404132322)
2,678,142
1,574,777
59,658,336
55,497,472
26,539,673
11,105,392

201404132323(201404132323)
4,271,616
2,682,013
1,581,797
59,751,398
55,530,517
26,572,375
11,115,662

201404132324(201404132324)
4,271,616
2,684,584
1,582,074
59,841,863
55,568,849
26,613,220
11,130,566

201404132325(201404132325)
4,271,616
2,691,783
1,582,764
59,933,094
55,609,223
26,660,519
11,146,462

201404132326(201404132326)
4,271,616
2,692,240
1,586,987
60,053,614
55,651,772
26,695,494
11,160,138

201404132327(201404132327)
4,271,616
2,692,240
1,589,062
60,122,608
55,703,311
26,720,996
11,170,643

201404132328(201404132328)
4,271,616
2,692,240
1,590,615
60,191,667
55,741,455
26,761,380
11,196,706

201404132329(201404132329)
4,271,616
2,693,522
1,594,484
60,289,943
55,782,970
26,788,527
11,226,891

201404132330(201404132330)
4,273,920
2,694,168
1,598,993
60,380,723
55,816,538
26,807,476
11,243,967

201404132331(201404132331)
4,287,115
2,696,836
1,602,101
60,455,059
55,868,237
26,821,655
11,255,134

201404132332(201404132332)
4,301,255
2,697,246
1,605,201
60,556,988
55,916,412
26,842,873
11,262,465

201404132333(201404132333)
4,310,638
2,702,689
1,608,950
60,656,217
55,968,005
26,850,865
11,266,711

201404132334(201404132334)
4,310,638
2,703,522
1,613,399
60,761,600
56,009,827
26,863,987
11,268,051

201404132335(201404132335)
4,312,943
2,706,835
1,613,833
60,885,357
56,067,887
26,882,930
11,277,599

201404132336(201404132336)
4,329,098
2,707,080
1,615,104
61,002,506
56,115,448
26,901,523
11,298,803

201404132337(201404132337)
4,338,086
2,711,007
1,617,995
61,076,899
56,159,707
26,959,093
11,308,213

201404132338(201404132338)
4,349,866
2,711,610
1,618,727
61,144,017
56,211,403
26,999,088
11,318,444

201404132339(201404132339)
4,361,370
2,711,770
1,623,598
61,234,432
56,261,160
27,054,097
11,332,096

201404132340(201404132340)
4,375,404
2,713,520
1,624,462
61,317,961
56,299,205
27,088,654
11,345,768

201404132341(201404132341)
4,378,823
2,715,284
1,626,706
61,375,651
56,331,943
27,122,721
11,365,340

201404132342(201404132342)
4,380,961
2,716,467
1,629,779
61,423,083
56,355,703
27,157,138
11,382,702

201404132343(201404132343)
4,380,961
2,719,275
1,633,589
61,496,458
56,384,098
27,207,991
11,399,635

201404132344(201404132344)
4,383,114
2,720,185
1,633,669
61,555,080
56,417,079
27,247,154
11,415,965

201404132345(201404132345)
4,413,366
2,724,592
1,633,861
61,608,627
56,437,129
27,279,257
11,425,490

201404132346(201404132346)
4,419,321
2,725,717
1,637,578
61,670,389
56,474,932
27,312,501
11,441,415

201404132347(201404132347)
4,419,321
2,730,940
1,638,445
61,745,158
56,523,159
27,360,242
11,464,695

201404132348(201404132348)
4,423,880
2,730,940
1,638,445
61,817,353
56,553,618
27,406,303
11,482,469

201404132349(201404132349)
4,423,880
2,730,940
1,638,445
61,897,401
56,572,582
27,428,695
11,492,238

201404132350(201404132350)
4,423,880
2,730,940
1,646,223
61,961,512
56,587,356
27,462,044
11,578,019

201404132351(201404132351)
4,423,880
2,730,940
1,646,223
62,026,889
56,609,406
27,507,417
11,632,768

201404132352(201404132352)
4,423,880
2,739,533
1,646,437
62,092,461
56,634,129
27,555,369
11,643,632

201404132353(201404132353)
4,423,880
2,739,533
1,650,807
62,175,035
56,665,030
27,593,410
11,655,355

201404132354(201404132354)
4,423,880
2,746,089
1,653,897
62,236,788
56,701,240
27,636,313
11,666,873

201404132355(201404132355)
4,423,880
2,748,078
1,658,719
62,316,821
56,751,615
27,665,556
11,666,873

201404132356(201404132356)
4,423,880
2,750,772
1,664,681
62,401,521
56,802,866
27,709,662
11,673,957

201404132357(201404132357)
4,423,880
2,751,091
1,666,372
62,473,113
56,840,296
27,761,541
11,681,433

201404132358(201404132358)
4,423,880
2,751,091
1,667,226
62,545,495
56,862,016
27,803,485
11,691,063

201404132359(201404132359)
4,423,880
2,752,504
1,667,226
62,621,529
56,880,865
27,825,334
11,697,030

201404140000(201404140000)
4,423,880
2,754,646
1,668,377
62,661,780
56,904,331
27,872,897
11,706,584

201404140001(201404140001)
4,423,880
2,754,646
1,674,536
62,697,011
56,911,944
27,903,581
11,708,589

201404140002(201404140002)
4,423,880
2,754,646
1,674,536
62,697,011
56,911,944
27,903,581
11,708,589

201404140003(201404140003)
4,423,880
2,754,646
1,674,536
62,697,011
56,911,944
27,903,581
11,708,589

201404140004(201404140004)
4,423,880
2,754,646
1,674,536
62,697,011
56,911,944
27,903,581
11,708,589

201404140005(201404140005)
4,423,880
2,754,646
1,674,536
62,697,011
56,911,944
27,903,581
11,708,589

201404140006(201404140006)
4,423,880
2,754,646
1,674,536
62,697,011
56,911,944
27,903,581
11,708,589