201404112155(201404112155)
2,158,969
990,346
447,726
19,932,621
19,927,858
10,651,352
3,907,435

201404112156(201404112156)
2,158,969
990,346
447,726
19,932,621
19,927,858
10,651,352
3,907,435

201404112157(201404112157)
2,158,969
990,346
447,726
19,932,621
19,927,858
10,651,352
3,907,435

201404112158(201404112158)
2,158,969
990,346
447,726
19,932,621
19,927,858
10,651,352
3,907,435

201404112159(201404112159)
2,158,969
990,346
447,726
19,932,621
19,927,858
10,651,352
3,907,435

201404112200(201404112200)
2,158,969
990,346
447,726
19,932,621
19,927,858
10,651,352
3,907,435

201404112201(201404112201)
2,158,969
990,346
447,726
19,932,996
19,932,679
10,652,422
3,909,108

201404112202(201404112202)
2,158,969
990,346
448,491
19,959,450
19,949,157
10,655,435
3,927,816

201404112203(201404112203)
2,158,969
991,575
448,727
19,987,107
19,976,245
10,659,720
3,929,921

201404112204(201404112204)
2,158,969
992,502
448,727
20,032,463
20,016,206
10,664,035
3,937,642

201404112205(201404112205)
2,163,522
996,630
448,727
20,080,038
20,052,133
10,670,053
3,944,073

201404112206(201404112206)
2,163,522
996,630
448,727
20,126,068
20,078,765
10,673,872
3,954,946

201404112207(201404112207)
2,163,522
996,630
449,788
20,187,260
20,100,361
10,685,468
3,968,890

201404112208(201404112208)
2,163,522
996,630
450,267
20,255,856
20,131,073
10,696,403
3,981,530

201404112209(201404112209)
2,163,522
997,172
450,851
20,317,787
20,151,025
10,703,526
3,995,078

201404112210(201404112210)
2,168,824
999,570
454,454
20,407,218
20,175,839
10,719,447
4,017,447

201404112211(201404112211)
2,173,223
1,000,502
456,654
20,483,109
20,202,924
10,735,510
4,039,275

201404112212(201404112212)
2,183,939
1,002,168
457,241
20,541,887
20,217,885
10,756,661
4,039,366

201404112213(201404112213)
2,187,995
1,002,289
459,045
20,626,947
20,238,925
10,775,445
4,042,366

201404112214(201404112214)
2,194,245
1,005,890
459,736
20,706,026
20,260,088
10,807,837
4,046,991

201404112215(201404112215)
2,200,131
1,011,428
462,568
20,780,015
20,296,330
10,827,216
4,048,883

201404112216(201404112216)
2,200,299
1,013,864
462,568
20,876,932
20,335,601
10,845,718
4,048,883

201404112217(201404112217)
2,206,238
1,015,188
466,717
20,947,987
20,373,390
10,859,997
4,051,001

201404112218(201404112218)
2,212,681
1,016,904
468,806
21,046,817
20,432,904
10,879,218
4,056,993

201404112219(201404112219)
2,212,918
1,022,712
471,482
21,150,629
20,476,444
10,894,847
4,063,267

201404112220(201404112220)
2,220,973
1,024,830
472,876
21,241,468
20,515,974
10,913,148
4,081,865

201404112221(201404112221)
2,229,923
1,027,068
474,210
21,295,397
20,560,586
10,931,619
4,095,885

201404112222(201404112222)
2,235,080
1,027,156
475,865
21,336,913
20,591,523
10,940,621
4,138,358

201404112223(201404112223)
2,243,269
1,032,574
476,816
21,392,465
20,633,456
10,954,206
4,169,877

201404112224(201404112224)
2,248,629
1,034,330
478,019
21,453,844
20,666,985
10,974,045
4,184,665

201404112225(201404112225)
2,248,629
1,040,699
479,747
21,517,221
20,704,073
10,993,554
4,186,297

201404112226(201404112226)
2,248,629
1,043,584
481,663
21,572,842
20,729,602
11,010,235
4,216,474

201404112227(201404112227)
2,248,629
1,047,735
482,329
21,641,033
20,777,547
11,019,278
4,228,569

201404112228(201404112228)
2,256,231
1,049,482
483,113
21,710,568
20,829,694
11,022,814
4,251,039

201404112229(201404112229)
2,269,660
1,051,754
483,939
21,774,906
20,877,562
11,034,814
4,259,706

201404112230(201404112230)
2,277,905
1,052,997
484,855
21,867,146
20,922,266
11,040,132
4,266,451

201404112231(201404112231)
2,277,905
1,055,199
485,494
21,979,654
20,964,495
11,049,486
4,275,035

201404112232(201404112232)
2,277,905
1,055,199
486,908
22,103,439
21,000,565
11,061,689
4,279,460

201404112233(201404112233)
2,277,905
1,055,798
488,670
22,204,738
21,049,058
11,071,144
4,279,460

201404112234(201404112234)
2,277,905
1,060,401
489,809
22,327,438
21,086,588
11,072,878
4,289,034

201404112235(201404112235)
2,280,302
1,064,449
491,952
22,426,560
21,122,736
11,078,289
4,311,053

201404112236(201404112236)
2,282,591
1,068,917
493,112
22,504,577
21,156,737
11,101,019
4,331,054

201404112237(201404112237)
2,282,591
1,071,130
494,007
22,566,513
21,201,212
11,121,632
4,351,960

201404112238(201404112238)
2,282,591
1,071,130
496,851
22,624,370
21,256,346
11,154,522
4,369,281

201404112239(201404112239)
2,282,591
1,073,334
499,401
22,689,044
21,291,205
11,167,619
4,378,845

201404112240(201404112240)
2,287,704
1,073,824
500,098
22,755,458
21,349,254
11,180,089
4,388,461

201404112241(201404112241)
2,295,226
1,075,162
502,459
22,840,532
21,397,107
11,206,186
4,393,622

201404112242(201404112242)
2,301,161
1,079,527
503,698
22,916,968
21,459,452
11,232,567
4,397,047

201404112243(201404112243)
2,301,161
1,081,146
504,556
22,983,775
21,530,264
11,243,763
4,411,461

201404112244(201404112244)
2,301,161
1,087,090
507,992
23,043,016
21,602,917
11,266,271
4,430,163

201404112245(201404112245)
2,301,161
1,091,075
508,313
23,106,630
21,681,294
11,285,801
4,449,316

201404112246(201404112246)
2,301,161
1,097,932
509,721
23,215,864
21,823,317
11,312,573
4,467,467

201404112247(201404112247)
2,301,161
1,099,175
510,403
23,314,987
21,929,013
11,335,244
4,480,247

201404112248(201404112248)
2,301,161
1,100,738
511,195
23,417,369
22,070,930
11,353,977
4,492,326

201404112249(201404112249)
2,307,421
1,103,817
511,976
23,493,265
22,193,889
11,388,587
4,502,910

201404112250(201404112250)
2,307,421
1,107,856
512,776
23,576,257
22,329,403
11,415,731
4,514,645

201404112251(201404112251)
2,310,436
1,109,575
515,161
23,651,244
22,446,679
11,434,960
4,527,764

201404112252(201404112252)
2,319,603
1,112,585
517,333
23,710,813
22,576,667
11,453,927
4,538,544

201404112253(201404112253)
2,335,675
1,117,192
519,845
23,778,895
22,679,913
11,472,137
4,546,140

201404112254(201404112254)
2,340,330
1,118,059
520,240
23,868,337
22,756,949
11,491,487
4,553,933

201404112255(201404112255)
2,340,330
1,122,336
520,761
23,939,805
22,867,910
11,509,046
4,558,234

201404112256(201404112256)
2,347,094
1,122,737
521,500
24,009,861
22,991,756
11,528,394
4,564,990

201404112257(201404112257)
2,358,546
1,125,596
521,693
24,087,454
23,137,386
11,540,173
4,572,418

201404112258(201404112258)
2,366,132
1,134,352
522,285
24,168,775
23,285,893
11,560,753
4,584,157

201404112259(201404112259)
2,380,102
1,137,424
522,681
24,232,558
23,434,012
11,580,769
4,598,972

201404112300(201404112300)
2,387,012
1,141,444
523,771
24,312,385
23,618,124
11,595,370
4,609,194

201404112301(201404112301)
2,393,159
1,145,184
525,438
24,383,640
23,786,341
11,602,395
4,627,474

201404112302(201404112302)
2,398,729
1,148,716
527,115
24,445,260
23,923,499
11,607,762
4,631,789

201404112303(201404112303)
2,398,729
1,152,314
528,564
24,502,628
24,054,988
11,618,453
4,631,789

201404112304(201404112304)
2,398,729
1,153,228
529,258
24,545,387
24,148,028
11,624,068
4,636,163

201404112305(201404112305)
2,398,729
1,155,906
530,450
24,603,085
24,245,885
11,634,084
4,648,439

201404112306(201404112306)
2,398,729
1,159,396
534,392
24,655,937
24,333,812
11,639,592
4,666,945

201404112307(201404112307)
2,398,729
1,162,641
535,225
24,716,911
24,464,765
11,646,000
4,683,968

201404112308(201404112308)
2,402,504
1,165,373
535,928
24,774,736
24,597,794
11,655,028
4,698,152

201404112309(201404112309)
2,407,051
1,169,659
536,113
24,824,298
24,721,968
11,690,232
4,713,295

201404112310(201404112310)
2,416,374
1,174,232
537,324
24,872,726
24,810,606
11,723,624
4,720,334

201404112311(201404112311)
2,425,617
1,177,682
539,658
24,942,492
24,933,115
11,777,901
4,733,767

201404112312(201404112312)
2,426,320
1,177,744
541,044
25,096,062
24,970,394
11,820,758
4,744,015

201404112313(201404112313)
2,426,320
1,182,213
543,552
25,231,277
25,003,071
11,852,519
4,754,800

201404112314(201404112314)
2,426,320
1,182,213
545,047
25,360,322
25,054,344
11,880,409
4,764,301

201404112315(201404112315)
2,431,899
1,183,614
545,847
25,481,517
25,103,724
11,921,282
4,771,988

201404112316(201404112316)
2,431,899
1,186,639
547,084
25,630,073
25,144,097
11,967,273
4,780,712

201404112317(201404112317)
2,431,899
1,187,590
547,328
25,777,171
25,183,265
11,999,834
4,804,692

201404112318(201404112318)
2,431,899
1,187,590
548,627
25,898,952
25,228,225
12,024,663
4,813,628

201404112319(201404112319)
2,431,899
1,193,849
550,143
26,032,179
25,280,584
12,050,567
4,817,046

201404112320(201404112320)
2,431,899
1,194,095
551,766
26,136,262
25,338,646
12,075,972
4,825,465

201404112321(201404112321)
2,432,167
1,197,637
553,488
26,253,072
25,380,214
12,106,511
4,831,157

201404112322(201404112322)
2,432,345
1,200,632
554,822
26,392,182
25,409,347
12,126,398
4,835,487

201404112323(201404112323)
2,432,345
1,202,521
557,862
26,527,513
25,443,867
12,146,392
4,848,742

201404112324(201404112324)
2,432,345
1,207,668
559,274
26,665,071
25,473,896
12,157,916
4,861,546

201404112325(201404112325)
2,434,304
1,210,126
559,518
26,761,119
25,503,208
12,170,617
4,866,943

201404112326(201404112326)
2,452,463
1,211,837
563,858
26,838,194
25,551,828
12,197,955
4,868,993

201404112327(201404112327)
2,471,807
1,213,499
566,114
26,911,645
25,593,096
12,214,308
4,868,993

201404112328(201404112328)
2,471,807
1,213,499
566,363
27,030,568
25,644,088
12,224,699
4,874,155

201404112329(201404112329)
2,471,807
1,213,811
567,031
27,137,313
25,692,255
12,246,365
4,892,321

201404112330(201404112330)
2,471,807
1,214,935
567,953
27,272,915
25,748,929
12,264,786
4,897,200

201404112331(201404112331)
2,498,159
1,216,006
568,196
27,404,150
25,797,699
12,269,608
4,900,917

201404112332(201404112332)
2,510,671
1,219,545
569,643
27,515,326
25,815,854
12,283,185
4,900,917

201404112333(201404112333)
2,521,969
1,219,545
569,782
27,632,416
25,831,820
12,297,982
4,933,817

201404112334(201404112334)
2,521,969
1,224,339
570,201
27,704,358
25,847,088
12,328,533
4,953,726

201404112335(201404112335)
2,521,969
1,228,275
572,220
27,817,289
25,869,787
12,348,254
4,953,726

201404112336(201404112336)
2,526,130
1,231,340
573,890
27,919,920
25,901,228
12,366,657
4,965,929

201404112337(201404112337)
2,535,110
1,234,975
577,462
28,052,440
25,941,084
12,389,085
4,981,180

201404112338(201404112338)
2,550,385
1,237,173
580,305
28,206,175
25,968,197
12,412,625
4,995,597

201404112339(201404112339)
2,561,720
1,243,397
580,519
28,283,591
25,982,250
12,433,221
4,999,499

201404112340(201404112340)
2,567,011
1,248,686
580,519
28,378,364
26,003,727
12,459,360
4,999,499

201404112341(201404112341)
2,567,011
1,251,440
583,798
28,496,313
26,036,145
12,496,165
4,999,499

201404112342(201404112342)
2,567,011
1,252,642
584,564
28,586,153
26,076,751
12,522,155
4,999,499

201404112343(201404112343)
2,567,011
1,252,642
584,724
28,703,385
26,110,220
12,544,740
5,044,390

201404112344(201404112344)
2,567,011
1,258,636
586,544
28,827,681
26,139,342
12,577,297
5,048,157

201404112345(201404112345)
2,567,011
1,258,969
588,772
28,947,229
26,178,419
12,607,870
5,049,653

201404112346(201404112346)
2,573,865
1,262,070
591,266
29,062,067
26,219,114
12,630,945
5,051,034

201404112347(201404112347)
2,587,192
1,268,411
592,319
29,166,171
26,260,412
12,663,097
5,051,034

201404112348(201404112348)
2,596,680
1,272,325
593,105
29,272,660
26,297,580
12,706,650
5,052,495

201404112349(201404112349)
2,609,567
1,272,871
594,716
29,356,955
26,340,851
12,746,213
5,054,116

201404112350(201404112350)
2,636,632
1,274,777
596,615
29,442,166
26,370,656
12,774,072
5,058,724

201404112351(201404112351)
2,636,632
1,277,799
599,275
29,523,747
26,396,780
12,820,697
5,093,101

201404112352(201404112352)
2,636,632
1,277,799
601,033
29,610,757
26,427,322
12,860,871
5,094,937

201404112353(201404112353)
2,660,828
1,280,559
601,838
29,685,245
26,457,731
12,952,173
5,094,937

201404112354(201404112354)
2,670,205
1,281,267
603,152
29,820,267
26,489,132
13,055,691
5,098,476

201404112355(201404112355)
2,673,333
1,281,267
604,187
29,820,267
26,517,669
13,138,467
5,100,321

201404112356(201404112356)
2,679,794
1,281,267
609,243
29,878,631
26,573,625
13,186,414
5,105,957

201404112357(201404112357)
2,682,027
1,281,267
609,398
29,943,151
26,614,744
13,196,765
5,121,955

201404112358(201404112358)
2,682,027
1,281,267
610,411
30,008,385
26,655,707
13,207,313
5,121,955

201404112359(201404112359)
2,693,401
1,286,461
611,405
30,075,859
26,683,381
13,218,413
5,132,915

201404120000(201404120000)
2,693,675
1,288,415
611,819
30,134,812
26,707,922
13,220,949
5,159,659

201404120001(201404120001)
2,702,063
1,288,415
612,617
30,173,423
26,732,050
13,225,161
5,160,570

201404120002(201404120002)
2,702,063
1,288,415
612,617
30,173,423
26,732,050
13,225,161
5,160,570

201404120003(201404120003)
2,702,063
1,288,415
612,617
30,173,423
26,732,050
13,225,161
5,160,570

