201404102152(201404102152)
4,811,902
4,805,896
3,121,723

201404102154(201404102154)
667,601
238,391
104,398
4,811,902
4,805,896
3,121,723
976,867

201404102157(201404102157)
667,601
238,391
104,398
4,811,902
4,805,896
3,121,723
976,867

201404102158(201404102158)
667,601
238,391
104,398
4,811,902
4,805,896
3,121,723
976,867

201404102200(201404102200)
667,601
238,391
104,398
4,811,902
4,805,896
3,121,723
976,867

201404102201(201404102201)
667,601
238,391
104,398
4,815,504
4,805,896
3,122,653
976,867

201404102202(201404102202)
671,971
240,255
104,777
4,852,310
4,819,792
3,133,759
978,148

201404102203(201404102203)
672,202
240,928
105,415
4,909,764
4,877,608
3,144,528
979,619

201404102204(201404102204)
673,518
241,525
106,237
4,995,293
4,945,404
3,155,150
980,721

201404102205(201404102205)
680,861
243,480
107,168
5,106,209
5,036,465
3,163,017
980,768

201404102206(201404102206)
686,825
245,281
107,792
5,231,428
5,132,804
3,182,736
994,350

201404102207(201404102207)
690,501
247,606
108,356
5,341,425
5,218,660
3,196,968
1,012,444

201404102208(201404102208)
697,168
249,851
109,281
5,453,813
5,279,679
3,212,911
1,032,218

201404102209(201404102209)
702,565
252,719
110,435
5,549,179
5,359,122
3,241,531
1,041,886

201404102210(201404102210)
708,976
254,764
111,469
5,639,581
5,449,050
3,261,909
1,043,012

201404102211(201404102211)
711,236
257,084
112,338
5,757,952
5,525,116
3,290,720
1,052,378

201404102212(201404102212)
719,838
259,329
113,919
5,857,132
5,607,459
3,324,642
1,061,143

201404102213(201404102213)
720,385
263,125
114,448
5,969,107
5,672,194
3,364,361
1,069,454

201404102214(201404102214)
729,540
266,010
115,525
6,075,791
5,750,878
3,387,299
1,085,101

201404102215(201404102215)
730,831
272,228
116,788
6,168,087
5,822,219
3,423,038
1,094,259

201404102216(201404102216)
733,717
272,228
117,560
6,263,163
5,885,478
3,479,106
1,101,121

201404102217(201404102217)
733,740
275,909
118,690
6,365,027
5,945,361
3,497,821
1,113,166

201404102218(201404102218)
735,711
283,129
120,302
6,462,328
5,999,791
3,513,591
1,124,340

201404102219(201404102219)
742,137
283,129
121,580
6,555,487
6,063,616
3,534,161
1,142,772

201404102220(201404102220)
749,771
286,919
122,542
6,675,715
6,123,662
3,564,232
1,170,718

201404102221(201404102221)
751,492
290,400
124,396
6,781,633
6,169,434
3,594,949
1,176,187

201404102222(201404102222)
754,150
291,832
125,688
6,868,936
6,218,094
3,617,276
1,177,660

201404102223(201404102223)
756,452
293,369
127,333
6,954,429
6,266,176
3,641,414
1,187,833

201404102224(201404102224)
758,383
296,562
129,032
7,045,446
6,322,127
3,662,212
1,199,985

201404102225(201404102225)
764,678
300,734
130,961
7,137,039
6,374,470
3,728,232
1,209,752

201404102226(201404102226)
771,487
304,341
132,785
7,246,456
6,448,829
3,786,777
1,225,812

201404102227(201404102227)
777,228
305,559
134,936
7,345,915
6,527,116
3,825,818
1,245,727

201404102228(201404102228)
784,251
310,457
136,169
7,454,373
6,614,297
3,859,026
1,245,727

201404102229(201404102229)
787,720
312,280
137,895
7,538,341
6,673,520
3,878,370
1,250,148

201404102230(201404102230)
787,720
317,207
140,228
7,641,198
6,724,969
3,894,262
1,268,239

201404102231(201404102231)
791,070
319,105
141,628
7,688,000
6,788,010
3,915,072
1,286,185

201404102232(201404102232)
793,376
320,751
143,351
7,771,430
6,843,125
3,938,592
1,299,863

201404102233(201404102233)
802,441
323,488
145,041
7,879,673
6,912,049
3,970,358
1,322,093

201404102234(201404102234)
812,465
327,608
146,687
7,960,247
6,981,165
3,991,960
1,337,318

201404102235(201404102235)
813,818
331,025
148,540
8,050,827
7,042,605
4,012,506
1,358,366

201404102236(201404102236)
826,309
333,982
150,545
8,168,389
7,097,494
4,032,139
1,385,696

201404102237(201404102237)
834,681
338,405
151,910
8,310,340
7,148,333
4,044,567
1,399,949

201404102238(201404102238)
836,851
342,239
153,483
8,452,247
7,209,165
4,063,536
1,404,837

201404102239(201404102239)
839,115
343,334
154,992
8,589,853
7,267,108
4,076,038
1,408,334

201404102240(201404102240)
841,420
348,616
157,688
8,742,692
7,316,132
4,101,322
1,425,580

201404102241(201404102241)
850,388
354,183
158,616
8,818,919
7,387,971
4,141,507
1,440,329

201404102242(201404102242)
859,527
359,308
160,471
8,927,736
7,447,210
4,181,699
1,441,735

201404102243(201404102243)
869,283
362,283
161,619
9,005,030
7,505,985
4,224,035
1,460,973

201404102244(201404102244)
875,626
367,974
162,399
9,058,748
7,559,850
4,265,579
1,472,823

201404102245(201404102245)
886,123
371,550
163,766
9,116,328
7,629,208
4,307,392
1,483,034

201404102246(201404102246)
898,054
373,930
164,557
9,187,441
7,700,247
4,334,459
1,497,794

201404102247(201404102247)
901,554
378,768
165,712
9,272,947
7,785,983
4,364,896
1,506,098

201404102248(201404102248)
914,670
380,911
167,060
9,356,992
7,852,981
4,396,687
1,530,871

201404102249(201404102249)
918,889
383,670
169,035
9,462,399
7,934,404
4,420,196
1,554,912

201404102250(201404102250)
924,627
388,738
170,568
9,565,550
8,006,247
4,437,887
1,568,155

201404102251(201404102251)
932,344
391,949
172,292
9,647,457
8,078,049
4,464,069
1,588,840

201404102252(201404102252)
945,330
393,786
173,339
9,713,658
8,132,738
4,488,400
1,606,385

201404102253(201404102253)
956,055
398,275
174,425
9,762,023
8,198,198
4,525,638
1,630,713

201404102254(201404102254)
966,846
401,747
175,507
9,797,449
8,246,366
4,563,936
1,653,853

201404102255(201404102255)
975,349
405,464
177,319
9,833,983
8,296,933
4,593,935
1,667,866

201404102256(201404102256)
980,055
409,845
178,388
9,898,210
8,336,872
4,612,193
1,682,823

201404102257(201404102257)
992,680
413,702
180,006
9,945,485
8,387,274
4,635,264
1,689,717

201404102258(201404102258)
999,854
417,456
180,837
10,021,338
8,450,737
4,659,402
1,703,196

201404102259(201404102259)
1,001,737
422,661
181,186
10,122,142
8,521,062
4,695,116
1,704,874

201404102300(201404102300)
1,009,659
426,258
182,607
10,205,572
8,591,486
4,730,790
1,719,860

201404102301(201404102301)
1,018,758
430,827
184,622
10,298,451
8,658,390
4,780,042
1,729,052

201404102302(201404102302)
1,024,015
433,115
185,630
10,336,637
8,710,331
4,817,783
1,741,686

201404102303(201404102303)
1,029,762
439,983
186,863
10,388,281
8,763,779
4,841,571
1,758,427

201404102304(201404102304)
1,039,572
442,128
187,960
10,444,228
8,808,712
4,870,526
1,768,900

201404102305(201404102305)
1,053,034
445,795
189,343
10,492,420
8,857,576
4,910,407
1,776,592

201404102306(201404102306)
1,053,584
452,995
190,561
10,531,244
8,912,280
4,954,223
1,778,335

201404102307(201404102307)
1,059,978
453,747
191,759
10,584,582
8,956,788
4,997,002
1,789,766

201404102308(201404102308)
1,067,915
454,268
192,656
10,610,346
9,003,009
5,025,107
1,797,993

201404102309(201404102309)
1,072,435
455,962
193,113
10,631,166
9,038,187
5,058,401
1,816,791

201404102310(201404102310)
1,078,622
460,323
194,212
10,679,319
9,089,213
5,098,524
1,818,504

201404102311(201404102311)
1,084,434
460,599
195,170
10,710,701
9,135,138
5,130,938
1,829,440

201404102312(201404102312)
1,102,389
462,401
196,832
10,748,229
9,184,291
5,162,141
1,855,811

201404102313(201404102313)
1,106,885
465,724
198,824
10,792,925
9,229,144
5,237,741
1,867,282

201404102314(201404102314)
1,110,809
467,469
200,176
10,835,179
9,259,814
5,275,302
1,876,474

201404102315(201404102315)
1,113,056
472,047
201,221
10,909,571
9,283,467
5,337,265
1,888,053

201404102316(201404102316)
1,124,163
477,702
202,700
11,003,588
9,327,981
5,382,378
1,908,187

201404102317(201404102317)
1,124,163
480,607
204,662
11,068,766
9,380,681
5,400,519
1,923,053

201404102318(201404102318)
1,124,163
484,220
206,029
11,176,600
9,432,767
5,422,068
1,923,053

201404102319(201404102319)
1,145,165
489,260
207,188
11,245,366
9,480,701
5,448,853
1,928,209

201404102320(201404102320)
1,161,601
494,946
208,277
11,311,537
9,519,574
5,482,325
1,933,674

201404102321(201404102321)
1,170,534
498,402
209,187
11,399,946
9,559,718
5,514,891
1,938,823

201404102322(201404102322)
1,171,396
500,835
209,830
11,481,403
9,586,124
5,537,339
1,947,077

201404102323(201404102323)
1,176,028
500,858
210,592
11,541,052
9,637,857
5,560,789
1,960,050

201404102324(201404102324)
1,187,385
501,479
211,603
11,592,743
9,701,386
5,594,785
1,976,176

201404102325(201404102325)
1,195,672
505,744
211,873
11,642,392
9,750,981
5,647,178
1,977,941

201404102326(201404102326)
1,207,106
508,317
212,650
11,734,296
9,815,565
5,682,782
1,982,605

201404102327(201404102327)
1,210,951
515,305
213,392
11,867,285
9,880,687
5,759,181
1,987,668

201404102328(201404102328)
1,222,789
518,680
214,022
11,950,487
9,935,688
5,885,821
2,006,394

201404102329(201404102329)
1,225,447
520,250
217,066
12,013,828
10,005,310
5,994,310
2,022,037

201404102330(201404102330)
1,225,447
522,248
218,380
12,122,025
10,084,661
6,042,194
2,035,566

201404102331(201404102331)
1,232,013
523,710
220,569
12,225,398
10,164,198
6,084,589
2,035,566

201404102332(201404102332)
1,245,314
525,880
223,782
12,329,146
10,230,857
6,125,451
2,038,929

201404102333(201404102333)
1,261,706
528,593
225,910
12,425,139
10,297,116
6,172,381
2,047,811

201404102334(201404102334)
1,276,987
529,561
227,670
12,491,603
10,378,484
6,224,843
2,052,096

201404102335(201404102335)
1,282,316
530,662
228,869
12,553,597
10,438,796
6,282,720
2,059,684

201404102336(201404102336)
1,303,322
533,835
230,836
12,630,305
10,519,386
6,331,741
2,059,684

201404102337(201404102337)
1,315,704
535,641
232,453
12,696,325
10,585,300
6,382,221
2,059,684

201404102338(201404102338)
1,331,624
542,766
234,280
12,777,003
10,675,565
6,431,909
2,061,523

201404102339(201404102339)
1,339,671
546,927
236,304
12,842,764
10,749,146
6,484,114
2,064,450

201404102340(201404102340)
1,354,267
550,319
237,065
12,919,491
10,837,268
6,542,945
2,064,450

201404102341(201404102341)
1,373,440
552,800
238,471
12,982,851
10,915,782
6,585,834
2,072,117

201404102342(201404102342)
1,387,068
558,224
240,182
13,023,124
10,988,084
6,596,143
2,076,158

201404102343(201404102343)
1,400,178
563,160
241,164
13,099,061
11,046,050
6,600,662
2,076,158

201404102344(201404102344)
1,403,817
567,789
243,221
13,121,535
11,115,979
6,600,662
2,076,158

201404102345(201404102345)
1,408,345
569,389
244,639
13,177,972
11,192,272
6,600,662
2,079,872

201404102346(201404102346)
1,408,345
572,908
245,970
13,232,995
11,269,050
6,602,876
2,099,285

201404102347(201404102347)
1,411,014
577,789
247,338
13,280,882
11,343,136
6,602,876
2,143,948

201404102348(201404102348)
1,433,733
580,520
248,483
13,328,153
11,424,034
6,607,017
2,161,718

201404102349(201404102349)
1,433,733
583,559
250,575
13,376,873
11,484,536
6,659,689
2,199,104

201404102350(201404102350)
1,437,239
588,592
250,915
13,442,330
11,564,767
6,740,765
2,200,009

201404102351(201404102351)
1,437,239
592,178
253,625
13,496,900
11,634,681
6,826,288
2,201,068

201404102352(201404102352)
1,437,239
594,095
255,806
13,561,222
11,700,311
6,894,792
2,201,068

201404102353(201404102353)
1,437,239
596,716
257,072
13,646,972
11,787,060
6,986,951
2,202,590

201404102354(201404102354)
1,437,239
596,716
258,662
13,744,544
11,881,069
7,070,427
2,209,800

201404102355(201404102355)
1,446,382
600,517
260,343
13,830,422
11,969,167
7,155,748
2,225,165

201404102356(201404102356)
1,457,482
602,981
261,779
13,938,585
12,060,588
7,235,165
2,261,346

201404102357(201404102357)
1,464,205
606,839
264,607
14,029,765
12,150,735
7,317,771
2,273,956

201404102358(201404102358)
1,470,710
608,734
266,193
14,093,277
12,224,234
7,405,867
2,275,200

201404102359(201404102359)
1,485,051
609,836
269,073
14,147,599
12,341,485
7,494,652
2,284,438

201404110000(201404110000)
1,485,051
610,650
270,309
14,190,817
12,446,518
7,598,163
2,286,860

201404110001(201404110001)
1,498,194
613,076
271,539
14,220,460
12,507,832
7,679,577
2,289,678

201404110002(201404110002)
1,498,194
613,076
271,539
14,220,460
12,507,832
7,679,577
2,289,678

