201404111223(201404111223)
1,557,914
649,422
287,710
14,872,897
13,595,630
8,063,502
2,478,794

201404111224(201404111224)
1,577,882
660,208
291,490
14,986,652
13,901,931
8,099,448
2,530,964

201404111225(201404111225)
1,577,882
660,208
291,490
14,986,652
13,901,931
8,099,448
2,530,964

201404111226(201404111226)
1,582,794
662,470
293,558
15,039,019
13,994,976
8,112,928
2,544,096

201404111227(201404111227)
1,582,794
668,530
295,171
15,070,118
13,994,976
8,112,928
2,544,096

201404111227(201404111227)
1,596,463
668,530
295,171
15,070,118
14,060,932
8,118,512
2,567,086

201404111228(201404111228)
1,602,234
669,682
297,605
15,118,823
14,143,560
8,125,638
2,581,347

201404111229(201404111229)
1,608,904
669,682
15,161,256
14,215,807
8,132,167
2,595,045

201404111231(201404111231)
1,613,256
676,268
302,142
15,222,313
14,376,944
8,143,320
2,622,476

201404111232(201404111232)
1,614,122
679,141
303,872
15,261,451
14,516,896
8,152,472
2,632,711

201404111234(201404111234)
1,622,429
683,530
305,022
15,275,731
14,573,178
8,152,472
2,634,062

201404111235(201404111235)
1,627,300
690,169
306,770
15,286,033
14,627,521
8,154,861
2,652,822

201404111236(201404111236)
1,627,300
690,767
308,894
15,310,849
14,695,969
8,160,857
2,663,232

201404111237(201404111237)
1,627,300
698,666
312,262
15,351,072
14,754,441
8,160,940
2,670,933

201404111238(201404111238)
1,638,059
700,417
314,094
15,371,833
14,819,184
8,163,746
2,687,437

201404111239(201404111239)
1,647,724
702,003
315,246
15,388,648
14,893,988
8,163,746
2,703,966

201404111240(201404111240)
1,647,724
706,261
317,006
15,407,714
14,975,850
8,169,873
2,718,437

201404111241(201404111241)
1,664,771
708,427
318,572
15,432,519
15,076,247
8,177,287
2,728,401

201404111242(201404111242)
1,675,903
711,371
319,940
15,449,388
15,163,242
8,186,451
2,738,002

201404111243(201404111243)
1,675,903
716,230
321,413
15,468,041
15,260,199
8,196,009
2,753,701

201404111244(201404111244)
1,679,378
718,068
323,145
15,480,991
15,343,886
8,204,975
2,764,971

201404111245(201404111245)
1,691,255
724,962
325,600
15,504,339
15,421,668
8,219,788
2,796,819

201404111246(201404111246)
1,693,958
729,516
329,639
15,521,780
15,483,760
8,235,773
2,805,892

201404111247(201404111247)
1,693,958
729,762
329,639
15,560,309
15,525,746
8,244,956
2,818,441

201404111248(201404111248)
1,693,958
735,375
329,818
15,584,780
15,577,661
8,260,186
2,861,533

201404111249(201404111249)
1,693,958
736,576
332,014
15,629,026
15,610,011
8,281,622
2,883,416

201404111250(201404111250)
1,693,958
736,576
335,194
15,701,479
15,634,187
8,290,080
2,887,799

201404111251(201404111251)
1,693,958
741,167
336,258
15,770,666
15,658,064
8,304,076
2,890,063

201404111252(201404111252)
1,693,958
742,653
336,879
15,817,610
15,693,490
8,318,281
2,899,254

201404111253(201404111253)
1,693,958
744,270
337,411
15,868,573
15,736,382
8,340,541
2,911,728

201404111254(201404111254)
1,693,958
749,427
337,852
15,917,483
15,762,263
8,370,241
2,924,009

201404111255(201404111255)
1,695,768
751,809
339,629
15,981,259
15,782,235
8,395,127
2,952,837

201404111256(201404111256)
1,704,873
753,812
340,926
16,027,695
15,794,041
8,418,313
2,992,719

201404111257(201404111257)
1,717,663
756,142
341,448
16,075,391
15,809,567
8,425,742
3,013,184

201404111258(201404111258)
1,717,663
759,741
342,851
16,125,532
15,826,303
8,436,513
3,023,264

201404111259(201404111259)
1,717,663
760,148
343,901
16,183,442
15,836,936
8,441,522
3,033,245

201404111300(201404111300)
1,717,663
762,210
344,440
16,250,127
15,839,250
8,446,930
3,039,496

201404111301(201404111301)
1,717,663
762,562
347,174
16,280,387
15,839,250
8,449,780
3,047,461

201404111302(201404111302)
1,717,663
762,562
347,174
16,280,387
15,839,250
8,449,780
3,047,461

201404111303(201404111303)
1,717,663
762,562
347,174
16,280,387
15,839,250
8,449,780
3,047,461

201404111304(201404111304)
1,717,663
762,562
347,174
16,280,387
15,839,250
8,449,780
3,047,461

201404111305(201404111305)
1,717,663
762,562
347,174
16,280,387
15,839,250
8,449,780
3,047,461

201404111306(201404111306)
1,717,663
762,562
347,174
16,280,387
15,839,250
8,449,780
3,047,461

201404111307(201404111307)
1,717,663
762,562
347,174
16,280,387
15,839,250
8,449,780
3,047,461

201404111308(201404111308)
1,717,663
762,562
347,174
16,280,387
15,839,250
8,449,780
3,047,461

201404111309(201404111309)
1,717,663
762,562
347,174
16,280,387
15,839,250
8,449,780
3,047,461

201404111310(201404111310)
1,717,663
762,562
347,174
16,280,387
15,839,250
8,449,780
3,047,461

