
1725(1710)
9813840
15112020
25158990

1745(1730)
9815790
15112830
25158990

1805(1750)
9869910
15190530
25158990

1825(1810)
9883860
15223050
25158990

1845(1830)
9912120
15234540
25158990

1905(1850)
9924660
15270690
25158990

1925(1910)
9974010
15276960
25158990

1945(1930)
10028580
15276960
25529550

2005(1950)
10030560
15316380
25529550

2025(2010)
10073580
15347040
25529550

2045(2030)
10093050
15371280
25529550

2105(2050)
10123710
15388410
25529550

2125(2110)
10199880
15419760
25788150

2145(2130)
10203480
15459060
25788150

2205(2150)
10213860
15493260
26068170

2225(2210)
10337460
15602460
26197290

2245(2230)
10425420
15643500
26197290

2305(2250)
10491300
15761220
26197290

2325(2310)
10637730
15827670
26911470

2345(2330)
10740000
15915750
26911470

0005(2350)
10809900
15952590
27279780

0025(0010)
10902720
16007130
27517200

0045(0030)
10944840
16144980
27882300

0105(0050)
11060310
16244430
28254750

0125(0110)
11155890
16286130
28533780

0145(0130)
11183700
16357440
28533780

0205(0150)
11198760
16441200
28534530

0225(0210)
11254680
16489770
28535430

0245(0230)
11282610
16557240
28535430

0305(0250)
11283000
16583700
29011590

0325(0310)
11318970
16735110
29443350

0345(0330)
11371200
16765140
29443350

0405(0350)
11389980
16785510
29443350

0425(0410)
11389980
16802730
29443350

0445(0430)
11418810
16817250
29680380

0505(0450)
11428920
16817250
29680380

0525(0510)
11478570
16818150
29680380

0545(0530)
11508810
16904430
29680380

0605(0550)
11531670
16931820
29680380

0625(0610)
11650200
16957620
29680380

0645(0630)
11700420
16977690
29680380

0705(0650)
11766360
16983000
29814930

0725(0710)
11788290
17006310
29814930

0745(0730)
11840040
17015610
29814930

0805(0750)
11884710
17040360
29871330

0825(0810)
11968230
17107500
30034800

0845(0830)
12070320
17138460
30034800

0905(0850)
12083970
17218620
30034800

0925(0910)
12141990
17250450
30214950

0945(0930)
12231870
17257410
30989010

1005(0950)
12339360
17291970
30989010

1025(1010)
12392310
17319450
31151160

1045(1030)
12461970
17328210
31151160

1105(1050)
12507480
17378880
31243470

1125(1110)
12576840
17400870
31243470

1145(1130)
12712410
17460090
31243470

1205(1150)
12813120
17509170
31243470

1225(1210)
12861090
17543430
31313550

1245(1230)
13036980
17622810
31481460

1305(1250)
13254060
17761290
31909950

1325(1310)
13384560
17793690
32480730

1345(1330)
13613760
17881620
32934540

1405(1350)
13826070
18011640
32940660

1425(1410)
14049840
18056670
32940660

1445(1430)
14208240
18100950
33270810

1505(1450)
14352210
18189570
33334320

1525(1510)
14532990
18237480
33983760

1545(1530)
14698740
18287310
33983760

1605(1550)
15004470
18336510
33983760

1625(1610)
15284970
18405090
34746180

1645(1630)
15693270
18540870
35526540

