var base=[{	name : '1位	アイドルと機関銃',
	data : [
[1496892060000,751632],
[1496892660000,1308396],
[1496893260000,2968098],
[1496893860000,11059678],
[1496894460000,11697948],
[1496908860000,11697948],
[1496909460000,11960922],
[1496910060000,12219554],
[1496910660000,12539027],
[1496911260000,12732647],
[1496911860000,12990807],
[1496912460000,13217557],
[1496913060000,13443447],
[1496913660000,13662883],
[1496916060000,29294063],
[1496927460000,30194740],
[1496928060000,31172004],
[1496928660000,32430534],
[1496929260000,33624524],
[1496929860000,34895962],
[1496930460000,36167400],
[1496931060000,38801530],
[1496931660000,59080581],
[1496932260000,74109019],
[1496934060000,111533253],
[1496977260000,111540029],
[1496977860000,111806041],
[1496978460000,112418073],
[1496979060000,113280993],
[1496979660000,114191007],
[1496980260000,114610517],
[1496980860000,114875131],
[1496995260000,114888748],
[1496995860000,115175735],
[1496996460000,115408079],
[1496997060000,115763049],
[1496997660000,116089427],
[1496998260000,116341133],
[1496998860000,116792913],
[1496999460000,117373773],
[1497000060000,117993357],
[1497000660000,118645211],
[1497001260000,121991653],
[1497001860000,137639057],
[1497002460000,138689723],
[1497013260000,138707534],
[1497013860000,139546208],
[1497015060000,164770298],
[1497015660000,168407186],
[1497016260000,181180642],
[1497016860000,191509098],
[1497017460000,192580462],
[1497018060000,203768124],
[1497018660000,213457560],
[1497019260000,219228134],
[1497019860000,233569442],
[1497020460000,235160158],
[1497063660000,235205461],
[1497064260000,236251829],
[1497064860000,237296925],
[1497065460000,238372871],
[1497066060000,239444235],
[1497066660000,240470421],
[1497067260000,241154545],
[1497081660000,241208367],
[1497082260000,242268678],
[1497082860000,243365858],
[1497083460000,244346866],
[1497084060000,245398868],
[1497084660000,246399238],
[1497085260000,247483510],
[1497085860000,248561328],
[1497086460000,249587514],
[1497087060000,250594338],
[1497087660000,252701342],
[1497088260000,270462352],
[1497088860000,272067386],
[1497099660000,272088811],
[1497100260000,273166609],
[1497100860000,274315421],
[1497101460000,275457779],
[1497102060000,276529143],
[1497102660000,286732845],
[1497103260000,296027135],
[1497103860000,297173095],
[1497104460000,305851973],
[1497105060000,316025533],
[1497105660000,322141111],
[1497106260000,334983475],
[1497106860000,336090035],
[1497150060000,336123269],
[1497153660000,337688830],
[1497168060000,337723074],
[1497168660000,338785766],
[1497169260000,339850676],
[1497169860000,340780052],
[1497170460000,341786876],
[1497171060000,342535540],
[1497171660000,343232572],
[1497172260000,343865064],
[1497172860000,344445924],
[1497173460000,344917066],
[1497174060000,346063850],
[1497174660000,368785050],
[1497175260000,385138110],
[1497186060000,385186962],
[1497186660000,391867883],
[1497187260000,416545633],
[1497187860000,439986919],
[1497188460000,463156387],
[1497189060000,486445549],
[1497189660000,509608675],
[1497190260000,532399475],
[1497190860000,557910679],
[1497191460000,583219553],
[1497192060000,609551223],
[1497192660000,636451015],
[1497193260000,652608327],
]},{
	name : '2位	🎀春閣下の巣窟🎀',
	data : [
[1496892060000,1242255],
[1496892660000,1892815],
[1496893260000,2689236],
[1496893860000,3640554],
[1496894460000,4350494],
[1496908860000,4356948],
[1496909460000,4641137],
[1496910060000,5089818],
[1496910660000,5451242],
[1496911260000,5900868],
[1496911860000,6417188],
[1496912460000,6778612],
[1496913060000,7301386],
[1496913660000,7785436],
[1496916060000,30357402],
[1496927460000,31261777],
[1496928060000,32120159],
[1496928660000,33292119],
[1496929260000,47510379],
[1496929860000,48800687],
[1496930460000,49781695],
[1496931060000,50769157],
[1496931660000,51646901],
[1496932260000,53248317],
[1496934060000,74152631],
[1496977260000,74178057],
[1496977860000,74876652],
[1496978460000,75702764],
[1496979060000,77163634],
[1496979660000,94848638],
[1496980260000,96300202],
[1496980860000,97266876],
[1496995260000,97270103],
[1496995860000,97395813],
[1496996460000,97623048],
[1496997060000,97894976],
[1496997660000,98428592],
[1496998260000,99035268],
[1496998860000,99525772],
[1496999460000,100029184],
[1497000060000,100739124],
[1497000660000,102096730],
[1497001260000,113968728],
[1497001860000,115970398],
[1497002460000,116454167],
[1497013260000,116464492],
[1497013860000,117373788],
[1497015060000,119941894],
[1497015660000,138152018],
[1497016260000,139932060],
[1497016860000,140777534],
[1497017460000,141603646],
[1497018060000,142615498],
[1497018660000,144718224],
[1497019260000,162555256],
[1497019860000,164043368],
[1497020460000,164759762],
[1497063660000,164804290],
[1497064260000,165995034],
[1497064860000,167741290],
[1497065460000,184738398],
[1497066060000,186985288],
[1497066660000,202202280],
[1497067260000,204131530],
[1497081660000,204138306],
[1497082260000,204461306],
[1497082860000,204881288],
[1497083460000,205561134],
[1497084060000,213387350],
[1497084660000,214138940],
[1497085260000,214674622],
[1497085860000,215294206],
[1497086460000,215868612],
[1497087060000,216585756],
[1497087660000,222455390],
[1497088260000,224373174],
[1497088860000,224933246],
[1497099660000,224974013],
[1497100260000,225835152],
[1497100860000,226770982],
[1497101460000,228289922],
[1497102060000,242427554],
[1497102660000,243947260],
[1497103260000,244829356],
[1497103860000,258335864],
[1497104460000,259881386],
[1497105060000,261222466],
[1497105660000,275251957],
[1497106260000,277396381],
[1497106860000,278190223],
[1497150060000,278219197],
[1497153660000,279038146],
[1497168060000,279082609],
[1497168660000,280008672],
[1497169260000,281120480],
[1497169860000,282062764],
[1497170460000,283282570],
[1497171060000,284457198],
[1497171660000,286318966],
[1497172260000,304970042],
[1497172860000,306945912],
[1497173460000,307765570],
[1497174060000,308623952],
[1497174660000,319733616],
[1497175260000,327928428],
[1497186060000,328051048],
[1497186660000,354810988],
[1497187260000,379804260],
[1497187860000,401643354],
[1497188460000,423932000],
[1497189060000,445942766],
[1497189660000,463551652],
[1497190260000,485389320],
[1497190860000,506532702],
[1497191460000,529260452],
[1497192060000,554070884],
[1497192660000,581462632],
[1497193260000,602114122],
]},{
	name : '3位	Engage!',
	data : [
[1496892060000,620355],
[1496892660000,1014049],
[1496893260000,1622445],
[1496893860000,7656281],
[1496894460000,14800697],
[1496908860000,14803924],
[1496909460000,15106014],
[1496910060000,15361334],
[1496910660000,15684034],
[1496911260000,16174538],
[1496911860000,16535962],
[1496912460000,16968380],
[1496913060000,17413705],
[1496913660000,17917117],
[1496916060000,30575721],
[1496927460000,31142231],
[1496928060000,31800474],
[1496928660000,32587862],
[1496929260000,33336526],
[1496929860000,34117460],
[1496930460000,34814492],
[1496931060000,35530886],
[1496931660000,36247280],
[1496932260000,36989490],
[1496934060000,73973784],
[1496977260000,73987530],
[1496977860000,74592634],
[1496978460000,75305929],
[1496979060000,76002961],
[1496979660000,76609637],
[1496980260000,80223520],
[1496980860000,94008284],
[1496995260000,94008284],
[1496995860000,94061008],
[1496996460000,94193237],
[1496997060000,94325153],
[1496997660000,94441325],
[1496998260000,94654307],
[1496998860000,94839536],
[1496999460000,95046064],
[1497000060000,95323586],
[1497000660000,95672102],
[1497001260000,96027072],
[1497001860000,103414310],
[1497002460000,111735350],
[1497013260000,111754644],
[1497013860000,112510187],
[1497015060000,114018422],
[1497015660000,114754178],
[1497016260000,115528658],
[1497016860000,116212782],
[1497017460000,116916268],
[1497018060000,117665792],
[1497018660000,119288746],
[1497019260000,142900060],
[1497019860000,154268556],
[1497020460000,163377808],
[1497063660000,163388679],
[1497064260000,163749630],
[1497064860000,164207864],
[1497065460000,164606850],
[1497066060000,164955366],
[1497066660000,168503863],
[1497067260000,172895145],
[1497081660000,172903275],
[1497082260000,173065800],
[1497082860000,173364615],
[1497083460000,173616321],
[1497084060000,173848665],
[1497084660000,174126187],
[1497085260000,174377893],
[1497085860000,174603783],
[1497086460000,174790949],
[1497087060000,174926483],
[1497087660000,175087833],
[1497088260000,179589747],
[1497088860000,185863897],
[1497099660000,185863897],
[1497100260000,186126551],
[1497100860000,186449251],
[1497101460000,186668687],
[1497102060000,186900062],
[1497102660000,187093682],
[1497103260000,187248578],
[1497103860000,187409928],
[1497104460000,193507644],
[1497105060000,199781794],
[1497105660000,209590328],
[1497106260000,216521418],
[1497106860000,222334424],
[1497150060000,222334424],
[1497153660000,223368037],
[1497168060000,223375896],
[1497168660000,223509866],
[1497169260000,223764660],
[1497169860000,224112788],
[1497170460000,224448396],
[1497171060000,224745280],
[1497171660000,224994339],
[1497172260000,225187959],
[1497172860000,225372285],
[1497173460000,225634047],
[1497174060000,235307413],
[1497174660000,242004031],
[1497175260000,247318595],
[1497186060000,247322295],
[1497186660000,247506895],
[1497187260000,253168669],
[1497187860000,261078787],
[1497188460000,261356309],
[1497189060000,261750003],
[1497189660000,262399755],
[1497190260000,277175029],
[1497190860000,286125783],
[1497191460000,294880773],
[1497192060000,309018437],
[1497192660000,322209391],
[1497193260000,333506877],
]},{
	name : '4位	7144プロ',
	data : [
[1496892060000,null],
[1496892660000,null],
[1496893260000,null],
[1496893860000,2762479],
[1496894460000,6505583],
[1496908860000,6508810],
[1496909460000,6581277],
[1496910060000,6653048],
[1496910660000,6736621],
[1496911260000,6864991],
[1496911860000,6987617],
[1496912460000,7137779],
[1496913060000,7241043],
[1496913660000,7370123],
[1496916060000,15579546],
[1496927460000,16110720],
[1496928060000,16659310],
[1496928660000,17169176],
[1496929260000,17808122],
[1496929860000,18873106],
[1496930460000,29382316],
[1496931060000,30443038],
[1496931660000,30862548],
[1496932260000,31249788],
[1496934060000,46393616],
[1496977260000,46400392],
[1496977860000,46532507],
[1496978460000,46599109],
[1496979060000,46692690],
[1496979660000,46841132],
[1496980260000,54680988],
[1496980860000,61403390],
[1496995260000,61406617],
[1496995860000,61440238],
[1496996460000,61517947],
[1496997060000,61668931],
[1496997660000,61782263],
[1496998260000,61830667],
[1496998860000,61888753],
[1496999460000,61972655],
[1497000060000,62069465],
[1497000660000,62159821],
[1497001260000,62256631],
[1497001860000,65912263],
[1497002460000,70428495],
[1497013260000,70435271],
[1497013860000,70562334],
[1497015060000,71068382],
[1497015660000,71365266],
[1497016260000,71680672],
[1497016860000,71964648],
[1497017460000,72209900],
[1497018060000,72397066],
[1497018660000,72603594],
[1497019260000,72751906],
[1497019860000,81128148],
[1497020460000,88520430],
[1497063660000,88520430],
[1497064260000,88600910],
[1497064860000,88736563],
[1497065460000,88922114],
[1497066060000,89160589],
[1497066660000,93599405],
[1497067260000,98408243],
[1497081660000,98411470],
[1497082260000,98492587],
[1497082860000,98631723],
[1497083460000,98793008],
[1497084060000,98971073],
[1497084660000,99151139],
[1497085260000,99397165],
[1497085860000,99500429],
[1497086460000,99610147],
[1497087060000,99765043],
[1497087660000,99771497],
[1497088260000,103199855],
[1497088860000,107907991],
[1497099660000,107907991],
[1497100260000,107975263],
[1497100860000,108201977],
[1497101460000,108372684],
[1497102060000,108605028],
[1497102660000,108824464],
[1497103260000,109069716],
[1497103860000,109385962],
[1497104460000,109747386],
[1497105060000,110218528],
[1497105660000,110689670],
[1497106260000,127500256],
[1497106860000,138520538],
[1497150060000,138534477],
[1497153660000,138982691],
[1497168060000,138994048],
[1497168660000,139099544],
[1497169260000,139270331],
[1497169860000,139585415],
[1497170460000,139837121],
[1497171060000,140192091],
[1497171660000,140670547],
[1497172260000,141161051],
[1497172860000,141380487],
[1497173460000,141670917],
[1497174060000,141832267],
[1497174660000,151987124],
[1497175260000,159652666],
[1497186060000,159678026],
[1497186660000,169852738],
[1497187260000,179716808],
[1497187860000,196953480],
[1497188460000,205701984],
[1497189060000,214905258],
[1497189660000,230179006],
[1497190260000,239887176],
[1497190860000,248048340],
[1497191460000,259868236],
[1497192060000,270579776],
[1497192660000,283975832],
[1497193260000,299249596],
]},{
	name : '5位	新月会',
	data : [
[1496892060000,682116],
[1496892660000,1231566],
[1496893260000,1541358],
[1496893860000,null],
[1496894460000,null],
[1496908860000,null],
[1496909460000,null],
[1496910060000,null],
[1496910660000,null],
[1496911260000,null],
[1496911860000,null],
[1496912460000,null],
[1496913060000,null],
[1496913660000,null],
[1496916060000,9501966],
[1496927460000,9884395],
[1496928060000,10244592],
[1496928660000,11156872],
[1496929260000,27446930],
[1496929860000,28375720],
[1496930460000,29810266],
[1496931060000,48176535],
[1496931660000,49755827],
[1496932260000,50388393],
[1496934060000,79264861],
[1496977260000,79275251],
[1496977860000,79567467],
[1496978460000,79919726],
[1496979060000,80122380],
[1496979660000,80336222],
[1496980260000,80549204],
[1496980860000,80594382],
[1496995260000,80594382],
[1496995860000,80646407],
[1496996460000,80655893],
[1496997060000,80694678],
[1496997660000,80768570],
[1496998260000,80832011],
[1496998860000,80967545],
[1496999460000,81161165],
[1497000060000,81303153],
[1497000660000,81445141],
[1497001260000,81549265],
[1497001860000,81697707],
[1497002460000,81768701],
[1497013260000,81779972],
[1497013860000,81898032],
[1497015060000,82652430],
[1497015660000,90352402],
[1497016260000,91811920],
[1497016860000,91966816],
[1497017460000,92146962],
[1497018060000,92416604],
[1497018660000,92867142],
[1497019260000,107150412],
[1497019860000,108343800],
[1497020460000,108535994],
[1497063660000,108545675],
[1497064260000,108639184],
[1497064860000,108857641],
[1497065460000,109077077],
[1497066060000,109529307],
[1497066660000,110026265],
[1497067260000,110348965],
[1497081660000,110353915],
[1497082260000,110652951],
[1497082860000,110749761],
[1497083460000,110833663],
[1497084060000,110897880],
[1497084660000,110936604],
[1497085260000,111110862],
[1497085860000,111298028],
[1497086460000,111491648],
[1497087060000,111612848],
[1497087660000,118366142],
[1497088260000,119661568],
[1497088860000,119668022],
[1497099660000,119689576],
[1497100260000,120001995],
[1497100860000,120324695],
[1497101460000,120764317],
[1497102060000,128792735],
[1497102660000,130025597],
[1497103260000,130571519],
[1497103860000,140815429],
[1497104460000,142149579],
[1497105060000,142291861],
[1497105660000,142485481],
[1497106260000,142611721],
[1497106860000,142677121],
[1497150060000,142683897],
[1497153660000,143134362],
[1497168060000,143137589],
[1497168660000,143462231],
[1497169260000,143795257],
[1497169860000,143982423],
[1497170460000,144156681],
[1497171060000,144395479],
[1497171660000,144761678],
[1497172260000,145400624],
[1497172860000,145959217],
[1497173460000,146742327],
[1497174060000,158141667],
[1497174660000,167870593],
[1497175260000,175058449],
[1497186060000,175125743],
[1497186660000,175947468],
[1497187260000,176289530],
[1497187860000,178565912],
[1497188460000,202044496],
[1497189060000,215337224],
[1497189660000,228238408],
[1497190260000,247368548],
[1497190860000,260117656],
[1497191460000,271793874],
[1497192060000,285180592],
[1497192660000,291537250],
[1497193260000,295788150],
]},{
	name : '6位	Growing Storm!',
	data : [
[1496892060000,507806],
[1496892660000,858042],
[1496893260000,null],
[1496893860000,null],
[1496894460000,null],
[1496908860000,null],
[1496909460000,null],
[1496910060000,null],
[1496910660000,null],
[1496911260000,null],
[1496911860000,null],
[1496912460000,null],
[1496913060000,null],
[1496913660000,null],
[1496916060000,15867346],
[1496927460000,16025066],
[1496928060000,16308130],
[1496928660000,16579198],
[1496929260000,16772818],
[1496929860000,22707886],
[1496930460000,29813441],
[1496931060000,41944349],
[1496931660000,49348989],
[1496932260000,55945163],
[1496934060000,77525331],
[1496977260000,77528558],
[1496977860000,77620909],
[1496978460000,77783409],
[1496979060000,78051056],
[1496979660000,78315670],
[1496980260000,78548014],
[1496980860000,78732856],
[1496995260000,78732856],
[1496995860000,78774285],
[1496996460000,78813973],
[1496997060000,78890961],
[1496997660000,79053815],
[1496998260000,79215165],
[1496998860000,79395877],
[1496999460000,79486233],
[1497000060000,79615313],
[1497000660000,79686307],
[1497001260000,79801053],
[1497001860000,88327977],
[1497002460000,88673235],
[1497013260000,88673235],
[1497013860000,88788250],
[1497015060000,89384005],
[1497015660000,89613702],
[1497016260000,89955764],
[1497016860000,90323642],
[1497017460000,90606324],
[1497018060000,91197424],
[1497018660000,102255378],
[1497019260000,103090210],
[1497019860000,103264468],
[1497020460000,103380640],
[1497063660000,103380640],
[1497064260000,103484022],
[1497064860000,103743931],
[1497065460000,103894093],
[1497066060000,104094167],
[1497066660000,104326511],
[1497067260000,104455591],
[1497081660000,104455591],
[1497082260000,104505023],
[1497082860000,104586658],
[1497083460000,104659452],
[1497084060000,104765940],
[1497084660000,104843388],
[1497085260000,104940198],
[1497085860000,105012912],
[1497086460000,105019366],
[1497087060000,105135538],
[1497087660000,105200078],
[1497088260000,105316250],
[1497088860000,105445330],
[1497099660000,105451784],
[1497100260000,105601438],
[1497100860000,105795052],
[1497101460000,105975764],
[1497102060000,106143568],
[1497102660000,106274067],
[1497103260000,106467687],
[1497103860000,106629037],
[1497104460000,107033549],
[1497105060000,122200415],
[1497105660000,122866809],
[1497106260000,123099153],
[1497106860000,123325043],
[1497150060000,123331819],
[1497153660000,123429964],
[1497168060000,123436740],
[1497168660000,123595942],
[1497169260000,123772258],
[1497169860000,124025016],
[1497170460000,124231544],
[1497171060000,124367078],
[1497171660000,124627414],
[1497172260000,136386124],
[1497172860000,137334260],
[1497173460000,148770834],
[1497174060000,149586288],
[1497174660000,161010034],
[1497175260000,161989030],
[1497186060000,161999033],
[1497186660000,162406834],
[1497187260000,170879956],
[1497187860000,179851530],
[1497188460000,195825970],
[1497189060000,206247756],
[1497189660000,216183960],
[1497190260000,231779748],
[1497190860000,242631882],
[1497191460000,252579038],
[1497192060000,274803190],
[1497192660000,285579384],
[1497193260000,295369232],
]},{
	name : '7位	中二病でも恋がしたい！',
	data : [
[1496892060000,874111],
[1496892660000,1550913],
[1496893260000,2216535],
[1496893860000,2786207],
[1496894460000,null],
[1496908860000,null],
[1496909460000,null],
[1496910060000,null],
[1496910660000,3884549],
[1496911260000,4129801],
[1496911860000,4363005],
[1496912460000,4947845],
[1496913060000,11466101],
[1496913660000,13156553],
[1496916060000,14595794],
[1496927460000,15090660],
[1496928060000,15707391],
[1496928660000,25936513],
[1496929260000,26931523],
[1496929860000,27344579],
[1496930460000,27654371],
[1496931060000,28164237],
[1496931660000,36359081],
[1496932260000,45759529],
[1496934060000,76651183],
[1496977260000,76652567],
[1496977860000,76866120],
[1496978460000,77068709],
[1496979060000,77462144],
[1496979660000,77705395],
[1496980260000,77924831],
[1496980860000,78215261],
[1496995260000,78223120],
[1496995860000,78305729],
[1496996460000,78424474],
[1496997060000,78591955],
[1496997660000,78781701],
[1496998260000,78826879],
[1496998860000,78949117],
[1496999460000,79040333],
[1497000060000,79169413],
[1497000660000,79292039],
[1497001260000,79414665],
[1497001860000,82937583],
[1497002460000,88867621],
[1497013260000,88875957],
[1497013860000,89131725],
[1497015060000,89765624],
[1497015660000,99308794],
[1497016260000,100584658],
[1497016860000,100926720],
[1497017460000,109516742],
[1497018060000,112000434],
[1497018660000,112513902],
[1497019260000,122107278],
[1497019860000,123516134],
[1497020460000,123645214],
[1497063660000,123648441],
[1497064260000,123823349],
[1497064860000,124234616],
[1497065460000,124514718],
[1497066060000,124663160],
[1497066660000,128280068],
[1497067260000,133467622],
[1497081660000,133468525],
[1497082260000,133548180],
[1497082860000,133590428],
[1497083460000,133743381],
[1497084060000,133995087],
[1497084660000,134227431],
[1497085260000,134401689],
[1497085860000,134569493],
[1497086460000,134717935],
[1497087060000,134906821],
[1497087660000,135132711],
[1497088260000,135313423],
[1497088860000,135475633],
[1497099660000,135481242],
[1497100260000,135834409],
[1497100860000,144128239],
[1497101460000,145692463],
[1497102060000,146002255],
[1497102660000,146241053],
[1497103260000,146826265],
[1497103860000,159322933],
[1497104460000,160576033],
[1497105060000,160659935],
[1497105660000,170209559],
[1497106260000,171993219],
[1497106860000,172367551],
[1497150060000,172370778],
[1497153660000,172830747],
[1497168060000,172833974],
[1497168660000,173121985],
[1497169260000,173552014],
[1497169860000,184168202],
[1497170460000,185683614],
[1497171060000,185941774],
[1497171660000,186238658],
[1497172260000,186496818],
[1497172860000,186696892],
[1497173460000,186846194],
[1497174060000,197462366],
[1497174660000,199075338],
[1497175260000,199281866],
[1497186060000,199285566],
[1497186660000,199816552],
[1497187260000,200216700],
[1497187860000,200827728],
[1497188460000,217313582],
[1497189060000,225469702],
[1497189660000,234274898],
[1497190260000,246525532],
[1497190860000,256656170],
[1497191460000,265500090],
[1497192060000,280793184],
[1497192660000,284756300],
[1497193260000,291537982],
]},{
	name : '8位	Starlight*',
	data : [
[1496892060000,716894],
[1496892660000,1232202],
[1496893260000,1845073],
[1496893860000,8048937],
[1496894460000,14048590],
[1496908860000,14051817],
[1496909460000,14113722],
[1496910060000,14265764],
[1496910660000,14459211],
[1496911260000,14672193],
[1496911860000,14852905],
[1496912460000,15130427],
[1496913060000,15285323],
[1496913660000,15525841],
[1496916060000,24315894],
[1496927460000,24655452],
[1496928060000,25229858],
[1496928660000,25475110],
[1496929260000,25875258],
[1496929860000,26107602],
[1496930460000,26314130],
[1496931060000,26617468],
[1496931660000,36289718],
[1496932260000,46067424],
[1496934060000,76548610],
[1496977260000,76555386],
[1496977860000,76632541],
[1496978460000,76804781],
[1496979060000,77029637],
[1496979660000,77158717],
[1496980260000,82156529],
[1496980860000,86234613],
[1496995260000,86234613],
[1496995860000,86319087],
[1496996460000,86386782],
[1496997060000,86483263],
[1496997660000,86599435],
[1496998260000,86745230],
[1496998860000,86874310],
[1496999460000,86919488],
[1497000060000,86983963],
[1497000660000,87106589],
[1497001260000,87171129],
[1497001860000,87229215],
[1497002460000,87267939],
[1497013260000,87274715],
[1497013860000,87583872],
[1497015060000,88287358],
[1497015660000,88442254],
[1497016260000,88702134],
[1497016860000,89342580],
[1497017460000,99706264],
[1497018060000,100830850],
[1497018660000,100979292],
[1497019260000,101076102],
[1497019860000,101172912],
[1497020460000,101198728],
[1497063660000,101218777],
[1497064260000,106440969],
[1497064860000,115233257],
[1497065460000,128576255],
[1497066060000,138922035],
[1497066660000,149298627],
[1497067260000,157838443],
[1497081660000,157838443],
[1497082260000,157887423],
[1497082860000,157988738],
[1497083460000,158134975],
[1497084060000,158289225],
[1497084660000,158379581],
[1497085260000,158463483],
[1497085860000,158502207],
[1497086460000,158502207],
[1497087060000,158519953],
[1497087660000,158589519],
[1497088260000,158649472],
[1497088860000,158690000],
[1497099660000,158696454],
[1497100260000,158911607],
[1497100860000,159265349],
[1497101460000,159681632],
[1497102060000,160004332],
[1497102660000,160365756],
[1497103260000,160643278],
[1497103860000,160875622],
[1497104460000,161062788],
[1497105060000,161166052],
[1497105660000,167856168],
[1497106260000,169040266],
[1497106860000,169555160],
[1497150060000,169555160],
[1497153660000,169680612],
[1497168060000,169680612],
[1497168660000,169726170],
[1497169260000,170155793],
[1497169860000,170507018],
[1497170460000,170771632],
[1497171060000,170894258],
[1497171660000,171378308],
[1497172260000,171849450],
[1497172860000,172372224],
[1497173460000,172862728],
[1497174060000,173609290],
[1497174660000,188201660],
[1497175260000,189533450],
[1497186060000,189573782],
[1497186660000,190558963],
[1497187260000,191359259],
[1497187860000,191830401],
[1497188460000,193054633],
[1497189060000,209579179],
[1497189660000,220753305],
[1497190260000,231076137],
[1497190860000,247492327],
[1497191460000,256967419],
[1497192060000,264148805],
[1497192660000,276141253],
[1497193260000,285591173],
]},{
	name : '9位	Dreaming()ｽﾍﾞﾗｳ合同',
	data : [
[1496892060000,612052],
[1496892660000,1010208],
[1496893260000,9913968],
[1496893860000,11371604],
[1496894460000,11674803],
[1496908860000,11678030],
[1496909460000,11959469],
[1496910060000,12180454],
[1496910660000,12406344],
[1496911260000,12619326],
[1496911860000,12793584],
[1496912460000,12871032],
[1496913060000,12935572],
[1496913660000,13109829],
[1496916060000,23828045],
[1496927460000,24107934],
[1496928060000,24481749],
[1496928660000,24933529],
[1496929260000,25353039],
[1496929860000,25682193],
[1496930460000,25925702],
[1496931060000,26087052],
[1496931660000,26435568],
[1496932260000,26931850],
[1496934060000,50803500],
[1496977260000,50810276],
[1496977860000,50999425],
[1496978460000,51268747],
[1496979060000,51607957],
[1496979660000,59705959],
[1496980260000,60669855],
[1496980860000,60818297],
[1496995260000,60828300],
[1496995860000,60973435],
[1496996460000,61198415],
[1496997060000,61429661],
[1496997660000,61636189],
[1496998260000,61971797],
[1496998860000,62217049],
[1496999460000,62499024],
[1497000060000,62892718],
[1497000660000,63376768],
[1497001260000,63715978],
[1497001860000,73372532],
[1497002460000,74150688],
[1497013260000,74153915],
[1497013860000,74366490],
[1497015060000,75056422],
[1497015660000,75411392],
[1497016260000,75746612],
[1497016860000,76037042],
[1497017460000,76308110],
[1497018060000,76615050],
[1497018660000,85420198],
[1497019260000,87017426],
[1497019860000,97620674],
[1497020460000,99326210],
[1497063660000,99336535],
[1497064260000,99898203],
[1497064860000,101048296],
[1497065460000,117079348],
[1497066060000,119315596],
[1497066660000,143368756],
[1497067260000,145017632],
[1497081660000,145024408],
[1497082260000,145136694],
[1497082860000,145329143],
[1497083460000,145561487],
[1497084060000,145780923],
[1497084660000,146000359],
[1497085260000,146090715],
[1497085860000,146290789],
[1497086460000,146465047],
[1497087060000,146716753],
[1497087660000,147172901],
[1497088260000,151849823],
[1497088860000,152519687],
[1497099660000,152526141],
[1497100260000,152712186],
[1497100860000,153022487],
[1497101460000,153300009],
[1497102060000,153577531],
[1497102660000,153893777],
[1497103260000,154403062],
[1497103860000,154996830],
[1497104460000,155519604],
[1497105060000,156003654],
[1497105660000,156636896],
[1497106260000,167435940],
[1497106860000,169552430],
[1497150060000,169562820],
[1497153660000,169886976],
[1497168060000,169893752],
[1497168660000,170055276],
[1497169260000,170280448],
[1497169860000,170480522],
[1497170460000,170596694],
[1497171060000,170750170],
[1497171660000,170905066],
[1497172260000,170982514],
[1497172860000,171123076],
[1497173460000,177188522],
[1497174060000,178792220],
[1497174660000,185797938],
[1497175260000,187256030],
[1497186060000,187266420],
[1497186660000,187687648],
[1497187260000,188102380],
[1497187860000,188448044],
[1497188460000,204668438],
[1497189060000,215695548],
[1497189660000,225377918],
[1497190260000,240594910],
[1497190860000,243511110],
[1497191460000,261624940],
[1497192060000,263336898],
[1497192660000,282530200],
[1497193260000,284902584],
]},{
	name : '10位	H@PPYPIECE',
	data : [
[1496892060000,511904],
[1496892660000,1243582],
[1496893260000,6148602],
[1496893860000,6380946],
[1496894460000,6574860],
[1496908860000,6574860],
[1496909460000,6634079],
[1496910060000,6791966],
[1496910660000,6972226],
[1496911260000,7197793],
[1496911860000,7452079],
[1496912460000,7568486],
[1496913060000,15842938],
[1496913660000,17296878],
[1496916060000,26119338],
[1496927460000,26241782],
[1496928060000,26329226],
[1496928660000,26500619],
[1496929260000,26692944],
[1496929860000,26922832],
[1496930460000,27165930],
[1496931060000,27457220],
[1496931660000,27573392],
[1496932260000,27799282],
[1496934060000,28316462],
[1496977260000,28320119],
[1496977860000,28386192],
[1496978460000,28453691],
[1496979060000,28516373],
[1496979660000,28585623],
[1496980260000,28678559],
[1496980860000,28737505],
[1496995260000,28743959],
[1496995860000,28890412],
[1496996460000,28944324],
[1496997060000,29060173],
[1496997660000,29190113],
[1496998260000,29286923],
[1496998860000,29362563],
[1496999460000,29439752],
[1497000060000,29465374],
[1497000660000,29674078],
[1497001260000,36616698],
[1497001860000,37123052],
[1497002460000,37355396],
[1497013260000,37362172],
[1497013860000,37389303],
[1497015060000,37577742],
[1497015660000,37722180],
[1497016260000,37954524],
[1497016860000,38316698],
[1497017460000,49323268],
[1497018060000,50025418],
[1497018660000,50685520],
[1497019260000,61800134],
[1497019860000,62693052],
[1497020460000,62867310],
[1497063660000,62874086],
[1497064260000,62928938],
[1497064860000,62993020],
[1497065460000,63060395],
[1497066060000,65755018],
[1497066660000,69391272],
[1497067260000,69488082],
[1497081660000,69494858],
[1497082260000,69564440],
[1497082860000,69599224],
[1497083460000,69641235],
[1497084060000,69676471],
[1497084660000,69733521],
[1497085260000,69770114],
[1497085860000,69821746],
[1497086460000,69892740],
[1497087060000,69963734],
[1497087660000,70073452],
[1497088260000,70144402],
[1497088860000,70190440],
[1497099660000,70200933],
[1497100260000,70412151],
[1497100860000,70689156],
[1497101460000,71122130],
[1497102060000,85343178],
[1497102660000,87460528],
[1497103260000,101857166],
[1497103860000,103267904],
[1497104460000,118289260],
[1497105060000,120149676],
[1497105660000,134356956],
[1497106260000,134869292],
[1497106860000,135147674],
[1497150060000,135154450],
[1497153660000,135319680],
[1497168060000,135322907],
[1497168660000,135472319],
[1497169260000,135645225],
[1497169860000,135821184],
[1497170460000,135936537],
[1497171060000,136139191],
[1497171660000,136320763],
[1497172260000,136452423],
[1497172860000,136542779],
[1497173460000,136704129],
[1497174060000,137177851],
[1497174660000,137323279],
[1497175260000,137374911],
[1497186060000,137392463],
[1497186660000,137883460],
[1497187260000,152694577],
[1497187860000,168143801],
[1497188460000,192266497],
[1497189060000,203902157],
[1497189660000,210886305],
[1497190260000,221511751],
[1497190860000,231019001],
[1497191460000,247709877],
[1497192060000,261955131],
[1497192660000,274444563],
[1497193260000,284787385],
]},{
	name : '11位	プロジェクトイオリー',
	data : [
[1496892060000,395895],
[1496892660000,1078777],
[1496893260000,7394815],
[1496893860000,8109107],
[1496894460000,8334997],
[1496908860000,8334997],
[1496909460000,8394142],
[1496910060000,8426731],
[1496910660000,8519273],
[1496911260000,8611884],
[1496911860000,8747418],
[1496912460000,8908768],
[1496913060000,9076572],
[1496913660000,9236308],
[1496916060000,19618252],
[1496927460000,19841344],
[1496928060000,20258101],
[1496928660000,20690519],
[1496929260000,21005474],
[1496929860000,21457254],
[1496930460000,22123528],
[1496931060000,29703694],
[1496931660000,30546228],
[1496932260000,31190952],
[1496934060000,41138158],
[1496977260000,41141858],
[1496977860000,41298415],
[1496978460000,41596086],
[1496979060000,42654050],
[1496979660000,53459564],
[1496980260000,54291748],
[1496980860000,54762324],
[1496995260000,54767442],
[1496995860000,54796072],
[1496996460000,54825424],
[1496997060000,54851967],
[1496997660000,54885007],
[1496998260000,54988187],
[1496998860000,55097905],
[1496999460000,55381881],
[1497000060000,55678765],
[1497000660000,56656995],
[1497001260000,63978251],
[1497001860000,64959333],
[1497002460000,65422595],
[1497013260000,65422595],
[1497013860000,65522911],
[1497015060000,65848841],
[1497015660000,66223173],
[1497016260000,66649137],
[1497016860000,67141817],
[1497017460000,79088819],
[1497018060000,79966071],
[1497018660000,80414433],
[1497019260000,88947763],
[1497019860000,89708093],
[1497020460000,90109961],
[1497063660000,90113188],
[1497064260000,90337587],
[1497064860000,90608203],
[1497065460000,91050677],
[1497066060000,97425223],
[1497066660000,98515363],
[1497067260000,98794605],
[1497081660000,98807268],
[1497082260000,98960393],
[1497082860000,99211969],
[1497083460000,99444313],
[1497084060000,99658155],
[1497084660000,99864683],
[1497085260000,100135751],
[1497085860000,100393911],
[1497086460000,100698109],
[1497087060000,101265385],
[1497087660000,111755329],
[1497088260000,112837589],
[1497088860000,113166743],
[1497099660000,113167173],
[1497100260000,113219581],
[1497100860000,113485323],
[1497101460000,113749937],
[1497102060000,113950011],
[1497102660000,114266257],
[1497103260000,114774614],
[1497103860000,126968620],
[1497104460000,127878708],
[1497105060000,129178978],
[1497105660000,149382072],
[1497106260000,151262542],
[1497106860000,151824040],
[1497150060000,151827267],
[1497153660000,152295805],
[1497168060000,152305486],
[1497168660000,152699176],
[1497169260000,153120406],
[1497169860000,153594546],
[1497170460000,154078162],
[1497171060000,154537256],
[1497171660000,154972636],
[1497172260000,163632290],
[1497172860000,164272736],
[1497173460000,170098618],
[1497174060000,171745318],
[1497174660000,178940346],
[1497175260000,179856888],
[1497186060000,179863664],
[1497186660000,180078895],
[1497187260000,187937349],
[1497187860000,190044627],
[1497188460000,200715499],
[1497189060000,202176537],
[1497189660000,216251135],
[1497190260000,218186057],
[1497190860000,234221658],
[1497191460000,236561760],
[1497192060000,252035830],
[1497192660000,264048636],
[1497193260000,271586476],
]},{
	name : '12位	KisS',
	data : [
[1496892060000,736892],
[1496892660000,1311298],
[1496893260000,1672722],
[1496893860000,null],
[1496894460000,null],
[1496908860000,null],
[1496909460000,null],
[1496910060000,null],
[1496910660000,null],
[1496911260000,null],
[1496911860000,null],
[1496912460000,null],
[1496913060000,null],
[1496913660000,null],
[1496916060000,null],
[1496927460000,null],
[1496928060000,null],
[1496928660000,null],
[1496929260000,null],
[1496929860000,null],
[1496930460000,null],
[1496931060000,11623696],
[1496931660000,12100178],
[1496932260000,12326068],
[1496934060000,20763422],
[1496977260000,20777490],
[1496977860000,21131663],
[1496978460000,21577805],
[1496979060000,21926321],
[1496979660000,21977953],
[1496980260000,22165119],
[1496980860000,22242567],
[1496995260000,22242567],
[1496995860000,22296286],
[1496996460000,22344234],
[1496997060000,22457815],
[1496997660000,22487309],
[1496998260000,22532487],
[1496998860000,22777739],
[1496999460000,22777739],
[1497000060000,22777739],
[1497000660000,22780966],
[1497001260000,22794389],
[1497001860000,22805617],
[1497002460000,22824074],
[1497013260000,22845434],
[1497013860000,23145450],
[1497015060000,23957966],
[1497015660000,30363110],
[1497016260000,30768580],
[1497016860000,31329402],
[1497017460000,37072808],
[1497018060000,37419898],
[1497018660000,38011564],
[1497019260000,44903946],
[1497019860000,45403080],
[1497020460000,45667694],
[1497063660000,45685505],
[1497064260000,45992848],
[1497064860000,46334910],
[1497065460000,46618886],
[1497066060000,46851230],
[1497066660000,47225562],
[1497067260000,47498350],
[1497081660000,47498350],
[1497082260000,47599472],
[1497082860000,47788370],
[1497083460000,47943266],
[1497084060000,47949720],
[1497084660000,47962628],
[1497085260000,47975536],
[1497085860000,47988444],
[1497086460000,48001352],
[1497087060000,48040076],
[1497087660000,48098162],
[1497088260000,48265966],
[1497088860000,48459586],
[1497099660000,48466362],
[1497100260000,48811952],
[1497100860000,49179830],
[1497101460000,49543430],
[1497102060000,55556822],
[1497102660000,55889578],
[1497103260000,56209426],
[1497103860000,62520906],
[1497104460000,63309810],
[1497105060000,63915810],
[1497105660000,69544048],
[1497106260000,70175864],
[1497106860000,70446932],
[1497150060000,70446932],
[1497153660000,70573726],
[1497168060000,70573726],
[1497168660000,70576953],
[1497169260000,70594764],
[1497169860000,70613220],
[1497170460000,70647938],
[1497171060000,70685625],
[1497171660000,70856063],
[1497172260000,74453641],
[1497172860000,74731913],
[1497173460000,74757729],
[1497174060000,74784405],
[1497174660000,76122707],
[1497175260000,78092165],
[1497186060000,78123722],
[1497186660000,79788406],
[1497187260000,80293808],
[1497187860000,83133954],
[1497188460000,83795188],
[1497189060000,88528818],
[1497189660000,89303372],
[1497190260000,98966396],
[1497190860000,99671382],
[1497191460000,107055832],
[1497192060000,111227842],
[1497192660000,118057142],
[1497193260000,121787354],
]}]