201405312029(201405312029)
4,170,306
10,617,447
37,165,426
4,609,626

201405312030(201405312030)
4,170,306
10,617,447
37,165,426
4,616,472

201405312031(201405312031)
4,170,653
10,617,447
37,165,426
4,616,472

201405312032(201405312032)
4,186,598
10,625,110
37,165,426
4,616,472

201405312039(201405312039)
4,209,905
10,677,580
37,165,426
4,665,746

201405312040(201405312040)
4,212,308
10,677,580
37,165,426
4,670,477

201405312041(201405312041)
4,212,598
10,677,580
37,165,426
4,677,862

201405312042(201405312042)
4,220,612
10,677,580
37,165,426
4,681,499

201405312049(201405312049)
4,251,997
10,751,809
37,288,889
4,712,940
5,211,941

201405312049(201405312049)
4,251,997
10,751,809
37,288,889
4,712,940
5,211,941

201405312050(201405312050)
4,251,997
10,751,809
37,288,889
4,716,795
5,217,772

201405312051(201405312051)
4,267,361
10,751,809
37,359,635
4,718,661
5,219,162

201405312052(201405312052)
4,276,148
10,754,939
37,359,635
4,730,067
5,219,162

201405312059(201405312059)
4,302,907
10,848,481
37,359,635
4,743,448
5,238,946

201405312100(201405312100)
4,302,907
10,850,949
37,359,635
4,747,349
5,238,946

201405312101(201405312101)
4,302,907
10,858,830
37,359,635
4,747,349
5,238,946

201405312102(201405312102)
4,304,682
10,870,568
37,359,635
4,747,349
5,238,946

201405312109(201405312109)
4,341,826
10,950,640
37,634,510
4,760,744
5,283,963

201405312110(201405312110)
4,342,618
10,972,769
37,662,612
4,777,348
5,289,981

201405312111(201405312111)
4,342,958
10,983,937
37,662,612
4,777,348
5,289,981

201405312112(201405312112)
4,343,162
10,983,937
37,662,612
4,777,348
5,294,954

201405312119(201405312119)
4,361,075
10,998,518
37,790,111
4,791,731
5,335,919

201405312120(201405312120)
4,361,075
10,998,518
37,790,111
4,791,731
5,335,919

201405312121(201405312121)
4,362,827
10,998,518
37,821,985
4,791,731
5,335,919

201405312122(201405312122)
4,362,827
10,998,518
37,823,321
4,792,639
5,358,653

201405312129(201405312129)
4,397,357
11,127,849
38,089,758
4,816,161
5,382,338

201405312130(201405312130)
4,408,237
11,131,219
38,090,098
4,816,161
5,382,338

201405312131(201405312131)
4,408,237
11,131,219
38,091,366
4,816,161
5,393,456

201405312132(201405312132)
4,408,581
11,131,219
38,092,498
4,826,048
5,398,922

201405312139(201405312139)
4,429,588
11,141,792
38,728,830
4,848,104
5,428,995

201405312140(201405312140)
4,429,588
11,141,792
38,741,264
4,849,032
5,433,822

201405312141(201405312141)
4,433,028
11,141,792
38,868,283
4,857,365
5,433,822

201405312142(201405312142)
4,433,028
11,141,792
38,868,283
4,857,365
5,448,876

201405312149(201405312149)
4,477,715
11,228,832
39,015,841
4,887,484
5,460,329

201405312150(201405312150)
4,484,887
11,228,832
39,070,465
4,907,422
5,460,329

201405312151(201405312151)
4,486,595
11,232,235
39,071,529
4,916,566
5,474,633

201405312152(201405312152)
4,489,161
11,232,235
39,071,665
4,921,238
5,475,116

201405312159(201405312159)
4,537,897
11,298,226
40,057,472
4,955,275
5,510,437

201405312200(201405312200)
4,543,042
11,328,419
40,058,808
4,978,126
5,510,437

201405312201(201405312201)
4,573,822
11,328,419
40,060,008
4,978,913
5,514,228

201405312202(201405312202)
4,573,822
11,328,419
40,062,960
4,980,571
5,529,786

201405312209(201405312209)
4,595,562
11,477,776
40,341,801
5,032,544
5,562,676

201405312210(201405312210)
4,597,583
11,477,953
40,435,994
5,035,623
5,568,479

201405312211(201405312211)
4,613,317
11,477,953
40,435,994
5,035,623
5,569,271

201405312212(201405312212)
4,613,317
11,487,867
40,524,307
5,037,903
5,578,806

201405312219(201405312219)
4,633,863
11,518,529
40,860,331
5,095,021
5,685,735

201405312220(201405312220)
4,639,464
11,518,665
40,897,927
5,095,021
5,702,912

201405312221(201405312221)
4,642,742
11,518,665
41,236,483
5,095,021
5,709,812

201405312222(201405312222)
4,646,986
11,518,665
41,236,483
5,115,340
5,722,581

201405312229(201405312229)
4,670,369
11,675,031
41,329,980
5,119,775
5,743,671

201405312230(201405312230)
4,679,230
11,690,517
41,329,980
5,119,775
5,743,671

201405312231(201405312231)
4,683,462
11,690,653
41,329,980
5,127,542
5,743,671

201405312232(201405312232)
4,694,665
11,690,653
41,329,980
5,137,256
5,752,081

201405312239(201405312239)
4,714,836
11,784,012
41,469,759
5,179,824
5,809,489

201405312240(201405312240)
4,716,795
11,788,028
42,165,295
5,180,028
5,817,919

201405312241(201405312241)
4,718,661
11,802,667
42,198,385
5,181,160
5,817,919

201405312242(201405312242)
4,720,403
11,802,667
42,323,203
5,181,296
5,820,009

201405312249(201405312249)
4,727,457
11,839,292
42,544,924
5,239,776
5,883,867

201405312250(201405312250)
4,739,212
11,880,345
42,544,924
5,239,776
5,889,051

201405312251(201405312251)
4,750,237
11,955,215
42,544,924
5,239,776
5,889,422

201405312252(201405312252)
4,750,237
11,979,659
42,544,924
5,276,404
5,893,514

201405312259(201405312259)
4,773,684
12,034,817
42,563,720
5,329,580
5,958,589

201405312300(201405312300)
4,777,102
12,034,817
42,866,777
5,345,358
5,958,589

201405312301(201405312301)
4,777,348
12,034,817
42,883,847
5,345,358
5,985,457

201405312302(201405312302)
4,777,348
12,086,074
42,883,847
5,345,358
5,985,457

201405312309(201405312309)
4,785,288
12,182,398
42,960,931
5,358,923
6,000,299

201405312310(201405312310)
4,785,288
12,193,438
42,960,931
5,361,002
6,000,299

201405312311(201405312311)
4,792,859
12,207,763
42,969,887
5,364,314
6,010,954

201405312312(201405312312)
4,792,859
12,207,763
42,969,887
5,364,314
6,012,761

201405312319(201405312319)
4,857,365
12,250,940
42,969,887
5,397,807
6,030,131

201405312320(201405312320)
4,872,052
12,336,625
42,969,887
5,397,807
6,048,962

201405312321(201405312321)
4,874,146
12,377,404
42,969,887
5,407,100
6,074,697

201405312322(201405312322)
4,880,598
12,377,404
42,969,887
5,407,100
6,074,697

201405312329(201405312329)
4,887,484
12,469,725
42,969,887
5,428,577
6,133,184

201405312330(201405312330)
4,892,620
12,469,725
43,036,530
5,428,995
6,133,184

201405312331(201405312331)
4,897,228
12,469,725
43,103,858
5,428,995
6,133,184

201405312332(201405312332)
4,897,228
12,519,560
43,103,858
5,428,995
6,133,184

201405312339(201405312339)
4,923,447
12,519,560
43,384,025
5,434,075
6,165,535

201405312340(201405312340)
4,933,165
12,519,560
43,384,025
5,437,723
6,170,316

201405312341(201405312341)
4,933,165
12,519,560
43,384,025
5,443,626
6,170,316

201405312342(201405312342)
4,934,675
12,519,560
43,384,025
5,450,997
6,170,316

201405312349(201405312349)
4,952,992
12,556,601
43,806,864
5,475,116
6,203,039

201405312350(201405312350)
4,952,992
12,575,210
43,806,864
5,475,116
6,203,039

201405312351(201405312351)
4,962,080
12,575,210
43,806,864
5,509,686
6,203,039

201405312352(201405312352)
4,965,364
12,575,210
43,806,864
5,509,686
6,213,580

201405312359(201405312359)
4,978,913
12,596,217
43,877,623
5,527,719
6,262,108

201406010000(201406010000)
4,978,913
12,596,217
44,027,269
5,527,719
6,263,251

201406010001(201406010001)
4,978,913
12,610,167
44,027,269
5,529,786
6,263,251

201406010002(201406010002)
4,978,913
12,710,709
44,027,269
5,529,786
6,263,251

201406010009(201406010009)
4,982,119
12,710,709
44,161,464
5,532,714
6,268,572

201406010010(201406010010)
4,986,539
12,710,709
44,161,464
5,532,714
6,269,251

201406010011(201406010011)
4,986,539
12,710,709
44,161,464
5,537,799
6,269,251

201406010012(201406010012)
4,991,210
12,710,709
44,161,464
5,537,799
6,269,295

201406010019(201406010019)
4,991,210
12,721,816
44,162,256
5,537,799
6,284,039

201406010020(201406010020)
4,999,338
12,721,816
44,162,256
5,537,799
6,286,840

201406010021(201406010021)
5,010,555
12,807,031
44,162,256
5,572,714
6,288,022

201406010022(201406010022)
5,024,992
12,840,014
44,162,256
5,572,714
6,293,502

201406010029(201406010029)
5,029,660
12,893,236
44,196,569
5,595,858
6,318,206

201406010030(201406010030)
5,029,660
12,925,680
44,196,569
5,598,331
6,326,931

201406010031(201406010031)
5,033,075
12,925,680
44,196,569
5,598,331
6,348,041

201406010032(201406010032)
5,034,103
12,925,680
44,196,569
5,602,183
6,348,041

201406010039(201406010039)
5,058,677
12,941,873
44,445,382
5,662,644
6,398,283

201406010040(201406010040)
5,072,510
12,961,203
44,446,174
5,666,592
6,400,491

201406010041(201406010041)
5,072,510
12,973,097
44,446,310
5,692,477
6,429,500

201406010042(201406010042)
5,081,998
12,973,097
44,447,238
5,693,399
6,444,166

201406010049(201406010049)
5,124,439
13,012,488
44,660,834
5,734,154
6,468,677

201406010050(201406010050)
5,125,367
13,016,808
44,660,834
5,734,154
6,468,677

201406010051(201406010051)
5,126,873
13,016,808
44,660,834
5,734,154
6,478,243

201406010052(201406010052)
5,148,340
13,016,808
44,995,969
5,738,255
6,484,993

201406010059(201406010059)
5,219,162
13,037,245
45,304,763
5,821,791
6,533,504

201406010100(201406010100)
5,226,875
13,037,245
45,323,319
5,821,791
6,542,255

201406010101(201406010101)
5,255,897
13,040,073
45,391,699
5,821,791
6,552,022

201406010102(201406010102)
5,259,309
13,040,073
45,391,699
5,836,036
6,575,363

201406010109(201406010109)
5,291,762
13,290,145
45,617,291
5,922,538
6,658,593

201406010110(201406010110)
5,292,972
13,308,780
45,617,291
5,928,714
6,689,830

201406010111(201406010111)
5,292,972
13,355,145
45,617,291
5,931,861
6,715,112

201406010112(201406010112)
5,292,972
13,382,538
45,774,035
5,931,861
6,731,140

201406010119(201406010119)
5,345,617
13,462,047
45,774,035
6,012,253
6,776,245

201406010120(201406010120)
5,354,676
13,462,047
45,774,035
6,012,253
6,792,294

201406010121(201406010121)
5,354,676
13,462,047
45,774,035
6,017,330
6,793,540

201406010122(201406010122)
5,365,951
13,462,047
45,932,000
6,019,827
6,795,222

201406010129(201406010129)
5,434,075
13,605,771
46,007,501
6,088,228
6,854,648

201406010130(201406010130)
5,455,504
13,625,708
46,007,501
6,091,668
6,854,648

201406010131(201406010131)
5,465,370
13,726,324
46,007,501
6,094,831
6,864,309

201406010132(201406010132)
5,465,370
13,738,907
46,007,501
6,094,831
6,864,309

201406010139(201406010139)
5,523,551
13,895,578
46,042,219
6,176,986
6,892,016

201406010140(201406010140)
5,532,714
13,938,968
46,061,507
6,182,837
6,912,813

201406010141(201406010141)
5,550,101
13,938,968
46,166,017
6,199,826
6,912,813

201406010142(201406010142)
5,550,161
13,938,968
46,166,017
6,219,569
6,912,813

201406010149(201406010149)
5,617,337
14,129,019
46,535,527
6,340,659
7,062,017

201406010150(201406010150)
5,656,736
14,154,240
46,535,527
6,347,824
7,074,155

201406010151(201406010151)
5,656,736
14,154,240
46,535,527
6,350,780
7,085,289

201406010152(201406010152)
5,656,736
14,154,240
46,679,284
6,350,780
7,093,234

201406010159(201406010159)
5,723,338
14,291,198
47,036,122
6,419,492
7,151,388

201406010200(201406010200)
5,723,338
14,291,198
47,036,122
6,419,492
7,158,645

201406010201(201406010201)
5,729,726
14,321,531
47,036,122
6,419,492
7,158,645

201406010202(201406010202)
5,738,255
14,321,531
47,036,122
6,433,349
7,158,645

201406010209(201406010209)
5,780,292
14,456,031
47,289,322
6,497,222
7,195,998

201406010210(201406010210)
5,811,093
14,500,147
47,289,322
6,497,222
7,195,998

201406010211(201406010211)
5,838,559
14,500,147
47,289,322
6,497,222
7,228,784

201406010212(201406010212)
5,840,343
14,500,147
47,289,322
6,526,001
7,228,784

201406010219(201406010219)
5,923,411
14,702,352
47,585,564
6,569,923
7,285,189

201406010220(201406010220)
5,923,411
14,715,301
47,585,564
6,588,008
7,290,615

201406010221(201406010221)
5,931,861
14,738,061
47,585,564
6,588,008
7,290,615

201406010222(201406010222)
5,945,171
14,738,061
47,585,564
6,589,002
7,299,152

201406010229(201406010229)
5,977,110
14,973,470
47,585,564
6,666,018
7,342,100

201406010230(201406010230)
5,983,060
14,973,470
47,585,564
6,676,299
7,349,202

201406010231(201406010231)
5,986,719
14,973,470
47,585,564
6,676,299
7,349,202

201406010232(201406010232)
5,993,054
14,973,470
47,585,564
6,679,620
7,349,202

201406010239(201406010239)
6,098,091
15,088,342
47,872,335
6,728,193
7,430,350

201406010240(201406010240)
6,098,091
15,088,342
47,872,335
6,754,500
7,439,444

201406010241(201406010241)
6,098,091
15,088,342
47,872,335
6,754,500
7,452,138

201406010242(201406010242)
6,098,091
15,088,342
47,872,335
6,756,744
7,452,138

201406010249(201406010249)
6,141,884
15,275,731
48,343,502
6,812,509
7,482,517

201406010250(201406010250)
6,141,884
15,275,731
48,343,502
6,812,509
7,490,975

201406010251(201406010251)
6,144,878
15,275,731
48,343,502
6,821,188
7,508,141

201406010252(201406010252)
6,144,917
15,295,945
48,343,502
6,825,507
7,558,479

201406010259(201406010259)
6,176,986
15,382,722
48,343,638
6,867,803
7,648,090

201406010300(201406010300)
6,176,986
15,404,640
48,343,638
6,869,936
7,648,090

201406010301(201406010301)
6,176,986
15,404,640
48,343,638
6,869,936
7,648,090

201406010302(201406010302)
6,186,000
15,404,640
48,343,638
6,883,656
7,648,090

201406010309(201406010309)
6,240,735
15,418,804
48,675,177
6,912,813
7,661,147

201406010310(201406010310)
6,245,455
15,418,804
48,675,177
6,912,813
7,667,035

201406010311(201406010311)
6,245,455
15,418,804
48,675,177
6,912,813
7,667,035

201406010312(201406010312)
6,254,400
15,495,828
48,675,177
6,925,198
7,667,035

201406010319(201406010319)
6,264,974
15,544,801
48,808,080
6,947,740
7,701,032

201406010320(201406010320)
6,264,974
15,558,022
48,808,080
6,947,740
7,701,032

201406010321(201406010321)
6,264,974
15,558,022
48,808,080
6,952,471
7,706,594

201406010322(201406010322)
6,286,992
15,566,151
48,808,080
6,952,471
7,706,594

201406010329(201406010329)
6,329,281
15,566,491
48,865,861
6,985,754
7,787,012

201406010330(201406010330)
6,331,799
15,566,491
48,865,861
6,985,754
7,787,012

201406010331(201406010331)
6,350,780
15,566,491
48,865,861
6,985,754
7,787,012

201406010332(201406010332)
6,350,780
15,566,491
48,865,861
6,985,754
7,787,012

201406010339(201406010339)
6,368,463
15,571,593
48,865,861
7,023,110
7,807,260

201406010340(201406010340)
6,368,463
15,571,593
48,865,861
7,029,202
7,807,260

201406010341(201406010341)
6,368,463
15,571,593
48,865,861
7,030,905
7,807,260

201406010342(201406010342)
6,368,463
15,595,035
48,865,861
7,030,905
7,807,260

201406010349(201406010349)
6,383,746
15,671,028
48,865,861
7,047,853
7,809,602

201406010350(201406010350)
6,383,746
15,671,028
48,865,861
7,074,155
7,809,602

201406010351(201406010351)
6,383,746
15,699,716
48,865,861
7,077,465
7,825,356

201406010352(201406010352)
6,393,647
15,699,716
48,873,993
7,077,465
7,829,207

201406010359(201406010359)
6,421,020
15,765,239
48,873,993
7,085,023
7,856,579

201406010400(201406010400)
6,421,020
15,765,239
48,873,993
7,085,023
7,856,579

201406010401(201406010401)
6,421,020
15,765,239
48,873,993
7,085,023
7,856,579

201406010402(201406010402)
6,421,020
15,765,239
48,873,993
7,085,023
7,856,579

201406010409(201406010409)
6,421,877
15,869,112
48,873,993
7,118,371
7,864,305

201406010410(201406010410)
6,428,602
15,869,112
48,873,993
7,118,371
7,864,305

201406010411(201406010411)
6,428,602
15,869,112
48,873,993
7,118,558
7,864,305

201406010412(201406010412)
6,428,602
16,009,021
48,873,993
7,119,429
7,864,305

201406010419(201406010419)
6,442,737
16,014,244
48,873,993
7,135,275
7,895,338

201406010420(201406010420)
6,442,737
16,106,003
48,873,993
7,135,275
7,895,338

201406010421(201406010421)
6,442,737
16,106,003
48,873,993
7,137,024
7,903,362

201406010422(201406010422)
6,442,737
16,106,003
48,873,993
7,139,096
7,903,362

201406010429(201406010429)
6,446,838
16,106,003
48,873,993
7,158,325
7,959,404

201406010430(201406010430)
6,446,838
16,106,003
48,873,993
7,158,325
7,970,096

201406010431(201406010431)
6,466,093
16,106,003
48,873,993
7,161,901
7,972,532

201406010432(201406010432)
6,466,093
16,106,003
48,873,993
7,161,901
7,972,532

201406010439(201406010439)
6,468,007
16,298,405
49,007,022
7,167,578
7,987,999

201406010440(201406010440)
6,468,007
16,298,405
49,007,022
7,167,578
8,007,166

201406010441(201406010441)
6,468,007
16,303,177
49,007,022
7,167,578
8,010,038

201406010442(201406010442)
6,468,007
16,303,177
49,007,022
7,181,912
8,010,038

201406010449(201406010449)
6,468,007
16,303,177
49,007,022
7,183,247
8,010,038

201406010450(201406010450)
6,468,007
16,303,313
49,007,022
7,183,247
8,010,038

201406010451(201406010451)
6,468,677
16,304,105
49,007,022
7,183,247
8,010,038

201406010452(201406010452)
6,468,677
16,304,377
49,007,022
7,183,247
8,010,091

201406010459(201406010459)
6,501,988
16,308,482
49,007,022
7,187,409
8,026,483

201406010500(201406010500)
6,501,988
16,308,482
49,007,022
7,187,970
8,026,483

201406010501(201406010501)
6,501,988
16,308,482
49,007,022
7,193,648
8,026,483

201406010502(201406010502)
6,501,988
16,308,482
49,007,022
7,193,648
8,026,483

201406010509(201406010509)
6,522,930
16,308,482
49,007,022
7,193,648
8,029,138

201406010510(201406010510)
6,522,930
16,308,482
49,007,022
7,204,668
8,033,032

201406010511(201406010511)
6,522,930
16,308,482
49,007,022
7,204,668
8,033,032

201406010512(201406010512)
6,522,930
16,308,482
49,007,022
7,204,668
8,033,032

201406010519(201406010519)
6,522,930
16,308,482
49,007,022
7,204,668
8,038,349

201406010520(201406010520)
6,522,930
16,352,037
49,007,022
7,204,668
8,038,349

201406010521(201406010521)
6,522,930
16,372,272
49,007,022
7,204,668
8,038,349

201406010522(201406010522)
6,522,930
16,372,272
49,007,022
7,204,668
8,038,349

201406010529(201406010529)
6,528,357
16,384,694
49,007,022
7,212,308
8,073,109

201406010530(201406010530)
6,528,357
16,387,875
49,007,022
7,212,308
8,073,109

201406010531(201406010531)
6,528,357
16,387,875
49,007,022
7,212,308
8,073,109

201406010532(201406010532)
6,528,357
16,387,875
49,007,022
7,230,706
8,073,109

201406010539(201406010539)
6,541,263
16,486,200
49,007,022
7,230,706
8,095,176

201406010540(201406010540)
6,543,597
16,486,200
49,007,022
7,232,072
8,095,176

201406010541(201406010541)
6,543,597
16,486,200
49,007,022
7,233,629
8,095,176

201406010542(201406010542)
6,543,597
16,486,200
49,007,022
7,233,629
8,095,176

201406010549(201406010549)
6,556,375
16,539,939
49,007,022
7,255,358
8,111,009

201406010550(201406010550)
6,556,375
16,539,939
49,007,022
7,260,271
8,123,572

201406010551(201406010551)
6,556,375
16,539,939
49,007,022
7,260,271
8,123,572

201406010552(201406010552)
6,557,842
16,539,939
49,007,022
7,260,271
8,123,572

201406010559(201406010559)
6,564,797
16,539,939
49,012,252
7,282,048
8,135,491

201406010600(201406010600)
6,564,797
16,539,939
49,012,252
7,282,048
8,160,127

201406010601(201406010601)
6,569,923
16,539,939
49,012,252
7,283,185
8,160,127

201406010602(201406010602)
6,569,923
16,539,939
49,089,664
7,283,185
8,160,127

201406010609(201406010609)
6,572,506
16,594,553
49,128,225
7,285,189
8,195,512

201406010610(201406010610)
6,572,506
16,594,553
49,128,225
7,285,189
8,197,312

201406010611(201406010611)
6,572,506
16,594,553
49,128,225
7,285,189
8,197,312

201406010612(201406010612)
6,572,506
16,594,553
49,128,225
7,285,189
8,197,312

201406010619(201406010619)
6,575,276
16,594,553
49,128,225
7,285,189
8,199,081

201406010620(201406010620)
6,575,363
16,594,553
49,128,225
7,285,189
8,199,081

201406010621(201406010621)
6,575,363
16,594,553
16,594,553
16,594,553
8,199,081

201406010622(201406010622)
6,575,363
16,594,553
16,594,553
16,594,553
8,199,081

201406010629(201406010629)
6,641,977
16,594,553
16,594,553
16,594,553
8,203,703

201406010630(201406010630)
6,641,977
16,594,553
16,594,553
16,594,553
8,203,703

201406010631(201406010631)
6,641,977
16,594,553
16,594,553
16,594,553
8,203,703

201406010632(201406010632)
6,641,977
16,594,553
16,594,553
16,594,553
8,204,289

201406010639(201406010639)
6,641,977
16,594,553
16,594,553
16,594,553
8,221,383

201406010640(201406010640)
6,641,977
16,594,553
16,594,553
16,594,553
8,221,383

201406010641(201406010641)
6,645,337
16,594,553
16,594,553
16,594,553
8,222,554

201406010642(201406010642)
6,653,854
16,594,553
16,594,553
16,594,553
8,222,554

201406010649(201406010649)
6,660,950
16,594,553
16,594,553
16,594,553
8,237,746

201406010650(201406010650)
6,660,950
16,594,553
16,594,553
16,594,553
8,238,421

201406010651(201406010651)
6,660,950
16,594,553
16,594,553
16,594,553
8,238,421

201406010652(201406010652)
6,660,950
16,594,553
16,594,553
16,594,553
8,238,421

201406010659(201406010659)
6,660,950
16,594,553
16,594,553
16,594,553
8,258,849

201406010700(201406010700)
6,660,950
16,594,553
16,594,553
16,594,553
8,258,849

201406010701(201406010701)
6,660,950
16,594,553
16,594,553
16,594,553
8,258,849

201406010702(201406010702)
6,660,950
16,594,553
16,594,553
16,594,553
8,264,664

201406010709(201406010709)
6,681,835
16,594,553
16,594,553
16,594,553
8,305,883

201406010710(201406010710)
6,681,835
16,594,553
16,594,553
16,594,553
8,305,883

201406010711(201406010711)
6,681,835
16,594,553
16,594,553
16,594,553
8,305,883

201406010712(201406010712)
6,715,865
16,594,553
16,594,553
16,594,553
8,305,883

201406010719(201406010719)
6,751,200
16,594,553
16,594,553
16,594,553
8,320,732

201406010720(201406010720)
6,751,200
16,594,553
16,594,553
16,594,553
8,320,732

201406010721(201406010721)
6,751,200
16,594,553
16,594,553
16,594,553
8,320,732

201406010722(201406010722)
6,754,500
16,594,553
16,594,553
16,594,553
8,320,732

201406010729(201406010729)
6,756,744
16,594,553
16,594,553
16,594,553
8,322,709

201406010730(201406010730)
6,756,744
16,594,553
16,594,553
16,594,553
8,322,709

201406010731(201406010731)
6,761,639
16,594,553
16,594,553
16,594,553
8,322,709

201406010732(201406010732)
6,761,639
16,594,553
16,594,553
16,594,553
8,322,709

201406010739(201406010739)
6,763,498
16,594,553
16,594,553
16,594,553
8,322,913

201406010740(201406010740)
6,766,629
16,594,553
16,594,553
16,594,553
8,322,913

201406010741(201406010741)
6,770,238
16,594,553
16,594,553
16,594,553
8,322,913

201406010742(201406010742)
6,773,778
16,594,553
16,594,553
16,594,553
8,322,913

201406010749(201406010749)
6,801,880
16,594,553
16,594,553
16,594,553
8,344,410

201406010750(201406010750)
6,807,636
16,594,553
16,594,553
16,594,553
8,344,410

201406010751(201406010751)
6,808,972
16,594,553
16,594,553
16,594,553
8,351,337

201406010752(201406010752)
6,825,451
16,594,553
16,594,553
16,594,553
8,352,511

201406010759(201406010759)
6,853,276
16,594,553
16,594,553
16,594,553
8,352,511

201406010800(201406010800)
6,853,276
16,594,553
16,594,553
16,594,553
8,385,403

201406010801(201406010801)
6,864,883
16,594,553
16,594,553
16,594,553
8,399,333

201406010802(201406010802)
6,869,936
16,594,553
16,594,553
16,594,553
8,399,333

201406010809(201406010809)
6,888,256
16,594,553
16,594,553
16,594,553
8,422,766

201406010810(201406010810)
6,912,813
16,594,553
16,594,553
16,594,553
8,422,766

201406010811(201406010811)
6,912,813
16,594,553
16,594,553
16,594,553
8,422,766

201406010812(201406010812)
6,912,813
16,594,553
16,594,553
16,594,553
8,423,823

201406010819(201406010819)
6,957,820
16,594,553
16,594,553
16,594,553
8,481,064

201406010820(201406010820)
6,957,820
16,594,553
16,594,553
16,594,553
8,493,130

201406010821(201406010821)
6,959,436
16,594,553
16,594,553
16,594,553
8,500,286

201406010822(201406010822)
6,961,630
16,594,553
16,594,553
16,594,553
8,505,792

201406010829(201406010829)
6,965,803
16,594,553
16,594,553
16,594,553
8,561,178

201406010830(201406010830)
6,977,371
16,594,553
16,594,553
16,594,553
8,571,611

201406010831(201406010831)
6,977,371
16,594,553
16,594,553
16,594,553
8,572,990

201406010832(201406010832)
6,995,391
16,594,553
16,594,553
16,594,553
8,575,096

201406010839(201406010839)
7,015,617
16,594,553
16,594,553
16,594,553
8,592,725

201406010840(201406010840)
7,021,990
16,594,553
16,594,553
16,594,553
8,592,725

201406010841(201406010841)
7,028,479
16,594,553
16,594,553
16,594,553
8,614,209

201406010842(201406010842)
7,030,040
16,594,553
16,594,553
16,594,553
8,614,209

201406010849(201406010849)
7,042,219
16,594,553
16,594,553
16,594,553
8,662,780

201406010850(201406010850)
7,042,219
16,594,553
16,594,553
16,594,553
8,662,780

201406010851(201406010851)
7,054,912
16,594,553
16,594,553
16,594,553
8,669,378

201406010852(201406010852)
7,054,912
16,594,553
16,594,553
16,594,553
8,669,378

201406010859(201406010859)
7,095,773
16,594,553
16,594,553
16,594,553
8,808,826

201406010900(201406010900)
7,097,506
16,594,553
16,594,553
16,594,553
8,861,472

201406010901(201406010901)
7,097,763
16,594,553
16,594,553
16,594,553
8,863,569

201406010902(201406010902)
7,097,763
16,594,553
16,594,553
16,594,553
8,869,486

201406010909(201406010909)
7,135,275
16,594,553
16,594,553
16,594,553
8,925,722

201406010910(201406010910)
7,137,024
16,594,553
16,594,553
16,594,553
8,925,722

201406010911(201406010911)
7,137,024
16,594,553
16,594,553
16,594,553
8,932,901

201406010912(201406010912)
7,148,476
16,594,553
16,594,553
16,594,553
8,932,901

201406010919(201406010919)
7,167,420
16,594,553
16,594,553
16,594,553
8,949,086

201406010920(201406010920)
7,182,167
16,594,553
16,594,553
16,594,553
8,958,441

201406010921(201406010921)
7,206,822
16,594,553
16,594,553
16,594,553
8,963,273

201406010922(201406010922)
7,206,822
16,594,553
16,594,553
16,594,553
8,963,273

201406010929(201406010929)
7,229,778
16,594,553
16,594,553
16,594,553
9,004,501

201406010930(201406010930)
7,229,778
16,594,553
16,594,553
16,594,553
9,004,501

201406010931(201406010931)
7,232,170
16,594,553
16,594,553
16,594,553
9,015,453

201406010932(201406010932)
7,245,617
16,594,553
16,594,553
16,594,553
9,055,948

201406010939(201406010939)
7,275,090
16,594,553
16,594,553
16,594,553
9,086,260

201406010940(201406010940)
7,275,090
16,594,553
16,594,553
16,594,553
9,118,398

201406010941(201406010941)
7,279,839
16,594,553
16,594,553
16,594,553
9,118,398

201406010942(201406010942)
7,279,839
16,594,553
16,594,553
16,594,553
9,120,655

201406010949(201406010949)
7,372,065
16,594,553
16,594,553
16,594,553
9,129,305

201406010950(201406010950)
7,372,065
16,594,553
16,594,553
16,594,553
9,133,756

201406010951(201406010951)
7,372,269
16,594,553
16,594,553
16,594,553
9,156,638

201406010952(201406010952)
7,372,269
16,594,553
16,594,553
16,594,553
9,156,638

201406010959(201406010959)
7,406,474
16,594,553
16,594,553
16,594,553
9,258,957

201406011000(201406011000)
7,406,474
16,594,553
16,594,553
16,594,553
9,266,549

201406011001(201406011001)
7,406,474
16,594,553
16,594,553
16,594,553
9,266,549

201406011002(201406011002)
7,406,474
16,594,553
16,594,553
16,594,553
9,274,768

201406011009(201406011009)
7,439,715
16,594,553
16,594,553
16,594,553
9,332,935

201406011010(201406011010)
7,443,308
16,594,553
16,594,553
16,594,553
9,332,935

201406011011(201406011011)
7,456,578
16,594,553
16,594,553
16,594,553
9,332,935

201406011012(201406011012)
7,480,034
16,594,553
16,594,553
16,594,553
9,332,935

201406011019(201406011019)
7,511,351
16,594,553
16,594,553
16,594,553
9,380,365

201406011020(201406011020)
7,511,351
16,594,553
16,594,553
16,594,553
9,383,357

201406011021(201406011021)
7,526,896
16,594,553
16,594,553
16,594,553
9,383,357

201406011022(201406011022)
7,526,896
16,594,553
16,594,553
16,594,553
9,383,357

201406011029(201406011029)
7,590,272
16,594,553
16,594,553
16,594,553
9,501,350

201406011030(201406011030)
7,590,272
16,594,553
16,594,553
16,594,553
9,501,350

201406011031(201406011031)
7,590,272
16,594,553
16,594,553
16,594,553
9,501,350

201406011032(201406011032)
7,590,272
16,594,553
16,594,553
16,594,553
9,501,350

201406011039(201406011039)
7,652,653
16,594,553
16,594,553
16,594,553
9,518,513

201406011040(201406011040)
7,652,653
16,594,553
16,594,553
16,594,553
9,518,513

201406011041(201406011041)
7,655,094
16,594,553
16,594,553
16,594,553
9,518,513

201406011042(201406011042)
7,661,702
16,594,553
16,594,553
16,594,553
9,544,806

201406011049(201406011049)
7,706,139
16,594,553
16,594,553
16,594,553
9,569,997

201406011050(201406011050)
7,706,139
16,594,553
16,594,553
16,594,553
9,573,138

201406011051(201406011051)
7,706,139
16,594,553
16,594,553
16,594,553
9,573,138

201406011052(201406011052)
7,706,139
16,594,553
16,594,553
16,594,553
9,575,973

201406011059(201406011059)
7,754,607
16,594,553
16,594,553
16,594,553
9,611,608

201406011100(201406011100)
7,754,607
16,594,553
16,594,553
16,594,553
9,611,608

201406011101(201406011101)
7,781,085
16,594,553
16,594,553
16,594,553
9,611,608

201406011102(201406011102)
7,791,214
16,594,553
16,594,553
16,594,553
9,611,608

201406011109(201406011109)
7,853,561
16,594,553
16,594,553
16,594,553
9,689,923

201406011110(201406011110)
7,853,561
16,594,553
16,594,553
16,594,553
9,698,845

201406011111(201406011111)
7,867,329
16,594,553
16,594,553
16,594,553
9,712,933

201406011112(201406011112)
7,867,329
16,594,553
16,594,553
16,594,553
9,727,205

201406011119(201406011119)
7,893,168
16,594,553
16,594,553
16,594,553
9,772,264

201406011120(201406011120)
7,893,168
16,594,553
16,594,553
16,594,553
9,772,264

201406011121(201406011121)
7,893,168
16,594,553
16,594,553
16,594,553
9,789,124

201406011122(201406011122)
7,894,035
16,594,553
16,594,553
16,594,553
9,810,053

201406011129(201406011129)
7,951,982
16,594,553
16,594,553
16,594,553
9,815,769

201406011130(201406011130)
7,951,982
16,594,553
16,594,553
16,594,553
9,815,769

201406011131(201406011131)
7,962,800
16,594,553
16,594,553
16,594,553
9,815,769

201406011132(201406011132)
7,962,800
16,594,553
16,594,553
16,594,553
9,860,727

201406011139(201406011139)
7,975,617
16,594,553
16,594,553
16,594,553
9,918,883

201406011140(201406011140)
7,975,617
16,594,553
16,594,553
16,594,553
9,936,571

201406011141(201406011141)
7,975,617
16,594,553
16,594,553
16,594,553
9,943,146

201406011142(201406011142)
7,975,617
16,594,553
16,594,553
16,594,553
9,943,146

201406011149(201406011149)
8,000,381
16,594,553
16,594,553
16,594,553
10,009,869

201406011150(201406011150)
8,000,381
16,594,553
16,594,553
16,594,553
10,009,869

201406011151(201406011151)
8,000,381
16,594,553
16,594,553
16,594,553
10,020,558

201406011152(201406011152)
8,006,975
16,594,553
16,594,553
16,594,553
10,025,240

201406011159(201406011159)
8,048,779
16,594,553
16,594,553
16,594,553
10,073,523

201406011200(201406011200)
8,048,779
16,594,553
16,594,553
16,594,553
10,076,961

201406011201(201406011201)
8,096,308
16,594,553
16,594,553
16,594,553
10,083,766

201406011202(201406011202)
8,102,985
16,594,553
16,594,553
16,594,553
10,089,094

201406011209(201406011209)
8,163,226
16,594,553
16,594,553
16,594,553
10,144,813

201406011210(201406011210)
8,166,987
16,594,553
16,594,553
16,594,553
10,144,813

201406011211(201406011211)
8,175,255
16,594,553
16,594,553
16,594,553
10,155,476

201406011212(201406011212)
8,175,255
16,594,553
16,594,553
16,594,553
10,155,476

201406011219(201406011219)
8,220,348
16,594,553
16,594,553
16,594,553
10,253,298

201406011220(201406011220)
8,226,369
16,594,553
16,594,553
16,594,553
10,253,298

201406011221(201406011221)
8,238,421
16,594,553
16,594,553
16,594,553
10,253,298

201406011222(201406011222)
8,249,739
16,594,553
16,594,553
16,594,553
10,253,298

201406011229(201406011229)
8,312,629
16,594,553
16,594,553
16,594,553
10,319,742

201406011230(201406011230)
8,320,732
16,594,553
16,594,553
16,594,553
10,319,742

201406011231(201406011231)
8,320,732
16,594,553
16,594,553
16,594,553
10,328,638

201406011232(201406011232)
8,320,732
16,594,553
16,594,553
16,594,553
10,328,638

201406011239(201406011239)
8,404,822
16,594,553
16,594,553
16,594,553
10,406,842

201406011240(201406011240)
8,407,753
16,594,553
16,594,553
16,594,553
10,409,097

201406011241(201406011241)
8,408,532
16,594,553
16,594,553
16,594,553
10,409,097

201406011242(201406011242)
8,419,614
16,594,553
16,594,553
16,594,553
10,486,431

201406011249(201406011249)
8,434,264
16,594,553
16,594,553
16,594,553
10,512,181

201406011250(201406011250)
8,434,264
16,594,553
16,594,553
16,594,553
10,512,181

201406011251(201406011251)
8,443,757
16,594,553
16,594,553
16,594,553
10,512,181

201406011252(201406011252)
8,478,488
16,594,553
16,594,553
16,594,553
10,518,271

201406011259(201406011259)
8,511,769
16,594,553
16,594,553
16,594,553
10,533,594

201406011300(201406011300)
8,511,769
16,594,553
16,594,553
16,594,553
10,533,594

201406011301(201406011301)
8,511,769
16,594,553
16,594,553
16,594,553
10,533,594

201406011302(201406011302)
8,511,769
16,594,553
16,594,553
16,594,553
10,533,594

201406011309(201406011309)
8,581,410
16,594,553
16,594,553
16,594,553
10,664,798

201406011310(201406011310)
8,581,410
16,594,553
16,594,553
16,594,553
10,664,798

201406011311(201406011311)
8,593,009
16,594,553
16,594,553
16,594,553
10,671,585

201406011312(201406011312)
8,595,329
16,594,553
16,594,553
16,594,553
10,679,908

201406011319(201406011319)
8,650,406
16,594,553
16,594,553
16,594,553
10,813,220

201406011320(201406011320)
8,650,727
16,594,553
16,594,553
16,594,553
10,813,220

201406011321(201406011321)
8,675,284
16,594,553
16,594,553
16,594,553
10,813,220

201406011322(201406011322)
8,683,550
16,594,553
16,594,553
16,594,553
10,813,220

201406011329(201406011329)
8,732,710
16,594,553
16,594,553
16,594,553
10,845,587

201406011330(201406011330)
8,732,710
16,594,553
16,594,553
16,594,553
10,848,460

201406011331(201406011331)
8,741,323
16,594,553
16,594,553
16,594,553
10,848,460

201406011332(201406011332)
8,741,323
16,594,553
16,594,553
16,594,553
10,856,481

201406011339(201406011339)
8,823,338
16,594,553
16,594,553
16,594,553
10,962,531

201406011340(201406011340)
8,823,338
16,594,553
16,594,553
16,594,553
10,962,531

201406011341(201406011341)
8,823,338
16,594,553
16,594,553
16,594,553
10,962,531

201406011342(201406011342)
8,858,319
16,594,553
16,594,553
16,594,553
10,962,531

201406011349(201406011349)
8,918,849
16,594,553
16,594,553
16,594,553
11,009,719

201406011350(201406011350)
8,940,974
16,594,553
16,594,553
16,594,553
11,016,828

201406011351(201406011351)
8,954,807
16,594,553
16,594,553
16,594,553
11,029,171

201406011352(201406011352)
8,954,807
16,594,553
16,594,553
16,594,553
11,032,929

201406011359(201406011359)
9,000,521
16,594,553
16,594,553
16,594,553
11,087,003

201406011400(201406011400)
9,000,521
16,594,553
16,594,553
16,594,553
11,087,003

201406011401(201406011401)
9,002,568
16,594,553
16,594,553
16,594,553
11,117,161

201406011402(201406011402)
9,016,289
16,594,553
16,594,553
16,594,553
11,117,882

201406011409(201406011409)
9,047,211
16,594,553
16,594,553
16,594,553
11,171,086

201406011410(201406011410)
9,067,061
16,594,553
16,594,553
16,594,553
11,203,463

201406011411(201406011411)
9,067,061
16,594,553
16,594,553
16,594,553
11,203,463

201406011412(201406011412)
9,067,061
16,594,553
16,594,553
16,594,553
11,203,463

201406011419(201406011419)
9,071,870
16,594,553
16,594,553
16,594,553
11,227,307

201406011420(201406011420)
9,071,870
16,594,553
16,594,553
16,594,553
11,227,307

201406011421(201406011421)
9,071,870
16,594,553
16,594,553
16,594,553
11,227,307

201406011422(201406011422)
9,071,870
16,594,553
16,594,553
16,594,553
11,241,302

201406011429(201406011429)
9,104,996
16,594,553
16,594,553
16,594,553
11,332,495

201406011430(201406011430)
9,105,006
16,594,553
16,594,553
16,594,553
11,335,399

201406011431(201406011431)
9,109,098
16,594,553
16,594,553
16,594,553
11,344,769

201406011432(201406011432)
9,116,956
16,594,553
16,594,553
16,594,553
11,344,769

201406011439(201406011439)
9,178,207
16,594,553
16,594,553
16,594,553
11,390,352

201406011440(201406011440)
9,178,207
16,594,553
16,594,553
16,594,553
11,391,181

201406011441(201406011441)
9,190,746
16,594,553
16,594,553
16,594,553
11,392,158

201406011442(201406011442)
9,190,746
16,594,553
16,594,553
16,594,553
11,392,158

201406011449(201406011449)
9,238,901
16,594,553
16,594,553
16,594,553
11,555,728

201406011450(201406011450)
9,314,887
16,594,553
16,594,553
16,594,553
11,575,148

201406011451(201406011451)
9,314,887
16,594,553
16,594,553
16,594,553
11,577,523

201406011452(201406011452)
9,353,361
16,594,553
16,594,553
16,594,553
11,586,395

201406011459(201406011459)
9,372,212
16,594,553
16,594,553
16,594,553
11,640,125

201406011500(201406011500)
9,372,212
16,594,553
16,594,553
16,594,553
11,640,125

201406011501(201406011501)
9,372,212
16,594,553
16,594,553
16,594,553
11,662,291

201406011502(201406011502)
9,402,882
16,594,553
16,594,553
16,594,553
11,673,151

201406011509(201406011509)
9,417,815
16,594,553
16,594,553
16,594,553
11,687,820

201406011510(201406011510)
9,417,815
16,594,553
16,594,553
16,594,553
11,744,319

201406011511(201406011511)
9,417,815
16,594,553
16,594,553
16,594,553
11,744,319

201406011512(201406011512)
9,419,592
16,594,553
16,594,553
16,594,553
11,763,198

201406011519(201406011519)
9,464,202
16,594,553
16,594,553
16,594,553
11,795,743

201406011520(201406011520)
9,464,202
16,594,553
16,594,553
16,594,553
11,802,211

201406011521(201406011521)
9,490,501
16,594,553
16,594,553
16,594,553
11,802,211

201406011522(201406011522)
9,490,501
16,594,553
16,594,553
16,594,553
11,802,211

201406011529(201406011529)
9,500,038
16,594,553
16,594,553
16,594,553
11,827,567

201406011530(201406011530)
9,500,923
16,594,553
16,594,553
16,594,553
11,843,114

201406011531(201406011531)
9,500,923
16,594,553
16,594,553
16,594,553
11,843,114

201406011532(201406011532)
9,517,719
16,594,553
16,594,553
16,594,553
11,844,843

201406011539(201406011539)
9,577,767
16,594,553
16,594,553
16,594,553
11,883,118

201406011540(201406011540)
9,577,767
16,594,553
16,594,553
16,594,553
11,898,556

201406011541(201406011541)
9,577,767
16,594,553
16,594,553
16,594,553
11,902,633

201406011542(201406011542)
9,577,767
16,594,553
16,594,553
16,594,553
11,902,633

201406011549(201406011549)
9,611,608
16,594,553
16,594,553
16,594,553
11,979,820

201406011550(201406011550)
9,611,608
16,594,553
16,594,553
16,594,553
11,979,820

201406011551(201406011551)
9,611,608
16,594,553
16,594,553
16,594,553
11,985,440

201406011552(201406011552)
9,611,608
16,594,553
16,594,553
16,594,553
11,985,440

201406011559(201406011559)
9,644,744
16,594,553
16,594,553
16,594,553
12,017,134

201406011600(201406011600)
9,644,744
16,594,553
16,594,553
16,594,553
12,024,687

201406011601(201406011601)
9,644,744
16,594,553
16,594,553
16,594,553
12,043,651

201406011602(201406011602)
9,644,744
16,594,553
16,594,553
16,594,553
12,054,394

201406011609(201406011609)
9,682,865
16,594,553
16,594,553
16,594,553
12,080,629

201406011610(201406011610)
9,693,933
16,594,553
16,594,553
16,594,553
12,090,199

201406011611(201406011611)
9,693,933
16,594,553
16,594,553
16,594,553
12,090,199

201406011612(201406011612)
9,724,590
16,594,553
16,594,553
16,594,553
12,090,199

201406011619(201406011619)
9,804,655
16,594,553
16,594,553
16,594,553
12,125,903

201406011620(201406011620)
9,804,655
16,594,553
16,594,553
16,594,553
12,125,903

201406011621(201406011621)
9,804,655
16,594,553
16,594,553
16,594,553
12,125,903

201406011622(201406011622)
9,815,431
16,594,553
16,594,553
16,594,553
12,125,903

201406011629(201406011629)
9,875,086
16,594,553
16,594,553
16,594,553
12,179,404

201406011630(201406011630)
9,892,423
16,594,553
16,594,553
16,594,553
12,198,692

201406011631(201406011631)
9,908,240
16,594,553
16,594,553
16,594,553
12,205,032

201406011632(201406011632)
9,908,240
16,594,553
16,594,553
16,594,553
12,232,432

201406011639(201406011639)
9,941,890
16,594,553
16,594,553
16,594,553
12,346,242

201406011640(201406011640)
9,948,212
16,594,553
16,594,553
16,594,553
12,378,689

201406011641(201406011641)
9,969,157
16,594,553
16,594,553
16,594,553
12,378,689

201406011642(201406011642)
9,977,832
16,594,553
16,594,553
16,594,553
12,378,689

201406011649(201406011649)
10,026,707
16,594,553
16,594,553
16,594,553
12,394,818

201406011650(201406011650)
10,041,531
16,594,553
16,594,553
16,594,553
12,409,499

201406011651(201406011651)
10,043,693
16,594,553
16,594,553
16,594,553
12,437,615

201406011652(201406011652)
10,054,606
16,594,553
16,594,553
16,594,553
12,444,444

201406011659(201406011659)
10,158,763
16,594,553
16,594,553
16,594,553
12,560,468

201406011700(201406011700)
10,158,763
16,594,553
16,594,553
16,594,553
12,560,468

201406011701(201406011701)
10,168,079
16,594,553
16,594,553
16,594,553
12,563,173

201406011702(201406011702)
10,168,079
16,594,553
16,594,553
16,594,553
12,570,012

201406011709(201406011709)
10,214,800
16,594,553
16,594,553
16,594,553
12,650,423

201406011710(201406011710)
10,235,399
16,594,553
16,594,553
16,594,553
12,650,423

201406011711(201406011711)
10,235,399
16,594,553
16,594,553
16,594,553
12,670,337

201406011712(201406011712)
10,235,399
16,594,553
16,594,553
16,594,553
12,683,845

201406011719(201406011719)
10,309,174
16,594,553
16,594,553
16,594,553
12,726,459

201406011720(201406011720)
10,371,862
16,594,553
16,594,553
16,594,553
12,726,545

201406011721(201406011721)
10,393,791
16,594,553
16,594,553
16,594,553
12,729,355

201406011722(201406011722)
10,393,791
16,594,553
16,594,553
16,594,553
12,732,916

201406011729(201406011729)
10,426,123
16,594,553
16,594,553
16,594,553
12,750,418

201406011730(201406011730)
10,427,255
16,594,553
16,594,553
16,594,553
12,769,285

201406011731(201406011731)
10,427,527
16,594,553
16,594,553
16,594,553
12,769,285

201406011732(201406011732)
10,457,632
16,594,553
16,594,553
16,594,553
12,804,526

201406011739(201406011739)
10,547,343
16,594,553
16,594,553
16,594,553
12,820,942

201406011740(201406011740)
10,547,343
16,594,553
16,594,553
16,594,553
12,844,250

201406011741(201406011741)
10,557,442
16,594,553
16,594,553
16,594,553
12,852,131

201406011742(201406011742)
10,557,442
16,594,553
16,594,553
16,594,553
12,852,131

201406011749(201406011749)
10,593,271
16,594,553
16,594,553
16,594,553
12,914,455

201406011750(201406011750)
10,593,271
16,594,553
16,594,553
16,594,553
12,934,885

201406011751(201406011751)
10,593,927
16,594,553
16,594,553
16,594,553
12,939,004

201406011752(201406011752)
10,607,070
16,594,553
16,594,553
16,594,553
12,959,927

201406011759(201406011759)
10,679,908
16,594,553
16,594,553
16,594,553
12,996,955

201406011800(201406011800)
10,680,307
16,594,553
16,594,553
16,594,553
12,996,955

201406011801(201406011801)
10,689,529
16,594,553
16,594,553
16,594,553
12,996,955

201406011802(201406011802)
10,690,439
16,594,553
16,594,553
16,594,553
13,023,086

201406011809(201406011809)
10,713,847
16,594,553
16,594,553
16,594,553
13,196,640

201406011810(201406011810)
10,717,270
16,594,553
16,594,553
16,594,553
13,196,640

201406011811(201406011811)
10,717,270
16,594,553
16,594,553
16,594,553
13,196,640

201406011812(201406011812)
10,722,854
16,594,553
16,594,553
16,594,553
13,196,640

201406011819(201406011819)
10,764,866
16,594,553
16,594,553
16,594,553
13,238,489

201406011820(201406011820)
10,764,866
16,594,553
16,594,553
16,594,553
13,238,489

201406011821(201406011821)
10,764,866
16,594,553
16,594,553
16,594,553
13,241,071

201406011822(201406011822)
10,764,866
16,594,553
16,594,553
16,594,553
13,243,296

201406011829(201406011829)
10,811,478
16,594,553
16,594,553
16,594,553
13,355,256

201406011830(201406011830)
10,820,193
16,594,553
16,594,553
16,594,553
13,355,256

201406011831(201406011831)
10,831,548
16,594,553
16,594,553
16,594,553
13,355,669

201406011832(201406011832)
10,831,548
16,594,553
16,594,553
16,594,553
13,359,299

