201405301729(201405301729)
1,295,022
3,289,513
12,779,112
1,415,339
1,577,642

201405301730(201405301730)
1,300,000
3,292,472
12,779,112
1,415,339
1,580,350

201405301731(201405301731)
1,303,309
3,292,472
12,779,112
1,415,339
1,590,415

201405301732(201405301732)
1,304,271
3,297,041
12,779,112
1,418,770
1,590,833

201405301739(201405301739)
1,307,430
3,299,799
12,874,788
1,423,249
1,595,138

201405301740(201405301740)
1,308,680
3,299,799
12,874,788
1,423,386
1,595,138

201405301741(201405301741)
1,311,890
3,299,799
12,874,788
1,428,187
1,596,967

201405301742(201405301742)
1,312,207
3,299,799
12,874,788
1,430,344
1,596,967

201405301749(201405301749)
1,320,191
3,301,603
12,967,912
1,431,132
1,614,754

201405301750(201405301750)
1,321,329
3,301,603
12,967,912
1,431,302
1,614,754

201405301751(201405301751)
1,321,635
3,301,603
12,967,912
1,431,302
1,614,754

201405301752(201405301752)
1,324,465
3,301,603
12,967,912
1,438,184
1,614,754

201405301759(201405301759)
1,336,364
3,320,499
12,979,009
1,449,913
1,622,499

201405301800(201405301800)
1,337,009
3,342,597
13,078,166
1,449,913
1,623,869

201405301801(201405301801)
1,337,236
3,342,597
13,078,166
1,450,987
1,623,869

201405301802(201405301802)
1,337,236
3,342,597
13,078,166
1,456,317
1,628,328

201405301809(201405301809)
1,342,280
3,360,068
13,119,668
1,477,895
1,633,147

201405301810(201405301810)
1,344,094
3,360,602
13,119,668
1,477,895
1,633,171

201405301811(201405301811)
1,351,663
3,360,602
13,119,668
1,478,548
1,633,706

201405301812(201405301812)
1,351,663
3,366,885
13,119,668
1,479,720
1,633,706

201405301819(201405301819)
1,355,498
3,409,430
13,119,668
1,493,600
1,652,492

201405301820(201405301820)
1,355,498
3,409,430
13,119,668
1,493,600
1,657,023

201405301821(201405301821)
1,356,894
3,410,613
13,119,668
1,493,600
1,657,665

201405301822(201405301822)
1,367,817
3,410,613
13,119,668
1,493,600
1,657,665

201405301829(201405301829)
1,377,591
3,431,342
13,172,215
1,519,308
1,678,177

201405301830(201405301830)
1,377,591
3,431,342
13,172,215
1,520,307
1,681,020

201405301831(201405301831)
1,377,591
3,431,342
13,172,215
1,521,933
1,685,871

201405301832(201405301832)
1,377,591
3,431,713
13,172,215
1,521,933
1,686,278

201405301840(201405301840)
1,385,872
3,442,003
13,172,215
1,541,941
1,708,228

201405301841(201405301841)
1,385,872
3,481,691
13,208,296
1,541,941
1,709,412

201405301842(201405301842)
1,385,872
3,492,548
13,214,363
1,542,861
1,711,339

201405301849(201405301849)
1,389,490
3,507,631
13,233,617
1,549,718
1,720,803

201405301850(201405301850)
1,389,490
3,507,631
13,341,889
1,550,048
1,721,595

201405301851(201405301851)
1,389,490
3,507,631
13,341,889
1,551,422
1,725,199


201405301901(201405301901)
1,413,386
3,530,723
13,668,679
1,570,268
1,747,119

201405301902(201405301902)
1,413,386
3,537,319
13,668,815
1,570,268
1,747,119

201405301903(201405301903)
1,414,576
3,537,795
13,668,815
1,570,614
1,747,859

201405301909(201405301909)
1,415,152
3,547,697
13,668,815
1,577,642
1,758,296

201405301910(201405301910)
1,415,152
3,547,697
13,668,815
1,577,642
1,758,296

201405301911(201405301911)
1,417,085
3,553,296
13,668,815
1,580,930
1,766,481

201405301912(201405301912)
1,419,342
3,553,296
13,668,815
1,580,930
1,767,823

201405301919(201405301919)
1,429,425
3,586,973
13,780,689
1,588,821
1,777,056

201405301920(201405301920)
1,429,425
3,607,334
13,811,861
1,588,821
1,777,506

201405301921(201405301921)
1,431,132
3,607,334
13,893,815
1,590,833
1,777,506

201405301922(201405301922)
1,431,302
3,607,334
13,893,815
1,596,967
1,781,131

201405301930(201405301930)
1,449,497
3,667,743
14,002,781
1,605,386
1,793,945

201405301931(201405301931)
1,461,122
3,667,830
14,037,225
1,610,663
1,795,070

201405301933(201405301933)
1,465,811
3,686,118
14,037,225
1,614,166
1,798,747

201405301940(201405301940)
1,475,133
3,701,456
14,104,171
1,622,499
1,622,499

201405301941(201405301941)
1,482,013
3,721,835
14,317,170
1,629,362
1,804,286

201405301942(201405301942)
1,483,054
3,725,460
14,317,170
1,632,550
1,804,286

201405301942(201405301942)
1,483,054
3,751,259
14,317,170
1,632,550
1,804,286

201405301949(201405301949)
1,494,392
3,761,209
14,425,619
1,634,590
1,817,260

201405301950(201405301950)
1,496,028
3,761,662
14,425,619
1,636,754
1,818,749

201405301951(201405301951)
1,496,028
3,765,106
14,425,619
1,636,992
1,821,195

201405301952(201405301952)
1,497,203
3,765,106
14,425,619
1,638,264
1,821,195

201405301959(201405301959)
1,510,095
3,783,604
14,425,619
1,647,452
1,840,867

201405302000(201405302000)
1,512,425
3,783,604
14,425,619
1,649,067
1,841,653

201405302001(201405302001)
1,517,320
3,797,740
14,425,619
1,649,112
1,845,182

201405302002(201405302002)
1,517,545
3,797,740
14,425,619
1,650,247
1,846,544

201405302009(201405302009)
1,542,941
1,542,941
14,530,445
1,669,132
1,870,813

201405302011(201405302011)
3,870,999
14,530,445
1,674,754
1,874,178

201405302012(201405302012)
1,550,048
3,883,297
14,593,141
1,678,241
1,894,837

201405302012(201405302012)
1,550,048
3,899,775
14,593,141
1,680,705
1,894,837

201405302019(201405302019)
1,560,181
3,939,670
14,595,246
1,708,228

201405302021(201405302021)
1,560,982
3,990,617
14,595,246
1,724,389
1,927,147

201405302022(201405302022)
1,560,982
3,990,617
14,595,246
1,724,389
1,927,147

201405302029(201405302029)
1,572,317
4,058,251
14,783,648
1,736,259
1,938,435

201405302030(201405302030)
1,577,387
4,059,940
14,783,648
1,736,259
1,940,618

201405302031(201405302031)
1,577,387
4,059,940
14,783,648
1,736,259
1,940,618

201405302032(201405302032)
1,578,085
4,059,940
14,783,648
1,741,148
1,947,396

201405302039(201405302039)
1,591,214
4,079,975
15,083,113
1,750,059
1,975,688

201405302040(201405302040)
1,596,412
4,079,975
15,138,393
1,750,059
1,977,007

201405302041(201405302041)
1,596,412
4,079,975
15,138,393
1,750,059
1,980,184

201405302042(201405302042)
1,596,412
4,093,423
15,193,673
1,750,059
1,983,609

201405302050(201405302050)
1,605,386
4,152,287
15,334,768
1,761,014
1,998,161

201405302051(201405302051)
1,606,564
4,152,786
15,334,768
1,765,060
1,998,161

201405302052(201405302052)
1,607,075
4,162,605
15,334,768
1,770,469
2,007,704

201405302100(201405302100)
1,632,550
4,193,359
15,529,663
1,798,064
2,042,147

201405302101(201405302101)
1,633,147
4,193,359
15,674,679
1,813,110
2,045,983

201405302111(201405302111)
1,652,695
4,309,687
15,836,447
1,828,873
2,072,547

201405302112(201405302112)
1,652,695
4,336,577
16,019,234
1,834,982
2,073,414

201405302121(201405302121)
1,688,255
4,375,431
16,467,931
1,869,347
2,090,868

201405302122(201405302122)
1,688,255
4,404,973
16,671,611
1,870,744
2,090,868

201405302131(201405302131)
1,702,912
4,491,404
16,827,671
1,891,578
2,103,983

201405302132(201405302132)
1,705,289
1,705,289
16,827,671
1,891,578
2,103,983

201405302133(201405302133)
1,711,364
4,504,718
16,860,237
1,903,207
2,103,983

201405302140(201405302140)
4,532,181
17,421,361
1,939,301
2,139,768

201405302141(201405302141)
1,721,161
4,532,181
17,421,361
1,939,301
2,139,768

201405302143(201405302143)
17,421,361
1,940,618
2,141,064

201405302150(201405302150)
1,760,676
4,631,637
17,426,915
1,968,158
2,162,720

201405302151(201405302151)
1,763,536
4,655,167
4,655,167
1,968,835
2,171,415

201405302153(201405302153)
1,767,879
4,655,731
17,654,643
1,982,304
2,175,606

201405302159(201405302159)
1,790,937
4,717,864
18,001,096
2,004,026
2,205,275

201405302200(201405302200)
18,001,096
2,012,556
2,208,908

201405302202(201405302202)
18,001,096
2,012,556
2,208,908
4,735,237
18,001,096
2,019,294
2,209,735

201405302202(201405302202)
1,807,182
4,735,237
18,001,096
2,019,294
2,214,632

201405302209(201405302209)
1,828,873
4,773,297
18,186,495
2,038,168
2,242,192

201405302210(201405302210)
1,828,873
4,786,848
18,186,495
2,042,147
2,246,339

201405302211(201405302211)
1,828,944
4,788,140
18,186,495
2,044,046
2,261,528

201405302212(201405302212)
1,834,892
4,799,623
18,233,987
2,053,329
2,278,141

201405302220(201405302220)
1,869,005
4,844,176
18,527,813
2,076,506
2,324,996

201405302221(201405302221)
1,869,005
4,844,176
18,527,813
2,076,506
2,326,713

201405302222(201405302222)
1,875,852
4,873,978
18,894,730
2,081,955
2,329,728

201405302223(201405302223)
1,875,852
4,873,978
18,894,730
2,081,955
2,329,728

201405302229(201405302229)
1,902,914
4,983,375
19,009,554
2,095,949
2,352,008


201405302232(201405302232)
1,903,207
4,989,298
19,009,554
2,103,346
2,353,930

201405302232(201405302232)
1,916,867
4,994,330
19,009,554
2,107,761
2,353,930

201405302241(201405302241)
1,948,686
5,141,159
19,107,955
2,133,561
2,380,937

201405302304(201405302304)
2,021,172
5,356,193
20,869,663
2,222,854
2,475,621

201405302307(201405302307)
2,035,012
5,379,784
20,869,663
2,227,875
2,491,043

201405302309(201405302309)
2,038,168
5,407,745
20,869,663
2,238,237
2,516,793

201405302310(201405302310)
2,038,749
5,424,329
20,998,371
2,238,237
2,526,504

201405302311(201405302311)
2,041,758
5,468,150
20,998,371
2,242,192
2,531,244

201405302312(201405302312)
2,043,787
5,469,708
20,998,371
2,242,192
2,531,244

201405302319(201405302319)
2,057,277
5,572,711
21,462,238
2,260,323
2,544,575

201405302320(201405302320)
2,059,811
5,593,936
21,462,238
2,261,528
2,544,575

201405302321(201405302321)
2,059,904
5,593,936
21,584,483
2,266,711
2,544,575

201405302322(201405302322)
2,060,808
5,594,140
21,650,122
2,271,918
2,544,575

201405302329(201405302329)
2,091,374
2,091,374
21,830,389
2,301,890
2,574,073

201405302330(201405302330)
2,091,374
2,091,374
21,830,389
2,301,890
2,574,073

201405302331(201405302331)
2,091,374
2,091,374
21,830,389
2,301,890
2,574,073

201405302332(201405302332)
2,091,374
2,091,374
21,830,389
2,301,890
2,574,073

201405302339(201405302339)
2,091,374
2,091,374
21,830,389
2,301,890
2,574,073

201405302340(201405302340)
2,091,374
2,091,374
21,830,389
2,301,890
2,574,073

201405302341(201405302341)
2,091,374
2,091,374
21,830,389
2,301,890
2,574,073

201405302342(201405302342)
2,091,374
2,091,374
21,830,389
2,301,890
2,574,073

201405302349(201405302349)
2,091,374
2,091,374
21,830,389
2,301,890
2,574,073

201405302350(201405302350)
2,091,374
2,091,374
21,830,389
2,301,890
2,574,073

201405302351(201405302351)
2,091,374
2,091,374
21,830,389
2,301,890
2,574,073

201405302352(201405302352)
2,091,374
2,091,374
21,830,389
2,301,890
2,574,073

201405302359(201405302359)
2,091,374
2,091,374
21,830,389
2,301,890
2,574,073

201405310000(201405310000)
2,091,374
2,091,374
21,830,389
2,301,890
2,574,073

201405310001(201405310001)
2,091,374
2,091,374
21,830,389
2,301,890
2,574,073

201405310002(201405310002)
2,091,374
2,091,374
21,830,389
2,301,890
2,574,073

201405310008(201405310008)
2,190,878
5,820,525
23,733,158
2,390,584
2,699,694

201405310009(201405310009)
2,192,434
5,820,525
23,733,158
2,392,395
2,699,694

201405310010(201405310010)
2,192,434
5,849,920
23,733,158
2,392,395
2,700,968

201405310011(201405310011)
2,198,478
5,861,183
23,733,158
2,395,050
2,702,114

201405310012(201405310012)
2,210,989
5,861,183
23,733,158
2,398,595
2,707,716

201405310019(201405310019)
2,214,015
5,879,169
23,761,264
2,420,143
2,742,285

201405310020(201405310020)
2,214,520
5,879,169
23,761,264
2,420,143
2,742,557

201405310021(201405310021)
2,214,737
5,879,169
23,839,148
2,424,291
2,744,681

201405310022(201405310022)
2,216,733
5,882,470
23,839,148
2,424,291
2,744,681

201405310029(201405310029)
2,227,073
5,953,273
23,839,148
2,438,848
2,762,787

201405310030(201405310030)
2,227,875
5,953,273
23,839,148
2,438,848
2,767,803

201405310031(201405310031)
2,228,039
5,957,378
23,839,148
2,445,217
2,767,803

201405310032(201405310032)
2,231,987
6,018,590
23,839,148
2,448,557
2,771,316

201405310039(201405310039)
2,243,893
6,056,070
23,839,148
2,463,294
2,814,619

201405310040(201405310040)
2,255,092
6,104,616
23,839,148
2,464,163
2,814,619

201405310041(201405310041)
2,255,447
6,104,977
23,921,285
2,467,608
2,814,619

201405310042(201405310042)
2,255,447
6,104,977
23,921,285
2,467,991
2,814,861

201405310049(201405310049)
2,261,567
6,129,334
23,921,285
2,490,901
2,842,309

201405310050(201405310050)
2,261,567
6,170,316
23,921,285
2,491,043
2,845,202

201405310051(201405310051)
2,261,567
6,180,665
23,921,285
2,504,106
2,847,682

201405310052(201405310052)
2,263,399
6,210,815
23,921,285
2,505,142
2,847,682

201405310059(201405310059)
2,288,025
6,257,787
23,921,421
2,532,173
2,877,950

201405310100(201405310100)
2,295,255
6,257,787
24,498,608
2,532,173
2,877,950

201405310101(201405310101)
2,295,255
6,257,787
24,498,948
2,532,173
2,878,280

201405310102(201405310102)
2,302,162
6,257,787
24,499,926
2,532,173
2,878,416

201405310109(201405310109)
2,331,800
6,280,685
24,901,609
2,549,348
2,890,532

201405310110(201405310110)
2,331,800
6,280,685
24,901,609
2,558,025
2,890,532

201405310111(201405310111)
2,331,997
6,287,878
24,901,609
2,559,875
2,890,971

201405310112(201405310112)
2,331,997
6,330,020
24,961,448
2,573,030
2,890,971

201405310119(201405310119)
2,341,188
6,355,378
25,008,984
2,595,234
2,914,586

201405310120(201405310120)
2,341,188
6,355,378
25,021,030
2,597,292
2,917,439

201405310121(201405310121)
2,341,188
6,355,378
25,021,030
2,597,292
2,919,905

201405310122(201405310122)
2,341,188
6,376,552
25,021,030
2,598,206
2,921,115

201405310129(201405310129)
2,344,012
6,430,540
25,112,612
2,603,620
2,927,701

201405310130(201405310130)
2,346,314
6,430,540
25,112,612
2,603,620
2,931,508

201405310131(201405310131)
2,347,368
6,430,540
25,112,612
2,603,969
2,931,508

201405310132(201405310132)
2,347,368
6,448,724
25,112,612
2,613,198
2,931,508

201405310139(201405310139)
2,367,066
6,456,708
25,267,821
2,626,263
2,945,304

201405310140(201405310140)
2,367,066
6,456,708
25,267,821
2,626,263
2,951,105

201405310141(201405310141)
2,371,543
6,457,976
25,267,821
2,626,263
2,951,105

201405310142(201405310142)
2,371,543
6,471,000
25,267,821
2,632,500
2,953,405

201405310149(201405310149)
2,378,564
6,485,475
25,267,821
2,660,834
2,962,858

201405310150(201405310150)
2,379,003
6,491,403
25,267,821
2,660,834
2,962,858

201405310151(201405310151)
2,379,003
6,491,403
25,267,821
2,666,400
2,962,858

201405310152(201405310152)
2,379,003
6,491,403
25,267,821
2,667,812
2,963,010

201405310200(201405310200)
2,383,101
6,521,597
25,419,629
2,683,554
2,986,855

201405310201(201405310201)
2,383,104
6,521,597
25,419,629
2,683,554
2,986,855

201405310202(201405310202)
2,390,584
6,524,703
25,710,638
2,683,554
2,990,756

201405310219(201405310219)
2,419,159
6,529,463
25,710,638
2,739,198
2,739,198

201405310220(201405310220)
2,419,159
6,546,725
25,710,638
2,741,569
3,015,131

201405310221(201405310221)
2,419,159
6,546,725
25,710,638
2,742,952
3,015,131

201405310222(201405310222)
2,419,159
6,546,725
25,710,638
2,742,952
3,015,131

201405310230(201405310230)
2,429,731
6,551,587
25,710,638
2,755,442
3,032,396

201405310231(201405310231)
2,430,737
6,551,587
25,710,638
2,755,442
3,033,316

201405310231(201405310231)
2,430,737
6,551,587
25,710,638
2,755,442
3,033,316

201405310232(201405310232)
2,430,737
6,551,587
25,710,638
2,755,442
3,033,316

201405310240(201405310240)
2,445,957
6,564,242
25,710,638
2,762,762
3,047,491

201405310241(201405310241)
2,445,957
6,564,242
25,710,638
2,762,762
3,047,491

201405310242(201405310242)
2,448,557
6,585,432
25,710,638
2,762,762
3,047,491

201405310251(201405310251)
2,466,009
6,603,440
25,774,138
2,778,513
3,056,902

201405310301(201405310301)
2,475,308
6,603,440
26,102,757
2,794,915
3,076,446

201405310301(201405310301)
2,475,308
6,603,440
26,406,594
2,794,915
3,076,446

201405310302(201405310302)
2,475,308
6,603,440
26,406,594
2,794,915
3,076,446

201405310310(201405310310)
2,488,583
6,620,735
26,406,594
2,796,887
3,093,398


201405310323(201405310323)
2,515,386
6,668,874
26,406,594
2,806,476
3,129,686


201405310332(201405310332)
6,688,183
26,406,594
2,806,476
3,146,789

201405310340(201405310340)
2,527,959
2,527,959
26,406,594
2,812,393
3,154,839

201405310341(201405310341)
2,527,959
6,703,247
26,406,594
2,812,393
3,154,839

201405310342(201405310342)
2,532,173
26,406,594
2,812,393
3,154,839

201405310342(201405310342)
2,532,173
6,703,247
26,406,594
2,812,393
3,154,839

201405310350(201405310350)
2,534,751
6,703,247
26,644,105
2,825,320
3,155,501

201405310401(201405310401)
2,534,751
6,703,247
26,644,105
2,828,064
3,155,501

201405310403(201405310403)
2,534,751
6,744,811
26,644,105
2,828,064
3,155,501

201405310403(201405310403)
2,534,751
6,744,811
26,644,105
2,828,064
3,155,501

201405310410(201405310410)
2,543,436
6,754,500
26,644,105
2,838,231
3,155,593

201405310411(201405310411)
2,543,436
6,754,500
26,644,105
2,840,371
3,166,920

201405310421(201405310421)
2,550,793
6,756,335
26,644,105
2,852,105
3,183,445

201405310434(201405310434)
2,558,025
6,774,330
26,644,105
2,857,964
3,186,527

201405310440(201405310440)
2,558,025
6,774,330
26,644,105
2,857,964
3,186,527
26,644,105
2,859,054
3,189,703

201405310442(201405310442)
2,562,575
6,775,530
26,644,105
2,859,338
3,192,848

201405310442(201405310442)
2,562,575
6,775,530
26,644,105
2,859,338
3,192,848

201405310443(201405310443)
2,562,575
6,776,322
26,644,105
2,859,338
3,192,878

201405310451(201405310451)
2,576,320
6,776,458
26,644,105
2,866,511
3,193,537

201405310452(201405310452)
2,576,320
6,776,458
26,644,105
2,871,738
3,193,537

201405310453(201405310453)
2,576,320
6,776,458
26,644,105
2,871,738
3,193,537

201405310511(201405310511)
2,579,337
2,579,337
26,644,105
2,873,748
3,209,921

201405310520(201405310520)
2,587,765
6,839,642
26,644,105
2,875,831
3,213,917

201405310522(201405310522)
2,587,765
6,839,642
26,644,105
2,875,831
3,213,917

201405310530(201405310530)
2,591,399
6,839,642
26,644,105
2,875,831
3,225,700

201405310557(201405310557)
2,613,794
6,853,499
26,644,105
2,897,334
3,261,850

201405310606(201405310606)
2,614,244
6,853,499
26,682,989
2,911,445
3,271,839

201405310609(201405310609)
2,620,155
6,892,883
26,682,989
2,911,445
3,272,946

201405310610(201405310610)
2,620,155
6,892,883
26,682,989
2,912,818
3,273,666

201405310611(201405310611)
2,620,377
6,906,187
26,682,989
2,912,818
3,273,666

201405310612(201405310612)
2,620,377
6,906,187
26,682,989
2,912,818
3,273,666

201405310619(201405310619)
2,620,377
6,906,187
26,682,989
2,931,508
3,275,284

201405310620(201405310620)
2,620,377
6,924,674
26,682,989
2,931,508
3,275,284

201405310621(201405310621)
2,620,377
6,924,674
26,682,989
2,931,508
3,276,297

201405310622(201405310622)
2,620,377
6,924,674
26,682,989
2,934,905
3,276,297

201405310629(201405310629)
2,625,494
6,924,674
26,682,989
2,935,611
3,281,121

201405310630(201405310630)
2,626,399
6,924,674
26,682,989
2,935,611
3,284,345

201405310631(201405310631)
2,626,399
6,924,674
26,682,989
2,935,611
3,284,345

201405310632(201405310632)
2,626,411
6,924,674
26,682,989
2,935,611
3,284,345

201405310639(201405310639)
2,631,462
6,924,674
26,682,989
2,956,324
3,284,345

201405310640(201405310640)
2,631,598
6,924,674
26,682,989
2,956,324
3,284,345

201405310641(201405310641)
2,631,598
6,924,674
26,682,989
2,957,280
3,291,490

201405310642(201405310642)
2,631,598
6,924,674
26,682,989
2,957,280
3,296,109

201405310649(201405310649)
2,640,479
7,001,847
26,682,989
2,958,340
3,301,965

201405310650(201405310650)
2,640,479
7,001,847
26,682,989
2,958,340
3,301,965

201405310651(201405310651)
2,640,776
7,001,847
26,682,989
2,958,340
3,301,965

201405310652(201405310652)
2,641,678
7,027,870
26,712,386
2,963,133
3,301,965

201405310659(201405310659)
2,661,560
7,045,560
27,028,748
2,966,994
3,312,165

201405310700(201405310700)
2,661,560
7,045,560
27,044,434
2,966,994
3,312,165

201405310701(201405310701)
2,661,560
7,045,560
27,114,584
2,966,994
3,312,165

201405310702(201405310702)
2,661,560
7,045,560
27,114,584
2,966,994
3,312,165

201405310709(201405310709)
2,675,009
7,064,347
27,114,584
2,974,456
3,312,436

201405310710(201405310710)
2,675,009
7,064,347
27,114,584
2,977,514
3,312,436

201405310711(201405310711)
2,675,009
7,064,347
27,114,584
2,978,911
3,312,436

201405310712(201405310712)
2,675,009
7,064,347
27,114,584
2,978,911
3,312,436

201405310720(201405310720)
2,675,009
7,064,347
27,114,584
2,978,911
3,312,436

201405310721(201405310721)
2,690,904
7,064,347
27,135,726
2,990,831
3,315,778

201405310722(201405310722)
2,697,623
7,078,010
27,135,726
2,993,436
3,315,778

201405310729(201405310729)
2,706,260
7,091,437
27,135,726
2,999,155
3,331,280

201405310730(201405310730)
2,706,260
7,091,437
27,135,726
2,999,155
3,331,280

201405310731(201405310731)
2,706,260
7,091,437
27,211,242
3,000,169
3,331,280

201405310732(201405310732)
2,706,260
7,091,437
27,211,242
3,000,169
3,331,280

201405310740(201405310740)
2,706,260
7,091,437
27,211,242
3,000,169
3,331,280

201405310740(201405310740)
2,706,260
7,091,437
27,211,242
3,000,169
3,331,280

201405310741(201405310741)
2,706,260
7,091,437
27,211,242
3,000,169
3,331,280

201405310742(201405310742)
2,706,260
7,091,437
27,211,242
3,000,169
3,331,280
7,100,954
27,474,281
3,028,432
3,365,772

201405310750(201405310750)
2,713,593
7,100,954
27,474,281
3,028,432
3,365,772

201405310751(201405310751)
2,713,593
7,100,954
27,474,281
3,028,432
3,365,772
7,100,954
27,474,281
3,028,432
3,365,772

201405310752(201405310752)
2,713,593
7,100,954
27,474,281
3,028,432
3,365,772

201405310752(201405310752)
2,725,538
7,118,338
27,474,281
3,030,112
3,381,793

201405310759(201405310759)
2,725,834
7,126,322
27,474,281
3,039,076
3,391,593

201405310800(201405310800)
2,725,834
7,136,118
27,474,281
3,039,076
3,396,559

201405310801(201405310801)
2,725,834
7,136,118
27,474,281
3,039,076
3,396,905

201405310802(201405310802)
2,725,834
7,138,239
27,474,281
3,040,772
3,399,037

201405310809(201405310809)
2,739,198
7,162,079
27,937,889
3,048,142
3,416,092

201405310810(201405310810)
2,753,499
7,162,079
27,937,889
3,048,142
3,416,092

201405310811(201405310811)
2,753,499
7,162,079
27,937,889
3,050,206
3,421,369

201405310812(201405310812)
2,754,000
7,162,079
27,937,889
3,050,206
3,425,504

201405310820(201405310820)
2,754,000
7,162,079
27,937,889
3,050,206
3,425,504

201405310821(201405310821)
2,754,000
7,162,079
27,937,889
3,050,206
3,425,504

201405310822(201405310822)
2,754,000
7,162,079
27,937,889
3,050,206
3,425,504

201405310823(201405310823)
2,754,000
7,162,079
27,937,889
3,050,206
3,425,504
2,754,000
7,162,079
27,937,889
3,050,206
3,425,504

201405310830(201405310830)
2,754,000
7,162,079
27,937,889
3,050,206
3,425,504
2,754,000
7,162,079
27,937,889
3,050,206
3,425,504
7,162,079
27,937,889
3,050,206
3,425,504

201405310831(201405310831)
2,754,000
7,162,079
27,937,889
3,050,206
3,425,504
2,754,000
7,162,079
27,937,889
3,050,206
3,425,504
7,162,079
27,937,889
3,050,206
3,425,504
2,754,000
2,754,000
3,050,206
3,425,504

201405310833(201405310833)
2,754,000
7,162,079
27,937,889
3,050,206
3,425,504
2,754,000
7,162,079
27,937,889
3,050,206
3,425,504
7,162,079
27,937,889
3,050,206
3,425,504
2,754,000
2,754,000
3,050,206
3,425,504
7,162,079
27,937,889
3,050,206
3,425,504

201405310834(201405310834)
2,754,000
7,162,079
27,937,889
3,050,206
3,425,504

201405310840(201405310840)
2,754,000
7,162,079
27,937,889
3,050,206
3,425,504

201405310841(201405310841)
2,754,000
7,162,079
27,937,889
3,050,206
3,425,504

201405310841(201405310841)
2,796,887
28,429,460
3,096,196
3,096,196

201405310842(201405310842)
2,797,468
7,230,216
28,429,460
3,096,196
3,473,313

201405310849(201405310849)
2,801,245
7,238,118
28,534,603
3,118,820
3,479,293

201405310850(201405310850)
2,801,579
7,241,160
28,534,603
3,118,820
3,479,293

201405310851(201405310851)
2,801,579
28,534,603
3,118,820
3,479,293

201405310852(201405310852)
2,801,579
7,242,343
28,534,603
3,118,820
3,479,293

201405310900(201405310900)
2,801,579
7,242,343
28,534,603
3,118,820
3,479,293
7,242,343
28,534,603
3,118,820
3,479,293

201405310901(201405310901)
2,801,579
7,242,343
28,534,603
3,118,820
3,479,293
7,242,343
28,534,603
3,118,820
3,479,293
7,242,343
28,534,603
3,118,820
3,479,293

201405310902(201405310902)
2,802,365
7,242,343
28,639,083
3,143,831
3,490,816

201405310902(201405310902)
2,802,365
7,260,269
28,640,419
3,147,946
3,490,816

201405310909(201405310909)
2,822,019
7,323,054
28,660,052
3,164,711
3,494,873

201405310910(201405310910)
2,824,485
7,323,054
28,660,052
3,166,920
3,494,873

201405310911(201405310911)
2,824,485
7,323,054
28,660,052
3,166,920
3,497,044

201405310912(201405310912)
2,826,293
7,371,892
28,660,052
3,166,920
3,501,382

201405310919(201405310919)
2,830,223
7,381,409
28,660,052
3,170,674
3,510,231

201405310920(201405310920)
2,830,223
7,381,409
28,660,052
3,172,995
3,510,231

201405310921(201405310921)
2,830,223
7,381,409
28,660,052
3,172,995
3,513,403

201405310922(201405310922)
2,832,024
7,381,409
28,660,052
3,177,094
3,517,228

201405310930(201405310930)
2,832,024
7,381,409
28,660,052
3,177,094
3,517,228

201405310931(201405310931)
2,832,024
7,381,409
28,660,052
3,177,094
3,517,228
7,381,409
28,660,052
3,177,094
3,517,228

201405310932(201405310932)
2,832,024
7,381,409
28,660,052
3,177,094
3,517,228
7,381,409
28,660,052
3,177,094
3,517,228
7,381,409
28,660,052
3,177,094
3,517,228

201405310934(201405310934)
2,832,024
7,381,409
28,660,052
3,177,094
3,517,228
7,381,409
28,660,052
3,177,094
3,517,228
7,381,409
28,660,052
3,177,094
3,517,228
7,381,409
28,660,052
3,517,228

201405310940(201405310940)
2,832,024
7,381,409
28,660,052
3,177,094
3,517,228
7,381,409
28,660,052
3,177,094
3,517,228
7,381,409
28,660,052
3,177,094
3,517,228
7,381,409
28,660,052
3,517,228
7,381,409
28,660,052
3,177,094
3,517,228

201405310941(201405310941)
2,832,024
7,381,409
28,660,052
3,177,094
3,517,228

201405310942(201405310942)
2,832,024
7,381,409
28,660,052
3,177,094
3,517,228

201405310943(201405310943)
2,832,024
7,381,409
28,660,052
3,177,094
3,517,228

201405310951(201405310951)
2,832,024
7,381,409
28,660,052
3,177,094
3,517,228
7,381,409
7,381,409
7,381,409

201405310955(201405310955)
2,832,024
7,381,409
28,660,052
3,177,094
3,517,228
7,381,409
7,381,409
7,381,409
3,177,094

201405310959(201405310959)
2,832,024
7,381,409
28,660,052
3,177,094
3,517,228
7,381,409
7,381,409
7,381,409
3,177,094
7,381,409
28,660,052
3,177,094
7,381,409
28,660,052
3,177,094
3,517,228

201405311000(201405311000)
2,832,024
7,381,409
28,660,052
3,177,094
3,517,228
7,381,409
7,381,409
7,381,409
3,177,094
7,381,409
28,660,052
3,177,094
7,381,409
28,660,052
3,177,094
3,517,228
7,381,409
28,660,052
3,177,094
3,517,228

201405311002(201405311002)
2,832,024
7,381,409
28,660,052
3,177,094
3,517,228
7,381,409
7,381,409
7,381,409
3,177,094
7,381,409
28,660,052
3,177,094
7,381,409
28,660,052
3,177,094
3,517,228
7,381,409
28,660,052
3,177,094
3,517,228
2,832,024
29,174,603
3,239,575
3,565,993

201405311003(201405311003)
2,880,941
7,582,768
29,174,603
3,239,575
3,565,993

201405311004(201405311004)
2,880,941
7,582,768
29,174,603
3,239,575
3,565,993

201405311010(201405311010)
2,880,941
7,582,768
29,174,603
3,239,575
3,565,993

201405311011(201405311011)
2,880,941
7,582,768
29,174,603
3,239,575
3,565,993
7,582,768
7,582,768
7,582,768
7,582,768

201405311012(201405311012)
2,893,515
7,609,731
29,285,163
3,270,351
3,594,267

201405311013(201405311013)
2,893,515
7,609,731
29,285,163
3,270,351
3,594,267
7,633,565
29,285,163
3,272,946
3,602,968

201405311019(201405311019)
2,893,515
7,609,731
29,285,163
3,270,351
3,594,267
7,633,565
29,285,163
3,272,946
3,602,968
7,633,565
29,285,163
3,272,946
3,602,968

201405311020(201405311020)
2,893,515
7,609,731
29,285,163
3,270,351
3,594,267
7,633,565
29,285,163
3,272,946
3,602,968
7,633,565
29,285,163
3,272,946
3,602,968
7,633,565
29,285,163
3,272,946
3,602,968

201405311021(201405311021)
2,908,563
7,633,565
29,285,163
3,272,946
3,602,968

201405311023(201405311023)
2,908,563
7,633,565
29,285,163
3,272,946
3,602,968
29,285,163
3,281,325
3,639,574

201405311030(201405311030)
2,931,683
7,675,441
29,285,163
3,639,574

201405311033(201405311033)
2,931,683
7,675,441
29,285,163
3,639,574
3,639,574

201405311034(201405311034)
2,931,683
7,675,441
29,285,163
3,639,574
3,639,574
7,675,441
29,285,163
3,281,325
3,639,574

201405311036(201405311036)
2,931,683
7,675,441
29,285,163
3,639,574
3,639,574
7,675,441
29,285,163
3,281,325
3,639,574
7,675,441
29,285,163
3,281,325
3,639,574

201405311040(201405311040)
2,931,683
7,675,441
29,285,163
3,639,574
3,639,574
7,675,441
29,285,163
3,281,325
3,639,574
7,675,441
29,285,163
3,281,325
3,639,574
7,675,441
29,285,163
3,281,325
3,639,574

201405311042(201405311042)
2,931,683
7,675,441
29,285,163
3,281,325
3,639,574

201405311043(201405311043)
2,931,683
7,675,441
29,285,163
3,281,325
3,639,574
7,675,441
29,285,163
3,281,325
3,639,574

201405311044(201405311044)
2,931,683
7,675,441
29,285,163
3,281,325
3,639,574
7,675,441
29,285,163
3,281,325
3,639,574
7,675,441
29,285,163
3,281,325
3,639,574

201405311054(201405311054)
2,931,683
2,931,683
3,281,325

201405311055(201405311055)
2,931,683
2,931,683
3,281,325
7,675,441
29,285,163
3,281,325
3,639,574

201405311056(201405311056)
2,931,683
7,675,441
29,285,163
3,281,325
3,639,574

201405311058(201405311058)
2,931,683
7,675,441
29,285,163
3,281,325
3,639,574
7,675,441
29,285,163
3,281,325
3,639,574

201405311101(201405311101)
2,931,683
7,675,441
29,285,163
3,281,325
3,639,574
7,675,441
29,285,163
3,281,325
3,639,574
29,285,163
3,281,325
3,639,574

201405311103(201405311103)
7,675,441
29,285,163
3,281,325
3,639,574

201405311104(201405311104)
3,371,948
3,731,245

201405311104(201405311104)
7,838,280
30,022,289
3,371,948
3,731,245

201405311109(201405311109)
3,025,465
7,838,280
30,022,289
3,371,948
3,731,245

201405311111(201405311111)
3,025,465
7,838,280
30,022,289
3,371,948
3,731,245
7,841,300
30,023,489
3,382,854
3,775,496

201405311112(201405311112)
3,025,465
7,841,300
30,025,845
3,384,354
3,775,496

201405311113(201405311113)
3,025,465
7,841,300
30,025,845
3,384,354
3,775,496

201405311119(201405311119)
3,025,465
7,841,300
30,025,845
3,384,354
3,775,496

201405311121(201405311121)
3,025,465
7,841,300
30,025,845
3,384,354
3,775,496
3,025,465
30,162,766
3,414,675
3,798,944

201405311122(201405311122)
3,069,342
7,877,805
30,162,766
3,414,675
3,798,944

201405311123(201405311123)
3,069,342
7,877,805
30,162,766
3,414,675
3,798,944
30,397,235
3,430,685
3,804,652

201405311130(201405311130)
3,069,342
7,945,285
30,397,235
3,430,685
3,804,652

201405311131(201405311131)
3,069,342
7,945,285
30,397,235
3,430,685
3,804,652
7,945,285
30,397,235
3,430,685
3,804,652

201405311132(201405311132)
3,069,342
7,945,285
30,397,235
3,430,685
3,804,652
7,945,285
30,397,235
3,430,685
3,804,652
3,069,342
30,397,235
3,430,685
3,804,652

201405311134(201405311134)
3,069,342
7,945,285
30,397,235
3,430,685
3,804,652
7,945,285
30,397,235
3,430,685
3,804,652
3,069,342
30,397,235
3,430,685
3,804,652
7,945,285
30,397,235
3,430,685
3,804,652

201405311140(201405311140)
3,069,342
7,945,285
30,397,235
3,430,685
3,804,652
7,945,285
30,397,235
3,430,685
3,804,652
3,069,342
30,397,235
3,430,685
3,804,652
7,945,285
30,397,235
3,430,685
3,804,652
7,945,285
30,397,235
3,430,685
3,804,652

201405311141(201405311141)
3,069,342
7,945,285
30,397,235
3,430,685
3,804,652

201405311142(201405311142)
3,069,342
7,945,285
30,397,235
3,430,685
3,804,652
30,397,235
3,430,685
3,804,652

201405311143(201405311143)
3,069,342
7,945,285
30,397,235
3,430,685
3,804,652

201405311150(201405311150)
3,069,342
7,945,285
30,397,235
3,430,685
3,804,652
3,069,342
7,945,285
30,397,235
3,430,685
3,804,652

201405311153(201405311153)
3,069,342
7,945,285
30,397,235
3,430,685
3,804,652

201405311154(201405311154)
3,069,342
7,945,285
30,397,235
3,430,685
3,804,652
3,869,733

201405311159(201405311159)
3,122,060
8,176,061
30,581,928
3,500,885
3,869,733

201405311200(201405311200)
3,122,060
8,176,061
30,581,928
3,500,885
3,869,733

201405311202(201405311202)
3,122,060
8,176,061
30,581,928
3,500,885
3,869,733
8,176,061
30,581,928
30,581,928
30,581,928

201405311203(201405311203)
3,122,060
8,176,061
30,581,928
3,500,885
3,869,733
8,176,061
30,581,928
30,581,928
30,581,928
8,179,303
30,581,928
3,529,557
3,911,021

201405311209(201405311209)
3,140,277
8,179,303
30,581,928
3,543,281
3,930,306

201405311210(201405311210)
3,140,927
8,179,303
30,581,928
3,543,281
3,932,208

201405311211(201405311211)
3,140,927
8,183,091
30,581,928
3,543,281
3,932,208

201405311212(201405311212)
3,142,588
8,183,091
30,581,928
3,543,281
3,932,834

201405311219(201405311219)
3,160,378
8,235,800
30,680,660
3,546,820
3,956,236

201405311220(201405311220)
3,160,378
8,256,096
30,680,660
3,546,820
3,958,295

201405311221(201405311221)
3,160,378
8,283,413
30,680,660
3,550,715
3,958,295

201405311222(201405311222)
3,163,822
8,283,413
30,680,660
3,553,007
3,961,542

201405311229(201405311229)
3,172,995
8,299,518
30,680,660
3,568,050
3,983,503

201405311230(201405311230)
3,199,716
8,299,518
30,680,660
3,568,967
3,983,503

201405311231(201405311231)
3,199,716
8,299,518
30,702,569
3,572,112
3,986,393

201405311232(201405311232)
3,202,733
8,299,518
30,754,003
3,578,365
3,993,499

201405311239(201405311239)
3,218,713
8,347,355
30,769,624
3,609,372
4,003,357

201405311240(201405311240)
3,218,713
8,347,355
30,769,624
3,612,336
4,006,185

201405311241(201405311241)
3,219,991
8,347,355
30,769,624
3,623,672
4,006,185

201405311242(201405311242)
3,219,991
8,347,355
30,769,624
3,623,672
4,006,185

201405311249(201405311249)
3,224,402
8,384,364
30,793,843
3,632,680
4,024,504

201405311250(201405311250)
3,224,402
8,384,364
30,793,843
3,632,680
4,024,504
3,240,409
8,393,998
30,793,843
3,632,680
4,031,916

201405311251(201405311251)
3,246,352
8,393,998
30,832,539
3,632,680
4,035,490

201405311252(201405311252)
3,246,352
8,393,998
31,075,692
3,632,680
4,035,490

201405311259(201405311259)
3,256,533
8,401,009
31,195,695
3,658,191
4,046,465

201405311300(201405311300)
3,256,533
8,401,009
31,554,216
3,658,191
4,058,074

201405311301(201405311301)
3,256,533
8,401,009
31,554,216
3,658,191
4,069,426

201405311302(201405311302)
3,256,533
8,401,009
31,554,216
3,658,191
4,069,426

201405311309(201405311309)
3,275,171
8,456,662
31,554,216
3,705,124
4,103,832

201405311310(201405311310)
3,275,171
8,456,662
31,554,216
3,705,124
4,114,386

201405311311(201405311311)
3,275,171
8,496,543
31,554,216
3,706,276
4,114,386

201405311312(201405311312)
3,275,171
8,554,931
31,554,216
3,706,276
4,114,386

201405311319(201405311319)
3,305,879
8,600,033
31,554,216
3,707,408
4,146,359

201405311320(201405311320)
3,305,879
8,638,727
31,554,216
3,714,982
4,149,248

201405311321(201405311321)
3,305,879
8,659,734
31,554,216
3,718,727
4,164,253

201405311322(201405311322)
3,305,879
8,659,734
31,554,216
3,720,923
4,164,253

201405311329(201405311329)
3,322,614
8,695,293
31,554,216
3,726,805
4,208,917

201405311330(201405311330)
3,325,309
8,699,510
31,554,216
3,726,805
4,208,917

201405311331(201405311331)
3,325,309
8,699,510
31,554,216
3,731,951
4,208,917

201405311332(201405311332)
3,334,398
8,699,510
31,693,905
3,731,951
4,208,979

201405311339(201405311339)
3,369,545
8,752,169
31,818,796
3,750,009
4,219,927

201405311340(201405311340)
3,369,545
8,752,169
31,877,644
3,751,774
4,219,927

201405311341(201405311341)
3,373,818
8,752,169
31,984,677
3,754,445
4,219,927

201405311342(201405311342)
3,373,818
8,752,169
31,984,817
3,755,170
4,219,927

201405311349(201405311349)
3,384,795
8,777,557
31,984,817
3,764,340
4,240,242

201405311350(201405311350)
3,384,795
8,777,557
31,984,817
3,764,340
4,240,242

201405311351(201405311351)
3,384,795
8,777,557
31,984,817
3,764,340
4,242,866

201405311352(201405311352)
3,385,679
8,777,557
31,984,817
3,764,340
4,242,866

201405311359(201405311359)
3,385,679
8,777,557
31,984,817
3,764,340
4,242,866

201405311400(201405311400)
3,402,360
8,783,732
31,984,817
3,764,340
4,265,610

201405311401(201405311401)
3,402,360
8,783,732
31,984,817
3,764,340
4,265,610
8,783,732
32,069,839
3,764,340
4,265,610

201405311402(201405311402)
3,424,100
8,783,732
32,069,839
3,777,205
4,267,361

201405311409(201405311409)
3,424,100
8,783,732
32,069,839
3,777,205
4,267,361

201405311410(201405311410)
3,425,396
8,793,124
32,167,992
3,789,862
4,268,586

201405311411(201405311411)
3,427,670
8,793,124
32,167,992
3,789,862
4,268,586

201405311412(201405311412)
3,430,051
8,804,483
32,167,992
3,789,862
4,268,586

201405311419(201405311419)
3,432,695
8,822,471
32,244,568
3,798,235
4,277,823

201405311420(201405311420)
3,432,695
8,822,471
32,244,568
3,798,235
4,279,320

201405311421(201405311421)
3,433,673
8,822,471
32,244,568
3,804,652
4,279,320

201405311422(201405311422)
3,433,673
8,822,471
32,244,568
3,808,135
4,281,906

201405311429(201405311429)
3,433,673
8,822,471
32,244,568
3,808,135
4,281,906

201405311430(201405311430)
3,446,838
8,852,899
32,253,404
3,818,499
4,298,237

201405311431(201405311431)
3,446,838
8,852,899
32,253,404
3,818,499
4,298,555

201405311432(201405311432)
3,446,838
8,852,899
32,253,404
3,818,526
4,298,555

201405311439(201405311439)
3,479,380
8,907,095
32,260,202
3,824,505
4,325,318

201405311440(201405311440)
3,483,608
8,907,095
32,260,202
3,824,505
4,329,740

201405311441(201405311441)
3,483,608
8,907,095
32,260,202
3,824,505
4,329,740

201405311442(201405311442)
3,483,608
8,907,095
32,260,202
3,824,505
4,329,740

201405311449(201405311449)
3,495,051
8,933,035
32,509,940
3,854,562
4,335,464

201405311450(201405311450)
3,495,051
8,933,035
32,509,940
3,855,391
4,335,464

201405311451(201405311451)
3,495,051
8,933,035
32,509,940
3,855,391
4,335,464
8,933,035
32,509,940
3,855,391
4,336,461

201405311452(201405311452)
3,495,051
8,933,035
32,509,940
3,855,391
4,335,464
8,933,035
32,509,940
3,855,391
4,336,461
3,495,051
8,933,035
32,509,940
3,855,391
4,336,461

201405311459(201405311459)
3,495,051
8,933,035
32,509,940
3,855,391
4,336,461

201405311500(201405311500)
3,501,382
9,024,332
32,585,700
3,867,896
4,342,266

201405311501(201405311501)
3,501,382
9,024,332
32,585,700
3,867,896
4,342,266
3,501,382
9,024,332
32,585,700
3,867,896
4,345,638

201405311502(201405311502)
3,501,935
9,024,332
32,585,700
3,867,896
4,345,638

201405311509(201405311509)
3,501,935
9,024,332
32,585,700
3,867,896
4,345,638

201405311510(201405311510)
3,530,565
9,068,849
32,912,888
3,886,280
4,383,683

201405311511(201405311511)
3,530,565
9,068,849
32,912,888
3,886,280
4,388,878

201405311512(201405311512)
3,530,565
9,068,985
32,912,888
3,886,280
4,403,312

201405311519(201405311519)
3,530,565
9,068,985
32,912,888
3,886,280
4,403,312
9,071,666
33,367,150
3,890,778
4,413,312

201405311520(201405311520)
3,540,229
9,071,666
33,367,150
3,893,055
4,413,312

201405311521(201405311521)
3,540,229
9,071,666
33,367,150
3,893,055
4,413,312

201405311522(201405311522)
3,540,229
9,071,666
33,367,150
3,894,490
4,413,312

201405311529(201405311529)
3,578,764
9,100,051
33,367,150
3,899,305
4,413,312

201405311530(201405311530)
3,578,764
9,100,051
33,367,150
3,905,295
4,413,312

201405311531(201405311531)
3,578,764
9,100,548
33,367,150
3,909,639
4,413,312

201405311532(201405311532)
3,578,764
9,100,548
33,367,150
3,909,639
4,415,656

201405311539(201405311539)
3,580,578
9,120,707
33,379,064
3,915,825
4,418,559

201405311540(201405311540)
3,584,903
9,120,707
33,379,064
3,929,539
4,418,559

201405311541(201405311541)
3,584,903
9,120,707
33,379,064
3,929,539
4,418,559

201405311542(201405311542)
3,584,903
9,120,707
33,434,344
3,933,078
4,418,559

201405311549(201405311549)
3,584,903
9,120,707
33,434,344
3,933,078
4,418,559
9,166,820
33,434,344
3,959,916
4,433,028
























201405311651(201405311651)
3,697,469
9,548,796
34,078,986
4,082,875
4,530,715

201405311652(201405311652)
3,697,469
9,551,999
34,078,986
4,082,875

201405311659(201405311659)
3,707,760
9,602,488
34,144,170
4,097,920

201405311700(201405311700)
3,707,760
9,602,488
34,161,868
4,118,355

201405311701(201405311701)
3,711,425
9,602,488
34,161,868
4,118,355

201405311702(201405311702)
3,711,503
9,602,488
34,161,868
4,118,355

201405311709(201405311709)
3,731,951
9,632,380
34,243,973
4,147,726

201405311710(201405311710)
3,731,951
9,632,380
34,285,677
4,147,726

201405311711(201405311711)
3,731,951
9,641,671
34,285,677
4,147,726

201405311712(201405311712)
3,735,819
9,641,671
34,316,081
4,147,726

201405311719(201405311719)
3,743,776
9,651,025
34,316,625
4,152,508

201405311720(201405311720)
3,743,776
9,651,025
34,316,625
4,164,250

201405311721(201405311721)
3,743,776
9,651,025
34,316,625
4,164,250

201405311722(201405311722)
3,743,776
9,711,188
34,452,674
4,172,881

201405311729(201405311729)
3,760,582
9,850,248
34,458,479
4,176,520

201405311730(201405311730)
3,763,099
9,857,588
34,458,479
4,180,447

201405311731(201405311731)
3,763,099
9,857,588
34,458,479
4,180,447

201405311732(201405311732)
3,764,144
9,857,588
34,458,479
4,180,447

201405311739(201405311739)
3,792,794
9,857,588
34,512,172
4,208,917

201405311740(201405311740)
3,792,794
9,857,588
34,512,172
4,208,917

201405311741(201405311741)
3,803,466
9,888,593
34,512,172
4,212,061

201405311742(201405311742)
3,803,466
9,914,194
34,512,172
4,220,272

201405311749(201405311749)
3,818,526
9,914,194
34,613,800
4,231,364

201405311750(201405311750)
3,819,959
9,914,194
34,613,800
4,231,364

201405311751(201405311751)
3,819,959
9,914,194
34,825,107
4,231,364

201405311752(201405311752)
3,819,959
9,914,194
34,921,906
4,231,364

201405311759(201405311759)
3,840,397
9,914,194
35,096,722
4,235,075

201405311800(201405311800)
3,840,547
9,914,194
35,096,722
4,235,075

201405311801(201405311801)
3,849,197
9,914,194
35,096,722
4,242,204

201405311802(201405311802)
3,849,986
9,914,194
35,096,722
4,242,204

201405311809(201405311809)
3,860,393
9,914,194
35,223,072
4,265,610

201405311810(201405311810)
3,861,762
9,914,194
35,223,072
4,266,931

201405311811(201405311811)
3,871,529
9,914,194
35,223,072
4,267,361

201405311812(201405311812)
3,871,529
9,919,441
35,223,072
4,272,445

201405311819(201405311819)
3,883,219
9,980,001
35,223,072
4,287,798

201405311820(201405311820)
3,883,219
9,980,001
35,223,072
4,290,889

201405311821(201405311821)
3,883,219
9,980,001
35,223,072
4,291,401

201405311822(201405311822)
3,886,668
9,980,001
35,223,072
4,291,401

201405311829(201405311829)
3,890,919
9,980,001
35,223,072
4,336,331

201405311830(201405311830)
3,890,919
10,002,021
35,626,965
4,336,383

201405311831(201405311831)
3,890,919
10,002,021
35,650,157
4,336,461

201405311832(201405311832)
3,890,919
10,002,021
35,650,157
4,336,461

201405311839(201405311839)
3,894,609
10,034,337
35,690,492
4,342,218

201405311840(201405311840)
3,894,609
10,054,966
35,690,492
4,342,218

201405311841(201405311841)
3,895,112
10,054,966
35,690,492
4,342,218

201405311842(201405311842)
3,896,134
10,054,966
35,690,492
4,342,558

201405311849(201405311849)
3,906,721
10,054,966
35,782,868
4,359,807

201405311850(201405311850)
3,911,671
10,086,141
35,782,868
4,359,807

201405311851(201405311851)
3,911,671
10,099,491
35,782,868
4,359,807

201405311852(201405311852)
3,915,972
10,099,491
35,886,572
4,359,807

201405311859(201405311859)
3,927,225
10,100,033
35,886,572
4,394,651

201405311900(201405311900)
3,933,285
10,100,033
35,886,572
4,394,651

201405311901(201405311901)
3,936,842
10,100,033
35,905,258
4,394,651

201405311902(201405311902)
3,936,842
10,129,794
35,924,054
4,394,651

201405311909(201405311909)
3,953,717
10,154,934
35,933,002
4,421,917

201405311910(201405311910)
3,953,717
10,154,934
35,933,002
4,421,917

201405311911(201405311911)
3,955,192
10,154,934
35,933,002
4,421,917

201405311912(201405311912)
3,955,192
10,154,934
35,985,104
4,421,917

201405311919(201405311919)
3,969,300
10,186,858
36,087,662
4,434,667

201405311920(201405311920)
3,969,300
10,197,511
36,088,454
4,434,667

201405311921(201405311921)
3,969,300
10,197,511
36,088,454
4,439,488

201405311922(201405311922)
3,969,300
10,197,511
36,088,454
4,439,488

201405311929(201405311929)
4,018,796
10,263,918
36,093,465
4,453,177

201405311930(201405311930)
4,018,796
10,263,918
36,093,465
4,461,402

201405311931(201405311931)
4,018,796
10,263,918
36,093,465
4,461,402

201405311932(201405311932)
4,018,796
10,263,918
36,093,465
4,463,728

201405311939(201405311939)
4,036,079
10,322,296
36,263,890
4,493,843

201405311940(201405311940)
4,036,079
10,322,296
36,263,890
4,493,843

201405311941(201405311941)
4,039,897
10,346,145
36,263,890
4,496,363

201405311942(201405311942)
4,043,156
10,347,446
36,263,890
4,496,363

201405311949(201405311949)
4,051,232
10,362,092
36,263,890
4,511,294

201405311950(201405311950)
4,051,232
10,362,092
36,324,603
4,511,294

201405311951(201405311951)
4,053,707
10,362,092
36,464,212
4,515,762

201405311952(201405311952)
4,054,951
10,362,092
36,541,078
4,517,391

201405311959(201405311959)
4,061,387
10,403,153
36,732,930
4,528,296

201405312000(201405312000)
4,061,387
10,406,501
36,732,930
4,538,475

201405312001(201405312001)
4,061,387
10,406,501
36,732,930
4,545,365

201405312002(201405312002)
4,070,998
10,406,501
36,732,930
4,545,365

201405312009(201405312009)
4,093,012
10,434,269
36,733,134
4,577,457

201405312010(201405312010)
4,096,953
10,434,269
36,733,474
4,577,457

201405312011(201405312011)
4,096,953
10,434,269
36,733,474
4,578,604

201405312012(201405312012)
4,104,700
10,474,071
36,733,474
4,578,604

201405312019(201405312019)
4,132,313
10,487,185
36,931,080
4,594,430

201405312020(201405312020)
4,136,641
10,487,185
37,165,426
4,594,430

201405312021(201405312021)
4,136,641
10,490,328
37,165,426
4,596,490

201405312022(201405312022)
4,138,360
10,490,328
37,165,426
4,596,490

