201405291814(201405291814)
21,683
61,809
397,212
24,324
27,093

201405291815(201405291815)
22,425
66,130
411,954
25,064
28,280

201405291819(201405291819)
23,982
68,164
447,160
26,689
30,230

201405291820(201405291820)
24,576
69,615
455,545
27,217
30,931

201405291821(201405291821)
24,988
70,599
464,559
27,532
31,442

201405291822(201405291822)
25,180
72,006
464,782
28,145
31,971

201405291829(201405291829)
28,204
85,276
558,485
31,872
36,498

201405291830(201405291830)
28,893
85,511
559,157
32,459
37,248

201405291831(201405291831)
29,316
87,287
563,926
32,863
37,742

201405291832(201405291832)
29,995
88,915
570,966
33,473
38,396

201405291839(201405291839)
33,544
96,923
674,518
37,869
43,156

201405291840(201405291840)
34,185
98,326
701,564
38,458
43,630

201405291841(201405291841)
34,656
100,846
714,132
39,115
44,214

201405291842(201405291842)
35,268
103,982
717,422
40,052
44,958

201405291849(201405291849)
39,784
116,882
857,801
44,061
49,456

201405291850(201405291850)
40,249
118,887
862,071
44,462
50,202

201405291851(201405291851)
40,600
120,297
862,071
45,032
50,846

201405291852(201405291852)
41,568
122,430
872,616
46,080
52,116

201405291859(201405291859)
44,360
138,040
928,533
50,277
56,836

201405291900(201405291900)
44,878
140,079
932,088
51,114
57,166

201405291901(201405291901)
45,990
141,157
932,153
51,550
57,877

201405291902(201405291902)
46,317
142,619
935,624
52,169
58,495

201405291909(201405291909)
51,490
157,075
1,021,589
56,917
64,567

201405291910(201405291910)
51,860
157,996
1,028,597
57,932
65,533

201405291911(201405291911)
52,426
160,419
1,042,998
58,598
66,434

201405291912(201405291912)
52,865
162,796
1,046,204
59,538
67,307

201405291919(201405291919)
57,166
175,792
1,116,371
64,973
72,256

201405291920(201405291920)
57,877
178,005
1,122,656
65,656
73,577

201405291921(201405291921)
59,143
184,899
1,131,591
66,006
74,273

201405291922(201405291922)
59,842
187,204
1,172,690
66,434
74,671

201405291929(201405291929)
64,415
202,108
1,228,845
70,354
80,805

201405291930(201405291930)
65,046
202,968
1,292,103
71,773
81,325

201405291931(201405291931)
65,864
204,555
1,292,103
73,018
82,102

201405291932(201405291932)
66,248
207,045
1,292,103
73,740
82,433

201405291939(201405291939)
70,878
225,165
1,431,417
79,856
89,818

201405291940(201405291940)
71,379
226,115
1,432,950
80,395
90,872

201405291941(201405291941)
71,773
226,873
1,439,872
81,078
91,395

201405291942(201405291942)
72,446
228,134
1,441,750
81,293
92,410

201405291949(201405291949)
78,464
239,584
1,509,134
88,345
98,838

201405291950(201405291950)
78,737
240,945
1,520,139
89,704
100,021

201405291951(201405291951)
79,224
245,246
1,522,856
89,910
100,740

201405291952(201405291952)
79,782
249,148
1,580,853
90,312
101,446

201405291959(201405291959)
85,969
272,227
1,669,600
96,441
110,363

201405292000(201405292000)
87,240
274,193
1,671,958
97,335
110,776

201405292001(201405292001)
87,855
276,226
1,699,221
99,164
112,258

201405292002(201405292002)
88,288
278,628
1,733,723
99,718
113,342

201405292009(201405292009)
94,625
303,995
1,763,363
106,750
119,866

201405292010(201405292010)
94,806
305,733
1,768,654
108,178
120,994

201405292011(201405292011)
95,484
305,733
1,840,569
109,365
121,901

201405292012(201405292012)
96,276
308,734
1,840,569
110,167
122,710

201405292019(201405292019)
103,082
326,459
1,980,426
117,376
133,788

201405292020(201405292020)
103,575
327,631
1,980,426
118,009
135,485

201405292021(201405292021)
104,496
331,163
1,988,801
118,831
135,601

201405292022(201405292022)
105,763
331,916
1,994,484
119,707
136,946

201405292029(201405292029)
114,002
350,153
2,148,173
127,484
146,514

201405292030(201405292030)
114,722
353,772
2,152,902
130,131
148,310

201405292031(201405292031)
115,262
356,193
2,152,902
131,106
149,334

201405292032(201405292032)
116,483
356,193
2,171,151
132,239
150,836

201405292039(201405292039)
123,849
381,613
2,246,759
143,228
163,260

201405292040(201405292040)
124,953
382,827
2,246,759
144,460
164,488

201405292041(201405292041)
125,857
383,386
2,274,442
144,959
166,517

201405292042(201405292042)
127,277
383,640
2,275,872
145,871
166,586

201405292049(201405292049)
135,158
419,447
2,498,785
153,555
175,163

201405292050(201405292050)
135,485
425,127
2,498,785
154,639
176,178

201405292051(201405292051)
135,785
428,932
2,542,275
155,756
177,871

201405292052(201405292052)
138,368
431,181
2,542,275
157,107
179,482

201405292059(201405292059)
145,934
460,277
2,779,823
167,168
192,683

201405292100(201405292100)
146,749
460,902
2,832,368
167,893
194,016

201405292101(201405292101)
147,373
462,111
2,845,873
168,946
195,403

201405292102(201405292102)
147,641
466,552
2,845,873
169,403
196,657

201405292109(201405292109)
155,756
482,439
2,886,622
176,809
205,818

201405292110(201405292110)
155,890
487,807
2,904,106
177,496
207,614

201405292111(201405292111)
157,655
488,301
2,904,106
178,687
209,522

201405292112(201405292112)
158,910
490,230
2,904,310
180,317
210,537

201405292119(201405292119)
167,082
518,389
2,939,610
193,338
220,864

201405292120(201405292120)
168,735
518,389
2,939,610
194,728
222,328

201405292121(201405292121)
171,041
519,872
2,939,610
196,657
223,468

201405292122(201405292122)
172,295
519,872
2,939,610
198,088
225,163

201405292129(201405292129)
183,070
539,987
2,989,198
207,263
235,281

201405292130(201405292130)
184,268
547,502
3,008,885
210,262
237,629

201405292131(201405292131)
185,479
547,502
3,050,158
213,449
238,093

201405292132(201405292132)
186,624
549,114
3,052,800
214,984
240,516

201405292139(201405292139)
197,689
573,591
3,299,475
222,766
252,376

201405292140(201405292140)
199,538
577,754
3,314,660
223,869
253,871

201405292141(201405292141)
201,582
579,343
3,314,660
224,614
255,892

201405292142(201405292142)
202,906
580,614
3,314,660
225,693
256,004

201405292149(201405292149)
210,508
603,503
3,353,639
235,447
267,498

201405292150(201405292150)
211,579
603,503
3,353,639
237,662
268,959

201405292151(201405292151)
214,564
606,035
3,370,020
239,868
269,736

201405292152(201405292152)
215,576
612,845
3,370,020
240,884
270,709

201405292159(201405292159)
224,432
637,869
3,441,626
254,151
284,625

201405292200(201405292200)
229,476
645,977
3,466,966
256,504
286,436

201405292201(201405292201)
230,291
651,041
3,500,861
257,861
289,244

201405292202(201405292202)
231,300
651,041
3,500,861
259,188
291,463

201405292209(201405292209)
240,535
677,235
3,694,400
268,170
302,814

201405292210(201405292210)
240,706
682,889
3,730,635
269,598
304,705

201405292211(201405292211)
243,811
695,567
3,743,190
271,013
306,921

201405292212(201405292212)
245,211
699,515
3,752,170
272,836
307,248

201405292219(201405292219)
255,024
739,174
3,838,920
283,806
321,241

201405292220(201405292220)
256,032
742,644
3,838,920
286,149
323,691

201405292221(201405292221)
256,988
745,262
3,838,920
286,808
325,538

201405292222(201405292222)
258,663
747,033
3,838,920
287,933
326,137

201405292229(201405292229)
268,795
774,549
3,964,079
300,483
337,596

201405292230(201405292230)
270,709
779,184
3,964,079
302,809
338,965

201405292231(201405292231)
270,948
779,184
3,972,913
303,566
341,043

201405292232(201405292232)
271,592
781,398
4,031,753
304,614
344,318

201405292239(201405292239)
282,768
808,535
4,169,401
319,747
358,673

201405292240(201405292240)
284,005
817,035
4,185,087
320,448
359,870

201405292241(201405292241)
285,558
826,970
4,219,603
320,560
361,107

201405292242(201405292242)
288,732
827,965
4,219,603
322,779
362,031

201405292249(201405292249)
301,345
862,983
4,265,793
335,318
374,340

201405292250(201405292250)
302,809
867,315
4,324,297
338,135
378,588

201405292251(201405292251)
303,865
879,651
4,326,443
338,281
379,660

201405292252(201405292252)
306,408
889,202
4,357,153
341,314
384,726

201405292259(201405292259)
317,818
928,296
4,542,334
352,189
398,113

201405292300(201405292300)
319,514
928,599
4,542,334
354,738
399,653

201405292301(201405292301)
319,750
931,340
4,542,334
355,893
399,803

201405292302(201405292302)
321,500
934,179
4,610,207
362,098
401,249

201405292309(201405292309)
331,667
971,774
4,614,932
371,209
419,630

201405292310(201405292310)
332,753
971,774
4,614,932
374,035
422,036

201405292311(201405292311)
334,961
975,436
4,614,932
376,424
423,264

201405292312(201405292312)
335,902
978,040
4,614,932
377,201
425,176

201405292319(201405292319)
348,731
1,005,170
4,729,619
391,624
439,666

201405292320(201405292320)
350,233
1,006,560
4,830,892
392,752
441,542

201405292321(201405292321)
351,228
1,006,560
4,830,892
395,223
443,433

201405292322(201405292322)
351,370
1,019,462
4,857,772
395,954
446,904

201405292329(201405292329)
367,931
1,050,152
5,038,899
405,945
462,949

201405292330(201405292330)
369,732
1,052,680
5,087,012
409,152
465,305

201405292331(201405292331)
372,419
1,053,934
5,087,352
410,398
466,814

201405292332(201405292332)
373,504
1,057,466
5,150,387
415,832
467,571

201405292339(201405292339)
380,620
1,085,963
5,293,241
430,883
484,849

201405292340(201405292340)
382,322
1,092,593
5,293,241
435,127
486,090

201405292341(201405292341)
384,218
1,102,780
5,298,909
435,502
490,357

201405292342(201405292342)
384,782
1,104,317
5,298,909
437,065
493,104

201405292349(201405292349)
394,694
1,131,139
5,395,343
449,672
503,734

201405292350(201405292350)
395,223
1,135,127
5,395,343
450,465
505,594

201405292351(201405292351)
396,404
1,140,975
5,400,456
453,278
507,479

201405292352(201405292352)
397,209
1,152,353
5,400,456
454,822
510,967

201405292359(201405292359)
410,158
1,192,683
5,590,385
467,291
520,782

201405300000(201405300000)
414,496
1,195,140
5,635,650
468,291
524,488

201405300001(201405300001)
417,894
1,197,624
5,635,650
471,840
524,488

201405300002(201405300002)
418,630
1,197,624
5,635,650
473,102
527,547

201405300009(201405300009)
425,994
1,225,408
5,802,957
484,201
541,165

201405300010(201405300010)
428,362
1,228,494
5,802,957
487,477
541,694

201405300011(201405300011)
428,388
1,232,870
5,804,194
489,084
545,196

201405300012(201405300012)
430,186
1,240,509
5,842,338
489,084
545,877

201405300019(201405300019)
439,960
1,249,801
5,948,143
495,118
559,276

201405300020(201405300020)
440,318
1,257,370
6,021,950
496,317
559,510

201405300021(201405300021)
441,650
1,270,088
6,040,080
496,763
559,988

201405300022(201405300022)
443,189
1,270,088
6,044,598
497,166
561,168

201405300029(201405300029)
451,248
1,295,578
6,136,784
501,427
572,675

201405300030(201405300030)
454,232
1,296,426
6,136,784
504,055
576,697

201405300031(201405300031)
454,294
1,298,507
6,251,481
504,579
576,951

201405300032(201405300032)
455,573
1,299,756
6,277,661
505,900
578,545

201405300039(201405300039)
467,526
1,343,974
6,277,661
517,805
587,373

201405300040(201405300040)
475,299
1,345,704
6,277,661
520,492
590,645

201405300041(201405300041)
477,414
1,347,149
6,277,661
522,893
591,414

201405300042(201405300042)
478,215
1,347,457
6,282,832
527,311
594,192

201405300049(201405300049)
488,206
1,382,022
6,534,440
537,275
608,444

201405300050(201405300050)
488,319
1,382,943
6,534,440
540,030
608,802

201405300051(201405300051)
489,341
1,384,923
6,534,440
541,894
609,056

201405300052(201405300052)
490,230
1,401,465
6,534,440
543,849
611,924

201405300059(201405300059)
501,254
1,418,792
6,538,185
552,006
621,121

201405300100(201405300100)
501,402
1,418,926
6,538,185
557,947
622,487

201405300101(201405300101)
503,234
1,420,418
6,542,217
558,211
625,209

201405300102(201405300102)
504,615
1,425,314
6,542,217
558,928
627,830

201405300109(201405300109)
512,602
1,444,626
6,570,755
572,675
638,923

201405300110(201405300110)
514,765
1,444,626
6,570,755
573,364
639,112

201405300111(201405300111)
515,671
1,446,764
6,570,755
573,364
639,112

201405300112(201405300112)
517,005
1,460,093
6,570,755
573,364
640,159

201405300119(201405300119)
525,020
1,467,501
6,654,408
582,984
654,036

201405300120(201405300120)
525,863
1,467,551
6,654,408
586,148
654,036

201405300121(201405300121)
527,424
1,474,046
6,654,408
587,091
654,036

201405300122(201405300122)
528,298
1,481,108
6,654,408
590,645
654,036

201405300129(201405300129)
539,875
1,495,254
6,654,612
600,593
665,307

201405300130(201405300130)
539,875
1,524,195
6,654,612
603,183
665,506

201405300131(201405300131)
540,030
1,524,976
6,654,612
603,243
665,670

201405300132(201405300132)
541,302
1,528,133
6,654,612
604,627
667,406

201405300139(201405300139)
551,413
1,536,614
6,654,612
613,443
682,704

201405300140(201405300140)
551,413
1,543,655
6,654,612
613,443
683,221

201405300141(201405300141)
551,413
1,545,230
6,654,612
613,663
683,903

201405300142(201405300142)
553,595
1,547,659
6,790,472
614,462
683,903

201405300149(201405300149)
558,027
1,561,441
6,949,340
620,332
689,662

201405300150(201405300150)
558,211
1,561,876
6,949,421
621,030
691,703

201405300151(201405300151)
558,715
1,561,876
6,980,768
622,487
691,757

201405300152(201405300152)
558,715
1,564,892
6,980,768
622,487
693,947

201405300159(201405300159)
566,066
1,595,079
6,980,768
628,233
702,469

201405300200(201405300200)
566,202
1,597,681
6,980,768
628,249
702,469

201405300201(201405300201)
567,041
1,597,681
6,980,768
628,572
702,469

201405300202(201405300202)
567,975
1,597,681
6,980,768
628,572
703,582

201405300209(201405300209)
576,778
1,608,081
6,982,272
637,019
709,798

201405300210(201405300210)
578,369
1,616,677
6,982,704
637,703
712,510

201405300211(201405300211)
578,974
1,617,815
6,982,704
638,459
712,934

201405300212(201405300212)
578,974
1,617,815
6,983,044
639,112
712,934

201405300219(201405300219)
587,373
1,635,756
7,062,842
643,969
723,961

201405300220(201405300220)
587,461
1,635,756
7,062,842
645,977
727,749

201405300221(201405300221)
588,789
1,645,735
7,142,174
645,977
728,424

201405300222(201405300222)
591,414
1,645,735
7,142,174
646,085
728,468

201405300229(201405300229)
593,386
1,663,599
7,383,827
658,580
734,960

201405300230(201405300230)
593,670
1,663,703
7,383,827
661,480
735,402

201405300231(201405300231)
600,835
1,666,256
7,383,827
661,515
735,402

201405300232(201405300232)
600,835
1,666,256
7,383,827
662,046
738,042

201405300239(201405300239)
603,183
1,678,513
7,459,230
666,970
740,304

201405300240(201405300240)
603,431
1,678,513
7,459,230
666,970
745,626

201405300241(201405300241)
604,340
1,678,513
7,459,230
666,970
746,559

201405300242(201405300242)
604,340
1,678,513
7,459,230
667,688
746,559

201405300249(201405300249)
607,165
1,699,090
7,459,230
677,715
758,656

201405300250(201405300250)
607,165
1,699,154
7,459,230
677,715
761,460

201405300251(201405300251)
608,085
1,699,154
7,459,230
679,146
761,893

201405300252(201405300252)
608,222
1,699,333
7,459,230
679,872
762,878

201405300259(201405300259)
612,387
1,708,070
7,480,393
683,221
765,519

201405300300(201405300300)
612,387
1,708,070
7,480,393
683,492
766,060

201405300301(201405300301)
612,387
1,708,070
7,480,393
683,492
767,192

201405300302(201405300302)
612,845
1,708,070
7,480,393
683,492
767,464

201405300309(201405300309)
613,447
1,708,070
7,489,128
684,770
772,264

201405300310(201405300310)
613,447
1,712,696
7,601,791
685,858
772,604

201405300311(201405300311)
613,663
1,712,696
7,601,791
686,086
773,003

201405300312(201405300312)
614,462
1,712,696
7,601,791
686,086
773,003

201405300319(201405300319)
618,542
1,714,078
7,601,791
688,502
773,452

201405300320(201405300320)
618,542
1,714,078
7,601,791
688,502
774,631

201405300321(201405300321)
618,858
1,714,078
7,601,791
688,811
774,631

201405300322(201405300322)
618,858
1,714,078
7,601,791
689,240
774,631

201405300329(201405300329)
620,332
1,714,078
7,601,791
691,703
778,071

201405300330(201405300330)
620,332
1,714,078
7,601,791
691,757
778,071

201405300331(201405300331)
621,404
1,714,078
7,601,791
692,288
778,588

201405300332(201405300332)
622,349
1,714,078
7,601,791
692,288
778,588

201405300339(201405300339)
625,308
1,715,009
7,616,122
693,517
782,293

201405300340(201405300340)
625,308
1,715,009
7,616,122
693,517
782,293

201405300341(201405300341)
625,308
1,715,009
7,616,122
694,076
783,758

201405300342(201405300342)
625,308
1,715,009
7,616,122
694,076
783,758

201405300349(201405300349)
626,823
1,728,897
7,616,122
699,792
786,533

201405300350(201405300350)
627,445
1,728,897
7,616,122
699,792
786,533

201405300351(201405300351)
627,890
1,728,897
7,616,122
699,792
792,195

201405300352(201405300352)
627,890
1,728,897
7,616,122
699,792
792,195

201405300359(201405300359)
628,521
1,739,956
7,675,981
701,619
795,876

201405300400(201405300400)
628,521
1,739,956
7,675,981
701,698
795,876

201405300401(201405300401)
628,521
1,739,956
7,675,981
701,698
795,876

201405300402(201405300402)
628,572
1,739,956
7,675,981
701,698
795,876

201405300409(201405300409)
630,249
1,742,788
7,675,981
705,605
799,862

201405300410(201405300410)
630,249
1,742,788
7,675,981
705,605
799,867

201405300411(201405300411)
630,249
1,742,788
7,675,981
705,605
799,867

201405300412(201405300412)
630,467
1,742,788
7,675,981
705,605
801,212

201405300419(201405300419)
633,397
1,748,485
7,676,056
706,176
803,267

201405300420(201405300420)
634,276
1,749,528
7,676,056
706,176
803,267

201405300421(201405300421)
634,276
1,755,503
7,676,056
707,089
804,575

201405300422(201405300422)
634,635
1,757,113
7,676,056
707,089
804,688

201405300429(201405300429)
636,779
1,762,058
7,676,056
707,283
804,688

201405300430(201405300430)
636,779
1,762,058
7,678,772
707,419
804,688

201405300431(201405300431)
637,057
1,762,058
7,678,772
707,419
804,688

201405300432(201405300432)
637,623
1,768,323
7,678,976
707,905
805,324

201405300439(201405300439)
638,857
1,772,258
7,679,330
707,968
809,905

201405300440(201405300440)
638,857
1,772,258
7,679,330
707,968
809,905

201405300441(201405300441)
638,923
1,772,532
7,679,330
707,968
809,905

201405300442(201405300442)
638,923
1,772,532
7,679,330
707,968
809,905

201405300449(201405300449)
641,110
1,772,532
7,692,303
708,755
810,997

201405300450(201405300450)
641,207
1,772,532
7,692,303
708,755
811,473

201405300451(201405300451)
641,207
1,772,532
7,692,303
709,002
812,977

201405300452(201405300452)
641,207
1,772,532
7,692,303
709,798
812,977

201405300459(201405300459)
644,075
1,772,532
7,692,303
715,116
814,906

201405300500(201405300500)
644,705
1,772,532
7,692,303
715,116
814,906

201405300501(201405300501)
644,705
1,772,532
7,692,303
715,116
814,906

201405300502(201405300502)
645,977
1,772,532
7,692,303
715,869
815,634

201405300509(201405300509)
647,071
1,772,532
7,766,691
719,338
818,230

201405300510(201405300510)
648,937
1,772,532
7,766,691
719,338
818,230

201405300511(201405300511)
649,390
1,772,532
7,766,691
719,996
818,230

201405300512(201405300512)
649,390
1,772,532
7,766,691
721,201
818,614

201405300519(201405300519)
650,837
1,783,128
7,815,571
723,961
820,510

201405300520(201405300520)
653,119
1,783,128
7,815,571
725,121
820,510

201405300521(201405300521)
655,504
1,783,128
7,815,571
725,121
820,510

201405300522(201405300522)
655,504
1,783,128
7,815,571
725,121
820,510

201405300529(201405300529)
661,480
1,783,128
7,815,571
727,385
827,434

201405300530(201405300530)
661,480
1,783,128
7,815,571
727,385
827,434

201405300531(201405300531)
661,480
1,783,128
7,815,571
727,385
827,434

201405300532(201405300532)
661,480
1,783,128
7,815,571
727,749
828,020

201405300539(201405300539)
663,206
1,783,667
7,815,571
730,469
830,078

201405300540(201405300540)
663,844
1,783,667
7,815,571
730,469
830,836

201405300541(201405300541)
663,844
1,783,667
7,815,571
730,469
830,836

201405300542(201405300542)
663,844
1,783,667
7,818,434
730,469
830,836

201405300549(201405300549)
668,508
1,784,119
7,818,434
735,402
832,277

201405300550(201405300550)
668,508
1,787,037
7,818,434
735,402
832,277

201405300551(201405300551)
669,463
1,787,037
7,818,434
735,402
833,175

201405300552(201405300552)
670,421
1,787,697
7,818,434
735,680
833,758

201405300559(201405300559)
672,669
1,801,364
7,818,434
738,042
835,732

201405300600(201405300600)
672,929
1,801,364
7,818,434
738,042
835,732

201405300601(201405300601)
672,929
1,801,364
7,818,434
738,290
838,682

201405300602(201405300602)
672,929
1,801,364
7,836,370
738,290
838,682

201405300609(201405300609)
675,543
1,801,364
1,801,364
1,801,364
1,801,364

201405300610(201405300610)
675,543
1,807,962
7,848,054
743,220
840,210

201405300611(201405300611)
675,543
1,807,962
7,848,054
743,220
840,210

201405300612(201405300612)
675,543
1,807,962
7,848,054
743,220
840,210

201405300619(201405300619)
680,074
1,807,962
7,863,800
750,720
842,252

201405300620(201405300620)
680,074
1,807,962
7,868,706
750,720
842,252

201405300621(201405300621)
680,074
1,807,962
7,868,706
750,720
842,252

201405300622(201405300622)
680,074
1,807,962
7,868,706
750,720
844,893

201405300629(201405300629)
681,447
1,820,249
7,868,706
753,222
853,796

201405300630(201405300630)
681,447
1,820,249
7,868,706
753,790
853,930

201405300631(201405300631)
682,704
1,820,249
7,868,706
753,790
853,930

201405300632(201405300632)
682,704
1,820,249
7,868,706
753,790
854,679

201405300639(201405300639)
687,311
1,828,916
7,868,706
756,616
859,214

201405300640(201405300640)
687,311
1,828,916
7,868,706
756,616
861,957

201405300641(201405300641)
688,231
1,828,916
7,868,706
757,331
861,957

201405300642(201405300642)
688,811
1,828,916
7,908,461
757,705
862,585

201405300649(201405300649)
693,947
1,839,725
7,928,623
761,893
864,581

201405300650(201405300650)
695,658
1,839,725
7,928,623
764,282
864,831

201405300651(201405300651)
696,956
1,839,725
7,928,623
764,282
865,508

201405300652(201405300652)
696,956
1,839,904
7,928,623
764,282
865,508

201405300659(201405300659)
701,276
1,841,379
7,929,403
768,275
870,344

201405300700(201405300700)
701,276
1,841,379
7,929,403
768,330
870,344

201405300701(201405300701)
701,698
1,841,379
7,929,403
773,003
874,206

201405300702(201405300702)
701,755
1,845,758
7,974,506
774,408
874,206

201405300709(201405300709)
707,968
1,887,833
7,974,506
782,293
877,353

201405300710(201405300710)
708,062
1,890,374
7,976,716
783,572
880,910

201405300711(201405300711)
708,069
1,890,374
7,976,716
783,572
880,910

201405300712(201405300712)
708,069
1,893,121
7,976,716
785,775
881,918

201405300719(201405300719)
711,272
1,895,651
7,976,716
792,366
891,557

201405300720(201405300720)
711,272
1,897,742
7,976,716
792,366
891,560

201405300721(201405300721)
713,036
1,897,742
7,976,716
792,366
891,774

201405300722(201405300722)
715,116
1,897,742
7,976,716
795,069
892,148

201405300729(201405300729)
723,888
1,911,852
8,045,176
800,712
903,856

201405300730(201405300730)
725,015
1,915,439
8,045,176
800,712
903,856

201405300731(201405300731)
726,034
1,915,439
8,045,176
800,712
904,300

201405300732(201405300732)
727,385
1,915,482
8,045,176
801,447
905,775

201405300739(201405300739)
735,773
1,924,056
8,168,419
809,615
911,323

201405300740(201405300740)
735,773
1,924,056
8,168,471
811,710
911,323

201405300741(201405300741)
736,846
1,924,056
8,168,689
814,241
911,810

201405300742(201405300742)
736,846
1,924,056
8,224,029
814,610
914,396

201405300749(201405300749)
741,777
1,949,845
8,292,701
818,614
925,565

201405300750(201405300750)
743,220
1,950,049
8,363,377
820,510
926,507

201405300751(201405300751)
745,067
1,957,751
8,363,377
822,860
926,507

201405300752(201405300752)
747,439
1,957,751
8,363,377
828,562
928,043

201405300759(201405300759)
753,534
1,983,286
8,389,805
833,175
932,337

201405300800(201405300800)
753,534
1,983,556
8,389,805
833,175
938,475

201405300801(201405300801)
754,446
1,988,689
8,389,805
835,013
941,997

201405300802(201405300802)
754,446
1,997,933
8,389,805
838,134
941,997

201405300809(201405300809)
757,705
2,022,077
8,517,299
842,639
944,848

201405300810(201405300810)
758,078
2,022,077
8,517,299
842,639
946,257

201405300811(201405300811)
758,310
2,028,109
8,517,299
847,799
948,507

201405300812(201405300812)
760,410
2,035,043
8,517,299
847,799
948,569

201405300819(201405300819)
767,971
2,060,677
8,766,047
857,080
958,629

201405300820(201405300820)
768,330
2,065,686
8,766,047
860,149
959,580

201405300821(201405300821)
771,833
2,074,294
8,766,387
860,421
959,580

201405300822(201405300822)
772,726
2,074,294
8,791,232
861,213
959,580

201405300829(201405300829)
778,810
2,080,836
8,795,002
875,510
973,581

201405300830(201405300830)
779,757
2,081,455
8,795,002
877,353
973,581

201405300831(201405300831)
780,240
2,084,608
8,795,002
879,198
973,761

201405300832(201405300832)
781,252
2,084,608
8,795,002
879,198
977,047

201405300839(201405300839)
784,887
2,110,759
8,795,930
885,075
978,034

201405300840(201405300840)
784,887
2,110,759
8,796,066
885,235
978,471

201405300841(201405300841)
785,775
2,123,706
9,002,329
885,235
978,471

201405300842(201405300842)
785,857
2,129,746
9,002,329
885,235
983,581

201405300849(201405300849)
791,951
2,134,247
9,002,329
891,317
986,835

201405300850(201405300850)
793,764
2,134,247
9,147,376
891,560
986,835

201405300851(201405300851)
795,876
2,154,527
9,147,819
892,148
989,715

201405300852(201405300852)
797,974
2,154,527
9,147,819
892,671
997,057

201405300859(201405300859)
805,324
2,166,881
9,147,819
898,619
1,006,568

201405300900(201405300900)
805,324
2,166,881
9,147,819
898,933
1,006,568

201405300901(201405300901)
806,988
2,178,399
9,147,819
898,934
1,007,442

201405300902(201405300902)
807,979
2,178,399
9,147,819
899,186
1,009,855

201405300909(201405300909)
812,995
2,183,299
9,201,031
911,323
1,017,211

201405300910(201405300910)
813,431
2,186,224
9,201,031
911,686
1,017,352

201405300911(201405300911)
813,431
2,186,224
9,201,031
912,516
1,017,738

201405300912(201405300912)
813,431
2,186,224
9,201,031
912,516
1,018,167

201405300919(201405300919)
816,866
2,201,537
9,201,031
915,054
1,022,509

201405300920(201405300920)
818,230
2,201,537
9,201,031
915,615
1,022,509

201405300921(201405300921)
818,614
2,201,537
9,201,031
916,229
1,025,189

201405300922(201405300922)
819,172
2,201,537
9,201,031
916,841
1,026,227

201405300929(201405300929)
827,348
2,201,537
9,329,172
925,565
1,033,761

201405300930(201405300930)
828,562
2,209,553
9,329,172
928,043
1,033,761

201405300931(201405300931)
830,159
2,209,553
9,329,172
928,043
1,035,228

201405300932(201405300932)
832,750
2,209,553
9,329,172
928,043
1,037,732

201405300939(201405300939)
838,137
2,211,396
9,343,016
929,548
1,044,152

201405300940(201405300940)
838,137
2,211,396
9,343,016
932,115
1,044,152

201405300941(201405300941)
841,932
2,211,396
9,343,016
932,884
1,044,351

201405300942(201405300942)
842,027
2,211,396
9,343,016
940,410
1,045,663

201405300949(201405300949)
844,986
2,229,342
9,365,554
949,308
1,053,164

201405300950(201405300950)
845,568
2,229,342
9,365,554
949,308
1,059,514

201405300951(201405300951)
846,599
2,229,342
9,365,554
952,351
1,059,535

201405300952(201405300952)
847,020
2,229,342
9,365,554
952,351
1,059,535

201405300959(201405300959)
855,712
2,234,340
9,384,654
958,968
1,075,134

201405301000(201405301000)
855,712
2,234,340
9,384,654
962,311
1,076,629

201405301001(201405301001)
855,712
2,234,340
9,384,654
962,311
1,076,750

201405301002(201405301002)
858,481
2,234,340
9,384,654
964,444
1,077,196

201405301009(201405301009)
864,431
2,248,272
9,384,654
967,796
1,080,332

201405301010(201405301010)
864,779
2,252,951
9,384,654
968,867
1,080,332

201405301011(201405301011)
864,831
2,256,828
9,384,654
969,916
1,081,421

201405301012(201405301012)
866,279
2,256,828
9,384,654
971,776
1,082,378

201405301019(201405301019)
871,967
2,256,828
9,407,457
977,047
1,090,754

201405301020(201405301020)
871,967
2,259,027
9,407,457
977,145
1,090,754

201405301021(201405301021)
874,326
2,259,027
9,407,593
977,145
1,090,754

201405301022(201405301022)
875,218
2,261,037
9,407,593
978,471
1,091,113

201405301029(201405301029)
879,198
2,270,312
9,426,281
984,237
1,095,293

201405301030(201405301030)
881,827
2,270,312
9,426,281
984,954
1,095,573

201405301031(201405301031)
881,827
2,270,312
9,426,281
985,767
1,096,172

201405301032(201405301032)
882,582
2,270,312
9,426,281
985,767
1,098,919

201405301039(201405301039)
894,041
2,286,933
9,428,801
997,057
1,105,044

201405301040(201405301040)
894,041
2,286,933
9,428,801
1,000,753
1,106,089

201405301041(201405301041)
898,692
2,286,933
9,526,814
1,002,210
1,108,750

201405301042(201405301042)
898,966
2,290,535
9,526,814
1,005,492
1,115,264

201405301049(201405301049)
901,407
2,306,217
9,656,748
1,014,758
1,118,538

201405301050(201405301050)
901,407
2,306,217
9,657,460
1,014,758
1,118,916

201405301051(201405301051)
901,407
2,315,535
9,657,460
1,017,352
1,118,916

201405301052(201405301052)
901,516
2,318,626
9,676,460
1,017,352
1,118,916

201405301059(201405301059)
906,778
2,336,122
9,821,497
1,025,189
1,120,719

201405301100(201405301100)
907,852
2,336,122
9,821,497
1,025,189
1,124,095

201405301101(201405301101)
907,852
2,340,484
9,875,734
1,027,133
1,128,870

201405301102(201405301102)
909,471
2,341,221
9,875,734
1,029,318
1,128,870

201405301109(201405301109)
914,315
2,361,923
9,875,734
1,033,377
1,142,566

201405301110(201405301110)
914,315
2,361,923
9,875,734
1,033,377
1,142,566

201405301111(201405301111)
914,999
2,361,923
9,875,734
1,033,377
1,142,566

201405301112(201405301112)
916,190
2,361,923
9,875,734
1,033,635
1,149,173

201405301119(201405301119)
923,511
2,365,139
9,875,734
1,041,487
1,151,965

201405301120(201405301120)
923,511
2,365,139
9,875,734
1,043,069
1,153,563

201405301121(201405301121)
924,094
2,365,139
9,875,734
1,044,152
1,154,466

201405301122(201405301122)
925,565
2,365,139
9,875,734
1,044,152
1,158,397

201405301129(201405301129)
932,884
2,399,862
9,878,516
1,046,774
1,160,085

201405301130(201405301130)
932,884
2,399,862
10,116,317
1,046,774
1,160,986

201405301131(201405301131)
933,365
2,399,862
10,116,317
1,046,774
1,160,986

201405301132(201405301132)
934,630
2,412,003
10,116,317
1,048,551
1,161,477

201405301139(201405301139)
944,476
2,414,397
10,116,453
1,061,061
1,176,685

201405301140(201405301140)
944,476
2,414,397
10,116,453
1,062,828
1,178,512

201405301141(201405301141)
953,439
2,414,397
10,116,453
1,062,828
1,178,512

201405301142(201405301142)
953,623
2,414,397
10,116,453
1,065,508
1,178,512

201405301149(201405301149)
957,477
2,440,439
10,116,453
1,071,387
1,189,950

201405301150(201405301150)
957,477
2,440,439
10,155,003
1,076,629
1,190,531

201405301151(201405301151)
958,382
2,449,154
10,155,003
1,076,881
1,190,531

201405301152(201405301152)
959,249
2,449,154
10,155,139
1,077,400
1,193,825

201405301159(201405301159)
965,955
2,459,112
10,157,539
1,082,378
1,198,894

201405301200(201405301200)
965,955
2,461,948
10,157,675
1,082,575
1,209,167

201405301201(201405301201)
965,955
2,461,948
10,157,675
1,082,673
1,210,592

201405301202(201405301202)
968,012
2,461,948
10,157,675
1,082,673
1,212,140

201405301209(201405301209)
977,386
2,517,332
10,157,675
1,086,416
1,224,733

201405301210(201405301210)
978,471
2,531,381
10,157,675
1,086,832
1,224,733

201405301211(201405301211)
979,820
2,531,381
10,157,675
1,091,103
1,224,733

201405301212(201405301212)
979,820
2,531,381
10,157,675
1,091,343
1,234,355

201405301219(201405301219)
986,835
2,546,044
10,258,084
1,099,033
1,241,488

201405301220(201405301220)
987,035
2,546,044
10,295,224
1,100,131
1,241,488

201405301221(201405301221)
990,982
2,546,044
10,295,224
1,100,376
1,242,961

201405301222(201405301222)
994,043
2,546,044
10,331,156
1,100,376
1,244,765

201405301229(201405301229)
1,004,357
2,570,892
10,519,463
1,108,695
1,256,848

201405301230(201405301230)
1,005,629
2,587,370
10,519,463
1,108,695
1,260,329

201405301231(201405301231)
1,005,629
2,590,694
10,520,255
1,109,704
1,260,448

201405301232(201405301232)
1,008,711
2,593,473
10,522,775
1,113,355
1,260,861

201405301239(201405301239)
1,024,835
2,636,184
10,522,775
1,119,019
1,270,179

201405301240(201405301240)
1,027,136
2,636,184
10,522,775
1,119,561
1,271,566

201405301241(201405301241)
1,027,136
2,636,184
10,559,954
1,119,561
1,273,053

201405301242(201405301242)
1,033,162
2,636,184
10,559,954
1,124,530
1,274,885

201405301249(201405301249)
1,039,374
2,650,463
10,613,258
10,613,258
1,279,458

201405301250(201405301250)
1,039,374
2,650,463
10,700,397
1,137,163
1,282,481

201405301251(201405301251)
1,040,109
2,652,981
10,700,397
1,139,583
1,282,599

201405301252(201405301252)
1,040,109
2,652,981
10,736,691
1,145,130
1,287,566

201405301259(201405301259)
1,045,883
2,697,022
10,974,156
1,157,459
1,303,770

201405301300(201405301300)
1,047,490
2,699,835
10,986,857
1,157,459
1,303,770

201405301301(201405301301)
1,052,461
2,699,835
10,986,857
1,159,545
1,304,271

201405301302(201405301302)
1,055,375
2,699,835
10,986,857
1,162,285
1,308,767

201405301309(201405301309)
1,062,828
2,701,359
11,055,788
1,176,544
1,314,806

201405301310(201405301310)
1,063,367
2,713,457
11,055,788
1,176,685
1,314,806

201405301311(201405301311)
1,063,583
2,713,457
11,055,788
1,178,726
1,316,815

201405301312(201405301312)
1,063,583
2,713,457
11,055,788
1,178,726
1,317,523

201405301319(201405301319)
1,076,629
2,729,378
11,082,721
1,187,751
1,323,848

201405301320(201405301320)
1,076,629
2,730,929
11,082,721
1,187,751
1,323,848

201405301321(201405301321)
1,076,629
2,730,929
11,082,721
1,187,751
1,323,848

201405301322(201405301322)
1,076,629
2,730,929
11,082,721
1,187,751
1,324,494

201405301329(201405301329)
1,080,638
2,744,952
11,082,721
1,207,768
1,328,220

201405301330(201405301330)
1,080,638
2,744,952
11,082,721
1,207,768
1,328,220

201405301331(201405301331)
1,080,638
2,744,952
11,082,721
1,207,768
1,335,811

201405301332(201405301332)
1,081,567
2,745,817
11,082,721
1,208,001
1,335,811

201405301339(201405301339)
1,084,097
2,745,849
11,135,417
1,214,355
1,336,154

201405301340(201405301340)
1,084,097
2,745,849
11,135,417
1,214,355
1,336,260

201405301341(201405301341)
1,085,451
2,767,567
11,135,417
1,214,355
1,336,260

201405301342(201405301342)
1,085,451
2,767,567
11,189,039
11,189,039
1,336,260

201405301349(201405301349)
1,087,307
2,790,467
11,268,152
1,219,895
1,349,217

201405301350(201405301350)
1,093,708
2,790,467
11,268,152
1,224,393
1,349,749

201405301351(201405301351)
1,093,832
2,790,467
11,268,152
1,228,939
1,353,792

201405301352(201405301352)
1,095,043
2,790,467
2,790,467
1,234,779
1,353,792

201405301359(201405301359)
1,096,732
2,811,140
11,268,152
1,236,089
1,363,176

201405301400(201405301400)
1,096,732
2,828,074
11,268,152
1,236,089
1,363,176

201405301401(201405301401)
1,096,732
2,828,074
11,268,152
1,237,880
1,365,117

201405301402(201405301402)
1,099,497
2,828,074
11,268,152
1,237,880
1,369,707

201405301409(201405301409)
1,100,131
2,833,076
11,268,152
1,239,785
1,369,959

201405301410(201405301410)
1,100,131
2,836,581
11,268,152
1,240,649
1,370,341

201405301411(201405301411)
1,101,856
2,845,125
11,268,152
1,243,010
1,370,341

201405301412(201405301412)
1,103,030
2,856,876
11,268,152
1,243,010
1,370,357

201405301419(201405301419)
1,105,985
2,856,876
11,268,152
1,246,603
1,373,458

201405301420(201405301420)
1,106,421
2,856,907
11,268,152
1,246,603
1,374,189

201405301421(201405301421)
1,109,901
2,856,907
11,268,152
1,249,224
1,374,330

201405301422(201405301422)
1,109,901
2,856,907
11,268,152
1,250,415
1,376,987

201405301429(201405301429)
1,116,520
2,862,343
11,530,740
1,254,109
1,381,797

201405301430(201405301430)
1,116,520
2,862,343
11,643,154
1,254,109
1,381,797

201405301431(201405301431)
1,117,165
2,893,083
11,643,154
1,254,525
1,382,022

201405301432(201405301432)
1,117,165
2,905,061
11,643,154
1,255,058
1,382,022

201405301439(201405301439)
1,118,052
2,908,373
11,643,154
1,264,833
1,387,285

201405301440(201405301440)
1,119,489
2,908,373
11,643,154
1,264,833
1,387,374

201405301441(201405301441)
1,120,049
2,908,373
11,643,154
1,264,918
1,390,905

201405301442(201405301442)
1,120,049
2,908,373
11,643,154
1,264,918
1,390,987

201405301449(201405301449)
1,124,530
2,954,567
11,892,778
1,269,209
1,399,132

201405301450(201405301450)
1,125,713
2,954,567
11,892,778
1,269,732
1,399,905

201405301451(201405301451)
1,130,213
2,963,364
11,892,778
1,271,566
1,402,696

201405301452(201405301452)
1,131,214
2,963,364
11,892,778
1,271,566
1,403,259

201405301459(201405301459)
1,145,719
2,985,745
11,903,741
1,278,228
1,416,552

201405301500(201405301500)
1,145,719
2,985,745
11,903,741
1,278,228
1,417,043

201405301501(201405301501)
1,145,719
2,986,137
11,903,741
1,278,228
1,417,043

201405301502(201405301502)
1,145,719
2,986,137
11,903,741
1,278,228
1,417,043

201405301509(201405301509)
1,150,706
3,024,627
11,903,741
1,287,250
1,423,999

201405301510(201405301510)
1,152,097
3,024,627
11,903,741
1,289,694
1,425,483

201405301511(201405301511)
1,152,097
3,024,627
11,903,741
1,289,694
1,425,483

201405301512(201405301512)
1,152,097
3,024,627
11,903,741
1,289,694
1,425,483

201405301519(201405301519)
1,154,705
3,039,503
11,903,741
1,299,579
1,429,982

201405301520(201405301520)
1,154,839
3,039,503
11,903,741
1,302,886
1,430,049

201405301521(201405301521)
1,155,099
3,039,503
11,903,741
1,302,886
1,430,049

201405301522(201405301522)
1,155,925
3,039,503
11,903,741
1,302,886
1,430,049

201405301529(201405301529)
1,171,952
3,069,074
12,027,450
1,304,271
1,433,787

201405301530(201405301530)
1,176,514
3,073,856
12,027,450
1,308,680
1,433,787

201405301531(201405301531)
1,176,514
3,073,856
12,027,450
1,308,680
1,433,787

201405301532(201405301532)
1,176,514
3,078,805
12,027,450
1,308,680
1,439,169

201405301539(201405301539)
1,182,040
3,092,635
12,027,450
1,320,191
1,451,625

201405301540(201405301540)
1,182,040
3,092,635
12,027,450
1,320,191
1,451,625

201405301541(201405301541)
1,183,408
3,092,635
12,027,450
1,321,069
1,451,625

201405301542(201405301542)
1,185,301
3,092,635
12,027,450
1,321,069
1,451,625

201405301549(201405301549)
1,197,669
3,102,531
12,027,450
12,027,450
1,462,479

201405301550(201405301550)
1,198,059
3,102,531
12,027,450
1,330,165
1,462,479

201405301551(201405301551)
1,198,059
3,102,531
12,027,450
1,330,165
1,466,286

201405301552(201405301552)
1,198,059
3,102,531
12,027,450
1,331,795
1,466,833

201405301559(201405301559)
1,207,768
3,122,975
12,027,450
1,334,807
1,470,108

201405301600(201405301600)
1,208,001
3,122,975
12,027,450
1,335,147
1,470,108

201405301601(201405301601)
1,208,001
3,122,975
12,027,450
1,335,159
1,474,585

201405301602(201405301602)
1,208,001
3,122,975
12,032,414
1,337,121
1,474,585

201405301609(201405301609)
1,218,253
3,129,132
12,056,782
1,338,073
1,475,133

201405301610(201405301610)
1,218,253
3,129,132
12,142,566
1,338,073
1,475,133

201405301637(201405301637)
1,251,205
3,161,772
12,263,393
1,367,877
1,500,803

201405301639(201405301639)
1,251,205
3,161,772
12,263,393
1,371,453
1,504,534

201405301640(201405301640)
1,251,456
3,161,772
12,263,393
1,371,453
1,504,534

201405301641(201405301641)
1,251,456
3,161,772
12,263,393
1,372,253
1,507,650

201405301642(201405301642)
1,252,374
3,161,772
12,263,393
1,372,253
1,509,988

201405301649(201405301649)
1,255,058
3,195,650
12,263,393
1,380,831
1,517,825

201405301650(201405301650)
1,258,066
3,195,650
12,263,393
1,380,831
1,517,825

201405301651(201405301651)
1,258,066
3,195,650
12,268,850
1,382,022
1,521,943

201405301652(201405301652)
1,258,066
3,198,646
12,324,130
1,382,705
1,521,943

201405301659(201405301659)
1,267,229
3,198,646
12,622,501
1,385,223
1,543,113

201405301700(201405301700)
1,268,218
3,198,646
12,622,501
1,385,223
1,543,808

201405301701(201405301701)
1,268,442
3,198,646
12,622,501
1,385,223
1,543,808

201405301702(201405301702)
1,268,442
3,198,646
12,636,860
1,385,223
1,548,047

201405301709(201405301709)
1,273,647
3,198,646
12,637,614
1,392,753
1,550,239

201405301710(201405301710)
1,273,647
3,198,646
12,637,614
1,394,055
1,550,239

201405301711(201405301711)
1,273,647
3,198,646
12,652,755
1,394,090
1,553,188

201405301712(201405301712)
1,273,647
3,202,680
12,652,755
1,395,938
1,553,188

201405301719(201405301719)
1,282,423
3,234,456
12,778,754
1,405,387
1,570,268

201405301720(201405301720)
1,286,854
3,236,073
12,778,754
1,405,424
1,570,268

201405301721(201405301721)
1,287,782
3,236,073
12,778,754
1,405,822
1,570,268

201405301722(201405301722)
1,288,168
3,236,073
12,779,112
1,405,822
1,570,268

