201406021939(201406021939)
21,703,666
43,822,713
82,902,247
24,203,674
27,025,490

201406021940(201406021940)
21,703,666
43,822,713
82,902,247
24,203,674
27,025,490

201406021941(201406021941)
21,726,942
43,917,466
82,902,247
24,203,674
27,025,490

201406021942(201406021942)
21,726,942
43,917,466
82,902,247
24,203,674
27,025,490

201406021949(201406021949)
21,733,255
43,917,466
82,963,890
24,325,506
27,059,892

201406021950(201406021950)
21,733,255
43,917,466
83,016,632
24,325,506
27,077,560

201406021951(201406021951)
21,733,255
43,918,489
83,127,192
24,378,974
27,077,560

201406021952(201406021952)
21,733,255
43,925,298
83,237,752
24,378,974
27,077,560

201406021959(201406021959)
21,780,291
43,997,780
83,482,842
24,565,897
27,123,406

201406022000(201406022000)
21,843,415
44,048,864
83,565,443
24,565,897
27,124,746

201406022001(201406022001)
21,858,396
44,052,941
83,565,443
24,565,897
27,124,746

201406022002(201406022002)
21,879,477
44,052,941
83,565,443
24,565,897
27,124,746

201406022009(201406022009)
21,884,856
44,174,150
83,565,443
24,641,231
27,149,853

201406022010(201406022010)
21,884,856
44,174,150
83,695,437
24,689,575
27,149,853

201406022011(201406022011)
21,884,856
44,174,150
83,695,437
24,713,533
27,203,836

201406022012(201406022012)
21,884,856
44,174,150
83,695,437
24,723,662
27,209,147

201406022019(201406022019)
22,078,775
44,382,480
83,887,564
24,811,750
27,389,825

201406022020(201406022020)
22,078,775
44,382,480
83,942,980
24,811,750
27,414,133

201406022021(201406022021)
22,080,691
44,382,480
83,942,980
24,811,750
27,445,105

201406022022(201406022022)
22,120,982
44,382,480
83,942,980
24,872,839
27,459,280

201406022029(201406022029)
22,321,929
44,672,757
83,942,980
25,035,068
27,741,837

201406022030(201406022030)
22,321,929
44,672,757
83,942,980
25,035,068
27,741,837

201406022031(201406022031)
22,321,929
44,672,757
83,942,980
25,040,323
27,745,864

201406022032(201406022032)
22,321,929
44,711,794
83,942,980
25,041,083
27,745,864

201406022039(201406022039)
22,370,144
44,747,906
83,942,980
25,188,837
28,042,707

201406022040(201406022040)
22,370,144
44,747,906
83,998,396
25,188,837
28,093,801

201406022041(201406022041)
22,413,438
44,747,906
84,053,676
25,188,837
28,122,316

201406022042(201406022042)
22,456,700
44,747,906
84,109,748
25,267,312
28,122,316

201406022049(201406022049)
22,459,777
44,840,901
84,492,647
25,467,113
28,139,728

201406022050(201406022050)
22,525,020
44,840,901
84,492,783
25,467,113
28,147,420

201406022051(201406022051)
22,525,020
44,887,221
84,495,939
25,467,113
28,150,698

201406022052(201406022052)
22,525,020
44,887,221
84,495,939
25,489,450
28,150,698

201406022059(201406022059)
22,664,584
45,217,954
84,495,939
25,489,450
28,150,698

201406022100(201406022100)
22,664,584
45,348,501
84,495,939
25,523,076
28,150,698

201406022101(201406022101)
22,664,584
45,348,501
84,495,939
25,526,818
28,152,812

201406022102(201406022102)
22,664,584
45,348,501
84,495,939
25,526,818
28,159,140

201406022109(201406022109)
22,784,300
45,633,855
84,495,939
25,560,571
28,279,592

201406022110(201406022110)
22,808,083
45,633,855
84,495,939
25,560,571
28,313,845

201406022111(201406022111)
22,808,083
45,633,855
84,495,939
25,598,337
28,328,174

201406022112(201406022112)
22,808,083
45,687,291
84,495,939
25,610,845
28,332,977

201406022119(201406022119)
23,055,446
45,997,900
84,495,939
25,727,436
28,393,574

201406022120(201406022120)
23,055,446
46,018,693
84,495,939
25,727,436
28,408,184

201406022121(201406022121)
23,055,446
46,018,693
84,495,939
25,727,436
28,408,184

201406022122(201406022122)
23,055,446
46,018,693
84,495,939
25,751,693
28,408,184

201406022129(201406022129)
23,144,292
46,236,117
84,495,939
25,901,261
28,724,039

201406022130(201406022130)
23,144,292
46,395,030
84,495,939
25,959,738
28,724,039

201406022131(201406022131)
23,144,292
46,523,903
84,495,939
25,996,062
28,823,017

201406022132(201406022132)
23,144,292
46,769,750
84,495,939
25,996,062
28,823,017

201406022139(201406022139)
23,228,560
46,864,065
84,495,939
26,111,753
28,951,437

201406022140(201406022140)
23,246,934
46,983,099
84,495,939
26,114,893
28,995,574

201406022141(201406022141)
23,276,022
47,027,910
84,601,474
26,180,732
28,995,574

201406022142(201406022142)
23,276,022
47,027,910
84,601,474
26,180,732
28,995,574

201406022149(201406022149)
23,576,140
47,225,105
84,709,793
26,378,523
29,120,810

201406022150(201406022150)
23,578,710
47,364,195
84,709,793
26,378,523
29,167,129

201406022151(201406022151)
23,594,285
47,422,428
84,709,793
26,408,286
29,167,129

201406022152(201406022152)
23,607,124
47,462,810
84,784,599
26,426,496
29,179,939

201406022159(201406022159)
23,799,545
47,742,683
85,103,149
26,546,064
29,344,370

201406022200(201406022200)
23,799,545
47,853,456
85,103,149
26,573,243
29,366,436

201406022201(201406022201)
23,799,545
47,868,655
85,103,149
26,602,548
29,395,239

201406022202(201406022202)
23,799,545
47,880,187
85,103,149
26,602,548
29,473,794

201406022209(201406022209)
24,058,843
48,289,343
85,229,911
26,898,705
29,709,551

201406022210(201406022210)
24,072,836
48,289,343
85,229,911
26,898,705
29,739,329

201406022211(201406022211)
24,073,980
48,289,343
85,229,911
26,898,705
29,840,986

201406022212(201406022212)
24,073,980
48,332,526
85,229,911
27,005,393
29,843,175

201406022219(201406022219)
24,287,445
48,563,983
85,759,456
27,109,438
29,908,731

201406022220(201406022220)
24,287,445
48,563,983
85,917,654
27,124,341
29,917,670

201406022221(201406022221)
24,287,445
48,598,810
86,075,852
27,124,341
30,005,231

201406022222(201406022222)
24,301,820
48,877,396
86,214,149
27,172,217
30,060,511

201406022229(201406022229)
24,542,415
48,955,917
86,871,728
27,291,385
30,321,447

201406022230(201406022230)
24,542,415
49,041,184
86,871,728
27,305,187
30,321,447

201406022231(201406022231)
24,556,092
49,052,696
86,871,728
27,331,517
30,337,941

201406022232(201406022232)
24,616,005
49,052,696
86,871,728
27,331,517
30,337,941

201406022239(201406022239)
24,647,267
49,983,887
87,096,790
27,689,527
30,462,278

201406022240(201406022240)
49,999,618
87,096,790
27,696,468
30,462,278

201406022241(201406022241)
49,999,618
87,096,790
27,766,982
30,462,278

201406022242(201406022242)
49,999,618
87,096,790
27,794,268
30,462,278

201406022249(201406022249)
25,000,791
50,144,695
30,532,615

201406022250(201406022250)
25,018,945
50,169,920
28,083,394
30,532,615

201406022251(201406022251)
25,040,323
50,243,715
28,099,057
30,532,615

201406022252(201406022252)
25,097,973
50,243,715
28,147,999
30,545,965

201406022259(201406022259)
25,250,540
50,668,810
87,096,790
28,272,553
30,703,594

201406022300(201406022300)
25,350,292
50,688,469
87,096,790
28,272,553
30,755,711

201406022301(201406022301)
25,397,150
50,688,469
87,096,790
28,272,553
30,799,881

201406022302(201406022302)
25,416,667
50,707,312
87,096,790
28,313,845
30,799,881

201406022309(201406022309)
25,572,847
50,984,903
87,224,804
28,394,075
30,908,615

201406022310(201406022310)
25,572,847
51,160,445
87,224,804
28,424,337
31,029,018

201406022311(201406022311)
25,627,361
51,183,264
87,224,804
28,532,918
31,096,712

201406022312(201406022312)
25,701,815
51,183,264
87,224,804
28,561,358
31,169,650

201406022319(201406022319)
25,751,693
51,525,761
87,495,090
28,776,273
31,449,448

201406022320(201406022320)
25,876,119
51,525,761
87,495,090
28,797,115
31,491,101

201406022321(201406022321)
25,876,119
51,596,670
87,495,090
28,797,115
31,522,069

201406022322(201406022322)
25,876,119
51,626,612
87,495,090
28,824,873
31,522,069

201406022329(201406022329)
26,114,461
52,117,041
87,513,282
29,142,831
31,795,275

201406022330(201406022330)
26,191,081
52,193,889
87,539,817
29,182,480
31,902,174

201406022331(201406022331)
26,391,813
52,193,889
87,539,817
29,184,848
31,902,174

201406022332(201406022332)
26,426,018
52,255,126
87,565,246
29,205,408
31,935,680

201406022339(201406022339)
26,631,727
52,602,185
87,948,125
29,374,481
32,295,462

201406022340(201406022340)
26,631,727
52,602,389
87,948,125
29,374,481
32,364,284

201406022341(201406022341)
26,650,737
52,602,389
87,948,125
29,374,481
32,365,870

201406022342(201406022342)
26,650,737
52,814,025
87,948,125
29,374,481
32,468,664

201406022349(201406022349)
26,981,564
53,411,700
87,948,125
29,591,866
32,631,849

201406022350(201406022350)
26,981,564
53,411,700
87,948,125
29,620,561
32,631,849

201406022351(201406022351)
27,004,236
53,475,435
88,231,886
29,632,774
32,631,849

201406022352(201406022352)
27,004,236
53,475,435
88,289,361
29,643,930
32,645,404

201406022359(201406022359)
27,193,027
53,621,128
88,289,361
29,810,743
33,012,868

201406030000(201406030000)
27,214,972
53,621,128
88,289,361
29,858,137
33,098,012

201406030001(201406030001)
27,218,107
53,733,301
88,289,361
29,902,277
33,114,582

201406030002(201406030002)
27,218,925
53,733,301
88,289,361
29,905,736
33,166,812

201406030009(201406030009)
27,383,457
54,065,971
88,363,404
30,153,091
33,291,084

201406030010(201406030010)
27,439,843
54,065,971
88,409,279
30,272,840
33,359,028

201406030011(201406030011)
27,439,843
54,065,971
88,409,279
30,321,447
33,359,028

201406030012(201406030012)
27,444,137
54,083,101
88,409,279
30,321,447
33,359,028

201406030019(201406030019)
27,510,015
54,161,398
88,409,279
30,405,504
33,555,210

201406030020(201406030020)
27,510,015
54,180,933
88,409,279
30,405,504
33,555,210

201406030021(201406030021)
27,510,015
54,180,933
88,409,279
30,405,504
33,555,974

201406030022(201406030022)
27,544,856
54,180,933
88,409,279
30,405,504
33,602,174

201406030029(201406030029)
27,764,746
54,331,396
89,216,852
30,500,218
33,715,048

201406030030(201406030030)
27,764,746
54,331,396
89,452,010
30,506,254
33,715,048

201406030031(201406030031)
27,779,535
89,683,275
30,521,076
33,804,076

201406030032(201406030032)
27,787,385
89,750,916
30,521,076
33,862,639

201406030039(201406030039)
27,874,697
54,387,034
91,052,974
30,582,384
33,989,075

201406030040(201406030040)
27,900,004
54,387,034
91,055,494
30,582,384
33,989,075

201406030041(201406030041)
27,920,538
54,387,034
91,132,567
30,587,656
34,004,002

201406030042(201406030042)
27,920,538
54,387,034
91,132,567
30,587,656
34,017,937

201406030049(201406030049)
28,007,056
55,098,704
91,283,580
30,837,314
34,151,745

201406030050(201406030050)
28,047,393
55,098,704
91,283,580
30,837,314
34,151,745

201406030051(201406030051)
28,047,393
55,110,145
91,283,580
30,837,314
34,196,858

201406030052(201406030052)
28,047,393
55,110,145
91,283,580
30,837,314
34,196,858

201406030059(201406030059)
28,076,995
55,215,204
91,330,018
30,884,269
34,495,458

201406030100(201406030100)
28,087,646
55,381,456
91,330,018
30,884,269
34,495,458

201406030101(201406030101)
28,087,646
55,469,654
91,360,420
30,884,269
34,495,458

201406030102(201406030102)
28,110,780
55,471,874
91,360,420
30,884,269
34,495,458

201406030109(201406030109)
28,264,196
55,677,802
91,417,912
31,025,981
34,556,161

201406030110(201406030110)
28,338,298
55,677,802
91,417,912
31,029,018
34,562,444

201406030111(201406030111)
28,343,582
55,707,028
91,417,912
31,043,203
34,697,291

201406030112(201406030112)
28,343,582
55,786,351
91,417,912
31,160,928
34,718,842

201406030119(201406030119)
28,436,801
55,800,250
92,982,091
31,323,158
34,968,626

201406030120(201406030120)
28,481,030
55,800,250
92,982,091
31,339,543
34,987,245

201406030121(201406030121)
28,481,030
55,800,250
92,982,091
31,339,543
34,987,245

201406030122(201406030122)
28,481,030
55,832,547
92,982,091
31,339,543
34,987,245

201406030129(201406030129)
28,574,515
55,867,094
92,982,091
31,544,426
35,212,995

201406030130(201406030130)
28,637,481
55,867,094
92,982,091
31,590,709
35,212,995

201406030131(201406030131)
28,637,481
55,867,094
92,982,091
31,597,004
35,212,995

201406030132(201406030132)
28,637,481
55,885,808
92,982,091
31,597,004
35,254,167

201406030139(201406030139)
28,647,709
55,885,808
92,982,091
31,692,795
35,404,822

201406030140(201406030140)
28,647,709
55,885,808
92,982,091
31,692,795
35,433,772

201406030141(201406030141)
28,647,709
55,885,808
92,982,091
31,707,230
35,461,029

201406030142(201406030142)
28,647,709
55,885,808
92,982,091
31,707,230
35,538,308

201406030149(201406030149)
28,861,248
56,053,003
92,982,091
31,927,409
35,632,405

201406030150(201406030150)
28,862,332
56,053,003
92,982,091
31,927,409
35,632,405

201406030151(201406030151)
28,862,332
56,053,003
92,982,091
31,927,409
35,632,405

201406030152(201406030152)
28,862,332
56,053,003
92,982,091
31,938,336
35,659,553

201406030159(201406030159)
28,908,816
56,353,764
92,982,091
32,049,510
35,664,625

201406030200(201406030200)
28,908,816
56,353,764
92,982,091
32,082,803
35,664,625

201406030201(201406030201)
28,919,098
56,353,764
92,982,091
32,082,803
35,664,625

201406030202(201406030202)
28,919,098
56,353,764
92,982,091
32,082,803
35,664,625

201406030209(201406030209)
28,976,577
56,353,764
93,184,168
32,099,181
35,766,464

201406030210(201406030210)
28,976,577
56,535,850
93,184,168
32,099,181
35,766,464

201406030211(201406030211)
28,976,577
56,535,850
93,184,168
32,099,181
35,779,631

201406030212(201406030212)
28,976,577
56,535,850
93,184,168
32,173,331
35,779,631

201406030219(201406030219)
29,012,754
56,652,320
93,184,168
32,195,189
35,779,631

201406030220(201406030220)
29,012,754
56,652,320
93,184,168
32,200,336
35,779,631

201406030221(201406030221)
29,012,754
56,652,320
93,184,168
32,200,336
35,779,631

201406030222(201406030222)
29,012,754
56,652,320
93,184,168
32,200,336
35,779,631

201406030229(201406030229)
29,080,860
56,667,555
93,184,168
32,285,115
35,794,315

201406030230(201406030230)
29,080,860
56,667,555
93,184,168
32,285,115
35,794,315

201406030231(201406030231)
29,114,796
56,667,555
93,184,168
32,390,410
35,799,283

201406030232(201406030232)
29,140,138
56,667,555
93,184,168
32,390,410
35,830,615

201406030239(201406030239)
56,829,808
56,829,808
32,470,462
35,853,201

201406030240(201406030240)
56,829,808
56,829,808
32,490,802
35,853,201

201406030241(201406030241)
56,829,808
56,829,808
32,490,802
35,853,201

201406030242(201406030242)
56,829,808
56,829,808
32,490,802
35,853,201

201406030249(201406030249)
29,241,253
56,843,946
93,184,168
32,490,802
35,882,585

201406030250(201406030250)
29,284,152
56,843,946
93,184,168
32,490,802
35,882,585

201406030251(201406030251)
29,304,146
56,843,946
93,184,168
32,490,802
35,927,023

201406030252(201406030252)
29,304,146
56,843,946
93,184,168
32,490,802
35,956,537

201406030259(201406030259)
29,304,486
56,959,510
93,184,168
32,543,808
35,956,537

201406030300(201406030300)
29,305,414
56,959,510
93,184,168
32,608,889
35,956,537

201406030301(201406030301)
29,305,414
56,959,510
93,184,168
32,608,889
35,994,497

201406030302(201406030302)
29,305,550
56,959,510
93,184,168
32,608,889
35,994,497

201406030309(201406030309)
29,374,481
56,959,510
93,268,561
32,610,498
35,994,497

201406030310(201406030310)
29,380,263
56,959,510
93,359,560
32,610,498
35,994,497

201406030311(201406030311)
29,380,263
56,959,510
93,359,560
32,610,498
35,994,497

201406030312(201406030312)
29,380,263
56,959,510
93,359,560
32,610,498
35,994,497

201406030319(201406030319)
29,474,043
56,987,049
93,359,560
32,669,907
36,042,236

201406030320(201406030320)
29,474,043
56,987,049
93,359,560
32,669,907
36,042,236

201406030321(201406030321)
29,474,043
56,987,049
93,359,560
32,669,907
36,042,236

201406030322(201406030322)
29,474,043
56,999,277
93,359,560
32,669,907
36,042,236

201406030329(201406030329)
29,474,043
57,030,195
93,359,560
32,669,907
36,107,970

201406030330(201406030330)
29,474,056
57,030,195
93,359,560
32,669,907
36,107,970

201406030331(201406030331)
29,475,324
57,030,195
93,359,560
32,669,907
36,107,970

201406030332(201406030332)
29,476,252
57,030,195
93,359,560
32,669,907
36,107,970

201406030339(201406030339)
29,500,584
57,030,195
93,359,560
32,669,907
36,135,759

201406030340(201406030340)
29,500,584
57,030,195
93,359,560
32,669,907
36,135,759

201406030341(201406030341)
29,500,584
57,030,195
93,359,560
32,669,907
36,135,759

201406030342(201406030342)
29,540,138
57,030,195
93,359,560
32,669,907
36,153,583

201406030349(201406030349)
29,615,486
57,042,742
93,359,560
32,831,624
36,153,583

201406030350(201406030350)
29,615,486
57,042,742
93,359,560
32,831,624
36,153,583

201406030351(201406030351)
29,615,486
57,042,742
93,359,560
32,831,624
36,153,583

201406030352(201406030352)
29,615,486
57,042,742
93,359,560
32,831,624
36,153,583

201406030359(201406030359)
29,615,486
57,042,742
93,359,560
32,831,624
36,209,833

201406030400(201406030400)
29,615,486
57,042,742
93,359,560
32,831,624
36,209,833

201406030401(201406030401)
29,615,486
57,046,419
93,359,560
32,831,624
36,209,833

201406030402(201406030402)
29,620,561
57,046,419
93,359,560
32,831,624
36,209,833

201406030409(201406030409)
29,669,692
57,058,730
93,360,692
32,832,455
36,243,820

201406030410(201406030410)
29,669,692
57,058,730
93,360,692
32,832,455
36,243,820

201406030411(201406030411)
29,689,291
57,058,730
93,360,692
32,832,455
36,243,820

201406030412(201406030412)
29,731,547
57,058,730
93,360,692
32,832,455
36,243,820

201406030419(201406030419)
29,751,080
57,058,730
93,360,692
32,871,783
36,243,820

201406030420(201406030420)
29,751,080
57,058,730
93,360,692
32,871,783
36,243,820

201406030421(201406030421)
29,751,080
57,058,730
93,360,692
32,871,783
36,243,820

201406030422(201406030422)
29,751,080
57,058,730
93,360,692
32,871,783
36,243,820

201406030429(201406030429)
29,751,525
57,058,730
93,360,692
32,871,783
36,276,749

201406030430(201406030430)
29,751,525
57,058,730
93,360,692
32,871,783
36,284,951

201406030431(201406030431)
29,801,260
57,058,730
93,360,692
32,871,783
36,284,951

201406030432(201406030432)
29,801,260
57,058,730
93,360,692
32,871,783
36,284,951

201406030439(201406030439)
29,801,260
57,061,227
93,360,692
32,871,783
36,284,951

201406030440(201406030440)
29,801,260
57,061,227
93,360,692
32,871,783
36,284,951

201406030441(201406030441)
29,801,260
57,061,227
93,360,692
32,871,783
36,284,951

201406030442(201406030442)
29,801,260
57,061,227
93,360,692
32,871,783
36,284,951

201406030449(201406030449)
29,801,260
57,142,650
93,360,692
32,871,783
36,310,701

201406030450(201406030450)
29,801,260
57,142,650
93,360,692
32,871,783
36,310,701

201406030451(201406030451)
29,801,260
57,142,650
93,360,692
32,871,783
36,310,701

201406030452(201406030452)
29,837,141
57,142,650
93,360,692
32,871,783
36,310,701

201406030459(201406030459)
29,907,728
57,142,650
93,654,138
32,871,783
36,310,990

201406030500(201406030500)
29,907,728
57,142,650
93,819,978
32,920,032
36,310,990

201406030501(201406030501)
29,907,728
57,142,650
94,096,378
33,024,789
36,310,990

201406030502(201406030502)
29,907,728
57,142,650
94,188,696
33,024,789
36,310,990

201406030509(201406030509)
29,907,728
57,142,650
94,188,696
33,051,818
36,310,990

201406030510(201406030510)
29,907,728
57,142,650
94,188,696
33,051,818
36,310,990

201406030511(201406030511)
29,907,728
57,142,650
94,188,696
33,051,818
36,310,990

201406030512(201406030512)
29,907,728
57,142,650
94,188,696
33,051,818
36,310,990

201406030519(201406030519)
29,917,670
57,142,650
94,188,696
33,051,818
36,397,609

201406030520(201406030520)
29,917,670
57,142,650
94,188,696
33,051,818
36,397,609

201406030521(201406030521)
29,917,670
57,142,650
94,188,696
33,051,818
36,397,609

201406030522(201406030522)
29,917,670
57,142,650
94,188,696
33,051,818
36,397,609

201406030529(201406030529)
29,990,570
57,142,650
94,349,031
33,051,818
36,441,026

201406030530(201406030530)
30,018,150
57,142,650
94,349,031
33,051,818
36,441,026

201406030531(201406030531)
30,018,150
57,142,650
94,349,031
33,051,818
36,441,026

201406030532(201406030532)
30,027,892
57,142,650
94,349,031
33,051,818
36,441,026

201406030539(201406030539)
30,027,892
57,148,226
94,349,031
33,079,269
36,496,306

201406030540(201406030540)
30,027,892
57,148,226
94,349,031
33,098,012
36,496,306

201406030541(201406030541)
30,027,892
57,148,226
94,349,031
33,098,012
36,496,306

201406030542(201406030542)
30,027,892
57,148,226
94,349,031
33,098,012
36,496,306

201406030549(201406030549)
30,027,892
57,148,226
94,349,031
33,139,633
36,496,306

201406030550(201406030550)
30,027,892
57,148,226
94,349,031
33,139,633
36,510,360

201406030551(201406030551)
30,027,892
57,148,226
94,349,031
33,139,633
36,510,360

201406030552(201406030552)
30,027,892
57,148,226
94,349,031
33,139,633
36,510,360

201406030559(201406030559)
30,047,731
57,148,226
94,349,031
33,261,609
36,510,360

201406030600(201406030600)
30,047,731
57,148,226
94,349,031
33,261,609
36,510,360

201406030601(201406030601)
30,047,731
57,148,226
94,349,031
33,261,609
36,510,360

201406030602(201406030602)
30,047,731
57,148,226
94,349,031
33,261,609
36,510,360

201406030609(201406030609)
30,047,731
57,148,226
94,349,031
33,277,532
36,510,360

201406030610(201406030610)
30,052,668
57,148,226
94,349,031
33,277,532
36,510,360

201406030611(201406030611)
30,052,668
57,148,226
94,349,031
33,277,532
36,510,360

201406030612(201406030612)
30,052,668
57,148,226
94,349,031
33,277,532
36,510,496

201406030619(201406030619)
30,052,668
57,148,226
94,349,031
33,291,084
36,510,496

201406030620(201406030620)
30,052,668
57,148,226
94,349,031
33,329,095
36,510,496

201406030621(201406030621)
30,052,668
57,148,226
94,349,031
33,329,095
36,510,496

201406030622(201406030622)
30,052,668
57,148,226
94,349,031
33,329,095
36,510,496

201406030629(201406030629)
30,091,850
57,148,226
94,349,031
33,329,095
36,510,496

201406030630(201406030630)
30,091,850
57,148,226
94,349,031
33,329,095
36,510,496

201406030631(201406030631)
30,091,850
57,148,226
94,349,031
33,329,095
36,510,496

201406030632(201406030632)
30,091,850
57,148,226
94,349,031
33,329,095
36,510,496

201406030639(201406030639)
30,132,249
57,231,232
94,349,031
33,329,095
36,625,402

201406030640(201406030640)
30,132,249
57,231,232
94,349,031
33,329,095
36,625,402

201406030641(201406030641)
30,132,249
57,231,232
94,349,031
33,329,095
36,638,764

201406030642(201406030642)
30,132,249
57,231,232
94,349,031
33,329,095
36,658,214

201406030649(201406030649)
30,176,331
57,231,232
94,349,031
33,401,603
36,658,214

201406030650(201406030650)
30,176,331
57,231,232
94,349,031
33,401,603
36,658,214

201406030651(201406030651)
30,176,331
57,231,232
94,349,031
33,401,603
36,658,214

201406030652(201406030652)
30,176,331
57,231,232
94,349,031
33,402,058
36,671,468

201406030659(201406030659)
30,188,033
57,439,504
94,349,031
33,469,570
36,725,731

201406030700(201406030700)
30,188,033
57,439,504
94,349,031
33,469,570
36,725,731

201406030701(201406030701)
30,192,335
57,439,504
94,349,031
33,469,570
36,725,731

201406030702(201406030702)
30,256,281
57,439,504
94,349,031
33,518,141
36,725,731

201406030709(201406030709)
30,296,004
57,625,931
94,349,031
33,555,210
36,753,264

201406030710(201406030710)
30,296,004
57,625,931
94,349,031
33,555,210
36,753,264

201406030711(201406030711)
30,296,004
57,625,931
94,349,031
33,561,017
36,753,264

201406030712(201406030712)
30,296,004
57,625,931
94,349,031
33,561,017
33,561,017

201406030719(201406030719)
30,412,328
57,625,931
94,349,031
33,636,747
36,773,627

201406030720(201406030720)
30,412,328
57,625,931
94,349,031
33,636,747
36,773,627

201406030721(201406030721)
30,412,328
57,625,931
94,349,031
33,636,747
36,773,627

201406030722(201406030722)
30,412,328
57,625,931
94,349,031
33,637,918
36,812,652

201406030729(201406030729)
30,506,254
57,625,931
94,349,031
33,694,649
36,900,055

201406030730(201406030730)
30,506,254
57,625,931
94,349,031
33,694,649
36,900,055

201406030731(201406030731)
30,506,254
57,625,931
94,349,031
33,694,649
36,900,055

201406030732(201406030732)
30,506,254
57,625,931
94,349,031
33,720,154
36,900,055

201406030739(201406030739)
30,521,076
57,650,880
94,349,031
33,858,000
36,935,096

201406030740(201406030740)
30,521,076
57,650,880
94,349,031
33,858,000
36,988,188

201406030741(201406030741)
30,521,076
57,691,070
94,349,031
33,889,712
36,988,188

201406030742(201406030742)
30,521,076
57,691,070
94,349,031
33,889,712
36,988,188

201406030749(201406030749)
30,576,788
57,848,132
94,349,031
33,889,712
37,008,675

201406030750(201406030750)
30,576,788
57,848,132
94,349,031
33,889,712
37,016,164

201406030751(201406030751)
30,576,788
57,848,132
94,349,031
33,889,712
37,016,164

201406030752(201406030752)
30,576,788
57,848,132
94,349,031
33,889,712
37,016,164

201406030759(201406030759)
30,594,961
57,892,569
94,349,031
33,931,921
37,113,995

201406030800(201406030800)
30,601,245
57,933,963
94,349,031
33,953,481
37,113,995

201406030801(201406030801)
30,601,245
57,933,963
94,349,031
33,953,481
37,113,995

201406030802(201406030802)
30,634,925
57,933,963
94,349,031
33,989,156
37,113,995

201406030809(201406030809)
30,699,416
57,946,781
94,349,031
34,059,418
37,113,995

201406030810(201406030810)
30,699,416
57,946,781
94,349,031
34,059,418
37,113,995

201406030811(201406030811)
30,699,416
57,971,508
94,349,031
34,073,896
37,113,995

201406030812(201406030812)
30,699,416
57,971,508
94,349,031
34,074,688
37,113,995

201406030819(201406030819)
30,750,633
57,991,120
94,349,031
34,094,776
37,163,294

201406030820(201406030820)
30,750,633
57,991,120
94,349,031
34,094,776
37,163,294

201406030821(201406030821)
30,750,633
57,991,120
94,349,031
34,094,776
37,163,294

201406030822(201406030822)
30,750,633
57,991,120
94,349,031
34,094,776
37,163,294

201406030829(201406030829)
30,772,635
57,991,120
94,349,031
34,231,649
37,165,936

201406030830(201406030830)
30,772,635
57,991,120
94,349,031
34,231,649
37,206,444

201406030831(201406030831)
30,772,635
57,991,120
94,349,031
34,231,649
37,206,444

201406030832(201406030832)
30,821,490
58,000,530
94,349,031
34,231,649
37,261,724

201406030839(201406030839)
30,822,302
58,000,530
94,349,031
34,284,267
37,355,120

201406030840(201406030840)
30,861,670
58,000,530
94,349,031
34,284,267
37,355,120

201406030841(201406030841)
30,864,021
58,000,530
94,349,031
34,284,267
37,355,120

201406030842(201406030842)
30,864,021
58,000,530
94,360,308
34,284,267
37,355,120

201406030849(201406030849)
30,864,021
58,000,530
94,604,644
34,368,751
37,505,044

201406030850(201406030850)
30,864,021
58,000,530
94,605,436
34,368,751
37,505,044

201406030851(201406030851)
30,892,519
58,009,481
94,750,807
34,369,667
37,505,044

201406030852(201406030852)
30,892,519
58,009,481
94,750,807
34,398,697
37,505,044

201406030859(201406030859)
30,912,694
58,009,617
94,750,807
34,398,697
37,516,831

201406030900(201406030900)
30,912,694
58,060,619
94,750,807
34,398,697
37,516,831

201406030901(201406030901)
30,912,694
58,060,619
94,798,901
34,398,697
37,516,831

201406030902(201406030902)
30,945,526
58,060,619
94,814,675
34,398,697
37,516,831

201406030909(201406030909)
30,998,614
58,060,619
96,132,893
34,462,437
37,583,820

201406030910(201406030910)
31,034,498
58,060,619
96,190,937
34,470,256
37,583,820

201406030911(201406030911)
31,034,498
58,060,619
96,190,937
34,470,256
37,583,820

201406030912(201406030912)
31,034,498
58,060,619
96,190,937
34,470,256
37,583,820

