201406011839(201406011839)
10,873,854
--
63,430,132
12,090,199
13,393,374

201406011840(201406011840)
10,895,563
--
63,430,132
12,090,324
13,396,859

201406011841(201406011841)
10,905,575
--
63,430,132
12,104,414
13,426,646

201406011842(201406011842)
10,905,575
24,741,856
63,430,132
12,104,414
13,426,646

201406011848(201406011848)
10,976,474
24,770,774
63,538,640
12,180,431
13,456,293

201406011851(201406011851)
11,016,828
24,770,774
63,538,640
12,230,668
13,456,293

201406011851(201406011851)
11,016,828
24,770,774
63,538,640
12,230,668
13,456,293

201406011852(201406011852)
11,016,828
24,845,442
63,538,640
12,230,668
13,456,293

201406011859(201406011859)
11,095,271
24,886,855
63,584,283
12,240,964
13,509,278

201406011900(201406011900)
11,120,561
24,886,855
63,584,283
12,248,333
13,516,314

201406011901(201406011901)
11,123,482
24,902,541
63,584,283
12,276,723
13,540,220

201406011902(201406011902)
11,123,754
24,946,017
63,584,283
12,287,355
13,540,220

201406011909(201406011909)
11,144,933
25,005,612
63,584,283
12,346,176
13,601,405

201406011910(201406011910)
11,155,894
25,005,612
63,584,283
12,378,961
13,602,605

201406011911(201406011911)
11,155,894
25,072,148
63,584,283
12,378,961
13,603,669

201406011912(201406011912)
11,155,894
25,072,148
63,584,283
12,378,961
13,604,937

201406011919(201406011919)
11,182,312
25,256,944
64,060,436
12,479,947
13,664,752

201406011920(201406011920)
11,194,574
25,256,944
64,060,436
12,479,947
13,696,388

201406011921(201406011921)
11,194,574
25,256,944
64,078,679
12,484,033
13,719,952

201406011922(201406011922)
11,194,574
25,256,944
64,078,679
12,485,735
13,730,094

201406011929(201406011929)
11,281,542
25,256,944
64,629,678
12,561,848
13,738,660

201406011930(201406011930)
11,302,062
25,256,944
64,740,238
12,620,192
13,738,739

201406011931(201406011931)
11,304,760
25,256,944
64,850,798
12,620,192
13,738,739

201406011932(201406011932)
11,304,760
25,256,944
65,022,166
12,620,192
13,756,058

201406011939(201406011939)
11,401,672
25,256,944
65,240,944
12,670,427
13,866,707

201406011940(201406011940)
11,401,672
25,256,944
65,240,944
12,670,427
13,895,284

201406011941(201406011941)
11,427,309
25,344,350
65,240,944
12,671,183
13,942,104

201406011942(201406011942)
11,439,580
25,344,350
65,240,944
12,681,097
13,949,468

201406011949(201406011949)
11,473,984
25,344,350
65,241,419
12,733,844
14,042,570

201406011950(201406011950)
11,476,724
25,374,754
65,275,933
12,738,135
14,067,467

201406011951(201406011951)
11,478,390
25,374,754
65,419,004
12,739,915
14,067,467

201406011952(201406011952)
11,478,390
25,393,618
65,419,004
12,771,128
14,067,467

201406011959(201406011959)
25,545,986
65,648,321
12,799,376
14,121,803

201406012000(201406012000)
25,545,986
65,648,321
12,799,376
14,121,803

201406012001(201406012001)
25,607,936
65,648,321
12,817,440
14,121,803

201406012002(201406012002)
25,627,866
65,711,742
12,817,440
14,121,803

201406012009(201406012009)
25,702,609
65,823,621
12,860,997
14,187,243

201406012010(201406012010)
25,758,091
65,823,621
12,905,966
14,187,243

201406012011(201406012011)
25,758,091
65,823,621
12,912,093
14,198,489

201406012012(201406012012)
25,769,560
65,823,621
12,914,455
14,208,333

201406012019(201406012019)
25,952,732
66,203,590
12,993,459
14,341,116

201406012020(201406012020)
25,953,723
66,203,590
12,993,459
14,354,523

201406012021(201406012021)
25,953,723
66,203,590
13,009,470
14,381,825

201406012022(201406012022)
25,953,723
66,203,590
13,009,470
14,413,115

201406012029(201406012029)
26,077,857
66,394,392
13,164,610
14,532,312

201406012030(201406012030)
26,163,087
66,394,392
13,190,134
14,616,249

201406012031(201406012031)
26,202,487
66,394,392
13,190,134
14,616,249

201406012032(201406012032)
26,239,789
66,591,892
13,190,134
14,632,417

201406012039(201406012039)
26,692,253
66,653,259
13,306,295
14,763,964

201406012040(201406012040)
26,692,253
66,653,259
13,306,295
14,800,661

201406012041(201406012041)
26,692,253
66,653,259
13,306,295
14,820,819

201406012042(201406012042)
26,698,884
66,653,395
13,306,628
14,824,955

201406012049(201406012049)
26,925,217
66,654,527
13,396,995
14,909,690

201406012050(201406012050)
27,093,756
66,654,527
13,400,483
14,909,690

201406012051(201406012051)
27,123,818
66,654,663
13,400,483
14,909,690

201406012052(201406012052)
27,138,688
66,654,663
13,457,047
14,919,965

201406012059(201406012059)
27,336,984
66,783,964
13,527,401
15,098,486

201406012100(201406012100)
27,336,984
66,783,964
13,539,222
15,106,401

201406012101(201406012101)
27,336,984
66,783,964
13,552,158
15,151,555

201406012102(201406012102)
27,336,984
66,783,964
13,557,331
15,196,929

201406012109(201406012109)
27,597,839
67,328,836
13,653,304
15,278,872

201406012110(201406012110)
27,655,669
67,456,743
13,685,103
15,278,872

201406012111(201406012111)
27,693,427
67,456,743
13,702,992
15,282,226

201406012112(201406012112)
27,765,460
67,617,078
13,723,790
15,282,226

201406012119(201406012119)
27,961,375
68,542,811
13,803,452
15,341,063

201406012120(201406012120)
27,961,375
68,542,811
15,410,401

201406012121(201406012121)
27,979,337
68,542,811
15,495,323

201406012122(201406012122)
27,979,337
68,542,811
15,521,691

201406012127(201406012127)
12,646,438
28,233,439
68,695,848
13,930,895
15,742,920

201406012128(201406012128)
12,646,438
28,252,608
68,851,908
13,939,382
15,744,060

201406012129(201406012129)
12,681,097
28,252,608
68,958,989
13,998,897
15,792,699

201406012130(201406012130)
12,683,845
28,254,571
68,958,989
14,001,510
15,812,918

201406012131(201406012131)
12,743,992
28,254,571
68,958,989
14,057,124
15,826,819

201406012132(201406012132)
12,771,128
28,258,902
68,958,989
14,105,115
15,835,985

201406012139(201406012139)
12,844,602
28,783,165
68,991,210
14,177,083
15,917,641

201406012140(201406012140)
12,859,118
28,783,165
68,991,210
14,180,592
15,938,322

201406012141(201406012141)
12,898,893
28,950,107
68,991,210
14,180,592
15,954,551

201406012142(201406012142)
12,898,893
29,036,844
69,728,601
14,180,592
15,973,012

201406012149(201406012149)
13,009,470
29,285,417
70,332,265
14,324,450
16,043,708

201406012150(201406012150)
13,009,470
29,285,417
70,332,265
14,336,640
16,061,100

201406012151(201406012151)
13,016,906
29,359,416
70,332,265
14,336,640
16,077,241

201406012152(201406012152)
13,038,140
29,387,072
70,366,909
14,344,425
16,167,465

201406012159(201406012159)
13,194,131
29,518,450
70,637,971
14,460,229
16,430,097

201406012200(201406012200)
13,194,131
29,542,774
70,637,971
14,519,755
16,515,895

201406012201(201406012201)
13,194,131
29,548,925
70,637,971
14,544,998
16,515,895

201406012202(201406012202)
13,196,225
29,597,458
70,637,971
14,557,899
16,594,554

201406012209(201406012209)
13,332,832
30,010,474
71,375,237
14,701,801
16,650,752

201406012210(201406012210)
13,365,036
30,108,074
71,375,237
14,738,104
16,665,553

201406012211(201406012211)
13,365,036
30,140,460
71,375,237
14,762,001
16,748,783

201406012212(201406012212)
13,365,036
30,140,460
71,375,237
14,779,461
16,753,854

201406012219(201406012219)
13,463,274
30,591,336
71,836,977
15,017,367
17,082,642

201406012220(201406012220)
13,535,366
30,591,336
71,927,914
15,100,021
17,152,920

201406012221(201406012221)
13,601,171
30,703,220
71,927,914
15,119,920
17,301,166

201406012222(201406012222)
13,603,600
30,703,758
72,086,112
15,119,920
17,305,315

201406012229(201406012229)
13,761,852
30,827,855
72,727,272
15,323,054
17,535,757

201406012230(201406012230)
13,789,342
30,908,571
72,727,272
15,339,109
17,544,966

201406012231(201406012231)
13,798,795
30,951,055
72,727,272
15,341,063
17,564,194

201406012232(201406012232)
13,811,370
31,015,584
72,727,272
15,341,063
17,566,126

201406012239(201406012239)
13,923,344
31,199,416
72,727,272
15,536,990
17,752,972

201406012240(201406012240)
13,923,344
31,287,963
72,727,272
15,536,990
17,828,281

201406012241(201406012241)
13,927,411
31,395,717
72,727,272
15,585,666
17,828,281

201406012242(201406012242)
13,931,823
31,396,470
72,727,272
15,585,666
17,828,281

201406012249(201406012249)
14,111,912
31,790,040
73,418,800
15,732,774
17,941,687

201406012250(201406012250)
14,111,912
31,853,866
73,418,800
15,757,339
17,962,885

201406012251(201406012251)
14,147,058
31,901,992
73,460,813
15,850,696
17,971,893

201406012252(201406012252)
14,164,801
31,901,992
73,460,813
15,917,641
17,972,744

201406012259(201406012259)
14,208,333
32,474,162
73,475,491
16,015,294
18,057,489

201406012300(201406012300)
14,219,150
32,649,293
73,475,491
16,052,100
18,067,931

201406012301(201406012301)
14,256,444
32,649,293
73,475,491
16,063,166
18,067,931

201406012302(201406012302)
14,299,828
32,987,492
73,606,579
16,069,891
18,118,028

201406012309(201406012309)
14,415,141
33,457,046
73,877,777
16,375,019
18,485,867

201406012310(201406012310)
14,442,933
33,460,684
73,877,777
16,401,581
18,500,507

201406012311(201406012311)
14,458,440
33,552,907
73,877,777
16,439,390
18,614,657

201406012312(201406012312)
14,486,604
33,680,313
73,877,777
16,439,390
18,643,182

201406012319(201406012319)
14,611,209
34,208,520
74,389,580
16,660,271
18,827,158

201406012320(201406012320)
14,631,263
34,208,520
74,389,580
16,665,553
18,889,763

201406012321(201406012321)
14,632,417
34,281,767
74,389,580
16,665,553
18,889,763

201406012322(201406012322)
14,632,417
34,312,297
74,389,580
16,665,553
18,924,604

201406012329(201406012329)
14,843,328
34,704,509
74,508,971
16,808,652
19,110,250

201406012330(201406012330)
14,873,793
34,704,509
74,508,971
16,850,358
19,121,678

201406012331(201406012331)
14,938,327
34,704,509
74,611,044
16,934,772
19,159,036

201406012332(201406012332)
14,956,225
34,704,509
74,717,934
16,934,772
19,217,503

201406012339(201406012339)
15,242,999
34,914,153
74,830,417
17,012,576
19,378,722

201406012340(201406012340)
15,242,999
34,914,153
74,830,417
17,042,923
19,378,722

201406012341(201406012341)
15,305,489
34,914,153
74,929,335
17,048,143
19,380,145

201406012342(201406012342)
15,307,183
34,947,936
74,929,335
17,054,640
19,437,702

201406012349(201406012349)
15,406,912
35,602,389
75,233,027
17,252,541
19,784,841

201406012350(201406012350)
15,406,912
35,602,389
75,233,027
17,252,541
19,837,866

201406012351(201406012351)
15,441,440
35,669,557
75,402,848
17,305,315
19,940,074

201406012352(201406012352)
15,478,555
35,704,562
75,402,848
17,305,315
19,998,015

201406012359(201406012359)
15,640,252
35,916,282
75,741,824
17,609,612
20,255,943

201406020000(201406020000)
15,685,953
35,921,001
75,741,824
17,658,911
20,298,135

201406020001(201406020001)
15,732,598
35,968,196
75,741,824
17,668,414
20,327,550

201406020002(201406020002)
15,732,598
36,129,229
75,741,824
17,722,718
20,408,101

201406020009(201406020009)
15,738,658
36,308,398
76,931,922
17,747,580
20,574,659

201406020010(201406020010)
15,798,114
36,308,398
76,931,922
17,747,580
20,575,193

201406020011(201406020011)
15,798,114
36,310,401
76,931,922
17,752,972
20,611,422

201406020012(201406020012)
15,798,114
36,364,743
77,461,720
17,752,972
20,611,422

201406020019(201406020019)
15,932,674
36,482,932
77,569,166
17,895,532
20,630,745

201406020020(201406020020)
15,932,674
36,553,212
77,569,166
17,907,605
20,631,547

201406020021(201406020021)
15,932,674
36,567,490
77,569,166
17,907,605
20,631,547

201406020022(201406020022)
15,945,570
36,567,490
77,569,166
17,907,605
20,631,547

201406020029(201406020029)
15,988,827
36,633,865
77,569,166
17,990,800
20,788,238

201406020030(201406020030)
15,997,278
36,643,267
77,569,166
17,990,800
20,790,903

201406020031(201406020031)
16,015,294
36,644,301
77,569,166
17,990,800
20,796,372

201406020032(201406020032)
16,015,294
36,644,301
77,569,166
18,040,876
20,798,601

201406020039(201406020039)
16,040,229
36,909,416
77,569,166
18,201,131
20,808,041

201406020040(201406020040)
16,057,435
36,909,416
77,569,166
18,254,656
20,808,041

201406020041(201406020041)
16,076,721
36,942,560
77,569,166
18,272,918
20,816,465

201406020042(201406020042)
16,076,721
36,942,560
77,569,166
18,272,918
20,816,465

201406020049(201406020049)
16,173,726
37,084,258
78,507,361
18,366,936
20,887,752

201406020050(201406020050)
16,195,691
37,084,258
78,507,361
18,366,936
20,890,694

201406020051(201406020051)
16,197,675
37,084,258
78,507,361
18,366,936
20,890,694

201406020052(201406020052)
16,206,482
37,084,258
78,507,361
18,384,535
20,891,870

201406020059(201406020059)
16,320,000
37,214,899
78,507,361
18,485,867
21,077,405

201406020100(201406020100)
16,344,890
37,214,899
78,507,361
18,485,867
21,077,405

201406020101(201406020101)
16,373,513
37,214,899
78,507,361
18,503,308
21,077,405

201406020102(201406020102)
16,373,513
37,214,899
78,507,361
18,542,948
21,114,229

201406020109(201406020109)
16,408,101
37,247,803
78,507,361
18,547,974
21,234,631

201406020110(201406020110)
16,408,101
37,329,295
78,507,361
18,603,254
21,234,631

201406020111(201406020111)
16,499,101
37,329,295
78,507,361
18,603,254
21,234,631

201406020112(201406020112)
16,499,101
37,400,888
78,507,361
18,603,254
21,261,976

201406020119(201406020119)
16,592,259
37,506,590
78,507,361
18,657,232
21,317,401

201406020120(201406020120)
16,592,395
37,506,590
78,507,361
18,657,232
21,317,401

201406020121(201406020121)
16,597,071
37,506,590
78,507,361
18,657,232
21,317,401

201406020122(201406020122)
16,597,071
37,554,810
78,507,361
18,770,838
21,350,337

201406020129(201406020129)
16,666,685
37,616,104
78,610,861
18,883,428
21,382,583

201406020130(201406020130)
16,666,685
37,762,642
78,667,081
18,883,428
21,382,583

201406020131(201406020131)
16,666,685
37,762,642
78,667,081
18,883,428
21,467,954

201406020132(201406020132)
16,666,685
37,762,642
78,667,217
18,883,428
21,467,954

201406020139(201406020139)
16,750,359
37,791,524
78,980,705
18,919,387
21,539,074

201406020140(201406020140)
16,750,359
37,791,524
79,005,029
18,943,744
21,539,074

201406020141(201406020141)
16,762,344
37,791,524
79,005,029
18,943,744
21,579,551

201406020142(201406020142)
16,762,344
37,812,816
79,005,029
18,943,744
21,579,551

201406020149(201406020149)
16,791,485
37,812,816
79,005,029
18,976,930
21,751,847

201406020150(201406020150)
16,791,485
37,812,816
79,005,029
18,976,930
21,751,847

201406020151(201406020151)
16,791,485
37,812,816
79,005,029
19,019,335
21,751,847

201406020152(201406020152)
16,791,485
37,812,816
79,504,026
19,019,335
21,782,524

201406020159(201406020159)
16,810,721
37,909,080
79,602,072
19,063,976
21,865,024

201406020200(201406020200)
16,824,635
37,909,080
79,602,072
19,063,976
21,866,088

201406020201(201406020201)
16,824,635
37,941,598
79,602,072
19,063,976
21,881,606

201406020202(201406020202)
16,838,617
37,941,598
79,672,543
19,063,976
21,881,606

201406020209(201406020209)
16,940,772
37,941,598
79,744,194
19,081,592
21,887,067

201406020210(201406020210)
16,940,772
37,941,598
79,744,194
19,081,592
21,887,067

201406020211(201406020211)
16,964,919
37,941,598
79,744,194
19,081,592
21,905,867

201406020212(201406020212)
16,964,919
37,941,598
79,744,194
19,081,592
21,905,867

201406020219(201406020219)
16,964,919
38,095,243
79,744,194
19,120,719
21,960,640

201406020220(201406020220)
16,964,919
38,095,243
79,744,194
19,120,719
22,004,436

201406020221(201406020221)
16,964,919
38,095,243
79,744,194
19,130,634
22,004,436

201406020222(201406020222)
16,964,919
38,095,243
79,744,194
19,130,634
22,004,436

201406020229(201406020229)
17,033,335
38,095,243
79,744,194
19,221,184
22,014,152

201406020230(201406020230)
17,033,335
38,095,243
79,744,194
19,221,184
22,014,152

201406020231(201406020231)
17,033,335
38,095,243
79,744,194
19,223,516
22,014,152

201406020232(201406020232)
17,033,335
38,095,243
79,744,194
19,223,516
22,014,152

201406020239(201406020239)
17,093,961
38,095,243
79,744,194
19,223,516
22,068,491

201406020240(201406020240)
17,093,961
38,095,243
79,744,194
19,223,516
22,068,491

201406020241(201406020241)
17,093,961
38,095,243
79,744,194
19,229,740
22,068,491

201406020242(201406020242)
17,093,961
38,095,243
79,744,194
19,229,740
22,068,491

201406020249(201406020249)
17,093,961
38,095,243
79,744,194
19,246,625
22,068,491

201406020250(201406020250)
17,093,961
38,095,243
79,744,194
19,246,625
22,068,491

201406020251(201406020251)
17,093,961
38,095,243
79,744,194
19,246,625
22,068,491

201406020252(201406020252)
17,093,961
38,095,243
79,744,194
19,246,625
22,096,867

201406020259(201406020259)
17,125,229
38,236,837
79,744,194
19,246,625
22,104,886

201406020300(201406020300)
17,125,229
38,236,837
79,744,194
19,246,625
22,104,886

201406020301(201406020301)
17,125,229
38,236,837
79,744,194
19,246,625
22,104,886

201406020302(201406020302)
17,125,229
38,236,837
79,744,194
19,246,625
22,104,886

201406020309(201406020309)
17,125,229
38,236,837
79,744,194
19,246,625
22,149,383

201406020310(201406020310)
17,125,229
38,236,837
79,744,194
19,246,625
22,168,024

201406020311(201406020311)
17,125,229
38,236,837
79,744,194
19,246,625
22,168,024

201406020312(201406020312)
17,125,229
38,236,837
79,744,194
19,246,625
22,168,024

201406020319(201406020319)
17,125,229
38,325,496
79,744,194
19,246,813
22,168,024

201406020320(201406020320)
17,125,229
38,325,496
79,744,194
19,246,813
22,168,024

201406020321(201406020321)
17,140,609
38,365,009
79,744,194
19,246,813
22,168,024

201406020322(201406020322)
17,140,609
38,405,934
79,744,194
19,246,813
22,168,024

201406020329(201406020329)
17,152,055
38,405,934
79,744,194
19,246,813
22,168,024

201406020330(201406020330)
17,152,055
38,405,934
79,744,194
19,279,844
22,168,024

201406020331(201406020331)
17,152,055
38,405,934
79,744,194
19,279,844
22,168,024

201406020332(201406020332)
17,152,055
38,405,934
79,744,194
19,279,844
22,199,613

201406020339(201406020339)
17,152,920
38,424,849
79,744,194
19,294,615
22,199,613

201406020340(201406020340)
17,182,369
38,424,849
79,744,194
19,294,615
22,199,613

201406020341(201406020341)
17,182,369
38,424,849
79,744,194
19,294,615
22,199,613

201406020342(201406020342)
17,182,369
38,424,849
79,744,194
19,294,615
22,199,613

201406020349(201406020349)
17,182,369
38,432,650
79,744,194
19,386,213
22,223,590

201406020350(201406020350)
17,182,369
38,432,650
79,744,194
19,386,213
22,223,590

201406020351(201406020351)
17,182,369
38,432,650
79,744,194
19,386,213
22,223,590

201406020352(201406020352)
17,182,369
38,432,650
79,744,194
19,386,213
22,223,590

201406020359(201406020359)
17,182,369
38,432,650
79,744,194
19,386,213
22,223,590

201406020400(201406020400)
17,182,369
38,432,650
79,744,194
19,386,213
22,223,590

201406020401(201406020401)
17,182,369
38,432,650
79,744,194
19,406,746
22,223,590

201406020402(201406020402)
17,185,410
38,432,650
79,744,194
19,406,746
22,223,590

201406020409(201406020409)
17,185,410
38,432,650
79,744,194
19,406,746
22,223,590

201406020410(201406020410)
17,185,410
38,432,650
79,744,194
19,406,746
22,223,590

201406020411(201406020411)
17,185,410
38,432,650
79,744,194
19,406,746
22,223,590

201406020412(201406020412)
17,202,636
38,432,650
79,744,330
19,406,746
22,223,590

201406020419(201406020419)
17,202,636
38,432,650
79,747,138
19,406,746
22,223,590

201406020420(201406020420)
17,202,636
38,432,650
79,747,274
19,406,746
22,223,590

201406020421(201406020421)
17,202,636
38,432,650
79,748,066
19,406,746
22,223,590

201406020422(201406020422)
17,202,636
38,432,650
79,748,066
19,406,746
22,223,590

201406020429(201406020429)
17,239,288
38,432,650
79,748,338
19,406,746
22,247,032

201406020430(201406020430)
17,239,288
38,590,670
79,749,130
19,406,746
22,247,032

201406020431(201406020431)
17,241,212
38,590,670
79,749,266
19,406,746
22,247,032

201406020432(201406020432)
17,252,541
38,590,670
79,749,266
19,406,746
22,247,032

201406020439(201406020439)
17,252,541
38,590,670
80,216,924
19,439,532
22,247,032

201406020440(201406020440)
17,252,541
38,590,670
80,216,924
19,439,532
22,247,032

201406020441(201406020441)
17,252,541
38,590,670
80,216,924
19,452,855
22,247,032

201406020442(201406020442)
17,252,541
38,659,229
80,288,862
19,452,855
22,247,032

201406020449(201406020449)
17,252,541
38,830,044
80,288,862
19,557,132
22,262,410

201406020450(201406020450)
17,252,541
38,830,044
80,288,862
19,557,132
22,262,410

201406020451(201406020451)
17,252,541
38,830,044
80,288,862
19,557,132
22,262,410

201406020452(201406020452)
17,252,541
38,830,044
80,288,862
19,557,132
22,262,410

201406020459(201406020459)
17,253,347
38,830,044
80,288,862
19,557,132
22,262,410

201406020500(201406020500)
17,253,347
38,830,044
80,288,862
19,557,132
22,262,410

201406020501(201406020501)
17,253,347
38,830,044
80,288,862
19,557,132
22,262,410

201406020502(201406020502)
17,253,347
38,830,044
80,288,862
19,557,132
22,262,410

201406020509(201406020509)
17,253,347
38,830,044
80,288,862
19,557,132
22,262,410

201406020510(201406020510)
17,253,347
38,830,044
80,288,862
19,557,132
22,262,410

201406020511(201406020511)
17,253,347
38,830,044
80,288,862
19,557,132
22,262,410

201406020512(201406020512)
17,253,347
38,830,044
80,288,862
19,557,132
22,262,410

201406020519(201406020519)
17,264,684
38,830,044
80,288,862
19,557,608
22,265,048

201406020520(201406020520)
17,264,684
38,830,044
80,288,862
19,557,608
22,265,048

201406020521(201406020521)
17,264,684
38,830,044
80,288,862
19,558,400
22,265,048

201406020522(201406020522)
17,264,684
38,830,044
80,288,862
19,613,816
22,265,048

201406020529(201406020529)
17,272,886
38,919,737
80,288,862
19,614,020
22,268,987

201406020530(201406020530)
17,272,886
38,919,737
80,288,862
19,614,020
22,268,987

201406020531(201406020531)
17,272,886
38,919,737
80,288,862
19,614,020
22,268,987

201406020532(201406020532)
17,272,886
38,919,737
80,288,862
19,614,020
22,268,987

201406020539(201406020539)
17,300,543
38,919,737
80,288,862
19,692,290
22,268,987

201406020540(201406020540)
17,300,543
38,919,737
80,288,862
19,692,290
22,268,987

201406020541(201406020541)
17,300,543
38,919,737
80,288,862
19,728,012
22,268,987

201406020542(201406020542)
17,300,543
38,919,737
80,288,862
19,728,012
22,268,987

201406020549(201406020549)
17,300,543
38,919,737
80,288,862
19,783,872
22,268,987

201406020550(201406020550)
17,300,543
38,919,737
80,288,862
19,783,872
22,268,987

201406020551(201406020551)
17,300,543
38,919,737
80,288,862
19,783,872
22,268,987

201406020552(201406020552)
17,300,543
38,919,737
80,288,862
19,783,872
22,268,987

201406020559(201406020559)
17,302,583
38,919,737
80,288,862
19,784,076
22,298,754

201406020600(201406020600)
17,302,583
38,919,737
80,288,862
19,784,076
22,298,754

201406020601(201406020601)
17,331,514
38,919,737
80,288,862
19,784,076
22,298,754

201406020602(201406020602)
17,357,229
38,919,737
80,288,862
19,784,076
22,298,754

201406020609(201406020609)
17,359,493
39,027,706
80,288,862
19,784,076
22,404,361

201406020610(201406020610)
17,359,493
39,027,706
80,288,862
19,784,076
22,404,361

201406020611(201406020611)
17,359,493
39,027,706
80,288,862
19,784,076
22,404,361

201406020612(201406020612)
17,359,493
39,027,706
80,288,862
19,784,076
22,404,361

201406020619(201406020619)
17,381,196
39,027,706
80,289,066
19,784,076
22,411,838

201406020620(201406020620)
17,381,196
39,027,706
80,289,066
19,784,076
22,411,838

201406020621(201406020621)
17,381,196
39,027,706
80,289,066
19,784,076
22,411,838

201406020622(201406020622)
17,381,196
39,027,706
80,289,066
19,784,076
22,411,838

201406020629(201406020629)
17,390,438
39,071,276
80,289,066
19,784,076
22,411,838

201406020630(201406020630)
17,390,438
39,071,276
80,289,066
19,784,076
22,411,838

201406020631(201406020631)
17,390,438
39,071,276
80,289,066
19,784,076
22,411,838

201406020632(201406020632)
17,390,438
39,071,276
80,289,202
19,784,076
22,411,838

201406020639(201406020639)
17,413,059
39,071,276
80,408,919
19,784,076
22,527,685

201406020640(201406020640)
17,413,059
39,071,276
80,408,919
19,784,076
22,527,685

201406020641(201406020641)
17,413,059
39,071,276
80,408,919
19,784,076
22,527,685

201406020642(201406020642)
17,413,059
39,119,314
80,408,919
19,784,076
22,527,685

201406020649(201406020649)
17,414,213
39,119,314
80,408,919
19,784,076
22,527,685

201406020650(201406020650)
17,432,547
39,119,314
80,408,919
19,784,076
22,527,685

201406020651(201406020651)
17,433,873
39,119,314
80,408,919
19,784,076
22,527,685

201406020652(201406020652)
17,435,901
39,119,314
80,408,919
19,784,076
22,527,685

201406020659(201406020659)
17,478,705
39,120,339
80,556,835
19,984,094
22,527,685

201406020700(201406020700)
17,478,705
39,120,378
80,556,835
19,984,094
22,527,685

201406020701(201406020701)
17,478,705
39,120,378
80,556,835
19,984,094
22,527,685

201406020702(201406020702)
17,478,705
39,126,556
80,556,835
19,984,094
22,553,273

201406020709(201406020709)
17,480,477
39,220,630
80,556,835
19,984,094
22,557,612

201406020710(201406020710)
17,491,427
39,220,630
80,556,835
19,984,094
22,557,612

201406020711(201406020711)
17,491,427
39,220,630
80,556,835
19,984,094
22,557,612

201406020712(201406020712)
17,491,427
39,220,630
80,556,835
19,984,094
22,557,612

201406020719(201406020719)
17,517,606
39,325,363
80,556,835
20,028,182
22,562,584

201406020720(201406020720)
17,517,606
39,325,363
80,556,835
20,037,031
22,562,720

201406020721(201406020721)
17,517,606
39,325,363
80,556,835
20,047,807
22,623,830

201406020722(201406020722)
17,517,606
39,325,363
80,556,835
20,047,807
22,623,830

201406020729(201406020729)
39,325,363
80,556,835
20,113,628
20,113,628

201406020730(201406020730)
39,325,363
80,556,835
20,115,423
20,115,423

201406020731(201406020731)
39,325,363
80,556,835
20,115,423
20,115,423

201406020732(201406020732)
39,325,363
80,556,835
20,115,423
20,115,423

201406020739(201406020739)
39,417,738
80,556,835
20,118,608
20,118,608

201406020740(201406020740)
39,428,205
80,556,835
20,118,608
20,118,608

201406020741(201406020741)
39,428,205
80,556,835
20,118,608
20,118,608

201406020742(201406020742)
39,428,205
80,556,835
20,147,543
20,147,543

201406020749(201406020749)
39,430,546
80,556,835
20,167,338
20,167,338

201406020750(201406020750)
39,430,546
80,556,835
20,191,568
20,191,568

201406020751(201406020751)
39,430,546
80,556,835
20,191,568
20,191,568

201406020752(201406020752)
39,430,546
80,556,835
20,191,568
20,191,568

201406020759(201406020759)
39,430,546
80,556,835
20,202,802
20,202,802

201406020800(201406020800)
39,430,546
80,556,835
20,202,802
20,202,802

201406020801(201406020801)
39,430,546
80,556,835
20,210,853
20,210,853

201406020802(201406020802)
39,430,546
80,556,835
20,216,207
20,216,207

201406020809(201406020809)
39,552,172
80,556,835
20,216,207
20,216,207

201406020810(201406020810)
39,552,172
80,556,835
20,234,838
20,234,838

201406020811(201406020811)
39,552,172
80,556,835
20,234,838
20,234,838

201406020812(201406020812)
39,552,172
80,556,835
20,243,525
20,243,525

201406020819(201406020819)
39,568,071
80,556,835
20,243,525
20,243,525

201406020820(201406020820)
39,568,071
80,556,835
20,243,525
20,243,525

201406020821(201406020821)
39,568,071
80,556,835
20,251,694
20,251,694

201406020822(201406020822)
39,568,071
80,556,835
20,251,694
20,251,694

201406020829(201406020829)
39,589,738
80,837,922
20,258,735
20,258,735

201406020830(201406020830)
39,589,738
80,837,922
20,258,735
20,258,735

201406020831(201406020831)
39,589,738
80,837,922
20,258,735
20,258,735

201406020832(201406020832)
39,589,738
80,837,922
20,344,511
20,344,511

201406020839(201406020839)
39,589,738
80,837,922
20,355,528
20,355,528

201406020840(201406020840)
39,589,738
80,837,922
20,355,528
20,355,528

201406020841(201406020841)
39,589,738
80,837,922
20,382,089
20,382,089

201406020842(201406020842)
39,589,738
80,837,922
20,382,089
20,382,089

201406020849(201406020849)
39,664,391
81,061,714
20,382,089
20,382,089

201406020850(201406020850)
39,664,391
81,061,714
20,382,089
20,382,089

201406020851(201406020851)
39,664,391
81,061,714
20,382,089
20,382,089

201406020852(201406020852)
39,664,391
81,162,649
20,382,089
20,382,089

201406020859(201406020859)
39,678,071
81,325,363
20,515,472
20,515,472

201406020900(201406020900)
39,678,071
81,325,363
20,515,472
20,515,472

201406020901(201406020901)
39,678,071
81,325,363
20,521,737
20,521,737

201406020902(201406020902)
39,678,071
81,325,363
20,521,737
20,521,737

201406020909(201406020909)
39,678,071
81,325,363
20,529,053
20,529,053

201406020910(201406020910)
39,678,071
81,325,363
20,529,053
20,529,053

201406020911(201406020911)
39,725,360
81,325,363
20,529,053
20,529,053

201406020912(201406020912)
39,730,705
81,325,363
20,529,053
20,529,053

201406020919(201406020919)
39,752,321
81,325,363
20,627,486
20,627,486

201406020920(201406020920)
39,752,321
81,347,475
20,628,902
20,628,902

201406020921(201406020921)
39,752,321
81,347,475
20,667,730
20,667,730

201406020922(201406020922)
39,804,508
81,347,475
20,667,730
20,667,730

201406020929(201406020929)
39,804,508
81,721,970
20,667,730
20,667,730

201406020930(201406020930)
39,917,590
81,721,970
20,667,730
20,667,730

201406020931(201406020931)
39,917,590
81,721,970
20,667,730
20,667,730

201406020932(201406020932)
39,917,590
81,721,970
20,667,730
20,667,730

201406020939(201406020939)
39,920,749
81,721,970
20,667,851
20,667,851

201406020940(201406020940)
39,920,749
81,721,970
20,667,851
20,667,851

201406020941(201406020941)
39,920,749
81,721,970
20,667,851
20,667,851

201406020942(201406020942)
39,920,749
81,721,970
20,718,268
20,718,268

201406020949(201406020949)
39,979,547
81,721,970
20,795,498
20,795,498

201406020950(201406020950)
39,979,547
81,721,970
20,795,498
20,795,498

201406020951(201406020951)
39,979,547
81,721,970
20,798,601
20,798,601

201406020952(201406020952)
39,979,547
81,721,970
20,798,601
20,798,601

201406020959(201406020959)
39,979,547
81,721,970
20,804,588
20,804,588

201406021000(201406021000)
39,979,547
81,721,970
20,804,588
20,804,588

201406021001(201406021001)
39,979,547
81,721,970
20,804,588
20,804,588

201406021002(201406021002)
39,979,547
81,721,970
20,846,620
20,846,620

201406021009(201406021009)
39,979,547
81,721,970
20,846,620
20,846,620

201406021010(201406021010)
39,979,547
81,721,970
20,910,893
20,910,893

201406021011(201406021011)
39,979,547
81,721,970
20,910,893
20,910,893

201406021012(201406021012)
39,979,547
81,721,970
20,943,607
20,943,607

201406021019(201406021019)
39,979,547
81,721,970
20,952,437
20,952,437

201406021020(201406021020)
39,979,547
81,721,970
20,952,437
20,952,437

201406021021(201406021021)
39,979,547
81,721,970
20,959,118
20,959,118

201406021022(201406021022)
39,979,547
81,721,970
20,959,118
20,959,118

201406021029(201406021029)
39,979,547
81,721,970
20,996,653
20,996,653

201406021030(201406021030)
39,979,547
81,721,970
21,008,141
21,008,141

201406021031(201406021031)
39,979,547
81,721,970
21,008,141

201406021032(201406021032)
18,422,170
39,979,547
81,721,970
21,008,141
23,384,324

201406021039(201406021039)
18,446,242
40,016,438
81,721,970
21,094,954
23,425,549

201406021040(201406021040)
18,446,242
40,016,438
81,721,970
21,094,954
23,473,354

201406021041(201406021041)
18,446,242
40,016,438
81,721,970
21,094,954
23,473,354

201406021042(201406021042)
18,446,242
40,056,387
81,721,970
21,094,954
23,473,354

201406021049(201406021049)
18,523,716
40,091,052
81,721,970
21,159,238
23,489,049

201406021050(201406021050)
18,541,859
40,091,052
81,721,970
21,159,238
23,489,049

201406021051(201406021051)
18,541,859
40,091,052
81,721,970
21,160,041
23,489,049

201406021052(201406021052)
18,541,859
40,091,052
81,721,970
21,160,041
23,489,049

201406021059(201406021059)
18,578,797
40,110,321
81,721,970
21,185,323
23,489,049

201406021100(201406021100)
18,578,797
40,134,241
81,721,970
21,185,323
23,489,049

201406021101(201406021101)
18,578,797
40,134,241
81,721,970
21,207,557
23,489,049

201406021102(201406021102)
18,578,797
40,134,241
81,721,970
21,207,557
23,499,987

201406021109(201406021109)
18,634,059
40,134,241
81,721,970
21,241,205
23,564,630

201406021110(201406021110)
18,696,603
40,134,241
81,721,970
21,241,205
23,564,630

201406021111(201406021111)
18,725,467
40,134,241
81,721,970
21,241,205
23,564,630

201406021112(201406021112)
18,725,467
40,134,241
81,721,970
21,241,205
23,564,630

201406021119(201406021119)
18,806,557
40,360,466
81,721,970
21,319,894
23,596,331

201406021120(201406021120)
18,889,273
40,360,466
81,721,970
21,319,894
23,596,331

201406021121(201406021121)
18,889,273
40,360,466
81,721,970
21,319,894
23,596,331

201406021122(201406021122)
18,889,273
40,360,466
81,721,970
21,319,894
23,596,331

201406021129(201406021129)
18,903,854
40,376,264
81,721,970
21,382,583
23,596,331

201406021130(201406021130)
18,932,655
40,376,264
81,721,970
21,382,583
23,682,327

201406021131(201406021131)
18,932,655
40,376,264
81,721,970
21,382,583
23,682,327

201406021132(201406021132)
18,932,655
40,376,264
81,721,970
21,400,338
23,682,327

201406021139(201406021139)
18,945,261
40,397,045
81,831,251
21,418,149
23,717,620

201406021140(201406021140)
18,945,261
40,397,045
81,916,266
21,418,149
23,717,620

201406021141(201406021141)
18,945,261
40,397,045
81,916,266
21,418,149
23,799,534

201406021142(201406021142)
18,945,261
40,397,045
81,916,266
21,418,149
23,799,534

201406021149(201406021149)
18,950,500
40,397,045
82,034,858
21,418,149
23,831,599

201406021150(201406021150)
18,977,363
40,397,837
82,034,858
21,418,149
23,832,306

201406021151(201406021151)
18,977,363
40,397,837
82,034,858
21,418,149
23,832,306

201406021152(201406021152)
18,977,363
40,398,901
82,034,858
21,545,826
23,832,306

201406021159(201406021159)
19,053,744
40,441,571
82,034,858
21,569,780
23,841,420

201406021200(201406021200)
19,063,146
40,441,571
82,034,858
21,569,780
23,842,348

201406021201(201406021201)
19,063,146
40,441,571
82,034,858
21,569,780
23,842,348

201406021202(201406021202)
19,063,146
40,441,571
82,034,858
21,569,780
23,842,348

201406021209(201406021209)
19,081,592
40,441,571
82,034,858
21,572,499
23,842,348

201406021210(201406021210)
19,081,592
40,441,571
82,087,290
21,572,499
23,842,348

201406021211(201406021211)
19,081,592
40,441,571
82,087,290
21,572,499
23,842,348

201406021212(201406021212)
19,081,592
40,485,893
82,087,290
21,572,499
23,890,822

201406021219(201406021219)
19,111,263
40,509,570
82,087,290
21,598,895
23,930,222

201406021220(201406021220)
19,143,742
40,520,756
82,087,290
21,602,826
23,930,222

201406021221(201406021221)
19,150,673
40,520,756
82,087,290
21,630,405
23,930,222

201406021222(201406021222)
19,150,673
40,580,684
82,087,290
21,630,405
23,930,222

201406021229(201406021229)
19,264,195
40,643,933
82,142,570
21,762,691
24,068,291

201406021230(201406021230)
19,264,195
40,643,933
82,142,570
21,785,764
24,068,291

201406021231(201406021231)
19,264,195
40,643,933
82,142,570
21,789,340
24,103,458

201406021232(201406021232)
19,264,195
40,672,778
82,142,570
21,819,560
24,114,578

201406021239(201406021239)
19,284,896
40,699,536
82,334,972
21,940,248
24,227,612

201406021240(201406021240)
19,309,447
40,702,323
82,334,972
21,940,663
24,228,541

201406021241(201406021241)
19,364,727
40,702,323
82,334,972
21,945,490
24,257,638

201406021242(201406021242)
19,399,349
40,702,323
82,334,972
21,945,490
24,257,638

201406021249(201406021249)
19,399,349
40,867,106
82,334,972
22,065,793
24,269,007

201406021250(201406021250)
19,452,364
40,885,451
82,334,972
22,077,167
24,318,169

201406021251(201406021251)
19,452,364
40,895,217
82,334,972
22,077,167
24,336,256

201406021252(201406021252)
19,521,401
40,945,326
82,334,972
22,077,167
24,371,941

201406021259(201406021259)
19,521,401
40,958,461
82,334,972
22,170,129
24,458,111

201406021300(201406021300)
19,521,401
40,958,461
82,334,972
22,170,129
24,458,111

201406021301(201406021301)
19,547,925
40,958,461
82,334,972
22,170,129
24,458,111

201406021302(201406021302)
19,547,925
40,958,461
82,334,972
22,170,129
24,458,111

201406021309(201406021309)
19,561,173
40,958,461
82,334,972
22,207,826
24,491,364

201406021310(201406021310)
19,561,173
40,958,461
82,334,972
22,318,666
24,491,364

201406021311(201406021311)
19,561,173
40,958,461
82,334,972
22,333,027
24,491,364

201406021312(201406021312)
19,588,535
40,958,461
82,334,972
22,333,027
24,491,364

201406021319(201406021319)
19,680,959
41,090,683
82,334,972
22,379,563
24,520,052

201406021320(201406021320)
19,680,959
41,119,478
82,334,972
22,431,914
24,520,052

201406021321(201406021321)
19,680,959
41,119,478
82,334,972
22,431,914
24,588,517

201406021322(201406021322)
19,680,959
41,119,478
82,334,972
22,432,646
24,588,517

201406021329(201406021329)
19,680,959
41,143,597
82,334,972
22,494,816
24,713,710

201406021330(201406021330)
19,680,959
41,143,597
82,334,972
22,494,816
24,722,954

201406021331(201406021331)
19,680,959
41,143,597
82,334,972
22,494,816
24,732,388

201406021332(201406021332)
19,680,959
41,143,597
82,334,972
22,494,816
24,732,388

201406021339(201406021339)
19,680,959
41,217,227
82,334,972
22,549,880
24,849,314

201406021340(201406021340)
19,746,218
41,217,227
82,334,972
22,549,880
24,849,314

201406021341(201406021341)
19,746,218
41,217,227
82,334,972
22,550,084
24,849,314

201406021342(201406021342)
19,746,218
41,217,227
82,334,972
22,573,808
24,862,143

201406021349(201406021349)
19,796,240
41,291,906
82,334,972
22,634,573
24,862,143

201406021350(201406021350)
19,796,240
41,291,906
82,334,972
22,634,573
24,862,143

201406021351(201406021351)
19,796,240
41,291,906
82,334,972
22,634,573
24,862,143

201406021352(201406021352)
19,796,240
41,291,906
82,334,972
22,651,358
24,862,143

201406021359(201406021359)
19,817,654
41,312,962
82,334,972
22,652,992
24,881,025

201406021400(201406021400)
19,818,582
41,312,962
82,334,972
22,659,506
24,881,025

201406021401(201406021401)
19,818,582
41,312,962
82,334,972
22,659,506
24,881,025

201406021402(201406021402)
19,848,756
41,312,962
82,334,972
22,659,506
24,881,025

201406021409(201406021409)
19,892,079
41,332,326
82,334,972
22,681,177
24,894,007

201406021410(201406021410)
19,892,079
41,332,326
82,334,972
22,681,177
24,894,007

201406021411(201406021411)
19,892,079
41,332,326
82,334,972
22,681,177
24,924,050

201406021412(201406021412)
19,892,079
41,332,326
82,334,972
22,681,177
24,924,050

201406021419(201406021419)
19,892,079
41,414,664
82,334,972
22,726,651
25,053,352

201406021420(201406021420)
19,892,079
41,426,325
82,334,972
22,726,651
25,053,352

201406021421(201406021421)
19,892,079
41,426,325
82,334,972
22,726,651
25,060,947

201406021422(201406021422)
19,892,079
41,426,325
82,334,972
22,726,651
25,060,947

201406021429(201406021429)
19,959,616
41,460,689
82,334,972
22,732,954
25,060,947

201406021430(201406021430)
19,959,616
41,460,689
82,334,972
22,732,954
25,060,947

201406021431(201406021431)
19,959,616
41,460,689
82,334,972
22,732,954
25,060,947

201406021432(201406021432)
19,959,616
41,505,488
82,334,972
22,732,954
25,060,947

201406021439(201406021439)
20,067,638
41,505,488
82,334,972
22,784,300
25,086,409

201406021440(201406021440)
20,067,638
41,516,222
82,334,972
22,784,300
25,086,409

201406021441(201406021441)
20,108,791
41,516,222
82,334,972
22,784,300
25,116,227

201406021442(201406021442)
20,108,791
41,516,222
82,334,972
22,784,300
25,116,227

201406021449(201406021449)
20,125,151
41,516,222
82,334,972
22,789,912
25,116,227

201406021450(201406021450)
20,125,151
41,516,222
82,334,972
22,858,222
25,116,227

201406021451(201406021451)
20,125,151
41,516,222
82,334,972
22,858,222
25,116,227

201406021452(201406021452)
20,125,151
41,516,222
82,334,972
22,858,222
25,116,227

201406021459(201406021459)
20,191,568
41,543,547
82,334,972
22,859,868
25,131,890

201406021500(201406021500)
20,191,568
41,543,547
82,334,972
22,859,868
25,179,483

201406021501(201406021501)
20,191,568
41,543,547
82,334,972
22,859,868
25,179,483

201406021502(201406021502)
20,191,568
41,543,547
82,334,972
22,877,084
25,180,023

201406021509(201406021509)
20,196,427
41,563,330
82,334,972
22,909,049
25,285,727

201406021510(201406021510)
20,196,427
41,563,330
82,334,972
22,909,049
25,285,727

201406021511(201406021511)
20,196,427
41,563,330
82,334,972
22,909,049
25,285,727

201406021512(201406021512)
20,196,427
41,563,330
82,334,972
22,909,049
25,285,727

201406021519(201406021519)
20,222,298
41,586,372
82,334,972
22,932,364
25,296,611

201406021520(201406021520)
20,222,298
41,586,372
82,334,972
22,932,364
25,296,611

201406021521(201406021521)
20,222,298
41,621,639
82,334,972
22,932,364
25,296,611

201406021522(201406021522)
20,222,298
41,621,639
82,334,972
22,932,364
25,296,611

201406021529(201406021529)
20,222,298
41,671,634
82,334,972
22,985,895
25,296,611

201406021859(201406021859)
21,367,942
43,102,510
82,777,765
23,966,636

201406021900(201406021900)
21,414,433
43,133,347
82,777,765
23,966,636

201406021901(201406021901)
21,414,433
43,134,287
82,777,765
23,966,636

201406021902(201406021902)
21,414,433
43,134,287
82,777,901
23,966,636

201406021909(201406021909)
21,435,076
43,321,917
82,777,901
24,037,699

201406021910(201406021910)
21,435,076
43,321,917
82,902,247
24,037,699

201406021911(201406021911)
21,435,076
43,367,767
82,902,247
24,037,699

201406021912(201406021912)
21,435,076
43,367,767
82,902,247
24,037,699

201406021919(201406021919)
21,451,157
43,522,793
82,902,247
24,088,687

201406021920(201406021920)
21,465,137
43,522,793
82,902,247
24,088,687

201406021921(201406021921)
21,465,137
43,545,217
82,902,247
24,088,687

201406021922(201406021922)
21,465,137
43,545,217
82,902,247
24,088,687

201406021929(201406021929)
21,498,887
43,617,939
82,902,247
24,147,322

201406021930(201406021930)
21,498,887
43,622,101
82,902,247
24,147,322

201406021931(201406021931)
21,498,887
43,622,101
82,902,247
24,147,322

201406021932(201406021932)
21,498,887
43,622,101
82,902,247
24,147,322

201406021935(201406021935)
21,617,393
43,687,882
82,902,247
24,147,322
27,013,524

