201408121710(201408121710)
3,040,350
5,852,340
14,989,290
3,215,730
3,442,530

201408121711(201408121711)
3,046,110
5,871,570
14,989,290
3,215,730
3,442,530

201408121712(201408121712)
3,046,110
5,871,570
14,989,290
3,215,730
3,442,530

201408121715(201408121715)
3,046,110
5,871,570
14,989,290
3,215,730
3,442,530

201408121716(201408121716)
3,046,110
5,871,570
14,989,290
3,215,730
3,442,590

201408121717(201408121717)
3,046,110
5,871,570
14,989,290
3,215,730
3,442,590

201408121720(201408121720)
3,046,110
5,871,570
14,989,290
3,215,730
3,442,590

201408121721(201408121721)
3,046,110
5,871,570
14,989,290
3,216,150
3,442,590

201408121722(201408121722)
3,046,110
5,871,570
14,989,290
3,216,150
3,442,590

201408121725(201408121725)
3,046,110
5,871,570
14,989,290
3,216,150
3,442,590

201408121726(201408121726)
3,046,110
5,871,570
14,989,290
3,216,150
3,442,590

201408121727(201408121727)
3,046,110
5,871,570
14,989,290
3,216,150
3,443,250

201408121730(201408121730)
3,046,110
5,871,570
14,989,290
3,216,480
3,445,560

201408121731(201408121731)
3,046,290
5,871,570
14,989,290
3,216,480
3,445,560

201408121732(201408121732)
3,046,290
5,871,570
14,989,290
3,216,480
3,445,560

201408121735(201408121735)
3,046,290
5,871,570
14,989,290
3,217,440
3,445,560

201408121736(201408121736)
3,046,290
5,871,570
14,989,290
3,217,440
3,445,560

201408121737(201408121737)
3,046,290
5,871,570
14,989,290
3,218,250
3,445,560

201408121740(201408121740)
3,047,880
5,871,570
14,989,290
3,219,150
3,445,560

201408121741(201408121741)
3,047,940
5,871,570
14,989,290
3,222,240
3,449,910

201408121742(201408121742)
3,047,940
5,871,570
14,989,290
3,225,210
3,449,910

201408121745(201408121745)
3,048,240
5,871,570
14,989,290
3,225,210
3,449,910

201408121746(201408121746)
3,050,010
5,871,570
14,989,290
3,225,780
3,449,910

201408121747(201408121747)
3,050,010
5,871,570
14,989,290
3,225,780
3,452,370

201408121750(201408121750)
3,050,010
5,892,630
14,989,290
3,225,780
3,452,730

201408121751(201408121751)
3,050,010
5,896,740
14,989,290
3,225,780
3,452,730

201408121752(201408121752)
3,050,010
5,896,740
14,989,290
3,225,780
3,452,730

201408121755(201408121755)
3,050,010
5,896,740
14,989,290
3,225,780
3,452,730

201408121756(201408121756)
3,050,010
5,909,400
14,989,290
3,225,780
3,453,270

201408121757(201408121757)
3,050,010
5,909,400
14,989,290
3,225,780
3,453,270

201408121800(201408121800)
3,050,010
5,909,400
14,989,290
3,225,780
3,453,270

201408121801(201408121801)
3,050,010
5,909,400
14,989,290
3,228,000
3,453,270

201408121802(201408121802)
3,050,610
5,909,400
14,989,290
3,228,000
3,453,270

201408121805(201408121805)
3,051,690
5,909,400
14,989,290
3,228,000
3,453,270

201408121806(201408121806)
3,051,780
5,909,400
14,989,290
3,229,560
3,455,580

201408121807(201408121807)
3,051,780
5,909,400
14,989,290
3,229,560
3,458,790

201408121810(201408121810)
3,051,780
5,909,400
14,989,290
3,229,560
3,458,790

201408121811(201408121811)
3,051,780
5,909,400
14,989,290
3,229,560
3,459,480

201408121812(201408121812)
3,051,780
5,909,400
14,989,290
3,229,560
3,459,480

201408121815(201408121815)
3,051,780
5,909,400
14,989,290
3,229,560
3,459,480

201408121816(201408121816)
3,052,560
5,909,400
14,989,290
3,232,950
3,459,480

201408121817(201408121817)
3,054,090
5,909,400
14,989,290
3,232,950
3,459,480

201408121820(201408121820)
3,054,090
5,909,400
14,989,290
3,235,740
3,459,480

201408121821(201408121821)
3,054,090
5,910,630
14,989,290
3,235,740
3,463,890

201408121822(201408121822)
3,054,090
5,910,630
14,989,290
3,235,740
3,463,890

201408121825(201408121825)
3,054,090
5,910,630
14,989,290
3,235,740
3,463,890

201408121826(201408121826)
3,054,090
5,910,630
14,989,290
3,235,740
3,463,890

201408121827(201408121827)
3,054,090
5,910,630
14,989,290
3,235,740
3,463,890

201408121830(201408121830)
3,058,110
5,910,630
14,989,290
3,235,740
3,463,890

201408121831(201408121831)
3,058,110
5,910,630
14,989,290
3,235,830
3,463,890

201408121832(201408121832)
3,058,110
5,910,630
14,989,290
3,235,830
3,463,890

201408121835(201408121835)
3,058,110
5,910,630
14,989,290
3,235,830
3,463,890

201408121836(201408121836)
3,058,110
5,910,630
14,989,290
3,235,830
3,463,890

201408121837(201408121837)
3,058,110
5,930,760
14,989,290
3,235,830
3,463,890

201408121840(201408121840)
3,058,110
5,930,760
15,001,080
3,235,830
3,463,890

201408121841(201408121841)
3,058,110
5,930,760
15,001,080
3,235,830
3,463,890

201408121842(201408121842)
3,058,110
5,940,090
15,001,080
3,235,830
3,463,890

201408121845(201408121845)
3,058,110
5,940,090
15,001,080
3,238,260
3,474,870

201408121846(201408121846)
3,058,110
5,940,570
15,001,080
3,238,260
3,474,870

201408121847(201408121847)
3,058,110
5,940,570
15,001,080
3,238,260
3,474,870

201408121850(201408121850)
3,058,110
5,948,760
15,001,080
3,238,260
3,474,870

201408121851(201408121851)
3,058,110
5,948,760
15,001,080
3,238,260
3,474,870

201408121852(201408121852)
3,058,110
5,948,760
15,001,080
3,238,260
3,474,870

201408121855(201408121855)
3,058,110
5,948,760
15,001,080
3,238,260
3,474,870

201408121856(201408121856)
3,058,200
5,948,760
15,001,080
3,238,260
3,474,870

201408121857(201408121857)
3,058,200
5,948,760
15,001,080
3,238,260
3,474,870

201408121900(201408121900)
3,062,520
5,948,760
15,001,080
3,238,260
3,474,870

201408121901(201408121901)
3,062,520
5,948,760
15,001,080
3,238,260
3,476,190

201408121902(201408121902)
3,062,520
5,948,760
15,001,080
3,238,260
3,476,190

201408121905(201408121905)
3,062,520
5,948,760
15,001,080
3,238,260
3,476,190

201408121906(201408121906)
3,062,520
5,948,760
15,001,080
3,238,260
3,476,190

201408121907(201408121907)
3,062,520
5,948,760
15,001,080
3,238,260
3,476,190

201408121910(201408121910)
3,062,520
5,948,760
15,032,010
3,238,260
3,476,190

201408121911(201408121911)
3,062,520
5,948,760
15,032,010
3,238,260
3,476,190

201408121912(201408121912)
3,062,520
5,948,760
15,032,010
3,238,260
3,476,190

201408121915(201408121915)
3,063,930
5,948,760
15,032,010
3,238,260
3,476,190

201408121916(201408121916)
3,063,930
5,961,480
15,055,710
3,238,290
3,476,280

201408121917(201408121917)
3,063,930
5,961,480
15,055,710
3,238,800
3,476,280

201408121920(201408121920)
3,064,620
5,961,480
15,055,710
3,238,800
3,476,280

201408121921(201408121921)
3,064,620
5,967,420
15,055,710
3,238,800
3,476,280

201408121922(201408121922)
3,064,620
5,967,420
15,055,710
3,238,800
3,476,280

201408121925(201408121925)
3,064,620
5,967,420
15,055,710
3,238,800
3,476,280

201408121926(201408121926)
3,066,180
5,976,870
15,055,710
3,238,800
3,476,280

201408121927(201408121927)
3,066,180
5,976,870
15,055,710
3,240,690
3,476,280

201408121930(201408121930)
3,066,180
5,979,090
15,055,710
3,240,690
3,476,280

201408121931(201408121931)
3,066,180
5,979,090
15,055,710
3,240,690
3,476,280

201408121932(201408121932)
3,066,180
6,005,160
15,055,710
3,242,730
3,476,280

201408121935(201408121935)
3,066,180
6,005,160
15,055,710
3,242,730
3,488,010

201408121936(201408121936)
3,066,180
6,006,960
15,055,710
3,243,420
3,488,010

201408121937(201408121937)
3,066,180
6,006,960
15,055,710
3,243,420
3,488,010

201408121940(201408121940)
3,066,180
6,006,960
15,055,710
3,243,420
3,488,010

201408121941(201408121941)
3,066,180
6,006,960
15,055,710
3,243,420
3,488,010

201408121942(201408121942)
3,066,180
6,006,960
15,055,710
3,243,420
3,488,010

201408121945(201408121945)
3,067,020
6,006,960
15,055,710
3,243,600
3,488,010

201408121946(201408121946)
3,078,090
6,006,960
15,055,710
3,243,960
3,489,900

201408121947(201408121947)
3,078,090
6,006,960
15,055,710
3,243,960
3,489,900

201408121950(201408121950)
3,078,090
6,008,880
15,055,710
3,246,540
3,490,980

201408121951(201408121951)
3,078,090
6,010,740
15,055,710
3,248,730
3,490,980

201408121952(201408121952)
3,078,090
6,010,740
15,055,710
3,248,730
3,490,980

201408121955(201408121955)
3,078,090
6,031,020
15,055,710
3,249,480
3,492,660

201408121956(201408121956)
3,078,090
6,031,020
15,055,710
3,249,480
3,492,810

201408121957(201408121957)
3,078,930
6,032,580
15,055,710
3,249,480
3,492,810

201408122000(201408122000)
3,082,200
6,043,650
15,055,710
3,249,810
3,494,190

201408122001(201408122001)
3,087,060
6,045,150
15,055,710
3,249,810
3,494,490

201408122002(201408122002)
3,087,060
6,045,150
15,055,710
3,249,810
3,494,730

201408122005(201408122005)
3,087,060
6,045,150
15,055,710
3,249,810
3,494,730

201408122006(201408122006)
3,088,650
6,045,150
15,055,710
3,249,810
3,494,730

201408122007(201408122007)
3,088,650
6,045,150
15,055,710
3,251,970
3,494,730

201408122010(201408122010)
3,088,650
6,071,430
15,055,710
3,253,950
3,494,730

201408122011(201408122011)
3,088,650
6,071,430
15,055,710
3,254,880
3,494,730

201408122012(201408122012)
3,088,650
6,071,430
15,055,710
3,254,880
3,494,730

201408122015(201408122015)
3,088,650
6,071,430
15,055,710
3,254,880
3,494,730

201408122016(201408122016)
3,088,650
6,071,430
15,055,710
3,254,880
3,502,410

201408122017(201408122017)
3,088,650
6,071,430
15,055,710
3,254,880
3,502,410

201408122020(201408122020)
3,088,650
6,084,930
15,055,710
3,254,880
3,505,380

201408122021(201408122021)
3,088,650
6,084,930
15,055,710
3,254,880
3,505,380

201408122022(201408122022)
3,088,650
6,084,930
15,055,710
3,254,910
3,507,480

201408122025(201408122025)
3,088,650
6,084,930
15,055,710
3,254,910
3,507,480

201408122026(201408122026)
3,088,650
6,088,650
15,055,710
3,255,150
3,512,490

201408122027(201408122027)
3,088,650
6,088,650
15,055,710
3,255,150
3,512,490

201408122030(201408122030)
3,088,980
6,088,650
15,055,710
3,255,150
3,512,550

201408122031(201408122031)
3,092,130
6,088,650
15,055,710
3,258,900
3,523,470

201408122032(201408122032)
3,092,130
6,088,650
15,055,710
3,258,900
3,523,470

201408122035(201408122035)
3,093,330
6,088,650
15,055,710
3,258,900
3,523,470

201408122036(201408122036)
3,095,430
6,088,650
15,055,710
3,258,900
3,538,740

201408122037(201408122037)
3,096,030
6,088,650
15,055,710
3,260,280
3,538,740

201408122040(201408122040)
3,096,030
6,090,750
15,055,710
3,261,120
3,538,740

201408122041(201408122041)
3,096,030
6,090,750
15,055,710
3,261,120
3,538,740

201408122042(201408122042)
3,096,030
6,090,750
15,055,710
3,261,120
3,538,740

201408122045(201408122045)
3,096,030
6,090,750
15,055,710
3,261,120
3,538,740

201408122046(201408122046)
3,096,030
6,090,750
15,055,710
3,261,120
3,538,740

201408122047(201408122047)
3,096,030
6,090,750
15,055,710
3,261,120
3,538,740

201408122050(201408122050)
3,096,840
6,090,750
15,055,710
3,261,120
3,538,740

201408122051(201408122051)
3,096,840
6,090,750
15,055,710
3,272,310
3,538,740

201408122052(201408122052)
3,097,140
6,090,750
15,055,710
3,275,520
3,538,740

201408122055(201408122055)
3,097,140
6,096,300
15,055,710
3,275,520
3,543,960

201408122056(201408122056)
3,097,140
6,096,300
15,055,710
3,277,140
3,543,960

201408122057(201408122057)
3,097,140
6,106,380
15,055,710
3,277,140
3,544,080

201408122100(201408122100)
3,097,140
6,106,380
15,055,710
3,277,140
3,546,570

201408122101(201408122101)
3,097,140
6,125,970
15,055,710
3,277,140
3,550,380

201408122102(201408122102)
3,099,600
6,132,960
15,055,710
3,277,200
3,550,380

201408122105(201408122105)
3,099,600
6,137,790
15,055,710
3,279,240
3,550,380

201408122106(201408122106)
3,100,020
6,137,790
15,055,710
3,279,240
3,551,640

201408122107(201408122107)
3,100,020
6,137,790
15,055,710
3,279,240
3,551,640

201408122110(201408122110)
3,103,920
6,137,790
15,055,710
3,281,430
3,551,640

201408122111(201408122111)
3,105,480
6,152,790
15,055,710
3,281,430
3,551,640

201408122112(201408122112)
3,105,480
6,152,790
15,055,710
3,281,430
3,552,720

201408122115(201408122115)
3,105,480
6,152,790
15,055,710
3,281,430
3,552,720

201408122116(201408122116)
3,108,780
6,152,790
15,055,710
3,284,970
3,552,720

201408122117(201408122117)
3,108,780
6,152,790
15,055,710
3,284,970
3,552,720

201408122120(201408122120)
3,108,780
6,157,080
15,055,710
3,284,970
3,560,490

201408122121(201408122121)
3,108,780
6,157,080
15,055,710
3,292,680
3,574,050

201408122122(201408122122)
3,108,780
6,164,520
15,055,710
3,292,680
3,574,200

201408122125(201408122125)
3,108,780
6,164,520
15,055,710
3,294,270
3,574,200

201408122126(201408122126)
3,113,730
6,167,460
15,055,710
3,295,890
3,574,200

201408122127(201408122127)
3,114,570
6,167,460
15,055,710
3,295,890
3,574,200

201408122130(201408122130)
3,118,170
6,167,460
15,055,710
3,296,250
3,574,200

201408122131(201408122131)
3,118,170
6,167,460
15,055,710
3,296,250
3,577,650

201408122132(201408122132)
3,119,820
6,167,460
15,055,710
3,296,250
3,577,650

201408122135(201408122135)
3,119,820
6,168,900
15,055,710
3,303,000
3,579,960

201408122136(201408122136)
3,119,820
6,168,900
15,055,710
3,303,000
3,582,540

201408122137(201408122137)
3,119,820
6,176,160
15,055,710
3,303,000
3,582,540

201408122140(201408122140)
3,119,820
6,176,160
15,055,710
3,303,000
3,582,540

201408122141(201408122141)
3,120,720
6,177,900
15,055,710
3,303,180
3,582,540

201408122142(201408122142)
3,120,720
6,180,600
15,055,710
3,303,180
3,582,540

201408122145(201408122145)
3,120,720
6,183,000
15,055,710
3,308,910
3,582,540

201408122146(201408122146)
3,122,460
6,183,000
15,055,710
3,311,520
3,582,660

201408122147(201408122147)
3,122,460
6,183,000
15,055,710
3,313,920
3,582,660

201408122150(201408122150)
3,125,910
6,183,000
15,055,710
3,313,920
3,584,550

201408122151(201408122151)
3,125,910
6,183,540
15,055,710
3,313,920
3,584,550

201408122152(201408122152)
3,126,030
6,193,290
15,055,710
3,313,920
3,584,550

201408122155(201408122155)
3,126,030
6,193,290
15,056,160
3,313,920
3,584,550

201408122156(201408122156)
3,126,030
6,237,150
15,056,160
3,319,050
3,584,550

201408122157(201408122157)
3,127,290
6,237,150
15,056,160
3,319,050
3,584,550

201408122200(201408122200)
3,131,460
6,237,150
15,056,160
3,322,560
3,584,550

201408122201(201408122201)
3,131,460
6,237,150
15,056,160
3,324,600
3,586,290

201408122202(201408122202)
3,131,460
6,237,150
15,056,160
3,324,600
3,586,290

201408122205(201408122205)
3,131,460
6,237,150
15,056,160
3,324,600
3,595,500

201408122206(201408122206)
3,134,070
6,237,150
15,056,160
3,326,880
3,595,500

201408122207(201408122207)
3,134,070
6,237,150
15,056,160
3,326,880
3,596,190

201408122210(201408122210)
3,134,070
6,247,380
15,056,160
3,326,880
3,596,190

201408122211(201408122211)
3,134,070
6,247,380
15,056,160
3,327,000
3,596,190

201408122212(201408122212)
3,139,410
6,247,380
15,056,160
3,327,000
3,596,190

201408122215(201408122215)
3,139,410
6,264,150
15,056,160
3,327,000
3,596,190

201408122216(201408122216)
3,139,410
6,268,350
15,056,160
3,337,380
3,604,500

201408122217(201408122217)
3,141,210
6,268,350
15,056,160
3,337,380
3,607,830

201408122220(201408122220)
3,141,210
6,268,350
15,056,160
3,337,380
3,608,430

201408122221(201408122221)
3,145,230
6,268,350
15,056,160
3,337,380
3,608,430

201408122222(201408122222)
3,145,470
6,268,350
15,056,160
3,337,740
3,608,430

201408122225(201408122225)
3,145,650
6,303,930
15,056,160
3,339,990
3,608,430

201408122226(201408122226)
3,145,650
6,303,930
15,056,160
3,339,990
3,618,390

201408122227(201408122227)
3,146,970
6,303,930
15,056,160
3,339,990
3,618,390

201408122230(201408122230)
3,148,710
6,303,930
15,056,160
3,339,990
3,618,390

201408122231(201408122231)
3,151,110
6,303,930
15,056,160
3,342,750
3,620,010

201408122232(201408122232)
3,151,110
6,321,750
15,056,160
3,342,750
3,620,010

201408122235(201408122235)
3,151,110
6,326,610
15,056,160
3,347,490
3,620,010

201408122236(201408122236)
3,151,110
6,326,610
15,056,160
3,347,490
3,620,010

201408122237(201408122237)
3,151,110
6,326,610
15,056,160
3,347,490
3,623,340

201408122240(201408122240)
3,151,260
6,328,350
15,056,160
3,347,580
3,623,340

201408122241(201408122241)
3,151,260
6,341,340
15,072,450
3,348,960
3,623,340

201408122242(201408122242)
3,152,190
6,341,340
15,092,850
3,348,960
3,623,340

201408122245(201408122245)
3,152,190
6,345,480
15,126,450
3,348,960
3,623,640

201408122246(201408122246)
3,152,190
6,349,740
15,169,770
3,348,960
3,623,640

201408122247(201408122247)
3,156,450
6,349,740
15,169,770
3,348,960
3,623,640

201408122250(201408122250)
3,156,450
6,351,180
15,170,520
3,348,960
3,623,640

201408122251(201408122251)
3,156,450
6,351,180
15,170,520
3,351,420
3,623,640

201408122252(201408122252)
3,156,450
6,358,080
15,170,520
3,351,420
3,623,640

201408122255(201408122255)
3,156,450
6,358,080
15,170,520
3,351,420
3,623,640

201408122256(201408122256)
3,158,490
6,370,950
15,190,710
3,353,190
3,623,910

201408122257(201408122257)
3,158,490
6,381,270
15,190,710
3,353,190
3,623,910

201408122300(201408122300)
3,158,490
6,381,270
15,190,710
3,353,190
3,623,910

201408122301(201408122301)
3,158,490
6,390,150
15,190,710
3,353,190
3,623,910

201408122302(201408122302)
3,158,490
6,390,150
15,190,710
3,353,190
3,623,910

201408122305(201408122305)
3,158,490
6,390,150
15,190,710
3,353,190
3,623,910

201408122306(201408122306)
3,158,490
6,390,150
15,190,710
3,353,190
3,623,910

201408122307(201408122307)
3,162,120
6,390,150
15,190,710
3,353,190
3,623,910

201408122310(201408122310)
3,164,880
6,391,260
15,190,710
3,354,960
3,623,910

201408122311(201408122311)
3,167,100
6,391,830
15,190,710
3,354,960
3,623,910

201408122312(201408122312)
3,167,100
6,393,450
15,190,710
3,354,960
3,623,910

201408122315(201408122315)
3,167,100
6,393,450
15,190,710
3,354,960
3,623,910

201408122316(201408122316)
3,170,520
6,393,450
15,190,710
3,354,960
3,625,500

201408122317(201408122317)
3,170,520
6,393,450
15,190,710
3,354,960
3,625,500

201408122320(201408122320)
3,170,520
6,401,610
15,190,710
3,362,070
3,625,500

201408122321(201408122321)
3,170,520
6,401,610
15,190,710
3,362,070
3,625,500

201408122322(201408122322)
3,170,520
6,401,610
15,190,710
3,362,070
3,625,500

201408122325(201408122325)
3,171,540
6,417,510
15,190,710
3,362,070
3,625,500

201408122326(201408122326)
3,174,480
6,417,510
15,190,710
3,362,070
3,625,500

201408122327(201408122327)
3,178,740
6,417,510
15,190,710
3,365,010
3,625,500

201408122329(201408122329)
3,178,740
6,417,510
15,190,710
3,366,960
3,625,890

201408122330(201408122330)
3,178,740
6,417,510
15,190,710
3,366,960
3,625,890

201408122331(201408122331)
3,178,740
6,417,510
15,190,710
3,366,960
3,625,890

201408122334(201408122334)
3,178,740
6,417,510
15,190,710
3,366,960
3,628,230

201408122335(201408122335)
3,178,740
6,417,510
15,190,710
3,366,960
3,628,230

201408122336(201408122336)
3,181,050
6,417,510
15,190,710
3,366,960
3,628,230

201408122339(201408122339)
3,181,050
6,417,510
15,190,710
3,366,960
3,628,230

201408122340(201408122340)
3,181,050
6,417,510
15,190,710
3,366,960
3,628,230

201408122341(201408122341)
3,185,010
6,417,510
15,190,710
3,366,960
3,628,230

201408122344(201408122344)
3,185,010
6,417,510
15,190,710
3,366,960
3,628,230

201408122345(201408122345)
3,185,010
6,427,950
15,190,710
3,374,340
3,628,230

201408122346(201408122346)
3,185,310
6,427,950
15,190,710
3,377,040
3,628,230

201408122349(201408122349)
3,185,310
6,427,950
15,190,710
3,377,040
3,628,620

201408122350(201408122350)
3,185,310
6,428,100
15,190,710
3,379,950
3,628,620

201408122351(201408122351)
3,185,310
6,428,100
15,190,710
3,379,950
3,632,490

201408122354(201408122354)
3,185,310
6,428,100
15,190,710
3,381,840
3,632,640

201408122355(201408122355)
3,185,310
6,430,170
15,190,710
3,385,440
3,634,560

201408122356(201408122356)
3,185,460
6,430,170
15,190,710
3,385,440
3,634,560

201408122359(201408122359)
3,185,460
6,432,750
15,190,710
3,385,440
3,634,560

201408130000(201408130000)
3,185,460
6,432,750
15,190,710
3,385,440
3,639,840

201408130001(201408130001)
3,185,460
6,432,750
15,190,710
3,385,440
3,639,840

201408130004(201408130004)
3,185,460
6,432,750
15,190,710
3,385,440
3,639,840

201408130005(201408130005)
3,185,460
6,432,930
15,190,710
3,388,320
3,640,260

201408130006(201408130006)
3,185,460
6,442,440
15,190,710
3,388,320
3,640,260

201408130009(201408130009)
3,185,460
6,442,440
15,190,710
3,388,320
3,642,360

201408130010(201408130010)
3,185,460
6,442,440
15,190,710
3,388,320
3,642,360

201408130011(201408130011)
3,185,460
6,442,440
15,190,710
3,388,320
3,642,360

201408130014(201408130014)
3,185,460
6,442,440
15,190,710
3,388,320
3,642,360

201408130015(201408130015)
3,187,290
6,449,580
15,190,710
3,388,320
3,648,480

201408130016(201408130016)
3,187,290
6,449,580
15,190,710
3,388,320
3,648,480

201408130019(201408130019)
3,187,290
6,449,580
15,190,710
3,388,320
3,648,480

201408130020(201408130020)
3,187,530
6,467,970
15,190,710
3,388,320
3,648,480

201408130021(201408130021)
3,190,020
6,467,970
15,190,710
3,388,320
3,648,480

201408130024(201408130024)
3,191,520
6,489,330
15,190,710
3,388,320
3,648,480

201408130025(201408130025)
3,191,520
6,489,330
15,299,010
3,388,320
3,648,480

201408130026(201408130026)
3,191,520
6,489,330
15,299,010
3,388,320
3,648,480

201408130029(201408130029)
3,191,520
6,492,780
15,299,010
3,388,320
3,648,480

201408130030(201408130030)
3,196,170
6,524,250
15,299,010
3,388,320
3,649,380

201408130031(201408130031)
3,196,170
6,524,250
15,299,010
3,388,320
3,649,380

201408130034(201408130034)
3,196,170
6,524,250
15,299,010
3,388,320
3,649,380

201408130035(201408130035)
3,198,240
6,524,250
15,299,010
3,394,890
3,649,380

201408130036(201408130036)
3,198,240
6,524,250
15,299,010
3,394,890
3,649,380

201408130039(201408130039)
3,198,240
6,534,450
15,299,010
3,394,890
3,649,380

201408130040(201408130040)
3,199,440
6,539,880
15,299,010
3,394,890
3,649,380

201408130041(201408130041)
3,199,440
6,539,880
15,299,010
3,394,890
3,649,380

201408130044(201408130044)
3,199,440
6,539,880
15,299,010
3,395,400
3,649,380

201408130045(201408130045)
3,199,440
6,559,590
15,299,010
3,395,400
3,649,380

201408130046(201408130046)
3,199,440
6,559,590
15,299,010
3,395,400
3,649,920

201408130049(201408130049)
3,199,920
6,559,590
15,299,010
3,395,400
3,653,460

201408130050(201408130050)
3,199,920
6,559,590
15,340,170
3,395,400
3,653,460

201408130051(201408130051)
3,199,920
6,559,590
15,340,170
3,398,220
3,653,460

201408130054(201408130054)
3,199,920
6,571,770
15,340,170
3,398,220
3,653,460

201408130055(201408130055)
3,200,790
6,571,770
15,361,380
3,402,540
3,658,440

201408130056(201408130056)
3,200,790
6,571,770
15,361,380
3,402,540
3,658,440

201408130059(201408130059)
3,200,790
6,571,770
15,361,380
3,402,540
3,658,440

201408130100(201408130100)
3,200,910
6,571,770
15,361,380
3,402,540
3,660,120

201408130101(201408130101)
3,200,910
6,571,770
15,361,380
3,402,540
3,660,120

201408130104(201408130104)
3,201,000
6,571,770
15,361,380
3,402,540
3,660,120

201408130105(201408130105)
3,201,000
6,573,540
15,361,380
3,402,540
3,660,120

201408130106(201408130106)
3,201,000
6,573,540
15,361,380
3,404,550
3,660,120

201408130109(201408130109)
3,201,000
6,573,540
15,361,380
3,404,550
3,660,840

201408130110(201408130110)
3,201,000
6,573,540
15,361,380
3,404,550
3,663,480

201408130111(201408130111)
3,201,000
6,587,940
15,361,380
3,404,550
3,663,480

201408130114(201408130114)
3,201,000
6,587,940
15,361,380
3,404,550
3,663,480

201408130115(201408130115)
3,201,000
6,587,940
15,361,380
3,404,550
3,663,480

201408130116(201408130116)
3,201,000
6,587,940
15,361,380
3,404,550
3,663,480

201408130119(201408130119)
3,208,260
6,608,940
15,361,380
3,404,550
3,663,480

201408130120(201408130120)
3,208,260
6,611,790
15,361,380
3,404,550
3,663,480

201408130121(201408130121)
3,208,260
6,621,510
15,361,380
3,404,550
3,663,480

201408130124(201408130124)
3,215,730
6,621,510
15,361,380
3,404,550
3,663,480

201408130125(201408130125)
3,216,150
6,639,900
15,361,380
3,409,560
3,663,480

201408130126(201408130126)
3,216,150
6,639,900
15,361,380
3,409,560
3,663,480

201408130129(201408130129)
3,216,150
6,639,900
15,361,380
3,409,560
3,663,480

201408130130(201408130130)
3,216,150
6,639,900
15,361,380
3,409,860
3,663,480

201408130131(201408130131)
3,217,440
6,639,900
15,361,380
3,409,860
3,663,480

201408130134(201408130134)
3,219,150
6,639,900
15,361,380
3,410,400
3,663,480

201408130135(201408130135)
3,219,150
6,639,900
15,361,380
3,410,400
3,670,110

201408130136(201408130136)
3,219,150
6,639,900
15,361,380
3,415,950
3,670,110

201408130139(201408130139)
3,219,150
6,639,900
15,361,380
3,415,950
3,670,110

201408130140(201408130140)
3,219,150
6,639,900
15,361,380
3,417,840
3,671,820

201408130141(201408130141)
3,219,510
6,639,900
15,361,380
3,419,430
3,671,820

201408130144(201408130144)
3,219,690
6,639,900
15,361,380
3,419,430
3,676,830

201408130145(201408130145)
3,219,690
6,639,900
15,361,380
3,425,520
3,676,830

201408130146(201408130146)
3,219,690
6,639,900
15,361,380
3,425,520
3,676,830

201408130149(201408130149)
3,219,690
6,639,900
15,361,380
3,425,520
3,676,830

201408130150(201408130150)
3,219,690
6,639,900
15,361,380
3,428,490
3,676,830

201408130151(201408130151)
3,219,690
6,639,900
15,361,380
3,428,490
3,678,360

201408130154(201408130154)
3,219,690
6,639,900
15,361,380
3,428,490
3,678,360

201408130155(201408130155)
3,219,690
6,639,900
15,361,380
3,428,490
3,678,600

201408130156(201408130156)
3,219,690
6,639,900
15,361,380
3,428,490
3,678,600

201408130159(201408130159)
3,221,250
6,639,900
15,361,380
3,428,490
3,678,600

201408130200(201408130200)
3,221,250
6,639,900
15,361,380
3,428,490
3,678,600

201408130201(201408130201)
3,221,250
6,639,900
15,361,380
3,428,490
3,678,600

201408130204(201408130204)
3,221,250
6,639,900
15,361,380
3,428,490
3,678,600

201408130205(201408130205)
3,221,250
6,639,900
15,361,380
3,428,490
3,678,600

201408130206(201408130206)
3,222,690
6,639,900
15,361,380
3,428,490
3,678,600

201408130209(201408130209)
3,222,690
6,639,900
15,361,380
3,428,490
3,678,600

201408130210(201408130210)
3,223,320
6,639,900
15,361,380
3,434,220
3,678,600

201408130211(201408130211)
3,223,320
6,639,900
15,361,380
3,434,220
3,678,840

201408130214(201408130214)
3,224,100
6,639,900
15,361,380
3,437,310
3,678,840

201408130215(201408130215)
3,228,000
6,643,020
15,361,380
3,437,310
3,680,940

201408130216(201408130216)
3,228,000
6,643,020
15,361,380
3,437,310
3,680,940

201408130219(201408130219)
3,228,000
6,643,020
15,361,380
3,439,560
3,680,940

201408130220(201408130220)
3,228,240
6,643,020
15,361,380
3,443,100
3,681,390

201408130221(201408130221)
3,228,240
6,643,020
15,361,380
3,455,100
3,681,390

201408130224(201408130224)
3,228,240
6,643,020
15,361,380
3,455,580
3,687,060

201408130225(201408130225)
3,228,240
6,643,020
15,361,380
3,463,890
3,689,010

201408130226(201408130226)
3,228,240
6,643,020
15,361,380
3,463,890
3,689,010

201408130229(201408130229)
3,228,240
6,643,020
15,361,380
3,463,890
3,690,540

201408130230(201408130230)
3,232,950
6,643,020
15,361,380
3,468,630
3,695,760

201408130231(201408130231)
3,232,950
6,643,020
15,361,380
3,468,630
3,695,760

201408130234(201408130234)
3,232,950
6,643,020
15,361,380
3,471,180
3,695,760

201408130235(201408130235)
3,232,950
6,645,510
15,361,380
3,471,750
3,695,760

201408130236(201408130236)
3,232,950
6,645,510
15,361,380
3,471,750
3,699,300

201408130239(201408130239)
3,232,950
6,645,510
15,361,380
3,471,750
3,699,300

201408130240(201408130240)
3,232,950
6,645,510
15,361,380
3,471,750
3,699,300

201408130241(201408130241)
3,232,950
6,645,510
15,361,380
3,471,750
3,701,670

201408130244(201408130244)
3,232,950
6,645,510
15,361,380
3,471,750
3,701,670

201408130245(201408130245)
3,232,950
6,645,510
15,361,380
3,471,750
3,701,670

201408130246(201408130246)
3,232,950
6,645,510
15,361,380
3,471,750
3,701,670

201408130249(201408130249)
3,232,950
6,645,510
15,361,380
3,471,750
3,701,670

201408130250(201408130250)
3,232,950
6,649,320
15,361,380
3,471,750
3,701,670

201408130251(201408130251)
3,232,950
6,649,320
15,361,380
3,471,750
3,701,670

201408130254(201408130254)
3,232,950
6,649,770
15,361,380
3,471,750
3,701,670

201408130255(201408130255)
3,232,950
6,649,770
15,361,380
3,471,750
3,701,670

201408130256(201408130256)
3,232,950
6,649,770
15,361,380
3,471,750
3,702,000

201408130259(201408130259)
3,232,950
6,649,770
15,361,380
3,471,750
3,702,000

201408130300(201408130300)
3,232,950
6,649,770
15,361,380
3,471,750
3,702,000

201408130301(201408130301)
3,232,950
6,649,770
15,361,380
3,471,750
3,705,120

201408130304(201408130304)
3,232,950
6,649,770
15,361,380
3,471,750
3,705,120

201408130305(201408130305)
3,232,950
6,649,770
15,361,380
3,471,750
3,710,700

201408130306(201408130306)
3,232,950
6,649,770
15,361,380
3,471,750
3,710,700

201408130309(201408130309)
3,232,950
6,649,770
15,361,380
3,471,750
3,711,900

201408130310(201408130310)
3,232,950
6,649,770
15,361,380
3,471,750
3,711,900

201408130311(201408130311)
3,232,950
6,649,770
15,361,380
3,471,750
3,713,190

201408130314(201408130314)
3,233,730
6,649,770
15,361,380
3,471,750
3,713,190

201408130315(201408130315)
3,233,730
6,649,770
15,361,380
3,474,600
3,715,290

201408130316(201408130316)
3,233,730
6,649,770
15,361,380
3,474,600
3,715,290

201408130319(201408130319)
3,233,730
6,649,770
15,361,380
3,474,600
3,715,290

201408130320(201408130320)
3,233,730
6,649,770
15,361,380
3,474,600
3,715,290

201408130321(201408130321)
3,233,730
6,649,770
15,361,380
3,474,600
3,715,290

201408130324(201408130324)
3,233,730
6,649,770
15,361,380
3,474,600
3,715,290

201408130325(201408130325)
3,233,730
6,657,270
15,361,380
3,474,600
3,715,290

201408130326(201408130326)
3,233,730
6,657,270
15,361,380
3,474,600
3,715,290

201408130329(201408130329)
3,233,730
6,657,270
15,361,380
3,474,600
3,715,290

201408130330(201408130330)
3,233,820
6,657,270
15,361,380
3,474,600
3,715,290

201408130331(201408130331)
3,233,820
6,657,270
15,361,380
3,474,600
3,715,290

201408130334(201408130334)
3,233,820
6,657,270
15,361,380
3,474,600
3,715,290

201408130335(201408130335)
3,233,820
6,657,270
15,361,380
3,474,600
3,715,290

201408130336(201408130336)
3,233,820
6,657,270
15,361,380
3,474,600
3,715,290

201408130339(201408130339)
3,233,820
6,657,270
15,361,380
3,475,020
3,715,290

201408130340(201408130340)
3,233,820
6,661,500
15,361,380
3,475,020
3,715,290

201408130341(201408130341)
3,233,820
6,661,500
15,361,380
3,475,020
3,715,290

201408130344(201408130344)
3,233,820
6,661,500
15,361,380
3,475,020
3,715,290

201408130345(201408130345)
3,233,820
6,661,500
15,361,380
3,475,020
3,715,290

201408130346(201408130346)
3,233,820
6,661,500
15,361,380
3,475,020
3,715,290

201408130349(201408130349)
3,233,820
6,661,500
15,361,380
3,475,020
3,715,290

201408130350(201408130350)
3,233,820
6,661,500
15,361,380
3,475,020
3,715,290

201408130351(201408130351)
3,233,820
6,661,500
15,361,380
3,475,020
3,715,290

201408130354(201408130354)
3,233,820
6,661,500
15,361,380
3,475,020
3,715,290

201408130355(201408130355)
3,233,820
6,661,500
15,361,380
3,475,020
3,715,290

201408130356(201408130356)
3,233,820
6,661,500
15,361,380
3,475,020
3,715,290

201408130359(201408130359)
3,233,820
6,661,500
15,361,380
3,475,020
3,715,290

201408130400(201408130400)
3,233,820
6,661,500
15,374,610
3,475,020
3,715,290

201408130401(201408130401)
3,233,820
6,661,500
15,374,610
3,475,020
3,715,290

201408130404(201408130404)
3,233,820
6,661,500
15,374,610
3,475,020
3,715,290

201408130405(201408130405)
3,233,820
6,661,500
15,374,610
3,475,020
3,715,290

201408130406(201408130406)
3,233,820
6,661,500
15,374,610
3,475,020
3,715,290

201408130409(201408130409)
3,233,820
6,661,500
15,374,610
3,475,020
3,715,290

201408130410(201408130410)
3,233,820
6,661,500
15,374,610
3,475,020
3,715,290

201408130411(201408130411)
3,233,820
6,661,500
15,374,610
3,475,020
3,715,290

201408130414(201408130414)
3,233,820
6,661,500
15,374,610
3,475,020
3,715,290

201408130415(201408130415)
3,233,820
6,661,500
15,374,610
3,475,020
3,715,290

201408130416(201408130416)
3,233,820
6,661,500
15,374,610
3,475,020
3,715,290

201408130419(201408130419)
3,233,820
6,661,500
15,374,610
3,475,020
3,715,290

201408130420(201408130420)
3,233,910
6,661,500
15,374,610
3,475,020
3,715,290

201408130421(201408130421)
3,233,910
6,661,500
15,374,610
3,475,020
3,715,290

201408130424(201408130424)
3,233,910
6,661,500
15,374,610
3,475,020
3,715,290

201408130425(201408130425)
3,235,830
6,668,010
15,374,610
3,476,280
3,715,290

201408130426(201408130426)
3,235,830
6,668,010
15,374,610
3,476,280
3,719,100

201408130429(201408130429)
3,238,530
6,668,010
15,374,610
3,476,280
3,719,100

201408130430(201408130430)
3,238,530
6,668,010
15,374,610
3,476,940
3,719,100

201408130431(201408130431)
3,238,530
6,668,010
15,374,610
3,476,940
3,719,100

201408130434(201408130434)
3,239,370
6,668,010
15,374,610
3,476,940
3,719,100

201408130435(201408130435)
3,239,370
6,668,010
15,374,610
3,485,640
3,719,100

201408130436(201408130436)
3,239,370
6,668,010
15,374,610
3,485,640
3,719,880

201408130439(201408130439)
3,239,370
6,668,010
15,374,610
3,485,640
3,719,880

201408130440(201408130440)
3,239,370
6,668,010
15,374,610
3,485,640
3,719,880

201408130441(201408130441)
3,239,370
6,668,010
15,374,610
3,485,640
3,719,880

201408130444(201408130444)
3,239,640
6,668,010
15,374,610
3,485,640
3,719,880

201408130445(201408130445)
3,239,640
6,668,010
15,374,610
3,485,640
3,719,880

201408130446(201408130446)
3,239,640
6,668,010
15,374,610
3,485,640
3,722,160

201408130449(201408130449)
3,239,640
6,668,010
15,374,610
3,485,640
3,722,160

201408130450(201408130450)
3,239,640
6,668,010
15,374,610
3,485,640
3,722,160

201408130451(201408130451)
3,239,640
6,668,010
15,374,610
3,485,640
3,722,160

201408130454(201408130454)
3,239,640
6,668,010
15,374,610
3,485,640
3,722,160

201408130455(201408130455)
3,239,640
6,668,730
15,374,610
3,485,640
3,722,160

201408130456(201408130456)
3,239,640
6,668,730
15,374,610
3,485,640
3,722,160

201408130459(201408130459)
3,239,640
6,668,730
15,374,610
3,485,640
3,722,160

201408130500(201408130500)
3,239,640
6,668,730
15,374,610
3,485,640
3,722,160

201408130501(201408130501)
3,239,640
6,668,730
15,374,610
3,485,640
3,722,160

201408130504(201408130504)
3,239,640
6,668,730
15,374,610
3,485,640
3,722,160

201408130505(201408130505)
3,239,640
6,668,730
15,374,610
3,485,640
3,722,160

201408130506(201408130506)
3,239,640
6,668,730
15,374,610
3,485,640
3,722,160

201408130509(201408130509)
3,239,640
6,668,730
15,374,610
3,485,640
3,722,160

201408130510(201408130510)
3,239,640
6,668,730
15,432,000
3,485,640
3,722,160

201408130511(201408130511)
3,239,790
6,668,730
15,432,000
3,485,640
3,722,160

201408130514(201408130514)
3,239,790
6,668,730
15,432,000
3,486,330
3,722,160

201408130515(201408130515)
3,242,250
6,668,730
15,432,000
3,486,330
3,727,260

201408130516(201408130516)
3,242,250
6,668,730
15,432,000
3,486,330
3,727,260

201408130519(201408130519)
3,242,730
6,668,730
15,432,000
3,487,020
3,727,260

201408130520(201408130520)
3,244,110
6,668,730
15,432,000
3,487,020
3,727,260

201408130521(201408130521)
3,244,110
6,668,730
15,432,000
3,487,020
3,727,260

201408130524(201408130524)
3,244,110
6,668,730
15,432,000
3,487,020
3,727,260

201408130525(201408130525)
3,244,110
6,668,730
15,432,000
3,487,020
3,727,260

201408130526(201408130526)
3,244,110
6,688,800
15,432,000
3,487,020
3,727,260

201408130529(201408130529)
3,244,110
6,688,800
15,432,000
3,487,020
3,727,260

201408130530(201408130530)
3,244,110
6,688,800
15,432,000
3,487,020
3,727,260

201408130531(201408130531)
3,244,110
6,688,800
15,432,000
3,487,020
3,727,260

201408130534(201408130534)
3,244,110
6,688,800
15,432,000
3,487,020
3,727,260

201408130535(201408130535)
3,244,110
6,688,800
15,432,000
3,487,020
3,727,260

201408130536(201408130536)
3,244,110
6,688,800
15,432,000
3,487,020
3,727,260

201408130539(201408130539)
3,244,110
6,688,800
15,432,000
3,487,020
3,727,260

201408130540(201408130540)
3,244,830
6,688,800
15,432,000
3,487,020
3,727,260

201408130541(201408130541)
3,244,830
6,688,800
15,432,000
3,487,020
3,727,260

201408130544(201408130544)
3,244,830
6,688,800
15,432,000
3,487,020
3,727,260

201408130545(201408130545)
3,244,830
6,688,800
15,432,000
3,487,020
3,727,260

201408130546(201408130546)
3,244,830
6,688,800
15,432,000
3,487,020
3,727,260

201408130549(201408130549)
3,244,830
6,688,800
15,432,000
3,487,020
3,727,260

201408130550(201408130550)
3,244,830
6,688,800
15,432,000
3,487,020
3,727,260

201408130551(201408130551)
3,244,830
6,688,800
15,432,000
3,487,110
3,727,260

201408130554(201408130554)
3,244,830
6,688,800
15,432,000
3,487,110
3,727,260

201408130555(201408130555)
3,244,830
6,688,800
15,432,000
3,487,110
3,727,260

201408130556(201408130556)
3,244,830
6,688,800
15,432,000
3,487,110
3,727,260

201408130559(201408130559)
3,244,830
6,688,800
15,432,000
3,487,110
3,727,260

201408130600(201408130600)
3,246,120
6,691,260
15,432,000
3,488,010
3,729,240

201408130601(201408130601)
3,246,120
6,691,260
15,432,000
3,488,010
3,729,240

201408130604(201408130604)
3,246,120
6,691,260
15,432,000
3,488,010
3,729,240

201408130605(201408130605)
3,246,120
6,691,260
15,432,000
3,489,900
3,729,240

201408130606(201408130606)
3,246,120
6,691,260
15,432,000
3,489,900
3,729,240

201408130609(201408130609)
3,246,120
6,691,260
15,432,000
3,489,900
3,729,240

201408130610(201408130610)
3,246,120
6,691,260
15,432,000
3,489,900
3,729,240

201408130611(201408130611)
3,246,120
6,691,260
15,432,000
3,489,900
3,729,240

201408130614(201408130614)
3,246,120
6,691,260
15,432,000
3,489,900
3,729,240

201408130615(201408130615)
3,246,120
6,712,230
15,432,000
3,489,900
3,729,240

201408130616(201408130616)
3,246,660
6,713,940
15,432,000
3,489,900
3,729,240

201408130619(201408130619)
3,247,290
6,713,940
15,432,000
3,489,900
3,729,240

201408130620(201408130620)
3,247,290
6,713,940
15,432,000
3,489,900
3,729,240

201408130621(201408130621)
3,247,290
6,713,940
15,432,000
3,489,900
3,729,240

201408130624(201408130624)
3,247,290
6,713,940
15,432,000
3,489,900
3,729,240

201408130625(201408130625)
3,247,290
6,713,940
15,432,000
3,491,550
3,729,240

201408130626(201408130626)
3,247,290
6,713,940
15,432,000
3,491,550
3,729,240

201408130629(201408130629)
3,248,160
6,713,940
15,432,000
3,491,550
3,729,240

201408130630(201408130630)
3,248,160
6,713,940
15,432,000
3,491,550
3,729,240

201408130631(201408130631)
3,248,160
6,713,940
15,432,000
3,491,550
3,729,240

201408130634(201408130634)
3,248,160
6,713,940
15,432,000
3,491,550
3,729,240

201408130635(201408130635)
3,248,550
6,720,930
15,432,000
3,491,550
3,729,240

201408130636(201408130636)
3,249,480
6,720,930
15,432,000
3,491,550
3,729,240

201408130639(201408130639)
3,249,480
6,720,930
15,432,000
3,491,550
3,729,240

201408130640(201408130640)
3,249,480
6,720,930
15,432,000
3,491,550
3,729,240

201408130641(201408130641)
3,250,410
6,720,930
15,432,000
3,491,550
3,729,240

201408130644(201408130644)
3,250,410
6,720,930
15,432,000
3,491,550
3,729,240

201408130645(201408130645)
3,250,410
6,720,930
15,432,000
3,491,880
3,729,240

201408130646(201408130646)
3,250,410
6,720,930
15,432,000
3,491,880
3,729,240

201408130649(201408130649)
3,250,410
6,720,930
15,432,000
3,491,880
3,731,010

201408130650(201408130650)
3,250,410
6,720,930
15,432,000
3,491,880
3,735,030

201408130651(201408130651)
3,250,410
6,720,930
15,432,000
3,491,880
3,735,030

201408130654(201408130654)
3,250,410
6,720,930
15,432,000
3,491,880
3,735,030

201408130655(201408130655)
3,250,410
6,720,930
15,432,000
3,491,880
3,735,030

201408130656(201408130656)
3,250,410
6,720,930
15,432,000
3,491,880
3,735,030

201408130659(201408130659)
3,250,410
6,720,930
15,432,000
3,491,880
3,735,030

201408130700(201408130700)
3,250,410
6,720,930
15,499,410
3,491,880
3,735,030

201408130701(201408130701)
3,250,410
6,720,930
15,514,410
3,491,880
3,735,030

201408130704(201408130704)
3,250,410
6,720,930
15,525,960
3,491,880
3,735,030

201408130705(201408130705)
3,250,410
6,722,850
15,633,330
3,491,880
3,735,030

201408130706(201408130706)
3,250,410
6,722,850
15,633,330
3,491,880
3,735,030

201408130709(201408130709)
3,250,410
6,722,850
15,633,330
3,491,880
3,735,030

201408130710(201408130710)
3,250,410
6,722,850
15,633,330
3,491,880
3,735,030

201408130711(201408130711)
3,250,410
6,722,850
15,633,330
3,491,880
3,737,340

201408130714(201408130714)
3,250,410
6,722,850
15,633,330
3,491,880
3,737,340

201408130715(201408130715)
3,251,340
6,722,850
15,633,330
3,491,880
3,737,340

201408130716(201408130716)
3,251,340
6,722,850
15,633,330
3,491,880
3,737,340

201408130719(201408130719)
3,251,700
6,722,850
15,633,330
3,491,880
3,737,340

201408130720(201408130720)
3,251,700
6,727,080
15,633,330
3,491,880
3,737,340

201408130721(201408130721)
3,251,700
6,727,080
15,633,330
3,491,880
3,737,340

201408130724(201408130724)
3,251,700
6,727,080
15,633,330
3,491,880
3,737,340

201408130725(201408130725)
3,251,700
6,727,080
15,633,330
3,491,880
3,737,340

201408130726(201408130726)
3,251,700
6,727,080
15,633,330
3,491,880
3,737,340

201408130729(201408130729)
3,252,480
6,727,080
15,633,330
3,491,880
3,737,340

201408130730(201408130730)
3,252,480
6,727,080
15,633,330
3,491,880
3,737,340

201408130731(201408130731)
3,252,480
6,727,080
15,633,330
3,491,880
3,737,340

201408130734(201408130734)
3,252,480
6,727,080
15,633,330
3,491,880
3,737,340

201408130735(201408130735)
3,252,960
6,749,700
15,633,330
3,491,880
3,737,340

201408130736(201408130736)
3,252,960
6,749,700
15,633,330
3,491,880
3,737,340

201408130739(201408130739)
3,252,960
6,749,700
15,633,330
3,491,880
3,737,340

201408130740(201408130740)
3,252,960
6,749,700
15,633,330
3,491,880
3,737,340

201408130741(201408130741)
3,252,960
6,749,700
15,633,330
3,491,880
3,737,340

201408130744(201408130744)
3,253,230
6,749,700
15,633,330
3,491,880
3,738,420

201408130745(201408130745)
3,253,980
6,749,700
15,633,330
3,496,260
3,738,420

201408130746(201408130746)
3,253,980
6,749,700
15,633,330
3,496,260
3,738,420

201408130749(201408130749)
3,253,980
6,749,700
15,633,330
3,497,130
3,738,420

201408130750(201408130750)
3,254,490
6,749,700
15,633,330
3,497,130
3,738,420

201408130751(201408130751)
3,254,880
6,749,700
15,633,330
3,497,130
3,738,420

201408130754(201408130754)
3,254,880
6,749,700
15,633,330
3,497,130
3,738,420

201408130755(201408130755)
3,254,910
6,757,170
15,633,330
3,502,410
3,738,420

201408130756(201408130756)
3,254,910
6,757,170
15,633,330
3,502,410
3,738,780

201408130759(201408130759)
3,254,910
6,757,170
15,633,330
3,502,410
3,738,780

201408130800(201408130800)
3,255,150
6,757,170
15,633,330
3,504,690
3,741,840

201408130801(201408130801)
3,255,150
6,757,170
15,633,330
3,504,690
3,742,680

201408130804(201408130804)
3,255,150
6,757,170
15,633,330
3,505,410
3,752,970

201408130805(201408130805)
3,257,040
6,757,170
15,633,330
3,505,410
3,752,970

201408130806(201408130806)
3,257,040
6,757,170
15,633,330
3,505,410
3,752,970

201408130809(201408130809)
3,259,920
6,760,920
15,633,330
3,505,410
3,752,970

201408130810(201408130810)
3,259,920
6,802,860
15,633,330
3,506,880
3,760,050

201408130811(201408130811)
3,259,920
6,804,150
15,633,330
3,506,880
3,760,050

201408130814(201408130814)
3,259,920
6,804,150
15,633,330
3,506,880
3,760,050

201408130815(201408130815)
3,261,120
6,804,150
15,633,330
3,506,880
3,760,290

201408130816(201408130816)
3,261,120
6,804,150
15,633,330
3,506,880
3,760,290

201408130819(201408130819)
3,261,120
6,804,150
15,633,330
3,506,880
3,760,290

201408130820(201408130820)
3,264,780
6,804,150
15,633,330
3,510,090
3,760,290

201408130821(201408130821)
3,264,780
6,804,150
15,633,330
3,510,090
3,772,650

201408130824(201408130824)
3,266,400
6,804,150
15,633,330
3,510,090
3,772,650

201408130825(201408130825)
3,271,620
6,804,150
15,633,330
3,510,090
3,772,650

201408130826(201408130826)
3,271,620
6,804,150
15,633,330
3,510,090
3,772,650

201408130829(201408130829)
3,271,620
6,804,150
15,633,330
3,510,090
3,772,650

201408130830(201408130830)
3,271,620
6,804,150
15,633,330
3,510,090
3,772,650

201408130831(201408130831)
3,271,620
6,804,150
15,633,330
3,510,090
3,772,650

201408130834(201408130834)
3,271,620
6,804,150
15,633,330
3,510,090
3,772,650

201408130835(201408130835)
3,274,830
6,804,150
15,633,330
3,510,090
3,772,650

201408130836(201408130836)
3,274,830
6,804,150
15,633,330
3,510,090
3,772,650

201408130839(201408130839)
3,275,220
6,804,150
15,633,330
3,510,090
3,772,650

201408130840(201408130840)
3,275,220
6,804,150
15,633,330
3,510,090
3,772,650

201408130841(201408130841)
3,275,220
6,804,150
15,633,330
3,510,090
3,772,650

201408130844(201408130844)
3,275,220
6,804,150
15,633,330
3,510,090
3,772,650

201408130845(201408130845)
3,275,220
6,804,360
15,633,330
3,510,090
3,772,650

201408130846(201408130846)
3,275,220
6,804,360
15,633,330
3,511,290
3,772,650

201408130849(201408130849)
3,275,520
6,804,360
15,633,330
3,511,290
3,772,650

201408130850(201408130850)
3,279,240
6,804,360
15,633,330
3,511,980
3,773,550

201408130851(201408130851)
3,279,660
6,804,360
15,633,330
3,511,980
3,773,550

201408130854(201408130854)
3,279,660
6,822,330
15,633,330
3,511,980
3,773,550

201408130855(201408130855)
3,279,660
6,822,330
15,633,330
3,517,890
3,773,550

201408130856(201408130856)
3,279,660
6,822,330
15,633,330
3,519,030
3,773,550

201408130859(201408130859)
3,279,660
6,822,330
15,633,330
3,519,030
3,773,550

201408130900(201408130900)
3,279,660
6,822,330
15,633,330
3,519,030
3,773,550

201408130901(201408130901)
3,279,660
6,822,330
15,633,330
3,519,030
3,773,550

201408130904(201408130904)
3,279,660
6,822,330
15,633,330
3,519,030
3,773,550

201408130905(201408130905)
3,279,660
6,822,330
15,633,330
3,519,030
3,773,550

201408130906(201408130906)
3,279,660
6,822,330
15,633,330
3,519,030
3,773,550

201408130909(201408130909)
3,279,660
6,822,330
15,633,330
3,519,030
3,773,550

201408130910(201408130910)
3,279,660
6,823,800
15,633,330
3,521,640
3,773,550

201408130911(201408130911)
3,279,660
6,824,460
15,633,330
3,523,470
3,773,550

201408130914(201408130914)
3,279,660
6,825,900
15,633,330
3,523,470
3,773,550

201408130915(201408130915)
3,279,660
6,825,900
15,633,330
3,523,470
3,773,550

201408130916(201408130916)
3,279,660
6,825,900
15,633,330
3,523,470
3,773,550

201408130919(201408130919)
3,279,660
6,825,900
15,633,330
3,523,470
3,777,360

201408130920(201408130920)
3,279,660
6,825,900
15,633,330
3,523,470
3,778,620

201408130921(201408130921)
3,279,660
6,825,900
15,633,330
3,523,470
3,778,620

201408130924(201408130924)
3,281,430
6,825,900
15,633,330
3,523,470
3,778,620

201408130925(201408130925)
3,281,430
6,825,900
15,633,330
3,523,470
3,781,110

201408130926(201408130926)
3,281,430
6,825,900
15,633,330
3,523,470
3,781,110

201408130929(201408130929)
3,281,430
6,825,900
15,633,330
3,523,470
3,781,110

201408130930(201408130930)
3,281,580
6,825,900
15,633,330
3,523,470
3,781,110

201408130931(201408130931)
3,281,580
6,825,900
15,633,330
3,523,470
3,781,110

201408130934(201408130934)
3,281,580
6,825,900
15,633,330
3,523,470
3,781,110

201408130935(201408130935)
3,281,580
6,841,620
15,633,330
3,527,130
3,781,110

201408130936(201408130936)
3,282,180
6,841,620
15,633,330
3,527,130
3,781,110

201408130939(201408130939)
3,282,180
6,841,620
15,633,330
3,527,130
3,781,110

201408130940(201408130940)
3,282,180
6,841,620
15,633,330
3,527,130
3,781,110

201408130941(201408130941)
3,282,180
6,841,620
15,633,330
3,527,130
3,781,110

201408130944(201408130944)
3,282,180
6,841,620
15,633,330
3,527,130
3,781,110

201408130945(201408130945)
3,282,180
6,879,360
15,633,330
3,527,130
3,781,110

201408130946(201408130946)
3,284,610
6,879,360
15,633,330
3,527,130
3,781,110

201408130949(201408130949)
3,284,610
6,879,360
15,633,330
3,527,130
3,781,110

201408130950(201408130950)
3,284,610
6,879,360
15,633,330
3,527,130
3,781,110

201408130951(201408130951)
3,284,610
6,879,360
15,633,330
3,527,130
3,781,110

201408130954(201408130954)
3,284,610
6,879,360
15,633,330
3,527,820
3,788,970

201408130955(201408130955)
3,292,680
6,879,360
15,633,330
3,527,820
3,788,970

201408130956(201408130956)
3,292,680
6,879,360
15,633,330
3,527,820
3,788,970

201408130959(201408130959)
3,292,680
6,879,360
15,633,330
3,527,820
3,792,390

201408131000(201408131000)
3,297,540
6,879,360
15,633,330
3,527,820
3,792,390

201408131001(201408131001)
3,297,540
6,879,360
15,633,330
3,527,820
3,792,390

201408131004(201408131004)
3,297,540
6,879,360
15,633,330
3,531,690
3,792,390

201408131005(201408131005)
3,298,170
6,879,360
15,633,330
3,531,690
3,792,390

201408131006(201408131006)
3,298,170
6,879,360
15,633,330
3,531,690
3,798,690

201408131009(201408131009)
3,298,170
6,879,360
15,634,290
3,531,690
3,798,690

201408131010(201408131010)
3,298,170
6,879,360
15,634,290
3,531,690
3,798,690

201408131011(201408131011)
3,298,170
6,879,360
15,634,290
3,535,200
3,798,690

201408131014(201408131014)
3,298,170
6,879,360
15,634,290
3,535,200
3,798,690

201408131015(201408131015)
3,298,170
6,935,370
15,634,290
3,535,200
3,798,690

201408131016(201408131016)
3,298,170
6,935,370
15,634,290
3,535,200
3,798,690

201408131019(201408131019)
3,298,170
6,935,370
15,634,290
3,535,200
3,798,690

201408131020(201408131020)
3,298,170
6,935,370
15,634,290
3,535,200
3,798,690

201408131021(201408131021)
3,299,010
6,935,370
15,634,290
3,535,200
3,798,690

201408131024(201408131024)
3,299,010
6,935,370
15,634,290
3,535,200
3,798,690

201408131025(201408131025)
3,299,010
6,935,370
15,634,290
3,535,200
3,798,690

201408131026(201408131026)
3,299,010
6,935,370
15,634,290
3,535,200
3,798,690

201408131029(201408131029)
3,299,010
6,935,370
15,634,290
3,535,200
3,798,690

201408131030(201408131030)
3,301,650
6,935,370
15,634,290
3,535,200
3,798,690

201408131031(201408131031)
3,301,650
6,935,370
15,634,290
3,537,840
3,798,870

201408131034(201408131034)
3,301,650
6,935,370
15,634,290
3,537,840
3,798,870

201408131035(201408131035)
3,301,650
6,935,370
15,634,290
3,537,840
3,798,870

201408131036(201408131036)
3,301,650
6,935,370
15,634,290
3,543,090
3,798,870

201408131039(201408131039)
3,302,400
6,935,370
15,634,290
3,543,090
3,798,870

201408131040(201408131040)
3,306,390
6,935,370
15,634,290
3,543,090
3,798,870

201408131041(201408131041)
3,306,390
6,935,370
15,634,290
3,543,090
3,799,290

201408131044(201408131044)
3,306,390
6,935,370
15,634,290
3,543,090
3,799,290

201408131045(201408131045)
3,306,390
6,935,370
15,634,290
3,544,860
3,799,290

201408131046(201408131046)
3,306,390
6,935,370
15,634,290
3,544,860
3,799,560

201408131049(201408131049)
3,306,390
6,935,370
15,634,290
3,544,860
3,799,560

201408131050(201408131050)
3,306,390
6,935,370
15,634,290
3,544,860
3,799,560

201408131051(201408131051)
3,306,390
6,935,370
15,634,290
3,545,430
3,799,560

201408131054(201408131054)
3,308,670
6,935,370
15,634,290
3,545,430
3,799,560

201408131055(201408131055)
3,308,670
6,935,370
15,634,290
3,547,470
3,801,870

201408131056(201408131056)
3,308,670
6,935,370
15,634,290
3,547,470
3,801,870

201408131059(201408131059)
3,308,670
6,935,370
15,634,290
3,547,470
3,801,870

201408131100(201408131100)
3,308,670
6,935,370
15,634,290
3,547,470
3,801,870

201408131101(201408131101)
3,308,670
6,935,370
15,634,290
3,550,620
3,801,870

201408131104(201408131104)
3,308,670
6,935,370
15,634,290
3,550,620
3,801,870

201408131105(201408131105)
3,308,670
6,936,540
15,634,290
3,553,890
3,803,640

201408131106(201408131106)
3,308,670
6,936,540
15,634,290
3,553,890
3,803,640

201408131109(201408131109)
3,308,670
6,949,050
15,634,290
3,553,890
3,803,640

201408131110(201408131110)
3,308,670
6,949,050
15,634,290
3,553,890
3,812,130

201408131111(201408131111)
3,308,670
6,949,050
15,634,290
3,553,890
3,812,130

201408131114(201408131114)
3,308,670
6,949,050
15,634,290
3,553,890
3,812,130

201408131115(201408131115)
3,308,670
6,949,050
15,634,290
3,553,890
3,812,130

201408131116(201408131116)
3,308,670
6,949,050
15,634,290
3,553,890
3,812,130

201408131119(201408131119)
3,308,670
6,949,050
15,634,290
3,553,890
3,812,130

201408131120(201408131120)
3,308,670
6,949,050
15,634,290
3,553,890
3,812,130

201408131121(201408131121)
3,308,670
6,949,050
15,634,290
3,553,890
3,812,130

201408131124(201408131124)
3,308,670
6,949,050
15,634,290
3,553,890
3,812,130

201408131125(201408131125)
3,308,670
6,949,890
15,634,290
3,553,890
3,812,130

201408131126(201408131126)
3,308,670
6,949,890
15,634,290
3,553,890
3,812,130

201408131129(201408131129)
3,311,820
6,949,890
15,634,290
3,553,890
3,812,130

201408131130(201408131130)
3,311,820
6,949,890
15,634,290
3,553,890
3,812,130

201408131131(201408131131)
3,311,820
6,949,890
15,634,290
3,553,890
3,812,130

201408131134(201408131134)
3,311,820
6,949,890
15,634,290
3,553,890
3,812,130

201408131135(201408131135)
3,313,920
6,949,890
15,634,290
3,553,890
3,812,130

201408131136(201408131136)
3,313,920
6,949,890
15,634,290
3,556,950
3,812,130

201408131139(201408131139)
3,313,920
6,949,890
15,634,290
3,556,950
3,812,130

201408131140(201408131140)
3,313,920
6,949,890
15,634,290
3,556,950
3,812,130

201408131141(201408131141)
3,313,920
6,949,890
15,634,290
3,556,950
3,812,130

201408131144(201408131144)
3,314,370
6,949,890
15,634,290
3,556,950
3,816,150

201408131145(201408131145)
3,314,370
6,949,890
15,634,290
3,559,800
3,817,320

201408131146(201408131146)
3,314,370
6,949,890
15,634,290
3,559,800
3,817,320

201408131149(201408131149)
3,314,370
6,949,890
15,634,290
3,559,800
3,817,320

201408131150(201408131150)
3,314,910
6,951,600
15,634,290
3,559,800
3,817,320

201408131151(201408131151)
3,314,910
6,951,600
15,634,290
3,559,800
3,817,320

201408131154(201408131154)
3,314,910
6,951,600
15,634,290
3,559,800
3,817,320

201408131155(201408131155)
3,314,910
6,951,600
15,634,290
3,563,940
3,817,320

201408131156(201408131156)
3,314,910
6,951,600
15,634,290
3,563,940
3,817,320

201408131159(201408131159)
3,314,910
6,951,600
15,634,290
3,567,210
3,817,320

201408131200(201408131200)
3,314,910
6,951,600
15,634,290
3,567,210
3,821,160

201408131201(201408131201)
3,314,910
6,951,600
15,634,290
3,568,020
3,821,160

201408131204(201408131204)
3,314,910
6,951,600
15,634,290
3,568,020
3,821,160

201408131205(201408131205)
3,314,910
6,951,600
15,634,290
3,568,020
3,821,520

201408131206(201408131206)
3,314,910
6,951,600
15,634,290
3,568,020
3,821,970

201408131209(201408131209)
3,314,910
6,951,600
15,634,290
3,568,020
3,821,970

201408131210(201408131210)
3,314,910
6,951,600
15,634,290
3,568,020
3,821,970

201408131211(201408131211)
3,316,470
6,951,600
15,634,290
3,568,020
3,821,970

201408131214(201408131214)
3,316,470
6,951,600
15,634,290
3,568,020
3,821,970

201408131215(201408131215)
3,316,470
6,951,600
15,634,290
3,568,020
3,821,970

201408131216(201408131216)
3,316,470
6,951,600
15,634,290
3,568,020
3,825,390

201408131219(201408131219)
3,316,470
6,951,600
15,634,290
3,568,020
3,831,840

201408131220(201408131220)
3,316,470
6,951,600
15,634,290
3,568,020
3,831,840

201408131221(201408131221)
3,316,470
6,951,600
15,634,290
3,568,020
3,831,840

201408131224(201408131224)
3,316,470
6,951,600
15,634,290
3,568,020
3,831,840

201408131225(201408131225)
3,319,200
6,972,300
15,634,290
3,568,020
3,831,840

201408131226(201408131226)
3,319,200
6,972,300
15,634,290
3,569,550
3,831,840

201408131229(201408131229)
3,319,200
6,972,300
15,634,290
3,569,550
3,836,130

201408131230(201408131230)
3,319,200
6,972,300
15,634,290
3,569,550
3,845,280

201408131231(201408131231)
3,319,200
6,972,300
15,634,290
3,569,550
3,845,280

201408131234(201408131234)
3,319,200
6,972,300
15,634,290
3,570,450
3,845,280

201408131235(201408131235)
3,319,200
6,972,300
15,634,290
3,570,450
3,858,270

201408131236(201408131236)
3,319,200
6,972,300
15,634,290
3,570,450
3,858,270

201408131239(201408131239)
3,319,200
6,972,300
15,634,290
3,570,450
3,858,270

201408131240(201408131240)
3,319,200
6,972,300
15,634,290
3,570,450
3,858,270

201408131241(201408131241)
3,319,200
6,972,300
15,634,290
3,573,630
3,858,270

201408131244(201408131244)
3,319,200
6,972,300
15,634,290
3,573,630
3,858,270

201408131245(201408131245)
3,319,200
6,972,300
15,634,290
3,573,630
3,858,270

201408131246(201408131246)
3,319,200
6,972,300
15,634,290
3,573,630
3,858,270

201408131249(201408131249)
3,321,750
6,972,540
15,634,290
3,574,200
3,858,270

201408131250(201408131250)
3,321,750
6,972,540
15,634,290
3,574,200
3,858,270

201408131251(201408131251)
3,321,750
6,972,540
15,634,290
3,574,200
3,858,270

201408131254(201408131254)
3,321,750
6,972,540
15,634,290
3,574,200
3,858,270

201408131255(201408131255)
3,323,460
7,009,380
15,634,290
3,581,940
3,858,270

201408131256(201408131256)
3,323,460
7,009,380
15,634,290
3,581,940
3,858,270

201408131259(201408131259)
3,323,460
7,009,500
15,634,290
3,581,940
3,858,270

201408131300(201408131300)
3,323,460
7,009,500
15,634,290
3,581,940
3,858,270

201408131301(201408131301)
3,323,460
7,009,500
15,634,290
3,581,940
3,858,270

201408131304(201408131304)
3,323,460
7,009,500
15,634,290
3,581,940
3,858,270

201408131305(201408131305)
3,325,950
7,009,500
15,634,290
3,581,940
3,858,270

201408131306(201408131306)
3,325,950
7,009,500
15,634,290
3,581,940
3,858,270

201408131309(201408131309)
3,325,950
7,009,500
15,634,290
3,581,940
3,858,270

201408131310(201408131310)
3,325,950
7,009,500
15,634,290
3,582,540
3,862,800

201408131311(201408131311)
3,325,950
7,009,500
15,634,290
3,582,540
3,863,190

201408131314(201408131314)
3,325,950
7,009,500
15,634,290
3,582,540
3,863,190

201408131315(201408131315)
3,325,950
7,009,500
15,634,290
3,582,540
3,863,190

201408131316(201408131316)
3,325,950
7,009,500
15,634,290
3,582,540
3,863,190

201408131319(201408131319)
3,332,430
7,009,500
15,634,290
3,582,540
3,863,190

201408131320(201408131320)
3,332,430
7,009,500
15,634,290
3,582,540
3,863,190

201408131321(201408131321)
3,336,750
7,009,500
15,634,290
3,582,540
3,863,190

201408131324(201408131324)
3,336,750
7,009,500
15,634,290
3,582,540
3,863,190

201408131325(201408131325)
3,336,750
7,009,500
15,634,290
3,582,540
3,863,190

201408131326(201408131326)
3,336,750
7,009,500
15,634,290
3,582,540
3,865,470

201408131329(201408131329)
3,336,750
7,009,500
15,634,290
3,582,540
3,865,470

201408131330(201408131330)
3,336,750
7,009,500
15,634,290
3,582,540
3,865,470

201408131331(201408131331)
3,336,750
7,009,500
15,634,290
3,582,540
3,865,470

201408131334(201408131334)
3,337,800
7,009,500
15,634,290
3,582,540
3,865,470

201408131335(201408131335)
3,339,780
7,009,500
15,634,290
3,586,710
3,865,470

201408131336(201408131336)
3,339,780
7,009,500
15,647,910
3,586,710
3,865,470

201408131339(201408131339)
3,339,780
7,009,500
15,748,410
3,586,710
3,865,470

201408131340(201408131340)
3,339,780
7,009,500
15,803,610
3,586,710
3,865,470

201408131341(201408131341)
3,339,780
7,009,500
15,829,200
3,586,710
3,865,470

201408131344(201408131344)
3,339,780
7,020,810
15,829,200
3,586,710
3,865,470

201408131345(201408131345)
3,339,780
7,020,810
15,829,200
3,588,780
3,865,470

201408131346(201408131346)
3,342,750
7,020,810
15,829,200
3,588,780
3,865,470

201408131349(201408131349)
3,342,750
7,020,810
15,829,200
3,588,780
3,865,470

201408131350(201408131350)
3,342,750
7,020,810
15,829,200
3,588,780
3,865,470

201408131351(201408131351)
3,342,750
7,020,810
15,829,200
3,588,780
3,865,470

201408131354(201408131354)
3,342,750
7,020,810
15,829,200
3,590,370
3,865,470

201408131355(201408131355)
3,343,830
7,020,810
15,829,200
3,590,370
3,873,420

201408131356(201408131356)
3,343,830
7,020,810
15,829,200
3,594,360
3,877,350

201408131359(201408131359)
3,343,830
7,020,810
15,829,200
3,594,360
3,882,630

201408131400(201408131400)
3,343,830
7,020,810
15,829,200
3,594,360
3,884,460

201408131401(201408131401)
3,343,830
7,020,810
15,829,200
3,594,360
3,884,460

201408131404(201408131404)
3,343,830
7,020,810
15,829,200
3,594,360
3,884,460

201408131405(201408131405)
3,343,830
7,020,810
15,829,200
3,594,360
3,884,460

201408131406(201408131406)
3,343,830
7,020,810
15,829,200
3,594,360
3,884,460

201408131409(201408131409)
3,343,890
7,023,030
15,829,200
3,594,360
3,884,460

201408131410(201408131410)
3,351,420
7,023,030
15,829,200
3,595,080
3,884,460

201408131411(201408131411)
3,351,420
7,023,030
15,829,200
3,595,080
3,885,630

201408131414(201408131414)
3,352,680
7,023,030
15,829,200
3,596,190
3,886,380

201408131415(201408131415)
3,352,680
7,023,030
15,829,200
3,599,040
3,886,380

201408131416(201408131416)
3,352,680
7,023,030
15,829,200
3,601,530
3,886,380

201408131419(201408131419)
3,352,680
7,023,030
15,829,200
3,601,530
3,887,940

201408131420(201408131420)
3,352,680
7,023,030
15,829,200
3,601,530
3,887,940

201408131421(201408131421)
3,352,680
7,023,030
15,829,200
3,601,530
3,887,940

201408131424(201408131424)
3,352,680
7,026,480
15,829,200
3,601,530
3,887,940

201408131425(201408131425)
3,352,680
7,048,710
15,829,200
3,601,530
3,887,940

201408131426(201408131426)
3,352,680
7,048,710
15,829,200
3,601,530
3,887,940

201408131429(201408131429)
3,358,890
7,054,680
15,829,200
3,601,530
3,890,940

201408131430(201408131430)
3,358,890
7,054,680
15,829,200
3,601,530
3,891,180

201408131431(201408131431)
3,358,890
7,054,680
15,829,200
3,601,530
3,893,400

201408131434(201408131434)
3,358,890
7,054,680
15,829,200
3,604,950
3,893,400

201408131435(201408131435)
3,358,890
7,054,680
15,829,200
3,604,950
3,893,400

201408131436(201408131436)
3,358,890
7,054,680
15,829,200
3,604,950
3,893,400

201408131439(201408131439)
3,359,040
7,054,680
15,829,200
3,608,430
3,893,400

201408131440(201408131440)
3,360,960
7,054,680
15,829,200
3,608,430
3,893,400

201408131441(201408131441)
3,360,960
7,054,680
15,829,200
3,611,880
3,893,400

201408131444(201408131444)
3,360,960
7,054,680
15,829,200
3,613,260
3,893,400

201408131445(201408131445)
3,360,960
7,054,680
15,829,200
3,613,260
3,893,400

201408131446(201408131446)
3,360,960
7,054,680
15,829,200
3,613,260
3,897,420

201408131449(201408131449)
3,360,960
7,054,680
15,829,200
3,613,260
3,897,420

201408131450(201408131450)
3,383,190
7,075,710
15,829,200
3,613,260
3,897,420

201408131451(201408131451)
3,383,190
7,075,710
15,829,200
3,614,610
3,897,420

201408131454(201408131454)
3,383,190
7,075,710
15,829,200
3,614,610
3,897,420

201408131455(201408131455)
3,383,190
7,075,710
15,829,200
3,614,610
3,897,420

201408131456(201408131456)
3,383,190
7,075,710
15,829,200
3,614,610
3,897,420

201408131459(201408131459)
3,383,190
7,075,710
15,829,200
3,614,610
3,905,550

201408131500(201408131500)
3,383,190
7,080,180
15,829,200
3,614,610
3,905,550

201408131501(201408131501)
3,383,190
7,080,180
15,829,200
3,614,610
3,905,550

201408131504(201408131504)
3,384,390
7,080,180
15,829,200
3,614,610
3,905,550

201408131505(201408131505)
3,384,390
7,080,180
15,829,200
3,616,650
3,910,530

201408131506(201408131506)
3,384,390
7,080,180
15,829,200
3,616,650
3,914,130

201408131509(201408131509)
3,386,820
7,080,180
15,829,200
3,616,650
3,914,130

201408131510(201408131510)
3,389,130
7,080,180
15,829,200
3,616,650
3,914,130

201408131511(201408131511)
3,389,130
7,080,180
15,829,200
3,616,650
3,914,130

201408131514(201408131514)
3,389,130
7,080,180
15,829,200
3,616,650
3,914,130

201408131515(201408131515)
3,389,130
7,080,180
15,829,200
3,617,010
3,914,130

201408131516(201408131516)
3,389,130
7,080,180
15,829,200
3,617,010
3,914,130

201408131519(201408131519)
3,391,410
7,080,180
15,829,200
3,617,010
3,914,130

201408131520(201408131520)
3,391,410
7,080,180
15,829,200
3,617,010
3,914,130

201408131521(201408131521)
3,391,410
7,080,180
15,829,200
3,617,010
3,914,130

201408131524(201408131524)
3,391,410
7,080,180
15,829,200
3,617,010
3,914,130

201408131525(201408131525)
3,392,730
7,080,180
15,829,200
3,617,010
3,925,710

201408131526(201408131526)
3,392,730
7,080,180
15,829,200
3,617,010
3,928,350

201408131529(201408131529)
3,392,730
7,080,180
15,829,200
3,622,950
3,928,350

201408131530(201408131530)
3,392,730
7,080,180
15,829,200
3,622,950
3,928,350

201408131531(201408131531)
3,393,930
7,080,180
15,829,200
3,622,950
3,928,350

201408131534(201408131534)
3,393,930
7,080,180
15,829,200
3,623,910
3,928,350

201408131535(201408131535)
3,393,930
7,080,180
15,829,200
3,623,910
3,928,350

201408131536(201408131536)
3,393,930
7,080,180
15,829,200
3,623,910
3,930,480

201408131539(201408131539)
3,393,930
7,080,180
15,829,200
3,623,910
3,930,480

201408131540(201408131540)
3,393,930
7,080,180
15,829,200
3,623,910
3,930,480

201408131541(201408131541)
3,393,930
7,080,180
15,829,200
3,623,910
3,930,480

201408131544(201408131544)
3,393,930
7,080,180
15,829,200
3,623,910
3,932,070

201408131545(201408131545)
3,395,130
7,080,180
15,829,200
3,625,410
3,932,070

201408131546(201408131546)
3,395,130
7,080,180
15,829,200
3,625,410
3,932,070

201408131549(201408131549)
3,395,130
7,080,180
15,829,200
3,625,410
3,932,070

201408131550(201408131550)
3,395,130
7,080,180
15,829,200
3,625,410
3,932,070

201408131551(201408131551)
3,401,220
7,080,180
15,829,200
3,627,390
3,932,070

201408131554(201408131554)
3,401,220
7,080,180
15,829,200
3,627,390
3,932,070

201408131555(201408131555)
3,401,370
7,080,180
15,829,200
3,627,390
3,932,070

201408131556(201408131556)
3,401,370
7,080,180
15,829,200
3,627,390
3,932,070

201408131559(201408131559)
3,401,370
7,080,180
15,829,200
3,627,480
3,937,350

201408131600(201408131600)
3,401,610
7,080,180
15,829,200
3,627,480
3,945,180

201408131601(201408131601)
3,401,610
7,080,180
15,829,200
3,629,520
3,963,930

201408131604(201408131604)
3,401,610
7,080,180
15,829,200
3,629,520
3,963,930

201408131605(201408131605)
3,401,610
7,080,180
15,829,200
3,629,520
3,963,930

201408131606(201408131606)
3,401,610
7,080,180
15,829,200
3,629,520
3,963,930

201408131609(201408131609)
3,401,610
7,080,180
15,829,200
3,631,740
3,963,930

201408131610(201408131610)
3,401,610
7,086,390
15,829,200
3,631,740
3,969,540

201408131611(201408131611)
3,401,610
7,086,390
15,829,200
3,631,740
3,969,540

201408131614(201408131614)
3,401,610
7,086,390
15,829,200
3,634,920
3,974,760

201408131615(201408131615)
3,409,470
7,086,390
15,829,200
3,634,920
3,974,760

201408131616(201408131616)
3,409,470
7,086,390
15,829,200
3,634,920
3,974,760

201408131619(201408131619)
3,409,470
7,086,390
15,829,200
3,634,920
3,974,760

201408131620(201408131620)
3,409,470
7,086,390
15,829,200
3,634,920
3,974,760

201408131621(201408131621)
3,409,470
7,086,390
15,829,200
3,634,920
3,974,760

201408131624(201408131624)
3,409,470
7,099,470
15,829,200
3,634,920
3,974,760

201408131625(201408131625)
3,413,760
7,099,470
15,829,200
3,635,940
3,974,760

201408131626(201408131626)
3,413,760
7,099,470
15,829,200
3,635,940
3,974,760

201408131629(201408131629)
3,414,900
7,099,470
15,829,200
3,635,940
3,974,760

201408131630(201408131630)
3,414,900
7,099,470
15,829,200
3,636,900
3,974,760

201408131631(201408131631)
3,414,900
7,099,470
15,829,200
3,636,900
3,985,140

201408131634(201408131634)
3,414,900
7,099,470
15,829,200
3,636,900
3,985,140

201408131635(201408131635)
3,414,900
7,099,470
15,829,200
3,636,900
3,985,140

201408131636(201408131636)
3,414,900
7,099,470
15,829,200
3,636,900
3,985,140

201408131639(201408131639)
3,414,900
7,099,470
15,829,200
3,639,840
3,985,140

201408131640(201408131640)
3,415,080
7,099,470
15,829,200
3,639,840
3,985,140

201408131641(201408131641)
3,415,080
7,099,470
15,829,200
3,639,840
3,986,760

201408131644(201408131644)
3,415,080
7,099,470
15,829,200
3,639,840
3,986,760

201408131645(201408131645)
3,415,950
7,099,470
15,829,200
3,642,360
3,986,760

201408131646(201408131646)
3,415,950
7,099,470
15,829,200
3,642,360
3,986,760

201408131649(201408131649)
3,415,950
7,099,470
15,829,200
3,642,360
3,986,850

201408131650(201408131650)
3,415,950
7,099,470
15,829,200
3,642,360
3,986,850

201408131651(201408131651)
3,415,950
7,099,470
15,829,200
3,642,360
3,986,850

201408131654(201408131654)
3,415,950
7,114,200
15,829,200
3,642,360
3,987,120

201408131655(201408131655)
3,415,950
7,114,200
15,829,200
3,643,440
3,987,120

201408131656(201408131656)
3,415,950
7,114,200
15,829,200
3,643,440
3,987,120

201408131659(201408131659)
3,415,950
7,114,200
15,829,200
3,643,440
3,993,900

201408131700(201408131700)
3,415,950
7,114,200
15,829,200
3,643,440
3,993,900

201408131701(201408131701)
3,415,950
7,114,200
15,829,200
3,643,440
3,993,900

