201408160859(201408160859)
5,538,780
11,765,820
19,599,810
6,279,360
6,983,730

201408160900(201408160900)
5,538,780
11,765,820
19,599,810
6,279,360
6,993,840

201408160901(201408160901)
5,544,810
11,765,820
19,599,810
6,279,360
6,993,840

201408160904(201408160904)
5,544,810
11,765,820
19,599,810
6,279,360
6,993,840

201408160905(201408160905)
5,544,810
11,765,820
19,599,810
6,279,360
6,993,840

201408160906(201408160906)
5,553,720
11,765,820
19,599,810
6,279,360
7,000,530

201408160909(201408160909)
5,553,720
11,765,820
19,599,810
6,279,360
7,000,530

201408160910(201408160910)
5,553,720
11,765,820
19,599,810
6,279,360
7,000,530

201408160911(201408160911)
5,553,720
11,765,820
19,599,810
6,279,360
7,000,530

201408160914(201408160914)
5,553,720
11,765,820
19,599,810
6,279,360
7,002,630

201408160915(201408160915)
5,553,720
11,765,820
19,599,810
6,279,360
7,002,630

201408160916(201408160916)
5,553,720
11,765,820
19,599,810
6,279,360
7,002,630

201408160919(201408160919)
5,553,720
11,765,820
19,599,810
6,279,360
7,002,630

201408160920(201408160920)
5,553,720
11,765,820
19,599,810
6,279,360
7,002,630

201408160921(201408160921)
5,553,720
11,765,820
19,599,810
6,279,360
7,002,630

201408160924(201408160924)
5,553,720
11,765,820
19,599,810
6,279,360
7,002,630

201408160925(201408160925)
5,553,720
11,770,110
19,599,810
6,279,360
7,002,630

201408160926(201408160926)
5,553,720
11,770,110
19,599,810
6,284,310
7,002,630

201408160929(201408160929)
5,557,680
11,770,110
19,599,810
6,284,310
7,002,630

201408160930(201408160930)
5,557,680
11,770,110
19,599,810
6,285,570
7,010,310

201408160931(201408160931)
5,557,680
11,770,110
19,599,810
6,285,570
7,010,310

201408160934(201408160934)
5,557,680
11,770,110
19,599,810
6,285,570
7,010,310

201408160935(201408160935)
5,557,680
11,775,960
19,599,810
6,285,570
7,010,310

201408160936(201408160936)
5,557,680
11,775,960
19,599,810
6,285,570
7,010,310

201408160939(201408160939)
5,557,680
11,775,960
19,599,810
6,285,570
7,010,310

201408160940(201408160940)
5,557,680
11,775,960
19,599,810
6,303,750
7,012,110

201408160941(201408160941)
5,557,680
11,777,160
19,599,810
6,303,750
7,012,110

201408160944(201408160944)
5,557,680
11,777,160
19,599,810
6,303,750
7,012,110

201408160945(201408160945)
5,557,680
11,804,580
19,599,810
6,303,750
7,012,110

201408160946(201408160946)
5,557,680
11,804,580
19,599,810
6,303,750
7,012,110

201408160949(201408160949)
5,557,680
11,804,580
19,599,810
6,303,750
7,012,110

201408160950(201408160950)
5,557,680
11,804,580
19,599,810
6,311,220
7,013,460

201408160951(201408160951)
5,557,680
11,804,580
19,599,810
6,311,220
7,013,460

201408160954(201408160954)
5,557,680
11,804,580
19,599,810
6,311,220
7,013,460

201408160955(201408160955)
5,563,050
11,804,580
19,599,810
6,311,220
7,013,460

201408160956(201408160956)
5,563,050
11,804,580
19,599,810
6,315,810
7,013,460

201408160959(201408160959)
5,563,050
11,804,580
19,599,810
6,315,810
7,013,460

201408161000(201408161000)
5,563,050
11,804,580
19,599,810
6,328,350
7,013,460

201408161001(201408161001)
5,567,880
11,804,580
19,599,810
6,330,750
7,023,870

201408161004(201408161004)
5,567,880
11,804,580
19,599,810
6,330,750
7,023,870

201408161005(201408161005)
5,567,880
11,804,580
19,599,810
6,330,750
7,023,870

201408161006(201408161006)
5,567,880
11,804,580
19,599,810
6,330,750
7,023,870

201408161009(201408161009)
5,567,880
11,804,580
19,599,810
6,340,080
7,023,870

201408161010(201408161010)
5,567,880
11,804,580
19,599,810
6,340,080
7,023,870

201408161011(201408161011)
5,567,880
11,812,230
19,599,810
6,340,080
7,023,870

201408161014(201408161014)
5,567,880
11,812,230
19,599,810
6,340,080
7,029,060

201408161015(201408161015)
5,572,650
11,812,230
19,599,810
6,340,080
7,043,070

201408161016(201408161016)
5,584,980
11,812,230
19,599,810
6,340,080
7,043,070

201408161019(201408161019)
5,584,980
11,812,230
19,599,810
6,358,800
7,043,070

201408161020(201408161020)
5,584,980
11,812,230
19,599,810
6,358,800
7,043,070

201408161021(201408161021)
5,584,980
11,812,230
19,599,810
6,358,800
7,043,070

201408161024(201408161024)
5,591,940
11,812,230
19,599,810
6,358,800
7,073,010

201408161025(201408161025)
5,591,940
11,812,230
19,599,810
6,365,460
7,073,010

201408161026(201408161026)
5,606,790
11,812,230
19,599,810
6,365,460
7,074,180

201408161029(201408161029)
5,606,790
11,812,230
19,599,810
6,365,460
7,074,180

201408161030(201408161030)
5,606,790
11,812,230
19,599,810
6,365,460
7,074,900

201408161031(201408161031)
5,606,790
11,812,230
19,599,810
6,365,460
7,074,900

201408161034(201408161034)
5,606,790
11,815,530
19,599,810
6,365,460
7,074,900

201408161035(201408161035)
5,606,790
11,815,530
19,599,810
6,366,150
7,074,900

201408161036(201408161036)
5,609,760
11,815,530
19,599,810
6,366,150
7,074,900

201408161039(201408161039)
5,609,760
11,825,310
19,605,060
6,366,150
7,074,900

201408161040(201408161040)
5,609,760
11,825,310
19,635,270
6,366,150
7,074,900

201408161041(201408161041)
5,609,760
11,825,310
19,635,270
6,366,150
7,074,900

201408161044(201408161044)
5,609,760
11,825,310
19,635,270
6,387,420
7,074,900

201408161045(201408161045)
5,610,750
11,825,310
19,635,270
6,387,420
7,086,840

201408161046(201408161046)
5,610,750
11,825,310
19,635,270
6,387,420
7,086,840

201408161049(201408161049)
5,635,740
11,825,310
19,635,270
6,387,420
7,086,840

201408161050(201408161050)
5,635,740
11,829,660
19,635,270
6,387,420
7,086,840

201408161051(201408161051)
5,635,740
11,829,660
19,635,270
6,387,420
7,086,840

201408161054(201408161054)
5,652,150
11,829,660
19,635,270
6,387,420
7,086,840

201408161055(201408161055)
5,652,150
11,830,860
19,772,670
6,387,420
7,086,840

201408161056(201408161056)
5,652,150
11,830,860
19,772,670
6,387,420
7,086,840

201408161059(201408161059)
5,652,150
11,830,860
19,772,670
6,392,850
7,086,840

201408161100(201408161100)
5,654,160
11,832,390
19,772,670
6,395,700
7,086,840

201408161101(201408161101)
5,657,610
11,832,390
19,772,670
6,398,490
7,086,840

201408161104(201408161104)
5,657,610
11,832,390
19,772,670
6,398,490
7,086,840

201408161105(201408161105)
5,657,610
11,832,390
19,772,670
6,398,490
7,092,660

201408161106(201408161106)
5,657,610
11,832,390
19,772,670
6,398,490
7,092,660

201408161109(201408161109)
5,658,360
11,832,390
19,772,670
6,398,490
7,093,110

201408161110(201408161110)
5,661,660
11,832,390
19,772,670
6,398,490
7,093,350

201408161111(201408161111)
5,661,660
11,832,390
19,772,670
6,398,490
7,093,350

201408161114(201408161114)
5,661,660
11,832,390
19,772,670
6,398,490
7,093,350

201408161115(201408161115)
5,661,660
11,840,040
19,772,670
6,398,490
7,093,350

201408161116(201408161116)
5,661,660
11,840,040
19,772,670
6,398,490
7,093,350

201408161119(201408161119)
5,662,380
11,840,040
19,772,670
6,398,490
7,093,350

201408161120(201408161120)
5,662,380
11,840,040
19,772,670
6,409,830
7,093,350

201408161121(201408161121)
5,662,380
11,840,040
19,772,670
6,409,830
7,093,350

201408161124(201408161124)
5,662,380
11,840,040
19,772,670
6,409,830
7,093,350

201408161125(201408161125)
5,664,690
11,840,040
19,772,670
6,409,830
7,094,490

201408161126(201408161126)
5,664,690
11,840,040
19,772,670
6,409,830
7,094,490

201408161129(201408161129)
5,664,690
11,840,040
19,772,670
6,409,830
7,094,490

201408161130(201408161130)
5,664,690
11,840,040
19,772,670
6,413,520
7,094,490

201408161131(201408161131)
5,664,690
11,840,040
19,772,670
6,413,520
7,094,490

201408161134(201408161134)
5,664,690
11,840,040
19,772,670
6,413,520
7,094,490

201408161135(201408161135)
5,670,210
11,840,040
19,772,670
6,413,520
7,094,490

201408161136(201408161136)
5,670,210
11,840,040
19,772,670
6,413,520
7,094,490

201408161139(201408161139)
5,670,210
11,840,040
19,772,670
6,413,520
7,094,490

201408161140(201408161140)
5,670,210
11,840,040
19,772,670
6,414,660
7,094,490

201408161141(201408161141)
5,670,210
11,840,040
19,772,670
6,414,660
7,094,490

201408161144(201408161144)
5,670,210
11,840,040
19,772,670
6,414,660
7,094,490

201408161145(201408161145)
5,670,210
11,843,910
19,772,670
6,414,660
7,094,490

201408161146(201408161146)
5,676,210
11,843,910
19,772,670
6,414,660
7,095,360

201408161149(201408161149)
5,676,210
11,843,910
19,772,670
6,414,660
7,095,360

201408161150(201408161150)
5,676,210
11,853,540
19,772,670
6,414,660
7,095,360

201408161151(201408161151)
5,676,210
11,853,540
19,772,670
6,414,660
7,095,360

201408161154(201408161154)
5,676,210
11,853,540
19,772,670
6,414,660
7,095,360

201408161155(201408161155)
5,685,750
11,853,540
19,772,670
6,414,660
7,095,360

201408161156(201408161156)
5,685,750
11,853,540
19,772,670
6,414,660
7,095,360

201408161159(201408161159)
5,685,750
11,853,540
19,772,670
6,414,660
7,095,360

201408161200(201408161200)
5,685,750
11,853,540
19,772,670
6,414,660
7,095,360

201408161201(201408161201)
5,685,750
11,853,540
19,772,670
6,414,660
7,095,360

201408161204(201408161204)
5,685,750
11,853,540
19,772,670
6,414,660
7,095,360

201408161205(201408161205)
5,685,750
11,853,540
19,772,670
6,414,660
7,095,360

201408161206(201408161206)
5,685,750
11,853,540
19,772,670
6,414,660
7,095,360

201408161209(201408161209)
5,685,750
11,853,540
19,772,670
6,414,660
7,095,360

201408161210(201408161210)
5,685,750
11,853,540
19,772,670
6,414,660
7,095,360

201408161211(201408161211)
5,685,750
11,853,540
19,772,670
6,414,660
7,095,360

201408161214(201408161214)
5,685,750
11,853,540
19,772,670
6,414,660
7,095,360

201408161215(201408161215)
5,685,750
11,853,540
19,772,670
6,414,660
7,095,360

201408161216(201408161216)
5,685,750
11,867,280
19,772,670
6,414,660
7,095,360

201408161219(201408161219)
5,685,750
11,867,280
19,772,670
6,417,420
7,095,360

201408161220(201408161220)
5,685,750
11,867,280
19,772,670
6,417,420
7,095,360

201408161221(201408161221)
5,685,750
11,867,280
19,772,670
6,417,420
7,095,360

201408161224(201408161224)
5,705,190
11,867,280
19,772,670
6,421,080
7,095,360

201408161225(201408161225)
5,705,190
11,867,280
19,772,670
6,421,080
7,097,220

201408161226(201408161226)
5,705,190
11,867,280
19,772,670
6,421,080
7,097,220

201408161229(201408161229)
5,705,190
11,867,280
19,772,670
6,421,080
7,097,220

201408161230(201408161230)
5,705,190
11,867,280
19,772,670
6,438,060
7,097,220

201408161231(201408161231)
5,705,190
11,867,280
19,772,670
6,438,060
7,097,220

201408161234(201408161234)
5,705,190
11,867,280
19,772,670
6,438,060
7,097,220

201408161235(201408161235)
5,705,190
11,867,280
19,772,670
6,438,060
7,099,800

201408161236(201408161236)
5,705,190
11,867,280
19,772,670
6,438,060
7,106,520

201408161239(201408161239)
5,705,190
11,871,990
19,772,670
6,438,060
7,115,700

201408161240(201408161240)
5,712,000
11,871,990
19,772,670
6,438,060
7,115,700

201408161241(201408161241)
5,712,000
11,871,990
19,772,670
6,438,060
7,115,700

201408161244(201408161244)
5,712,000
11,871,990
19,772,670
6,438,060
7,115,700

201408161245(201408161245)
5,712,000
11,871,990
19,772,670
6,438,060
7,115,700

201408161246(201408161246)
5,712,000
11,871,990
19,772,670
6,438,060
7,118,070

201408161249(201408161249)
5,712,000
11,871,990
19,772,670
6,438,060
7,118,070

201408161250(201408161250)
5,712,000
11,871,990
19,772,670
6,438,060
7,118,070

201408161251(201408161251)
5,713,260
11,871,990
19,772,670
6,438,060
7,118,070

201408161254(201408161254)
5,713,260
11,871,990
19,772,670
6,438,060
7,118,070

201408161255(201408161255)
5,713,260
11,871,990
19,772,670
6,438,270
7,118,070

201408161256(201408161256)
5,713,260
11,871,990
19,772,670
6,438,270
7,120,650

201408161259(201408161259)
5,713,260
11,871,990
19,773,570
6,438,270
7,120,650

201408161300(201408161300)
5,713,260
11,873,130
19,773,570
6,438,270
7,137,750

201408161301(201408161301)
5,713,260
11,873,130
19,773,570
6,438,270
7,137,750

201408161304(201408161304)
5,720,940
11,873,130
19,773,570
6,438,270
7,137,750

201408161305(201408161305)
5,720,940
11,873,130
19,773,570
6,438,270
7,137,750

201408161306(201408161306)
5,720,940
11,873,130
19,773,570
6,444,300
7,137,750

201408161309(201408161309)
5,729,790
11,873,130
19,773,570
6,444,300
7,137,750

201408161310(201408161310)
5,729,790
11,873,130
19,773,570
6,455,280
7,137,750

201408161311(201408161311)
5,729,790
11,873,130
19,773,570
6,455,280
7,137,750

201408161314(201408161314)
5,729,790
11,873,130
19,773,570
6,455,280
7,139,160

201408161315(201408161315)
5,735,730
11,873,130
19,773,570
6,462,720
7,139,160

201408161316(201408161316)
5,735,730
11,873,130
19,773,570
6,462,720
7,139,160

201408161319(201408161319)
5,735,730
11,880,390
19,773,570
6,462,720
7,139,160

201408161320(201408161320)
5,735,730
11,880,390
19,773,570
6,462,720
7,139,550

201408161321(201408161321)
5,735,730
11,880,390
19,773,570
6,462,720
7,170,240

201408161324(201408161324)
5,735,730
11,883,090
19,773,570
6,462,720
7,175,670

201408161325(201408161325)
5,735,730
11,888,460
19,773,570
6,462,720
7,177,020

201408161326(201408161326)
5,735,730
11,888,460
19,773,570
6,462,720
7,181,460

201408161329(201408161329)
5,735,730
11,888,460
19,773,570
6,462,720
7,181,460

201408161330(201408161330)
5,735,730
11,888,460
19,773,570
6,462,720
7,181,460

201408161331(201408161331)
5,735,730
11,888,460
19,773,570
6,462,720
7,184,760

201408161334(201408161334)
5,735,730
11,888,460
19,773,570
6,462,720
7,193,820

201408161335(201408161335)
5,738,880
11,888,460
19,827,150
6,476,520
7,193,820

201408161336(201408161336)
5,738,880
11,888,460
19,827,150
6,476,520
7,193,820

201408161339(201408161339)
5,738,880
11,888,460
19,839,300
6,476,520
7,193,820

201408161340(201408161340)
5,742,180
11,888,460
19,839,300
6,476,520
7,196,640

201408161341(201408161341)
5,743,680
11,888,460
19,839,300
6,476,520
7,196,640

201408161344(201408161344)
5,746,710
11,888,460
19,839,300
6,476,520
7,196,640

201408161345(201408161345)
5,746,710
11,888,460
19,839,300
6,476,520
7,196,640

201408161346(201408161346)
5,746,710
11,888,460
19,839,300
6,476,520
7,196,640

201408161349(201408161349)
5,746,710
11,888,460
19,839,300
6,477,720
7,196,640

201408161350(201408161350)
5,746,710
11,888,460
19,839,300
6,479,220
7,196,640

201408161351(201408161351)
5,747,820
11,888,460
19,839,300
6,479,220
7,196,640

201408161354(201408161354)
5,747,820
11,895,630
19,839,300
6,479,220
7,196,640

201408161355(201408161355)
5,747,820
11,895,630
19,839,300
6,479,220
7,205,430

201408161356(201408161356)
5,747,820
11,895,630
19,839,300
6,479,220
7,205,430

201408161359(201408161359)
5,747,820
11,930,100
19,839,300
6,479,220
7,205,430

201408161400(201408161400)
5,747,820
11,930,100
19,839,300
6,481,560
7,205,430

201408161401(201408161401)
5,747,820
11,930,100
19,839,300
6,500,070
7,211,040

201408161404(201408161404)
5,747,820
11,930,100
19,839,300
6,500,070
7,222,440

201408161405(201408161405)
5,764,920
11,930,100
19,839,300
6,500,070
7,238,550

201408161406(201408161406)
5,764,920
11,930,100
19,839,300
6,500,070
7,238,550

201408161409(201408161409)
5,764,920
11,944,770
19,839,300
6,521,850
7,238,550

201408161410(201408161410)
5,764,920
11,944,770
19,839,300
6,521,850
7,238,550

201408161411(201408161411)
5,764,920
11,944,770
19,839,300
6,521,850
7,238,550

201408161414(201408161414)
5,764,920
11,944,770
19,839,300
6,521,850
7,238,550

201408161415(201408161415)
5,765,970
11,944,770
19,839,300
6,521,850
7,238,550

201408161416(201408161416)
5,765,970
11,944,770
19,839,300
6,521,850
7,243,260

201408161419(201408161419)
5,765,970
11,944,770
19,839,300
6,521,850
7,243,260

201408161420(201408161420)
5,765,970
11,944,770
19,839,300
6,521,850
7,243,260

201408161421(201408161421)
5,765,970
11,944,770
19,854,750
6,521,850
7,243,260

201408161424(201408161424)
5,765,970
11,944,770
19,854,750
6,521,850
7,243,260

201408161425(201408161425)
5,765,970
11,944,770
19,854,750
6,521,850
7,243,260

201408161426(201408161426)
5,765,970
11,944,770
19,854,750
6,521,850
7,243,260

201408161429(201408161429)
5,765,970
11,953,590
19,854,750
6,521,850
7,243,260

201408161430(201408161430)
5,765,970
11,953,590
19,854,750
6,522,000
7,243,260

201408161431(201408161431)
5,765,970
11,957,280
19,854,750
6,522,000
7,243,260

201408161434(201408161434)
5,765,970
11,957,280
19,854,750
6,522,000
7,243,260

201408161435(201408161435)
5,778,450
11,957,280
19,854,750
6,522,000
7,243,260

201408161436(201408161436)
5,788,740
11,957,280
19,854,750
6,522,000
7,243,260

201408161439(201408161439)
5,788,740
11,957,280
19,854,750
6,522,000
7,243,260

201408161440(201408161440)
5,790,180
11,957,280
19,854,750
6,522,000
7,244,280

201408161441(201408161441)
5,790,180
11,957,280
19,854,750
6,522,000
7,244,280

201408161444(201408161444)
5,790,180
11,957,280
19,854,750
6,522,000
7,244,280

201408161445(201408161445)
5,790,180
11,957,280
19,854,750
6,522,000
7,244,280

201408161446(201408161446)
5,790,180
11,957,280
19,854,750
6,522,000
7,244,280

201408161449(201408161449)
5,790,180
11,957,280
19,854,750
6,528,360
7,244,280

201408161450(201408161450)
5,790,180
11,957,280
19,854,750
6,542,430
7,244,280

201408161451(201408161451)
5,790,180
11,957,280
19,854,750
6,546,210
7,244,280

201408161454(201408161454)
5,790,180
11,957,280
19,854,750
6,548,760
7,244,280

201408161455(201408161455)
5,790,180
11,957,280
19,854,750
6,552,150
7,244,280

201408161456(201408161456)
5,790,180
11,957,280
19,854,750
6,552,150
7,244,280

201408161459(201408161459)
5,790,180
11,957,280
19,876,800
6,552,150
7,244,280

201408161500(201408161500)
5,790,180
11,957,280
19,876,800
6,564,210
7,244,280

201408161501(201408161501)
5,790,180
11,957,280
19,876,800
6,564,210
7,244,280

201408161504(201408161504)
5,790,180
11,957,280
19,876,800
6,564,210
7,244,280

201408161505(201408161505)
5,792,460
11,957,280
19,876,800
6,564,210
7,244,280

201408161506(201408161506)
5,792,460
11,957,280
19,876,800
6,564,210
7,244,280

201408161509(201408161509)
5,792,460
11,957,280
19,876,800
6,564,210
7,250,040

201408161510(201408161510)
5,792,460
11,957,280
19,876,800
6,564,210
7,252,860

201408161511(201408161511)
5,792,460
11,957,280
19,876,800
6,569,400
7,252,860

201408161514(201408161514)
5,792,460
11,957,280
19,876,800
6,569,400
7,252,860

201408161515(201408161515)
5,792,460
11,957,280
19,876,800
6,572,070
7,257,570

201408161516(201408161516)
5,792,460
11,957,280
19,876,800
6,572,070
7,257,570

201408161519(201408161519)
5,792,460
11,957,280
19,876,800
6,572,070
7,257,570

201408161520(201408161520)
5,792,460
11,957,280
19,876,800
6,572,070
7,257,570

201408161521(201408161521)
5,792,460
11,957,280
19,876,800
6,577,770
7,257,570

201408161524(201408161524)
5,792,460
11,957,280
19,876,800
6,577,770
7,257,570

201408161525(201408161525)
5,792,460
11,957,280
19,876,800
6,582,060
7,257,570

201408161526(201408161526)
5,792,460
11,957,280
19,876,800
6,582,060
7,257,570

201408161529(201408161529)
5,800,110
11,957,280
19,876,800
6,582,060
7,257,570

201408161530(201408161530)
5,828,400
11,957,280
19,876,800
6,582,060
7,257,570

201408161531(201408161531)
5,829,030
11,957,280
19,876,800
6,582,060
7,257,570

201408161534(201408161534)
5,829,030
11,957,280
19,876,800
6,582,060
7,257,570

201408161535(201408161535)
5,829,030
11,957,280
19,876,800
6,589,800
7,257,570

201408161536(201408161536)
5,829,030
11,957,280
19,876,800
6,589,800
7,257,570

201408161539(201408161539)
5,829,030
11,957,280
19,876,800
6,589,800
7,257,570

201408161540(201408161540)
5,829,030
11,957,280
19,876,800
6,589,800
7,257,570

201408161541(201408161541)
5,829,030
11,957,280
19,876,800
6,589,800
7,257,570

201408161544(201408161544)
5,829,030
11,957,280
19,876,800
6,598,920
7,257,570

201408161545(201408161545)
5,829,030
11,962,230
19,876,800
6,598,920
7,257,570

201408161546(201408161546)
5,829,030
11,962,230
19,876,800
6,598,920
7,257,570

201408161549(201408161549)
5,829,030
11,962,230
19,876,800
6,598,920
7,257,570

201408161550(201408161550)
5,829,030
11,962,230
19,876,800
6,598,920
7,257,570

201408161551(201408161551)
5,829,030
11,962,230
19,876,800
6,598,920
7,257,570

201408161554(201408161554)
5,829,030
11,962,230
19,876,800
6,598,920
7,257,570

201408161555(201408161555)
5,829,030
11,973,510
19,876,800
6,599,550
7,257,570

201408161556(201408161556)
5,829,030
11,975,550
19,876,800
6,599,550
7,264,140

201408161559(201408161559)
5,829,030
11,975,550
19,876,800
6,599,550
7,264,140

201408161600(201408161600)
5,829,030
11,975,550
19,876,800
6,599,550
7,264,140

201408161601(201408161601)
5,829,030
11,975,550
19,876,800
6,599,550
7,264,140

201408161604(201408161604)
5,829,030
11,975,550
19,876,800
6,599,550
7,264,140

201408161605(201408161605)
5,829,030
11,979,720
19,876,800
6,599,550
7,276,350

201408161606(201408161606)
5,829,030
11,979,720
19,876,800
6,599,550
7,276,350

201408161609(201408161609)
5,829,030
11,979,720
19,876,800
6,599,550
7,276,350

201408161610(201408161610)
5,829,030
11,979,720
19,876,800
6,599,550
7,276,350

201408161611(201408161611)
5,838,990
11,979,720
19,876,800
6,599,550
7,276,350

201408161614(201408161614)
5,838,990
11,979,720
19,876,800
6,599,550
7,276,350

201408161615(201408161615)
5,838,990
11,983,500
19,876,800
6,599,550
7,276,350

201408161616(201408161616)
5,838,990
11,996,910
19,876,800
6,599,550
7,276,350

201408161619(201408161619)
5,838,990
11,996,910
19,876,800
6,599,550
7,276,350

201408161620(201408161620)
5,838,990
11,996,910
19,876,800
6,599,550
7,276,350

201408161621(201408161621)
5,838,990
11,996,910
19,876,800
6,599,550
7,276,350

201408161624(201408161624)
5,838,990
11,996,910
19,876,800
6,599,550
7,276,350

201408161625(201408161625)
5,845,260
11,996,910
19,876,800
6,599,550
7,280,880

201408161626(201408161626)
5,845,260
11,996,910
19,876,800
6,599,550
7,280,880

201408161629(201408161629)
5,845,260
11,996,910
19,876,800
6,599,550
7,280,880

201408161630(201408161630)
5,845,260
11,996,910
19,876,800
6,599,550
7,280,880

201408161631(201408161631)
5,845,260
11,996,910
19,876,800
6,599,550
7,280,880

201408161634(201408161634)
5,847,210
11,996,910
19,876,800
6,599,550
7,280,880

201408161635(201408161635)
5,849,940
11,996,910
19,876,800
6,603,210
7,280,880

201408161636(201408161636)
5,849,940
11,996,910
19,876,800
6,603,210
7,280,880

201408161639(201408161639)
5,849,940
11,996,910
19,876,800
6,603,210
7,280,880

201408161640(201408161640)
5,849,940
11,996,910
19,876,800
6,603,960
7,280,880

201408161641(201408161641)
5,849,940
11,996,910
19,876,800
6,605,310
7,280,880

201408161644(201408161644)
5,849,940
11,996,910
19,876,800
6,605,310
7,280,880

201408161645(201408161645)
5,849,940
12,004,020
19,876,800
6,615,330
7,280,880

201408161646(201408161646)
5,849,940
12,004,020
19,876,800
6,615,330
7,280,880

201408161649(201408161649)
5,849,940
12,004,020
19,876,800
6,615,390
7,285,920

201408161650(201408161650)
5,849,940
12,004,020
19,876,800
6,615,390
7,285,920

201408161651(201408161651)
5,849,940
12,004,020
19,876,800
6,615,390
7,285,920

201408161654(201408161654)
5,849,940
12,004,020
19,876,800
6,615,390
7,285,920

201408161655(201408161655)
5,849,940
12,004,020
19,876,800
6,615,390
7,285,920

201408161656(201408161656)
5,849,940
12,004,020
19,876,800
6,615,390
7,285,920

201408161659(201408161659)
5,849,940
12,004,020
19,876,800
6,615,390
7,285,920

201408161700(201408161700)
5,849,940
12,004,020
19,876,800
6,615,390
7,285,920

201408161701(201408161701)
5,849,940
12,004,020
19,876,800
6,615,390
7,285,920

201408161704(201408161704)
5,849,940
12,004,020
19,876,800
6,615,390
7,285,920

201408161705(201408161705)
5,862,090
12,004,020
19,876,800
6,615,390
7,285,920

201408161706(201408161706)
5,862,090
12,004,020
19,876,800
6,615,390
7,285,920

201408161709(201408161709)
5,862,090
12,004,020
19,876,800
6,615,390
7,285,920

201408161710(201408161710)
5,862,090
12,004,020
19,876,800
6,615,390
7,285,920

201408161711(201408161711)
5,862,090
12,004,020
19,876,800
6,615,390
7,285,920

201408161714(201408161714)
5,862,090
12,015,240
19,876,800
6,615,390
7,285,920

201408161715(201408161715)
5,873,610
12,015,240
19,876,800
6,615,390
7,292,880

201408161716(201408161716)
5,873,610
12,015,240
19,876,800
6,615,390
7,292,880

201408161719(201408161719)
5,873,610
12,015,240
19,876,800
6,615,390
7,292,880

201408161720(201408161720)
5,873,610
12,015,240
19,876,800
6,615,390
7,292,880

201408161721(201408161721)
5,873,610
12,015,240
19,876,800
6,615,390
7,292,880

201408161724(201408161724)
5,873,610
12,015,240
19,876,800
6,615,390
7,292,880

201408161725(201408161725)
5,873,610
12,015,240
19,876,800
6,618,030
7,292,880

201408161726(201408161726)
5,873,610
12,015,240
19,876,800
6,625,980
7,292,880

201408161729(201408161729)
5,873,610
12,015,240
19,876,800
6,625,980
7,292,880

201408161730(201408161730)
5,895,690
12,015,240
19,876,800
6,625,980
7,302,810

201408161731(201408161731)
5,895,690
12,015,240
19,903,800
6,625,980
7,302,810

201408161734(201408161734)
5,895,690
12,015,240
19,903,800
6,625,980
7,302,810

201408161735(201408161735)
5,895,690
12,015,240
19,903,800
6,625,980
7,302,810

201408161736(201408161736)
5,895,690
12,015,240
19,903,800
6,632,400
7,302,810

201408161739(201408161739)
5,895,690
12,015,240
19,903,800
6,639,900
7,319,910

201408161740(201408161740)
5,895,690
12,015,240
19,903,800
6,639,900
7,319,910

201408161741(201408161741)
5,895,690
12,015,240
19,903,800
6,639,900
7,319,910

201408161744(201408161744)
5,895,690
12,015,240
19,903,800
6,639,900
7,319,910

201408161745(201408161745)
5,895,690
12,015,240
19,903,800
6,639,900
7,319,910

201408161746(201408161746)
5,895,690
12,015,240
19,903,800
6,639,900
7,319,910

201408161749(201408161749)
5,895,690
12,015,240
19,903,800
6,639,900
7,319,910

201408161750(201408161750)
5,895,690
12,015,240
19,903,800
6,639,900
7,319,910

201408161751(201408161751)
5,895,690
12,015,240
19,903,800
6,639,900
7,321,200

201408161754(201408161754)
5,895,690
12,015,240
19,903,800
6,639,900
7,321,200

201408161755(201408161755)
5,907,210
12,015,240
19,903,800
6,639,900
7,321,200

201408161756(201408161756)
5,907,210
12,015,240
19,903,800
6,639,900
7,321,200

201408161759(201408161759)
5,907,210
12,015,240
19,903,800
6,639,900
7,321,200

201408161800(201408161800)
5,907,210
12,015,240
19,903,800
6,639,900
7,321,200

201408161801(201408161801)
5,907,210
12,015,240
19,903,800
6,639,900
7,330,380

201408161804(201408161804)
5,907,210
12,015,240
19,903,800
6,639,900
7,330,380

201408161805(201408161805)
5,915,490
12,015,240
19,903,800
6,639,900
7,330,380

201408161806(201408161806)
5,915,490
12,015,240
19,903,800
6,639,900
7,330,380

201408161809(201408161809)
5,915,490
12,015,240
19,903,800
6,639,900
7,330,380

201408161810(201408161810)
5,925,570
12,015,240
19,903,800
6,639,900
7,330,380

201408161811(201408161811)
5,925,570
12,015,240
19,903,800
6,639,900
7,335,510

201408161814(201408161814)
5,925,570
12,015,240
19,903,800
6,639,900
7,335,510

201408161815(201408161815)
5,927,790
12,015,240
19,903,800
6,639,900
7,335,510

201408161816(201408161816)
5,927,790
12,015,240
19,903,800
6,639,900
7,335,510

201408161819(201408161819)
5,927,790
12,015,240
19,903,800
6,639,900
7,335,510

201408161820(201408161820)
5,947,050
12,015,240
19,903,800
6,639,900
7,335,510

201408161821(201408161821)
5,947,050
12,015,240
19,903,800
6,639,900
7,335,510

201408161824(201408161824)
5,947,050
12,015,240
19,903,800
6,639,900
7,335,510

201408161825(201408161825)
5,947,050
12,015,240
19,903,800
6,644,340
7,335,510

201408161826(201408161826)
5,947,050
12,015,240
19,903,800
6,644,340
7,335,510

201408161829(201408161829)
5,947,050
12,015,240
19,903,800
6,644,340
7,335,510

201408161830(201408161830)
5,947,050
12,019,320
19,903,800
6,644,340
7,342,920

201408161831(201408161831)
5,947,050
12,021,210
19,903,800
6,644,340
7,342,920

201408161834(201408161834)
5,947,620
12,021,210
19,903,800
6,644,340
7,342,920

201408161835(201408161835)
5,947,620
12,021,210
19,903,800
6,645,240
7,342,920

201408161836(201408161836)
5,947,620
12,021,210
19,903,800
6,645,240
7,342,920

201408161839(201408161839)
5,947,620
12,021,210
19,936,260
6,651,570
7,342,920

201408161840(201408161840)
5,947,620
12,021,390
19,936,260
6,651,570
7,342,920

201408161841(201408161841)
5,947,620
12,021,390
19,936,260
6,651,570
7,342,920

201408161844(201408161844)
5,947,620
12,021,390
19,936,260
6,651,570
7,346,940

201408161845(201408161845)
5,947,620
12,021,390
19,936,260
6,677,910
7,346,940

201408161846(201408161846)
5,947,620
12,021,390
19,936,260
6,677,910
7,346,940

201408161849(201408161849)
5,947,620
12,021,390
19,936,260
6,677,910
7,346,940

201408161850(201408161850)
5,947,620
12,021,390
19,936,260
6,677,910
7,346,940

201408161851(201408161851)
5,947,620
12,021,390
19,936,260
6,677,910
7,346,940

201408161854(201408161854)
5,947,620
12,022,710
19,936,260
6,677,910
7,346,940

201408161855(201408161855)
5,947,620
12,022,710
19,936,260
6,677,910
7,348,830

201408161856(201408161856)
5,951,790
12,022,710
19,936,260
6,677,910
7,348,830

201408161859(201408161859)
5,953,890
12,022,710
19,936,260
6,677,910
7,352,760

201408161900(201408161900)
5,953,890
12,022,710
19,936,260
6,683,970
7,357,890

201408161901(201408161901)
5,953,890
12,022,710
19,936,260
6,683,970
7,357,890

201408161904(201408161904)
5,953,890
12,022,710
19,936,260
6,683,970
7,357,890

201408161905(201408161905)
5,953,890
12,022,710
19,936,260
6,683,970
7,357,890

201408161906(201408161906)
5,953,890
12,022,710
19,936,260
6,683,970
7,357,890

201408161909(201408161909)
5,953,890
12,027,180
19,936,260
6,688,440
7,357,890

201408161910(201408161910)
5,953,890
12,027,180
19,936,260
6,688,440
7,357,890

201408161911(201408161911)
5,953,890
12,027,180
19,936,260
6,688,440
7,357,890

201408161914(201408161914)
5,953,890
12,027,180
19,936,260
6,688,440
7,357,890

201408161915(201408161915)
5,953,890
12,027,180
19,936,260
6,688,440
7,359,600

201408161916(201408161916)
5,953,890
12,027,180
19,936,260
6,688,440
7,362,990

201408161919(201408161919)
5,956,620
12,027,180
19,936,260
6,688,440
7,362,990

201408161920(201408161920)
5,956,620
12,027,180
19,936,260
6,688,440
7,362,990

201408161921(201408161921)
5,956,620
12,027,180
19,936,260
6,688,440
7,362,990

201408161924(201408161924)
5,956,620
12,027,180
19,936,260
6,688,440
7,362,990

201408161925(201408161925)
5,956,620
12,027,180
19,936,260
6,688,440
7,362,990

201408161926(201408161926)
5,969,850
12,027,180
19,936,260
6,688,440
7,362,990

201408161929(201408161929)
5,969,850
12,027,180
19,936,260
6,704,910
7,362,990

201408161930(201408161930)
5,969,850
12,027,180
19,936,260
6,718,500
7,362,990

201408161931(201408161931)
5,969,850
12,027,180
19,936,260
6,718,500
7,362,990

201408161934(201408161934)
5,969,850
12,027,180
19,936,260
6,718,500
7,362,990

201408161935(201408161935)
5,973,720
12,038,430
19,936,260
6,718,500
7,362,990

201408161936(201408161936)
5,973,720
12,038,430
19,936,260
6,718,500
7,370,040

201408161939(201408161939)
5,973,720
12,038,430
19,936,260
6,718,500
7,383,210

201408161940(201408161940)
5,973,720
12,038,430
19,936,260
6,718,500
7,383,210

201408161941(201408161941)
5,973,720
12,038,430
19,936,260
6,718,500
7,383,210

201408161944(201408161944)
5,973,720
12,038,430
19,936,260
6,720,690
7,383,210

201408161945(201408161945)
5,977,110
12,038,430
19,936,260
6,720,690
7,383,210

201408161946(201408161946)
5,977,110
12,038,430
19,936,260
6,720,690
7,383,210

201408161949(201408161949)
5,977,110
12,038,430
19,936,260
6,720,690
7,396,710

201408161950(201408161950)
5,977,110
12,038,430
19,936,260
6,731,070
7,396,710

201408161951(201408161951)
5,977,110
12,038,430
19,936,260
6,731,070
7,396,710

201408161954(201408161954)
5,977,110
12,038,430
19,936,260
6,731,070
7,396,710

201408161955(201408161955)
5,977,110
12,038,430
19,936,260
6,731,070
7,396,710

201408161956(201408161956)
5,977,110
12,038,430
19,936,260
6,731,070
7,396,710

201408161959(201408161959)
5,977,110
12,054,150
19,936,260
6,731,070
7,396,710

201408162000(201408162000)
5,977,110
12,060,150
19,936,260
6,731,070
7,396,710

201408162001(201408162001)
5,977,110
12,060,150
19,936,260
6,731,070
7,396,710

201408162004(201408162004)
5,981,370
12,060,150
19,936,260
6,731,070
7,400,580

201408162005(201408162005)
5,981,370
12,060,330
19,936,260
6,731,070
7,414,350

201408162006(201408162006)
5,981,370
12,060,330
19,936,260
6,731,070
7,414,350

201408162009(201408162009)
5,981,370
12,060,330
19,936,260
6,731,070
7,414,350

201408162010(201408162010)
5,981,370
12,060,330
19,936,260
6,731,070
7,414,350

201408162011(201408162011)
5,981,370
12,060,330
19,936,260
6,731,070
7,414,350

201408162014(201408162014)
5,981,370
12,060,330
19,936,260
6,731,070
7,414,350

201408162015(201408162015)
5,981,370
12,060,330
20,028,720
6,731,070
7,421,040

201408162016(201408162016)
5,981,370
12,060,330
20,028,720
6,731,070
7,421,040

201408162019(201408162019)
5,981,370
12,060,330
20,028,720
6,733,890
7,421,040

201408162020(201408162020)
5,981,370
12,060,330
20,028,720
6,738,990
7,421,040

201408162021(201408162021)
5,981,370
12,060,330
20,028,720
6,738,990
7,421,040

201408162024(201408162024)
5,981,370
12,060,330
20,028,720
6,744,840
7,421,040

201408162025(201408162025)
5,981,370
12,060,330
20,028,720
6,750,420
7,422,090

201408162026(201408162026)
5,981,370
12,060,330
20,028,720
6,750,420
7,422,090

201408162029(201408162029)
5,981,370
12,060,330
20,028,720
6,750,420
7,455,210

201408162030(201408162030)
5,981,370
12,060,330
20,028,720
6,750,420
7,455,210

201408162031(201408162031)
5,981,370
12,065,460
20,028,720
6,750,420
7,455,210

201408162034(201408162034)
5,981,370
12,065,460
20,028,720
6,750,420
7,455,210

201408162035(201408162035)
5,998,410
12,065,460
20,028,720
6,750,420
7,455,210

201408162036(201408162036)
6,001,500
12,065,460
20,028,720
6,750,420
7,455,210

201408162039(201408162039)
6,006,570
12,065,460
20,028,720
6,750,420
7,455,210

201408162040(201408162040)
6,008,070
12,068,910
20,028,720
6,750,420
7,455,210

201408162041(201408162041)
6,008,070
12,068,910
20,028,720
6,750,420
7,455,210

201408162044(201408162044)
6,008,070
12,069,090
20,028,720
6,750,420
7,455,210

201408162045(201408162045)
6,031,710
12,069,090
20,028,720
6,754,170
7,461,390

201408162046(201408162046)
6,031,710
12,069,090
20,028,720
6,754,170
7,461,390

201408162049(201408162049)
6,040,980
12,069,090
20,028,720
6,754,170
7,461,390

201408162050(201408162050)
6,043,950
12,071,160
20,028,720
6,754,170
7,461,390

201408162051(201408162051)
6,043,950
12,071,160
20,028,720
6,754,170
7,461,390

201408162054(201408162054)
6,043,950
12,071,160
20,028,720
6,754,170
7,461,390

201408162055(201408162055)
6,043,950
12,071,160
20,028,720
6,754,170
7,461,390

201408162056(201408162056)
6,043,950
12,071,160
20,028,720
6,754,170
7,461,390

201408162059(201408162059)
6,050,100
12,073,650
20,028,720
6,754,170
7,461,390

201408162100(201408162100)
6,050,100
12,073,650
20,028,720
6,754,170
7,461,390

201408162101(201408162101)
6,050,100
12,073,650
20,028,720
6,754,170
7,461,390

201408162104(201408162104)
6,050,100
12,073,650
20,028,720
6,754,170
7,482,630

201408162105(201408162105)
6,053,940
12,077,190
20,028,720
6,761,370
7,492,290

201408162106(201408162106)
6,053,940
12,077,190
20,028,720
6,761,370
7,492,290

201408162109(201408162109)
6,053,940
12,085,170
20,028,720
6,761,370
7,492,290

201408162110(201408162110)
6,053,940
12,087,420
20,028,720
6,761,370
7,492,800

201408162111(201408162111)
6,053,940
12,087,420
20,028,720
6,761,370
7,492,800

201408162114(201408162114)
6,053,940
12,087,420
20,028,720
6,761,370
7,492,800

201408162115(201408162115)
6,055,140
12,087,420
20,028,720
6,761,370
7,492,800

201408162116(201408162116)
6,062,880
12,087,420
20,028,720
6,761,370
7,492,800

201408162119(201408162119)
6,062,880
12,087,420
20,028,720
6,770,550
7,492,800

201408162120(201408162120)
6,062,880
12,087,420
20,028,720
6,772,050
7,492,800

201408162121(201408162121)
6,062,880
12,087,420
20,028,720
6,772,050
7,494,090

201408162124(201408162124)
6,063,060
12,087,420
20,028,720
6,772,050
7,498,710

201408162125(201408162125)
6,068,580
12,087,420
20,028,720
6,772,050
7,501,290

201408162126(201408162126)
6,078,960
12,087,420
20,028,720
6,772,050
7,501,290

201408162129(201408162129)
6,081,180
12,087,420
20,028,720
6,772,050
7,501,290

201408162130(201408162130)
6,081,180
12,087,420
20,028,720
6,772,050
7,501,290

201408162131(201408162131)
6,081,180
12,087,420
20,028,720
6,772,050
7,501,290

201408162134(201408162134)
6,081,180
12,087,420
20,028,720
6,772,050
7,501,290

201408162135(201408162135)
6,081,180
12,087,420
20,122,200
6,772,050
7,501,290

201408162136(201408162136)
6,081,180
12,087,420
20,191,620
6,772,050
7,501,290

201408162139(201408162139)
6,081,180
12,087,420
20,191,620
6,772,050
7,501,290

201408162140(201408162140)
6,081,180
12,087,420
20,191,620
6,772,050
7,501,290

201408162141(201408162141)
6,081,180
12,087,420
20,191,620
6,772,050
7,501,290

201408162144(201408162144)
6,081,180
12,087,420
20,191,620
6,772,050
7,512,660

201408162145(201408162145)
6,081,180
12,089,820
20,191,620
6,794,490
7,512,660

201408162146(201408162146)
6,081,180
12,089,820
20,191,620
6,794,490
7,512,660

201408162149(201408162149)
6,081,180
12,089,820
20,191,620
6,794,490
7,512,660

201408162150(201408162150)
6,081,180
12,089,820
20,191,620
6,794,490
7,512,660

201408162151(201408162151)
6,081,180
12,089,820
20,191,620
6,794,490
7,512,660

201408162154(201408162154)
6,085,740
12,089,820
20,191,620
6,794,490
7,514,520

201408162155(201408162155)
6,085,740
12,089,820
20,191,620
6,794,490
7,527,510

201408162156(201408162156)
6,085,740
12,090,240
20,191,620
6,794,490
7,527,510

201408162159(201408162159)
6,101,550
12,090,240
20,191,620
6,794,490
7,527,510

201408162200(201408162200)
6,101,550
12,090,240
20,203,620
6,794,490
7,528,410

201408162201(201408162201)
6,101,550
12,090,240
20,208,030
6,794,490
7,528,410

201408162204(201408162204)
6,101,550
12,090,240
20,208,030
6,796,140
7,528,410

201408162205(201408162205)
6,101,550
12,090,240
20,208,030
6,802,620
7,528,410

201408162206(201408162206)
6,101,550
12,090,240
20,208,030
6,802,620
7,528,410

201408162209(201408162209)
6,102,780
12,090,240
20,208,030
6,802,620
7,528,410

201408162210(201408162210)
6,102,780
12,090,240
20,208,030
6,802,620
7,528,410

201408162211(201408162211)
6,102,780
12,090,240
20,208,030
6,802,620
7,528,410

201408162214(201408162214)
6,102,780
12,090,240
20,208,030
6,802,620
7,528,410

201408162215(201408162215)
6,154,710
12,090,240
20,208,030
6,813,750
7,532,040

201408162216(201408162216)
6,154,710
12,090,240
20,208,030
6,813,750
7,532,040

201408162219(201408162219)
6,154,710
12,090,240
20,208,030
6,813,750
7,532,040

201408162220(201408162220)
6,156,690
12,090,240
20,208,030
6,813,750
7,535,580

201408162221(201408162221)
6,156,690
12,090,240
20,208,030
6,813,750
7,535,580

201408162224(201408162224)
6,156,690
12,090,240
20,208,030
6,813,750
7,535,580

201408162225(201408162225)
6,160,380
12,090,240
20,208,030
6,813,750
7,535,580

201408162226(201408162226)
6,160,380
12,090,240
20,208,030
6,813,750
7,535,580

201408162229(201408162229)
6,160,380
12,090,240
20,208,030
6,813,750
7,535,580

201408162230(201408162230)
6,168,780
12,103,560
20,208,030
6,813,750
7,535,580

201408162231(201408162231)
6,168,780
12,103,560
20,208,030
6,813,750
7,535,580

201408162234(201408162234)
6,168,780
12,103,560
20,208,030
6,813,750
7,535,580

201408162235(201408162235)
6,168,780
12,103,560
20,208,030
6,817,710
7,547,460

201408162236(201408162236)
6,168,780
12,103,560
20,208,030
6,817,710
7,549,650

201408162239(201408162239)
6,168,780
12,103,560
20,208,030
6,817,710
7,554,660

201408162240(201408162240)
6,168,780
12,103,560
20,208,030
6,817,710
7,554,660

201408162241(201408162241)
6,168,780
12,103,560
20,208,030
6,817,710
7,554,660

201408162244(201408162244)
6,168,780
12,103,560
20,208,030
6,817,710
7,554,660

201408162245(201408162245)
6,168,780
12,103,560
20,208,030
6,817,710
7,554,660

201408162246(201408162246)
6,168,780
12,103,560
20,208,030
6,817,710
7,554,660

201408162249(201408162249)
6,168,780
12,103,560
20,208,030
6,817,710
7,554,660

201408162250(201408162250)
6,168,780
12,103,560
20,208,030
6,817,710
7,566,630

201408162251(201408162251)
6,168,780
12,103,560
20,208,030
6,817,710
7,566,630

201408162254(201408162254)
6,168,780
12,103,560
20,208,030
6,817,710
7,566,630

201408162255(201408162255)
6,168,780
12,103,560
20,208,030
6,836,130
7,572,780

201408162256(201408162256)
6,184,920
12,103,560
20,208,030
6,836,130
7,572,780

201408162259(201408162259)
6,193,380
12,103,560
20,208,030
6,836,130
7,572,780

201408162300(201408162300)
6,193,380
12,105,240
20,208,030
6,858,600
7,572,780

201408162301(201408162301)
6,206,340
12,105,240
20,208,030
6,858,600
7,572,780

201408162304(201408162304)
6,206,340
12,105,240
20,208,030
6,858,600
7,579,290

201408162305(201408162305)
6,210,180
12,105,240
20,208,030
6,858,600
7,579,290

201408162306(201408162306)
6,210,180
12,105,240
20,208,030
6,858,600
7,579,350

201408162309(201408162309)
6,210,180
12,105,240
20,208,030
6,858,600
7,579,350

201408162310(201408162310)
6,219,270
12,105,240
20,208,030
6,858,600
7,579,350

201408162311(201408162311)
6,224,070
12,105,240
20,208,030
6,863,400
7,579,350

201408162314(201408162314)
6,224,280
12,105,240
20,208,030
6,863,400
7,579,350

201408162315(201408162315)
6,224,280
12,105,240
20,208,030
6,871,200
7,579,350

201408162316(201408162316)
6,229,230
12,105,240
20,208,030
6,871,200
7,579,350

201408162319(201408162319)
6,229,230
12,105,240
20,208,030
6,871,200
7,579,830

201408162320(201408162320)
6,229,230
12,105,240
20,208,030
6,880,290
7,579,830

201408162321(201408162321)
6,229,230
12,122,130
20,208,030
6,884,070
7,579,830

201408162324(201408162324)
6,229,230
12,132,870
20,208,030
6,884,070
7,579,830

201408162325(201408162325)
6,248,790
12,132,870
20,208,030
6,884,070
7,581,000

201408162326(201408162326)
6,248,790
12,132,870
20,208,030
6,892,230
7,581,000

201408162329(201408162329)
6,249,060
12,132,870
20,208,030
6,892,230
7,582,710

201408162330(201408162330)
6,249,060
12,132,870
20,208,030
6,892,230
7,591,380

201408162331(201408162331)
6,249,060
12,132,870
20,208,030
6,892,230
7,591,920

201408162334(201408162334)
6,249,060
12,132,870
20,208,030
6,892,230
7,591,920

201408162335(201408162335)
6,250,470
12,132,870
20,208,030
6,892,230
7,591,920

201408162336(201408162336)
6,250,470
12,132,870
20,208,030
6,892,230
7,591,920

201408162339(201408162339)
6,250,470
12,132,870
20,208,030
6,911,970
7,604,850

201408162340(201408162340)
6,250,470
12,138,000
20,208,030
6,911,970
7,605,150

201408162341(201408162341)
6,250,470
12,138,000
20,208,030
6,911,970
7,605,150

201408162344(201408162344)
6,256,380
12,138,000
20,208,030
6,911,970
7,605,150

201408162345(201408162345)
6,266,250
12,138,000
20,208,030
6,911,970
7,606,860

201408162346(201408162346)
6,270,720
12,138,000
20,208,030
6,911,970
7,606,860

201408162349(201408162349)
6,270,720
12,138,000
20,208,030
6,914,820
7,606,860

201408162350(201408162350)
6,272,910
12,138,000
20,208,030
6,926,700
7,606,860

201408162351(201408162351)
6,273,840
12,138,000
20,208,030
6,926,700
7,606,860

201408162354(201408162354)
6,273,840
12,138,000
20,208,030
6,926,700
7,613,640

201408162355(201408162355)
6,273,840
12,138,000
20,208,030
6,950,220
7,613,640

201408162356(201408162356)
6,273,840
12,138,000
20,208,030
6,950,220
7,613,640

201408162359(201408162359)
6,273,840
12,138,000
20,208,030
6,950,220
7,615,320

201408170000(201408170000)
6,273,840
12,138,000
20,208,030
6,950,220
7,615,320

201408170001(201408170001)
6,275,910
12,138,000
20,208,030
6,950,220
7,615,320

201408170004(201408170004)
6,275,910
12,138,000
20,208,030
6,950,220
7,615,320

201408170005(201408170005)
6,277,980
12,138,000
20,208,030
6,950,220
7,615,320

201408170006(201408170006)
6,277,980
12,138,000
20,208,030
6,950,220
7,615,320

201408170009(201408170009)
6,277,980
12,148,050
20,208,030
6,950,220
7,615,320

201408170010(201408170010)
6,277,980
12,148,050
20,208,030
6,950,220
7,626,600

201408170011(201408170011)
6,277,980
12,148,050
20,208,030
6,960,510
7,626,600

201408170014(201408170014)
6,277,980
12,148,050
20,208,030
6,960,510
7,626,600

201408170015(201408170015)
6,279,960
12,148,050
20,268,240
6,960,900
7,626,600

201408170016(201408170016)
6,279,960
12,148,050
20,268,240
6,963,060
7,626,600

201408170019(201408170019)
6,279,960
12,148,050
20,268,240
6,963,060
7,627,980

201408170020(201408170020)
6,279,960
12,148,050
20,268,240
6,963,060
7,662,570

201408170021(201408170021)
6,279,960
12,148,050
20,268,240
6,963,060
7,676,550

201408170024(201408170024)
6,279,960
12,148,050
20,268,240
6,963,060
7,676,550

201408170025(201408170025)
6,279,960
12,148,050
20,268,240
6,967,980
7,676,550

201408170026(201408170026)
6,285,570
12,148,050
20,268,240
6,977,130
7,676,550

201408170029(201408170029)
6,285,570
12,148,050
20,268,240
6,977,130
7,676,550

201408170030(201408170030)
6,290,430
12,148,050
20,268,240
6,977,130
7,680,660

201408170031(201408170031)
6,290,430
12,148,050
20,268,240
6,977,130
7,680,660

201408170034(201408170034)
6,290,430
12,148,050
20,268,240
6,977,130
7,684,560

201408170035(201408170035)
6,290,430
12,148,620
20,268,240
6,999,810
7,710,360

201408170036(201408170036)
6,290,430
12,148,620
20,268,240
6,999,810
7,710,360

201408170039(201408170039)
6,290,430
12,148,620
20,268,240
6,999,810
7,710,360

201408170040(201408170040)
6,290,430
12,148,620
20,268,240
6,999,810
7,710,360

201408170041(201408170041)
6,290,430
12,148,620
20,268,240
6,999,810
7,710,360

201408170044(201408170044)
6,290,430
12,148,620
20,268,240
7,003,230
7,710,360

201408170045(201408170045)
6,303,750
12,151,530
20,268,240
7,003,230
7,710,360

201408170046(201408170046)
6,303,750
12,151,530
20,268,240
7,003,230
7,710,360

201408170049(201408170049)
6,303,750
12,151,530
20,268,240
7,003,230
7,710,360

201408170050(201408170050)
6,303,750
12,151,530
20,268,240
7,003,230
7,710,360

201408170051(201408170051)
6,305,580
12,151,530
20,268,240
7,003,230
7,710,360

201408170054(201408170054)
6,305,580
20,268,240
7,003,230
7,710,360

201408170055(201408170055)
6,305,580
12,151,530
20,268,240
7,003,230
7,710,360

201408170056(201408170056)
6,305,580
12,151,530
20,268,240
7,003,230
7,710,360

201408170059(201408170059)
6,305,580
12,153,030
20,268,240
7,003,230
7,710,360

201408170100(201408170100)
6,305,580
12,153,030
20,268,240
7,003,230
7,710,360

201408170101(201408170101)
6,311,820
12,153,030
20,268,240
7,003,230
7,710,360

201408170104(201408170104)
6,311,820
12,153,030
20,268,240
7,003,230
7,710,360

201408170105(201408170105)
6,312,660
12,153,030
20,268,240
7,003,230
7,710,360

201408170106(201408170106)
6,312,660
12,153,030
20,268,240
7,003,230
7,710,360

201408170109(201408170109)
6,312,660
12,153,030
20,268,240
7,003,230
7,710,360

201408170110(201408170110)
6,314,220
12,153,030
20,268,240
7,003,230
7,710,360

201408170111(201408170111)
6,314,220
12,153,030
20,268,240
7,003,230
7,710,360

201408170114(201408170114)
6,314,220
12,153,030
20,268,240
7,003,230
7,710,360

201408170115(201408170115)
6,314,220
12,153,030
20,306,940
7,003,230
7,710,360

201408170116(201408170116)
6,314,220
12,153,030
20,306,940
7,003,680
7,710,360

201408170119(201408170119)
6,314,220
12,153,030
20,306,940
7,003,680
7,710,360

201408170120(201408170120)
6,323,310
12,153,030
20,306,940
7,003,680
7,710,360

201408170121(201408170121)
6,323,310
12,153,030
20,306,940
7,003,680
7,710,360

201408170124(201408170124)
6,323,310
12,153,030
20,306,940
7,003,680
7,710,360

201408170125(201408170125)
6,323,310
12,160,410
20,306,940
7,014,210
7,714,140

201408170126(201408170126)
6,323,760
12,160,410
20,306,940
7,014,210
7,714,140

201408170129(201408170129)
6,323,760
12,160,410
20,306,940
7,015,290
7,714,140

201408170130(201408170130)
6,328,350
12,160,410
20,306,940
7,015,410
7,714,140

201408170131(201408170131)
6,342,750
12,160,410
20,306,940
7,020,840
7,714,140

201408170134(201408170134)
6,342,750
12,160,410
20,306,940
7,020,840
7,714,140

201408170135(201408170135)
6,342,750
12,160,410
20,306,940
7,020,840
7,717,500

201408170136(201408170136)
6,342,750
12,163,920
20,306,940
7,020,840
7,717,500

201408170139(201408170139)
6,342,750
12,163,920
20,306,940
7,028,430
7,723,200

201408170140(201408170140)
6,342,750
12,163,920
20,306,940
7,035,240
7,723,200

201408170141(201408170141)
6,342,750
12,163,920
20,306,940
7,035,240
7,723,200

201408170144(201408170144)
6,342,750
12,163,920
20,306,940
7,035,240
7,723,200

201408170145(201408170145)
6,342,750
12,173,670
20,306,940
7,035,240
7,723,200

201408170146(201408170146)
6,342,750
12,173,670
20,306,940
7,035,240
7,723,200

201408170149(201408170149)
6,342,750
12,173,670
20,306,940
7,035,240
7,723,710

201408170150(201408170150)
6,342,750
12,173,670
20,306,940
7,035,240
7,723,710

201408170151(201408170151)
6,342,750
12,173,670
20,306,940
7,035,240
7,723,710

201408170154(201408170154)
6,342,750
12,173,670
20,306,940
7,035,240
7,723,710

201408170155(201408170155)
6,342,750
12,178,410
20,306,940
7,062,840
7,730,130

201408170156(201408170156)
6,342,750
12,180,300
20,306,940
7,062,840
7,730,130

201408170159(201408170159)
6,342,750
12,180,300
20,306,940
7,062,840
7,730,130

201408170200(201408170200)
6,342,750
12,180,300
20,306,940
7,062,840
7,736,640

201408170201(201408170201)
6,342,750
12,180,300
20,306,940
7,062,840
7,736,640

201408170204(201408170204)
6,342,750
12,183,990
20,306,940
7,062,840
7,736,640

201408170205(201408170205)
6,342,750
12,197,370
20,306,940
7,062,840
7,736,640

201408170206(201408170206)
6,342,750
12,197,370
20,306,940
7,062,840
7,742,370

201408170209(201408170209)
6,342,750
12,197,370
20,306,940
7,062,840
7,742,370

201408170210(201408170210)
6,342,750
12,197,370
20,306,940
7,062,840
7,742,370

201408170211(201408170211)
6,343,080
12,197,370
20,306,940
7,062,840
7,742,730

201408170214(201408170214)
6,343,080
12,197,370
20,306,940
7,062,840
7,742,730

201408170215(201408170215)
6,343,080
12,197,370
20,306,940
7,062,840
7,742,730

201408170216(201408170216)
6,366,150
12,197,370
20,306,940
7,073,640
7,742,730

201408170219(201408170219)
6,366,150
12,197,370
20,306,940
7,073,640
7,759,710

201408170220(201408170220)
6,366,150
12,197,370
20,306,940
7,073,640
7,766,010

201408170221(201408170221)
6,366,150
12,197,370
20,306,940
7,081,650
7,766,010

201408170224(201408170224)
6,366,150
12,197,370
20,306,940
7,081,650
7,766,010

201408170225(201408170225)
6,366,150
12,197,370
20,306,940
7,081,650
7,766,010

201408170226(201408170226)
6,366,150
12,197,370
20,405,460
7,081,650
7,766,010

201408170229(201408170229)
6,366,150
12,197,370
20,405,460
7,081,650
7,766,010

201408170230(201408170230)
6,371,670
12,197,370
20,405,460
7,081,650
7,766,010

201408170231(201408170231)
6,371,670
12,197,370
20,405,460
7,081,650
7,766,010

201408170234(201408170234)
6,371,670
12,197,370
20,405,460
7,081,650
7,766,010

201408170235(201408170235)
6,382,890
12,197,370
20,405,460
7,081,650
7,766,010

201408170236(201408170236)
6,382,890
12,197,370
20,451,030
7,082,970
7,766,010

201408170239(201408170239)
6,382,890
12,197,370
20,457,660
7,082,970
7,766,010

201408170240(201408170240)
6,383,520
12,208,860
20,457,660
7,085,910
7,781,700

201408170241(201408170241)
6,383,520
12,208,860
20,457,660
7,085,910
7,781,700

201408170244(201408170244)
6,383,520
12,208,860
20,457,660
7,085,910
7,781,700

201408170245(201408170245)
6,383,520
12,208,860
20,457,660
7,085,910
7,794,510

201408170246(201408170246)
6,383,520
12,208,860
20,457,660
7,093,110
7,794,510

201408170249(201408170249)
6,383,520
12,208,860
20,457,660
7,093,110
7,794,510

201408170250(201408170250)
6,383,520
12,222,810
20,457,660
7,094,490
7,794,750

201408170251(201408170251)
6,383,520
12,222,810
20,457,660
7,094,490
7,794,750

201408170254(201408170254)
6,383,520
12,222,810
20,457,660
7,094,490
7,794,750

201408170255(201408170255)
6,386,880
12,222,810
20,457,660
7,094,490
7,794,930

201408170256(201408170256)
6,386,880
12,222,810
20,457,660
7,094,490
7,794,930

201408170259(201408170259)
6,386,880
12,222,810
20,457,660
7,094,490
7,794,930

201408170300(201408170300)
6,386,880
12,222,810
20,457,660
7,094,490
7,809,450

201408170301(201408170301)
6,386,880
12,222,810
20,457,660
7,104,570
7,809,450

201408170304(201408170304)
6,386,880
12,222,810
20,457,660
7,104,570
7,809,450

201408170305(201408170305)
6,386,880
12,222,810
20,457,660
7,104,570
7,809,450

201408170306(201408170306)
6,386,880
12,222,810
20,457,660
7,104,570
7,815,150

201408170309(201408170309)
6,386,880
12,222,810
20,457,660
7,104,570
7,816,200

201408170310(201408170310)
6,387,420
12,222,810
20,457,660
7,104,570
7,816,200

201408170311(201408170311)
6,387,420
12,222,810
20,457,660
7,104,570
7,816,200

201408170314(201408170314)
6,387,420
12,222,810
20,457,660
7,104,570
7,816,200

201408170315(201408170315)
6,387,420
12,222,810
20,457,660
7,104,570
7,816,200

201408170315(201408170315)
6,387,420
12,222,810
20,457,660
7,120,650
7,816,200

201408170316(201408170316)
6,389,790
12,222,810
20,457,660
7,120,650
7,824,270

201408170317(201408170317)
6,389,790
12,222,810
20,457,660
7,120,650
7,825,110

201408170319(201408170319)
6,389,790
12,222,810
20,457,660
7,120,650
7,825,110

201408170320(201408170320)
6,389,790
12,231,480
20,457,660
7,120,650
7,825,110

201408170321(201408170321)
6,398,490
12,231,480
20,457,660
7,120,650
7,825,110

201408170324(201408170324)
6,398,490
12,231,480
20,457,660
7,120,650
7,825,110

201408170325(201408170325)
6,398,490
12,231,720
20,457,660
7,120,650
7,825,110

201408170326(201408170326)
6,398,490
12,231,720
20,457,660
7,120,650
7,825,110

201408170329(201408170329)
6,398,490
12,231,720
20,457,660
7,120,650
7,825,110

201408170330(201408170330)
6,398,490
12,231,720
20,457,660
7,120,650
7,826,610

201408170331(201408170331)
6,398,490
12,231,720
20,457,660
7,120,650
7,826,610

201408170334(201408170334)
6,398,490
12,231,720
20,457,660
7,120,650
7,826,610

201408170335(201408170335)
6,398,490
12,231,720
20,457,660
7,120,650
7,826,610

201408170336(201408170336)
6,398,490
12,233,730
20,457,660
7,120,650
7,826,610

201408170339(201408170339)
6,398,490
12,248,430
20,457,660
7,120,650
7,826,610

201408170340(201408170340)
6,398,490
12,256,380
20,457,660
7,120,650
7,826,610

201408170341(201408170341)
6,398,490
12,256,380
20,457,660
7,120,650
7,826,610

201408170344(201408170344)
6,398,490
12,256,380
20,457,660
7,120,650
7,826,610

201408170345(201408170345)
6,398,490
12,256,380
20,457,660
7,120,650
7,826,610

201408170346(201408170346)
6,398,490
12,256,380
20,457,660
7,120,650
7,826,610

201408170349(201408170349)
6,398,490
12,256,380
20,457,660
7,120,650
7,826,610

201408170350(201408170350)
6,398,490
12,256,380
20,457,660
7,120,650
7,826,610

201408170351(201408170351)
6,398,490
12,256,380
20,457,660
7,120,650
7,826,610

201408170354(201408170354)
6,398,490
12,256,380
20,457,660
7,120,650
7,826,610

201408170355(201408170355)
6,398,490
12,256,380
20,457,660
7,120,650
7,826,610

201408170356(201408170356)
6,398,490
12,256,380
20,457,660
7,120,650
7,826,610

201408170359(201408170359)
6,400,470
12,256,380
20,457,660
7,120,650
7,832,700

201408170400(201408170400)
6,400,470
12,256,380
20,457,660
7,120,650
7,832,700

201408170401(201408170401)
6,400,470
12,256,380
20,457,660
7,120,650
7,832,700

201408170404(201408170404)
6,400,470
12,256,380
20,457,660
7,120,650
7,832,700

201408170405(201408170405)
6,400,470
12,260,610
20,457,660
7,122,300
7,832,700

201408170406(201408170406)
6,400,500
12,260,610
20,457,660
7,143,480
7,832,700

201408170409(201408170409)
6,400,500
12,260,610
20,457,660
7,143,480
7,832,700

201408170410(201408170410)
6,409,830
12,260,610
20,457,660
7,143,480
7,853,280

201408170411(201408170411)
6,409,830
12,260,610
20,457,660
7,143,480
7,853,280

201408170414(201408170414)
6,409,830
12,260,610
20,457,660
7,143,480
7,853,280

201408170415(201408170415)
6,409,830
12,260,610
20,457,660
7,143,480
7,853,280

201408170416(201408170416)
6,409,830
12,260,610
20,457,660
7,143,480
7,853,280

201408170419(201408170419)
6,409,830
12,260,610
20,457,660
7,143,480
7,853,280

201408170420(201408170420)
6,409,830
12,260,610
20,457,660
7,143,480
7,858,860

201408170421(201408170421)
6,409,830
12,260,610
20,457,660
7,143,480
7,858,860

201408170424(201408170424)
6,409,830
12,260,610
20,457,660
7,143,480
7,858,860

201408170425(201408170425)
6,409,830
12,260,610
20,457,660
7,143,480
7,858,860

201408170426(201408170426)
6,409,830
12,260,610
20,457,660
7,143,480
7,858,860

201408170429(201408170429)
6,409,830
12,260,610
20,457,660
7,143,480
7,858,860

201408170430(201408170430)
6,409,830
12,260,610
20,457,660
7,143,480
7,858,860

201408170431(201408170431)
6,409,830
12,260,610
20,457,660
7,143,480
7,858,860

201408170434(201408170434)
6,409,830
12,260,610
20,457,660
7,143,480
7,858,860

201408170435(201408170435)
6,409,830
12,260,610
20,457,660
7,143,480
7,858,860

201408170436(201408170436)
6,409,830
12,260,610
20,457,660
7,143,480
7,858,860

201408170439(201408170439)
6,409,830
12,269,850
20,457,660
7,143,480
7,858,860

201408170440(201408170440)
6,409,830
12,269,850
20,457,660
7,144,050
7,858,860

201408170441(201408170441)
6,409,830
12,269,850
20,457,660
7,144,050
7,858,860

201408170444(201408170444)
6,409,830
12,269,850
20,457,660
7,144,050
7,858,860

201408170445(201408170445)
6,409,830
12,274,950
20,457,660
7,161,150
7,858,860

201408170446(201408170446)
6,409,830
12,293,100
20,457,660
7,161,150
7,858,860

201408170449(201408170449)
6,409,830
12,293,100
20,457,660
7,161,150
7,858,860

201408170450(201408170450)
6,409,830
12,293,100
20,457,660
7,161,150
7,858,860

201408170451(201408170451)
6,409,830
12,293,100
20,457,660
7,161,150
7,858,860

201408170454(201408170454)
6,409,830
12,294,750
20,457,660
7,161,150
7,858,860

201408170455(201408170455)
6,409,830
12,303,840
20,457,660
7,161,150
7,858,860

201408170456(201408170456)
6,409,830
12,303,840
20,457,660
7,161,150
7,858,860

201408170459(201408170459)
6,409,830
12,303,840
20,457,660
7,161,150
7,858,860

201408170500(201408170500)
6,409,830
12,303,840
20,457,660
7,161,150
7,858,860

201408170501(201408170501)
6,409,830
12,303,840
20,457,660
7,161,150
7,858,860

201408170504(201408170504)
6,409,830
12,303,840
20,457,660
7,161,150
7,858,860

201408170505(201408170505)
6,409,830
12,303,840
20,457,660
7,161,150
7,858,860

201408170506(201408170506)
6,409,830
12,303,840
20,457,660
7,161,150
7,858,860

201408170509(201408170509)
6,409,830
12,303,840
20,457,660
7,161,150
7,865,670

201408170510(201408170510)
6,409,830
12,303,840
20,457,660
7,161,150
7,877,250

201408170511(201408170511)
6,409,830
12,303,840
20,457,660
7,161,150
7,877,250

201408170514(201408170514)
6,409,830
12,303,840
20,457,660
7,161,150
7,877,250

201408170515(201408170515)
6,409,830
12,303,840
20,457,660
7,161,150
7,877,250

201408170516(201408170516)
6,409,830
12,303,840
20,457,660
7,161,150
7,877,250

201408170519(201408170519)
6,409,830
12,303,840
20,457,660
7,161,150
7,877,250

201408170520(201408170520)
6,409,830
12,303,840
20,457,660
7,161,150
7,877,250

201408170521(201408170521)
6,409,830
12,303,840
20,457,660
7,161,150
7,877,250

201408170524(201408170524)
6,409,830
12,303,840
20,457,660
7,161,150
7,877,250

201408170525(201408170525)
6,409,830
12,303,840
20,457,660
7,161,150
7,877,250

201408170526(201408170526)
6,409,830
12,303,840
20,457,660
7,161,150
7,877,250

201408170529(201408170529)
6,409,830
12,303,840
20,457,660
7,161,150
7,877,250

201408170530(201408170530)
6,409,830
12,303,840
20,457,660
7,161,150
7,882,080

201408170531(201408170531)
6,409,830
12,303,840
20,457,660
7,161,150
7,882,080

201408170534(201408170534)
6,409,830
12,303,840
20,457,660
7,161,150
7,882,080

201408170535(201408170535)
6,409,830
12,303,840
20,457,660
7,161,150
7,882,080

201408170536(201408170536)
6,409,830
12,303,840
20,457,660
7,161,150
7,882,080

201408170539(201408170539)
6,409,830
12,303,840
20,457,660
7,161,150
7,882,080

201408170540(201408170540)
6,409,830
12,307,110
20,457,660
7,165,050
7,884,600

201408170541(201408170541)
6,409,830
12,307,110
20,457,660
7,165,050
7,884,600

201408170544(201408170544)
6,409,830
12,307,110
20,457,660
7,165,050
7,884,600

201408170545(201408170545)
6,409,830
12,332,040
20,457,660
7,165,050
7,884,600

201408170546(201408170546)
6,409,830
12,332,040
20,457,660
7,165,050
7,884,600

201408170549(201408170549)
6,409,830
12,332,040
20,457,660
7,165,050
7,884,600

201408170550(201408170550)
6,409,830
12,332,040
20,457,660
7,165,050
7,884,600

201408170551(201408170551)
6,409,830
12,332,040
20,457,660
7,165,050
7,884,600

201408170554(201408170554)
6,409,830
12,332,040
20,457,660
7,165,050
7,884,600

201408170555(201408170555)
6,409,830
12,332,040
20,457,660
7,165,050
7,900,350

201408170556(201408170556)
6,409,830
12,332,040
20,457,660
7,165,050
7,900,350

201408170559(201408170559)
6,409,830
12,332,040
20,457,660
7,165,050
7,900,350

201408170600(201408170600)
6,409,830
12,332,040
20,457,660
7,165,050
7,900,350

201408170601(201408170601)
6,409,830
12,332,040
20,457,660
7,165,050
7,900,350

201408170604(201408170604)
6,409,830
12,332,040
20,457,660
7,165,050
7,900,350

201408170605(201408170605)
6,409,830
12,332,040
20,457,660
7,165,050
7,915,980

201408170606(201408170606)
6,409,830
12,332,040
20,457,660
7,165,050
7,915,980

201408170609(201408170609)
6,411,810
12,332,040
20,457,660
7,188,450
7,915,980

201408170610(201408170610)
6,411,810
12,332,040
20,457,660
7,193,820
7,915,980

201408170611(201408170611)
6,411,810
12,332,040
20,457,660
7,193,820
7,915,980

201408170614(201408170614)
6,414,660
12,332,040
20,457,660
7,193,820
7,915,980

201408170615(201408170615)
6,414,660
12,332,040
20,457,660
7,203,840
7,918,440

201408170616(201408170616)
6,414,660
12,332,040
20,457,660
7,203,840
7,918,440

201408170619(201408170619)
6,414,660
12,332,040
20,457,660
7,203,840
7,921,830

201408170620(201408170620)
6,414,660
12,332,040
20,457,660
7,203,840
7,921,830

201408170621(201408170621)
6,414,660
12,332,040
20,457,660
7,203,840
7,921,830

201408170624(201408170624)
6,414,660
12,332,040
20,457,660
7,203,840
7,921,830

201408170625(201408170625)
6,414,660
12,332,040
20,457,660
7,203,840
7,921,830

201408170626(201408170626)
6,414,660
12,332,040
20,457,660
7,203,840
7,921,830

201408170629(201408170629)
6,414,660
12,336,240
20,457,660
7,214,370
7,921,830

201408170630(201408170630)
6,414,660
12,336,240
20,457,660
7,214,370
7,921,830

201408170631(201408170631)
6,414,660
12,336,240
20,457,660
7,214,370
7,921,830

201408170634(201408170634)
6,414,660
12,336,240
20,457,660
7,214,370
7,921,830

201408170635(201408170635)
6,414,660
12,336,240
20,457,660
7,214,370
7,921,830

201408170636(201408170636)
6,414,660
12,336,240
20,457,660
7,214,370
7,921,830

201408170639(201408170639)
6,414,660
12,336,240
20,457,660
7,214,370
7,925,220

201408170640(201408170640)
6,414,660
12,336,240
20,457,660
7,214,370
7,925,220

201408170641(201408170641)
6,414,960
12,336,240
20,457,660
7,214,370
7,925,220

201408170644(201408170644)
6,414,960
12,336,240
20,457,660
7,222,140
7,925,220

201408170645(201408170645)
6,415,980
12,336,240
20,457,660
7,230,270
7,925,220

201408170646(201408170646)
6,415,980
12,336,240
20,457,660
7,230,270
7,925,220

201408170649(201408170649)
6,415,980
12,336,240
20,457,660
7,230,270
7,935,180

201408170650(201408170650)
6,415,980
12,336,240
20,457,660
7,230,270
7,935,180

201408170651(201408170651)
6,415,980
12,336,240
20,457,660
7,230,270
7,935,180

201408170654(201408170654)
6,415,980
12,336,240
20,457,660
7,230,270
7,935,180

201408170655(201408170655)
6,415,980
12,336,420
20,457,660
7,234,440
7,935,180

201408170656(201408170656)
6,415,980
12,336,420
20,457,660
7,234,440
7,939,200

201408170659(201408170659)
6,415,980
12,336,420
20,457,660
7,234,440
7,939,980

201408170700(201408170700)
6,415,980
12,349,680
20,457,660
7,234,440
7,939,980

201408170701(201408170701)
6,415,980
12,349,680
20,457,660
7,234,440
7,939,980

201408170704(201408170704)
6,415,980
12,349,680
20,457,660
7,234,440
7,939,980

201408170705(201408170705)
6,427,920
12,349,680
20,457,660
7,234,440
7,939,980

201408170706(201408170706)
6,427,920
12,349,680
20,457,660
7,234,440
7,939,980

201408170709(201408170709)
6,427,920
12,349,680
20,457,660
7,234,440
7,939,980

201408170710(201408170710)
6,430,230
12,349,680
20,457,660
7,241,040
7,939,980

201408170711(201408170711)
6,430,230
12,349,680
20,457,660
7,241,040
7,940,670

201408170714(201408170714)
6,430,230
12,349,680
20,457,660
7,241,040
7,940,670

201408170715(201408170715)
6,430,230
12,349,680
20,457,660
7,241,040
7,940,670

201408170716(201408170716)
6,430,230
12,349,680
20,457,660
7,241,040
7,941,510

201408170719(201408170719)
6,430,230
12,349,680
20,457,660
7,241,040
7,941,510

201408170720(201408170720)
6,430,230
12,349,680
20,457,660
7,241,040
7,941,510

201408170721(201408170721)
6,430,230
12,349,680
20,457,660
7,241,040
7,941,510

201408170724(201408170724)
6,430,230
12,349,680
20,457,660
7,241,040
7,941,510

201408170725(201408170725)
6,430,230
12,349,680
20,457,660
7,241,040
7,946,910

201408170726(201408170726)
6,430,230
12,349,680
20,457,660
7,241,040
7,946,910

201408170729(201408170729)
6,430,230
12,349,680
20,457,660
7,241,040
7,946,910

201408170730(201408170730)
6,433,020
12,349,680
20,457,660
7,241,040
7,946,910

201408170731(201408170731)
6,433,020
12,349,680
20,468,040
7,241,040
7,947,810

201408170734(201408170734)
6,456,030
12,349,680
20,478,330
7,241,040
7,948,560

201408170735(201408170735)
6,456,030
12,349,680
20,478,330
7,270,440
7,954,890

201408170736(201408170736)
6,456,030
12,349,680
20,478,330
7,274,040
7,963,620

201408170739(201408170739)
6,456,030
12,349,680
20,478,330
7,274,040
7,963,620

201408170740(201408170740)
6,456,030
12,349,680
20,478,330
7,284,390
7,971,480

201408170741(201408170741)
6,456,030
12,349,680
20,478,330
7,284,390
7,971,480

201408170744(201408170744)
6,456,030
12,349,680
20,478,330
7,284,390
7,971,480

201408170745(201408170745)
6,456,030
12,349,680
20,478,330
7,284,390
7,971,480

201408170746(201408170746)
6,456,030
12,349,680
20,478,330
7,284,390
7,971,480

201408170749(201408170749)
6,464,040
12,349,680
20,478,330
7,285,800
7,971,480

201408170750(201408170750)
6,464,040
12,349,680
20,478,330
7,285,800
7,971,480

201408170751(201408170751)
6,464,040
12,349,680
20,478,330
7,285,800
7,971,480

201408170754(201408170754)
6,464,040
12,349,680
20,478,330
7,285,800
7,971,480

201408170755(201408170755)
6,464,040
12,349,680
20,478,330
7,285,800
7,988,070

201408170756(201408170756)
6,464,280
12,349,680
20,478,330
7,285,800
7,988,070

201408170759(201408170759)
6,470,850
12,349,680
20,478,330
7,285,800
7,988,070

201408170800(201408170800)
6,471,810
12,349,680
20,478,330
7,298,010
7,988,070

201408170801(201408170801)
6,474,120
12,349,680
20,478,330
7,298,010
7,988,070

201408170804(201408170804)
6,474,120
12,349,680
20,478,330
7,298,010
7,988,070

201408170805(201408170805)
6,474,780
12,349,680
20,478,330
7,298,010
7,988,070

201408170806(201408170806)
6,474,780
12,349,680
20,478,330
7,298,010
7,988,070

201408170809(201408170809)
6,474,780
12,349,680
20,478,330
7,298,010
7,988,070

201408170810(201408170810)
6,474,780
12,379,200
20,478,330
7,298,010
7,988,070

201408170811(201408170811)
6,474,780
12,379,200
20,478,330
7,298,010
7,988,070

201408170814(201408170814)
6,474,780
12,379,200
20,478,330
7,298,010
7,988,070

201408170815(201408170815)
6,475,500
12,379,200
20,478,330
7,308,840
8,001,810

201408170816(201408170816)
6,475,500
12,379,200
20,478,330
7,313,700
8,001,810

201408170819(201408170819)
6,475,500
12,379,200
20,478,330
7,313,700
8,001,810

201408170820(201408170820)
6,475,500
12,379,200
20,478,330
7,313,700
8,001,810

201408170821(201408170821)
6,475,500
12,379,200
20,478,330
7,313,700
8,001,810

201408170824(201408170824)
6,475,500
12,379,200
20,478,330
7,313,700
8,001,810

201408170825(201408170825)
6,475,500
12,392,970
20,478,330
7,313,700
8,001,810

201408170826(201408170826)
6,475,500
12,413,970
20,478,330
7,313,700
8,001,810

201408170829(201408170829)
6,475,500
12,413,970
20,478,330
7,313,700
8,001,810

201408170830(201408170830)
6,475,500
12,417,660
20,478,330
7,313,700
8,010,480

201408170831(201408170831)
6,475,500
12,417,660
20,478,330
7,313,700
8,010,480

201408170834(201408170834)
6,475,500
12,417,660
20,478,330
7,313,940
8,010,480

201408170835(201408170835)
6,475,500
12,417,660
20,478,330
7,313,940
8,010,480

201408170836(201408170836)
6,475,500
12,417,660
20,478,330
7,313,940
8,010,480

201408170839(201408170839)
6,475,680
12,421,110
20,478,330
7,313,940
8,010,480

201408170840(201408170840)
6,491,310
12,423,750
20,478,330
7,313,940
8,010,480

201408170841(201408170841)
6,491,310
12,423,750
20,478,330
7,313,940
8,010,480

201408170844(201408170844)
6,491,310
12,423,750
20,478,330
7,313,940
8,010,480

201408170845(201408170845)
6,496,320
12,423,750
20,478,330
7,313,940
8,015,070

201408170846(201408170846)
6,496,320
12,423,750
20,478,330
7,313,940
8,015,070

201408170849(201408170849)
6,496,320
12,437,190
20,478,330
7,313,940
8,015,070

201408170850(201408170850)
6,496,320
12,437,190
20,478,330
7,320,960
8,015,070

201408170851(201408170851)
6,496,320
12,437,190
20,478,330
7,320,960
8,015,070

201408170854(201408170854)
6,496,320
12,437,190
20,478,330
7,320,960
8,015,070

201408170855(201408170855)
6,510,570
12,437,190
20,478,330
7,320,960
8,018,070

201408170856(201408170856)
6,510,570
12,437,190
20,478,330
7,320,960
8,019,450

201408170859(201408170859)
6,510,570
12,437,190
20,478,330
7,320,960
8,019,450

201408170900(201408170900)
6,510,570
12,446,100
20,478,330
7,320,960
8,019,450

201408170901(201408170901)
6,517,620
12,446,100
20,478,330
7,320,960
8,019,450

201408170904(201408170904)
6,517,620
12,446,100
20,478,330
7,320,960
8,021,670

201408170905(201408170905)
6,517,620
12,446,100
20,478,330
7,320,960
8,021,910

201408170906(201408170906)
6,517,620
12,446,100
20,482,950
7,321,620
8,021,910

201408170909(201408170909)
6,517,620
12,446,100
20,482,950
7,321,620
8,021,910

201408170910(201408170910)
6,517,620
12,446,100
20,482,950
7,321,620
8,021,910

201408170911(201408170911)
6,517,620
12,446,100
20,482,950
7,321,620
8,021,910

201408170914(201408170914)
6,517,620
12,446,100
20,482,950
7,328,580
8,021,910

201408170915(201408170915)
6,517,620
12,446,520
20,482,950
7,328,580
8,021,910

201408170916(201408170916)
6,517,620
12,446,520
20,482,950
7,328,580
8,021,910

201408170919(201408170919)
6,517,620
12,446,520
20,482,950
7,328,580
8,021,910

201408170920(201408170920)
6,517,620
12,446,520
20,482,950
7,328,580
8,043,210

201408170921(201408170921)
6,517,620
12,452,100
20,482,950
7,345,560
8,043,210

201408170924(201408170924)
6,517,620
12,459,000
20,482,950
7,345,560
8,043,210

201408170925(201408170925)
6,517,620
12,459,000
20,482,950
7,345,560
8,084,610

201408170926(201408170926)
6,517,620
12,466,680
20,482,950
7,345,560
8,084,610

201408170929(201408170929)
6,517,620
12,468,930
20,482,950
7,348,830
8,084,610

201408170930(201408170930)
6,517,620
12,468,930
20,482,950
7,348,830
8,084,610

201408170931(201408170931)
6,517,620
12,471,060
20,482,950
7,348,830
8,084,610

201408170934(201408170934)
6,517,620
12,473,790
20,482,950
7,348,830
8,084,610

201408170935(201408170935)
6,517,620
12,473,790
20,482,950
7,348,830
8,084,610

201408170936(201408170936)
6,517,620
12,473,790
20,482,950
7,348,830
8,084,610

201408170939(201408170939)
6,517,620
12,473,790
20,482,950
7,360,890
8,084,610

201408170940(201408170940)
6,524,220
12,477,060
20,482,950
7,360,890
8,084,610

201408170941(201408170941)
6,524,220
12,477,060
20,482,950
7,361,670
8,084,610

201408170944(201408170944)
6,524,220
12,477,060
20,482,950
7,361,670
8,084,610

201408170945(201408170945)
6,524,220
12,477,060
20,482,950
7,361,670
8,084,610

201408170946(201408170946)
6,524,220
12,477,060
20,482,950
7,361,670
8,084,610

201408170949(201408170949)
6,524,220
12,477,060
20,482,950
7,361,670
8,084,610

201408170950(201408170950)
6,524,220
12,480,150
20,482,950
7,366,140
8,084,610

201408170951(201408170951)
6,524,220
12,482,250
20,482,950
7,366,140
8,088,750

201408170954(201408170954)
6,524,220
12,482,250
20,482,950
7,366,140
8,088,750

201408170955(201408170955)
6,524,220
12,491,340
20,482,950
7,366,140
8,088,750

201408170956(201408170956)
6,524,220
12,491,340
20,482,950
7,366,140
8,088,750

201408170959(201408170959)
6,524,220
12,491,340
20,482,950
7,366,140
8,088,750

201408171000(201408171000)
6,524,220
12,491,340
20,482,950
7,366,140
8,091,330

201408171001(201408171001)
6,524,220
12,491,340
20,482,950
7,366,140
8,091,330

201408171004(201408171004)
6,525,840
12,491,340
20,482,950
7,366,140
8,091,330

201408171005(201408171005)
6,544,860
12,491,610
20,482,950
7,366,140
8,096,070

201408171006(201408171006)
6,544,860
12,491,610
20,482,950
7,366,140
8,096,070

201408171009(201408171009)
6,544,860
12,500,610
20,482,950
7,366,140
8,096,070

201408171010(201408171010)
6,544,860
12,500,610
20,482,950
7,366,140
8,096,070

201408171011(201408171011)
6,544,860
12,500,610
20,482,950
7,366,140
8,096,070

201408171014(201408171014)
6,544,860
12,500,610
20,482,950
7,366,140
8,096,070

201408171015(201408171015)
6,544,860
12,500,610
20,482,950
7,366,140
8,096,070

201408171016(201408171016)
6,544,860
12,500,610
20,482,950
7,366,140
8,096,070

201408171019(201408171019)
6,544,860
12,500,610
20,482,950
7,366,140
8,096,070

201408171020(201408171020)
6,544,860
12,500,610
20,482,950
7,366,140
8,096,070

201408171021(201408171021)
6,544,860
12,500,610
20,482,950
7,366,140
8,096,070

201408171024(201408171024)
6,544,860
12,500,610
20,482,950
7,366,140
8,096,070

201408171025(201408171025)
6,548,220
12,500,610
20,482,950
7,366,140
8,096,070

201408171026(201408171026)
6,548,220
12,500,610
20,482,950
7,366,140
8,096,070

201408171029(201408171029)
6,548,220
12,500,610
20,482,950
7,366,140
8,096,070

201408171030(201408171030)
6,548,220
12,501,480
20,482,950
7,366,140
8,096,070

201408171031(201408171031)
6,548,220
12,501,480
20,482,950
7,366,140
8,096,070

201408171034(201408171034)
6,548,220
12,501,480
20,482,950
7,366,140
8,096,070

201408171035(201408171035)
6,548,220
12,501,480
20,482,950
7,370,040
8,096,070

201408171036(201408171036)
6,548,220
12,501,480
20,482,950
7,370,040
8,096,070

201408171039(201408171039)
6,548,220
12,501,480
20,482,950
7,370,040
8,096,070

201408171040(201408171040)
6,548,220
12,501,480
20,482,950
7,370,040
8,096,070

201408171041(201408171041)
6,548,220
12,501,480
20,482,950
7,370,040
8,096,070

201408171044(201408171044)
6,548,220
12,501,480
20,482,950
7,370,040
8,096,070

201408171045(201408171045)
6,552,150
12,501,480
20,482,950
7,370,040
8,096,070

201408171046(201408171046)
6,552,150
12,501,480
20,482,950
7,370,040
8,096,070

201408171049(201408171049)
6,552,150
12,501,480
20,482,950
7,370,040
8,096,070

201408171050(201408171050)
6,552,150
12,501,510
20,482,950
7,372,800
8,096,070

201408171051(201408171051)
6,552,150
12,501,510
20,482,950
7,372,800
8,096,070

201408171054(201408171054)
6,552,150
12,501,510
20,482,950
7,372,800
8,096,070

201408171055(201408171055)
6,556,560
12,501,510
20,482,950
7,372,800
8,096,070

201408171056(201408171056)
6,556,560
12,501,510
20,482,950
7,372,800
8,096,070

201408171059(201408171059)
6,556,560
12,501,510
20,482,950
7,372,800
8,096,070

201408171100(201408171100)
6,556,560
12,501,510
20,482,950
7,372,800
8,096,070

201408171101(201408171101)
6,556,560
12,501,510
20,482,950
7,372,800
8,096,070

201408171104(201408171104)
6,556,560
12,501,510
20,482,950
7,372,800
8,096,070

201408171105(201408171105)
6,556,560
12,501,510
20,482,950
7,372,800
8,096,070

201408171106(201408171106)
6,556,560
12,501,510
20,482,950
7,372,800
8,096,070

201408171109(201408171109)
6,556,560
12,501,510
20,482,950
7,372,800
8,096,070

201408171110(201408171110)
6,556,560
12,501,510
20,482,950
7,372,800
8,096,070

201408171111(201408171111)
6,556,560
12,501,510
20,482,950
7,372,800
8,096,070

201408171114(201408171114)
6,556,560
12,501,510
20,482,950
7,372,800
8,096,070

201408171115(201408171115)
6,556,560
12,501,510
20,482,950
7,390,560
8,096,070

201408171116(201408171116)
6,556,560
12,501,510
20,482,950
7,390,560
8,096,070

201408171119(201408171119)
6,580,530
12,501,510
20,482,950
7,390,560
8,096,070

201408171120(201408171120)
6,580,530
12,501,510
20,482,950
7,390,560
8,106,810

201408171121(201408171121)
6,580,530
12,501,510
20,482,950
7,390,560
8,106,810

201408171124(201408171124)
6,580,530
12,501,510
20,482,950
7,390,560
8,106,810

201408171125(201408171125)
6,580,530
12,501,510
20,482,950
7,390,560
8,133,840

201408171126(201408171126)
6,581,880
12,501,510
20,482,950
7,390,560
8,133,840

201408171129(201408171129)
6,581,880
12,501,510
20,482,950
7,390,560
8,138,820

201408171130(201408171130)
6,581,880
12,501,510
20,482,950
7,390,560
8,138,820

201408171131(201408171131)
6,581,880
12,501,510
20,482,950
7,390,560
8,138,820

201408171134(201408171134)
6,581,880
12,501,510
20,482,950
7,390,560
8,138,820

201408171135(201408171135)
6,581,880
12,501,510
20,482,950
7,390,560
8,150,400

201408171136(201408171136)
6,581,880
12,505,290
20,482,950
7,390,560
8,150,400

201408171139(201408171139)
6,581,880
12,510,030
20,482,950
7,390,560
8,150,400

201408171140(201408171140)
6,581,880
12,510,030
20,482,950
7,390,560
8,158,410

201408171141(201408171141)
6,581,880
12,510,030
20,482,950
7,390,560
8,167,050

201408171144(201408171144)
6,581,880
12,510,030
20,482,950
7,390,560
8,167,050

201408171145(201408171145)
6,581,880
12,510,030
20,482,950
7,390,560
8,169,840

201408171146(201408171146)
6,581,880
12,510,030
20,482,950
7,390,560
8,169,840

201408171149(201408171149)
6,581,880
12,510,030
20,482,950
7,390,560
8,169,840

201408171150(201408171150)
6,582,090
12,510,030
20,482,950
7,397,190
8,192,190

201408171151(201408171151)
6,582,090
12,510,030
20,482,950
7,397,190
8,192,190

201408171154(201408171154)
6,582,090
12,510,030
20,482,950
7,397,190
8,192,190

201408171155(201408171155)
6,582,090
12,515,670
20,482,950
7,397,190
8,192,190

201408171156(201408171156)
6,582,090
12,515,670
20,482,950
7,397,190
8,192,190

201408171159(201408171159)
6,587,190
12,515,670
20,482,950
7,397,190
8,192,190

201408171200(201408171200)
6,587,190
12,515,670
20,482,950
7,398,360
8,192,190

201408171201(201408171201)
6,588,810
12,515,670
20,482,950
7,398,360
8,192,190

201408171204(201408171204)
6,591,960
12,515,670
20,482,950
7,398,360
8,192,190

201408171205(201408171205)
6,591,960
12,515,670
20,482,950
7,400,910
8,192,190

201408171206(201408171206)
6,591,960
12,515,670
20,482,950
7,400,910
8,192,190

201408171209(201408171209)
6,591,960
12,515,670
20,482,950
7,400,910
8,192,190

201408171210(201408171210)
6,591,960
12,515,670
20,482,950
7,400,910
8,192,190

201408171211(201408171211)
6,591,960
12,515,670
20,482,950
7,400,910
8,192,190

201408171214(201408171214)
6,591,960
12,515,670
20,482,950
7,409,610
8,192,190

201408171215(201408171215)
6,592,170
12,515,670
20,482,950
7,409,610
8,208,660

201408171216(201408171216)
6,592,170
12,515,670
20,482,950
7,414,470
8,208,660

201408171219(201408171219)
6,592,170
12,515,670
20,482,950
7,414,470
8,208,660

201408171220(201408171220)
6,592,170
12,515,670
20,482,950
7,414,470
8,208,660

201408171221(201408171221)
6,596,610
12,515,670
20,540,550
7,414,470
8,208,660

201408171224(201408171224)
6,627,930
12,515,670
20,540,550
7,419,420
8,208,660

201408171225(201408171225)
6,627,930
12,515,670
20,540,550
7,430,640
8,208,780

201408171226(201408171226)
6,627,930
12,515,670
20,540,550
7,430,640
8,208,780

201408171229(201408171229)
6,627,930
12,515,670
20,540,550
7,430,640
8,208,780

201408171230(201408171230)
6,627,930
12,515,670
20,540,550
7,430,640
8,208,780

201408171231(201408171231)
6,627,930
12,515,670
20,540,550
7,430,640
8,208,780

201408171234(201408171234)
6,627,930
12,515,670
20,540,550
7,430,640
8,208,780

201408171235(201408171235)
6,627,930
12,521,550
20,540,550
7,431,600
8,208,780

201408171236(201408171236)
6,639,900
12,521,550
20,540,550
7,431,600
8,208,780

201408171239(201408171239)
6,639,900
12,521,550
20,540,550
7,431,600
8,208,780

201408171240(201408171240)
6,639,900
12,521,550
20,540,550
7,431,600
8,208,780

201408171241(201408171241)
6,639,900
12,521,550
20,540,550
7,431,600
8,208,780

201408171244(201408171244)
6,639,900
12,521,550
20,540,550
7,431,600
8,208,780

201408171245(201408171245)
6,648,150
12,521,550
20,540,550
7,431,600
8,208,780

201408171246(201408171246)
6,648,150
12,521,550
20,540,550
7,431,600
8,208,780

201408171249(201408171249)
6,652,050
12,521,550
20,540,550
7,431,600
8,210,820

201408171250(201408171250)
6,652,050
12,521,550
20,540,550
7,431,600
8,225,790

201408171251(201408171251)
6,652,050
12,523,650
20,540,550
7,431,600
8,225,790

201408171254(201408171254)
6,652,050
12,523,650
20,540,550
7,431,600
8,225,790

201408171255(201408171255)
6,653,340
12,523,650
20,540,550
7,431,600
8,225,790

201408171256(201408171256)
6,653,340
12,523,650
20,540,550
7,433,610
8,225,790

201408171259(201408171259)
6,653,340
12,523,650
20,540,550
7,433,610
8,225,790

201408171300(201408171300)
6,653,340
12,523,650
20,540,550
7,433,610
8,225,790

201408171301(201408171301)
6,653,340
12,523,650
20,540,550
7,438,980
8,225,790

201408171304(201408171304)
6,658,260
12,523,650
20,540,550
7,459,260
8,225,790

201408171305(201408171305)
6,658,260
12,523,650
20,540,550
7,459,260
8,244,930

201408171306(201408171306)
6,658,260
12,523,650
20,540,550
7,459,260
8,244,930

201408171309(201408171309)
6,677,610
12,523,650
20,540,550
7,459,260
8,244,930

201408171310(201408171310)
6,677,610
12,523,650
20,540,550
7,459,260
8,244,930

201408171311(201408171311)
6,677,610
12,550,920
20,540,550
7,459,260
8,244,930

201408171314(201408171314)
6,677,610
12,550,920
20,540,550
7,459,260
8,244,930

201408171315(201408171315)
6,677,940
12,550,920
20,540,550
7,459,260
8,257,110

201408171316(201408171316)
6,677,940
12,550,920
20,540,550
7,459,260
8,257,110

201408171319(201408171319)
6,677,940
12,550,920
20,540,550
7,459,260
8,257,110

201408171320(201408171320)
6,677,940
12,550,920
20,540,550
7,459,260
8,257,110

201408171321(201408171321)
6,677,940
12,550,920
20,540,550
7,470,120
8,257,110

201408171324(201408171324)
6,677,940
12,550,920
20,540,550
7,470,120
8,257,110

201408171325(201408171325)
6,681,570
12,550,920
20,540,550
7,470,120
8,257,110

201408171326(201408171326)
6,681,570
12,550,920
20,540,550
7,470,120
8,257,110

201408171329(201408171329)
6,681,570
12,557,160
20,540,550
7,470,120
8,260,110

201408171330(201408171330)
6,681,570
12,557,160
20,540,550
7,470,120
8,270,160

201408171331(201408171331)
6,681,570
12,557,160
20,540,550
7,470,120
8,270,160

201408171334(201408171334)
6,681,570
12,557,160
20,540,550
7,470,120
8,270,160

201408171335(201408171335)
6,681,570
12,557,160
20,540,550
7,470,120
8,270,160

201408171336(201408171336)
6,691,200
12,557,160
20,540,550
7,470,120
8,270,160

201408171339(201408171339)
6,691,200
12,557,160
20,540,550
7,472,880
8,270,160

201408171340(201408171340)
6,694,560
12,557,160
20,540,550
7,472,880
8,270,160

201408171341(201408171341)
6,694,560
12,557,160
20,540,550
7,472,880
8,270,160

201408171344(201408171344)
6,694,560
12,557,160
20,540,550
7,476,840
8,270,160

201408171345(201408171345)
6,709,740
12,557,160
20,540,550
7,476,840
8,279,280

201408171346(201408171346)
6,709,740
12,557,160
20,540,550
7,476,840
8,299,560

201408171349(201408171349)
6,709,740
12,557,160
20,540,550
7,476,840
8,299,560

201408171350(201408171350)
6,709,740
12,557,160
20,540,550
7,476,840
8,299,560

201408171351(201408171351)
6,709,740
12,557,160
20,540,550
7,476,840
8,299,560

201408171354(201408171354)
6,709,740
12,557,160
20,540,550
7,489,470
8,299,560

201408171355(201408171355)
6,712,620
12,584,220
20,540,550
7,489,800
8,299,560

201408171356(201408171356)
6,712,620
12,584,220
20,540,550
7,489,800
8,310,990

201408171359(201408171359)
6,712,620
12,591,810
20,540,550
7,489,800
8,310,990

201408171400(201408171400)
6,712,620
12,606,810
20,540,550
7,489,800
8,310,990

201408171401(201408171401)
6,712,620
12,606,810
20,540,550
7,489,800
8,310,990

201408171404(201408171404)
6,712,620
12,606,810
20,540,550
7,501,290
8,310,990

201408171405(201408171405)
6,712,620
12,606,810
20,540,550
7,502,250
8,310,990

201408171406(201408171406)
6,712,620
12,606,810
20,540,550
7,502,250
8,310,990

201408171409(201408171409)
6,712,620
12,606,810
20,540,550
7,502,250
8,310,990

201408171410(201408171410)
6,712,620
12,606,810
20,540,550
7,502,250
8,310,990

201408171411(201408171411)
6,712,620
12,606,810
20,540,550
7,502,250
8,310,990

201408171414(201408171414)
6,712,620
12,606,810
20,540,550
7,502,250
8,310,990

201408171415(201408171415)
6,712,620
12,619,260
20,540,550
7,502,250
8,310,990

201408171416(201408171416)
6,712,620
12,619,260
20,540,550
7,502,250
8,310,990

201408171419(201408171419)
6,712,620
12,619,260
20,540,550
7,502,250
8,310,990

201408171420(201408171420)
6,712,620
12,624,960
20,540,550
7,502,250
8,310,990

201408171421(201408171421)
6,712,620
12,624,960
20,540,550
7,502,250
8,310,990

201408171424(201408171424)
6,712,620
12,624,960
20,540,550
7,520,610
8,310,990

201408171425(201408171425)
6,712,620
12,624,960
20,540,550
7,520,610
8,315,490

201408171426(201408171426)
6,712,620
12,624,960
20,540,550
7,520,610
8,315,490

201408171429(201408171429)
6,712,620
12,630,210
20,540,550
7,520,610
8,315,490

201408171430(201408171430)
6,712,620
12,634,440
20,540,550
7,520,610
8,315,490

201408171431(201408171431)
6,712,620
12,634,440
20,540,550
7,520,610
8,315,490

201408171434(201408171434)
6,712,620
12,634,440
20,540,550
7,520,610
8,315,490

201408171435(201408171435)
6,712,620
12,634,440
20,540,550
7,520,610
8,315,490

201408171436(201408171436)
6,712,620
12,634,440
20,540,550
7,520,610
8,315,490

201408171439(201408171439)
6,712,620
12,634,440
20,540,550
7,520,610
8,315,490

201408171440(201408171440)
6,712,620
12,634,440
20,540,550
7,520,610
8,315,490

201408171441(201408171441)
6,712,620
12,634,440
20,540,550
7,520,610
8,315,490

201408171444(201408171444)
6,712,620
12,634,440
20,540,550
7,520,610
8,315,490

201408171445(201408171445)
6,718,500
12,634,440
20,540,550
7,520,610
8,315,490

201408171446(201408171446)
6,718,500
12,634,440
20,540,550
7,520,610
8,315,490

201408171449(201408171449)
6,718,500
12,634,440
20,540,550
7,520,610
8,315,490

201408171450(201408171450)
6,718,500
12,634,440
20,540,550
7,545,480
8,315,490

201408171451(201408171451)
6,718,500
12,634,440
20,540,550
7,545,480
8,315,490

201408171454(201408171454)
6,718,500
12,634,440
20,540,550
7,545,480
8,315,490

201408171455(201408171455)
6,734,880
12,640,260
20,540,550
7,550,190
8,315,490

201408171456(201408171456)
6,734,880
12,640,260
20,540,550
7,550,190
8,315,490

201408171459(201408171459)
6,734,880
12,640,260
20,540,550
7,550,190
8,315,490

201408171500(201408171500)
6,734,880
12,655,890
20,540,550
7,550,190
8,315,490

201408171501(201408171501)
6,734,880
12,655,890
20,540,550
7,550,190
8,323,890

201408171504(201408171504)
6,734,880
12,674,580
20,540,550
7,571,880
8,323,890

201408171505(201408171505)
6,734,880
12,674,580
20,540,550
7,571,880
8,323,890

201408171506(201408171506)
6,734,880
12,674,580
20,540,550
7,571,880
8,323,890

201408171509(201408171509)
6,737,010
12,674,580
20,540,550
7,571,880
8,332,440

201408171510(201408171510)
6,737,010
12,676,110
20,540,550
7,571,880
8,332,440

201408171511(201408171511)
6,737,010
12,676,110
20,540,550
7,571,880
8,332,440

201408171514(201408171514)
6,737,010
12,676,110
20,540,550
7,578,690
8,332,440

201408171515(201408171515)
6,737,010
12,676,110
20,540,550
7,584,750
8,335,050

201408171516(201408171516)
6,737,010
12,676,110
20,540,550
7,584,750
8,338,680

201408171519(201408171519)
6,748,290
12,676,110
20,540,550
7,584,750
8,338,680

201408171520(201408171520)
6,748,290
12,676,110
20,540,550
7,584,750
8,338,680

201408171521(201408171521)
6,748,290
12,676,110
20,540,550
7,584,750
8,338,680

201408171524(201408171524)
6,748,290
12,676,110
20,540,550
7,584,750
8,338,680

201408171525(201408171525)
6,748,290
12,676,110
20,540,550
7,584,750
8,338,680

201408171526(201408171526)
6,748,290
12,676,110
20,540,550
7,586,460
8,338,680

201408171529(201408171529)
6,748,290
12,676,110
20,540,550
7,586,460
8,338,680

201408171530(201408171530)
6,748,290
12,676,110
20,540,550
7,586,460
8,338,680

201408171531(201408171531)
6,748,290
12,676,110
20,540,550
7,586,460
8,338,680

201408171534(201408171534)
6,748,290
12,676,110
20,540,550
7,586,460
8,338,680

201408171535(201408171535)
6,748,290
12,676,110
20,540,550
7,589,130
8,338,680

201408171536(201408171536)
6,748,290
12,676,110
20,540,550
7,589,130
8,338,680

201408171539(201408171539)
6,748,290
12,676,110
20,540,550
7,589,130
8,338,680

201408171540(201408171540)
6,748,290
12,676,110
20,540,550
7,589,130
8,341,320

201408171541(201408171541)
6,748,290
12,676,110
20,540,550
7,591,380
8,372,010

201408171544(201408171544)
6,748,290
12,676,110
20,540,550
7,597,410
8,372,010

201408171545(201408171545)
6,748,290
12,676,110
20,540,550
7,597,410
8,372,010

201408171546(201408171546)
6,748,290
12,676,110
20,540,550
7,597,410
8,372,010

201408171549(201408171549)
6,748,290
12,676,110
20,540,550
7,597,410
8,372,010

201408171550(201408171550)
6,748,290
12,676,110
20,540,550
7,597,410
8,372,010

201408171551(201408171551)
6,748,290
12,676,110
20,540,550
7,597,410
8,372,010

201408171554(201408171554)
6,748,290
12,676,110
20,540,550
7,597,410
8,372,010

201408171555(201408171555)
6,748,290
12,676,110
20,540,550
7,597,410
8,372,970

201408171556(201408171556)
6,748,290
12,676,110
20,540,550
7,597,410
8,372,970

201408171559(201408171559)
6,748,290
12,676,110
20,540,550
7,597,410
8,372,970

201408171600(201408171600)
6,748,290
12,676,110
20,540,550
7,597,410
8,372,970

201408171601(201408171601)
6,748,290
12,676,110
20,540,550
7,597,410
8,372,970

201408171604(201408171604)
6,748,290
12,676,110
20,540,550
7,597,410
8,372,970

201408171605(201408171605)
6,757,770
12,676,110
20,540,550
7,597,410
8,372,970

201408171606(201408171606)
6,757,770
12,676,110
20,540,550
7,597,410
8,372,970

201408171609(201408171609)
6,757,770
12,683,430
20,540,550
7,597,410
8,372,970

201408171610(201408171610)
6,757,770
12,683,430
20,540,550
7,597,410
8,372,970

201408171611(201408171611)
6,757,770
12,683,430
20,540,550
7,597,410
8,372,970

201408171614(201408171614)
6,757,770
12,683,430
20,540,550
7,597,410
8,376,270

201408171615(201408171615)
6,757,770
12,683,430
20,540,550
7,597,410
8,385,810

201408171616(201408171616)
6,757,770
12,683,430
20,540,550
7,597,410
8,385,810

201408171619(201408171619)
6,757,770
12,683,430
20,540,550
7,597,410
8,385,810

201408171620(201408171620)
6,757,770
12,683,430
20,540,550
7,597,410
8,399,070

201408171621(201408171621)
6,757,770
12,683,430
20,540,550
7,597,410
8,399,070

201408171624(201408171624)
6,757,770
12,683,430
20,540,550
7,597,410
8,399,070

201408171625(201408171625)
6,757,770
12,683,430
20,540,550
7,597,410
8,399,070

201408171626(201408171626)
6,757,770
12,683,430
20,540,550
7,597,410
8,399,070

201408171629(201408171629)
6,757,770
12,683,430
20,540,550
7,597,410
8,399,070

201408171630(201408171630)
6,757,770
12,683,430
20,540,550
7,597,410
8,399,070

201408171631(201408171631)
6,757,770
12,684,120
20,540,550
7,597,410
8,406,330

201408171634(201408171634)
6,757,770
12,684,120
20,540,550
7,597,410
8,406,330

201408171635(201408171635)
6,757,770
12,684,120
20,540,550
7,612,260
8,409,270

201408171636(201408171636)
6,757,770
12,684,120
20,540,550
7,612,260
8,409,270

201408171639(201408171639)
6,757,770
12,684,120
20,540,550
7,612,260
8,409,270

201408171640(201408171640)
6,757,770
12,684,120
20,540,550
7,612,260
8,409,270

201408171641(201408171641)
6,757,770
12,684,120
20,540,550
7,612,260
8,409,270

201408171644(201408171644)
6,757,770
12,684,120
20,540,550
7,612,260
8,409,270

201408171645(201408171645)
6,757,770
12,684,120
20,589,810
7,612,260
8,409,270

201408171646(201408171646)
6,757,770
12,684,120
20,607,210
7,612,260
8,432,970

201408171649(201408171649)
6,757,770
12,684,120
20,670,720
7,612,260
8,435,790

201408171650(201408171650)
6,757,770
12,687,150
20,670,720
7,612,260
8,435,790

201408171651(201408171651)
6,757,770
12,687,150
20,670,720
7,612,260
8,435,790

201408171654(201408171654)
6,769,740
12,687,150
20,670,720
7,612,260
8,435,790

201408171655(201408171655)
6,769,740
12,687,150
20,670,720
7,633,860
8,435,790

201408171656(201408171656)
6,769,740
12,687,150
20,670,720
7,633,860
8,436,090

201408171659(201408171659)
6,769,740
12,687,150
20,670,720
7,633,860
8,466,990

201408171700(201408171700)
6,769,740
12,687,150
20,670,720
7,633,860
8,467,530

201408171701(201408171701)
6,769,740
12,687,150
20,670,720
7,633,860
8,467,530

201408171704(201408171704)
6,769,740
12,687,150
20,670,720
7,633,860
8,467,530

201408171705(201408171705)
6,769,740
12,687,150
20,670,720
7,633,860
8,467,530

201408171706(201408171706)
6,769,740
12,687,150
20,670,720
7,633,860
8,467,530

201408171709(201408171709)
6,769,740
12,687,150
20,670,720
7,633,860
8,467,530

