201408171710(201408171710)
6,769,740
12,687,150
20,670,720
7,633,860
8,467,530

201408171711(201408171711)
6,769,740
12,687,150
20,670,720
7,638,840
8,467,530

201408171714(201408171714)
6,769,740
12,687,150
20,670,720
7,638,840
8,467,530

201408171715(201408171715)
6,769,740
12,687,150
20,670,720
7,638,840
8,492,760

201408171716(201408171716)
6,769,740
12,687,150
20,670,720
7,638,840
8,492,760

201408171719(201408171719)
6,769,740
12,687,150
20,670,720
7,638,840
8,492,760

201408171720(201408171720)
6,769,740
12,687,150
20,670,720
7,666,050
8,492,760

201408171721(201408171721)
6,769,740
12,687,150
20,670,720
7,666,050
8,492,760

201408171724(201408171724)
6,769,740
12,687,150
20,670,720
7,666,050
8,492,760

201408171725(201408171725)
6,769,740
12,687,150
20,670,720
7,668,150
8,492,760

201408171726(201408171726)
6,769,740
12,687,150
20,670,720
7,668,150
8,492,760

201408171729(201408171729)
6,769,740
12,689,910
20,670,720
7,668,150
8,492,760

201408171730(201408171730)
6,769,740
12,689,910
20,670,720
7,668,150
8,494,020

201408171731(201408171731)
6,769,740
12,689,910
20,670,720
7,668,150
8,494,020

201408171734(201408171734)
6,769,740
12,689,910
20,670,720
7,668,150
8,494,020

201408171735(201408171735)
6,769,740
12,689,910
20,670,720
7,672,830
8,510,850

201408171736(201408171736)
6,769,740
12,702,840
20,670,720
7,672,830
8,510,850

201408171739(201408171739)
6,769,740
12,702,840
20,670,720
7,672,830
8,510,850

201408171740(201408171740)
6,769,740
12,702,840
20,670,720
7,672,830
8,510,850

201408171741(201408171741)
6,769,740
12,702,840
20,670,720
7,672,830
8,510,850

201408171744(201408171744)
6,769,740
12,702,840
20,670,720
7,672,830
8,511,180

201408171745(201408171745)
6,769,740
12,702,840
20,670,720
7,672,830
8,511,180

201408171746(201408171746)
6,769,740
12,702,840
20,670,720
7,673,910
8,511,180

201408171749(201408171749)
6,769,740
12,702,840
20,670,720
7,686,360
8,511,180

201408171750(201408171750)
6,769,740
12,702,840
20,670,720
7,686,360
8,511,180

201408171751(201408171751)
6,769,740
12,702,840
20,670,720
7,686,360
8,511,180

201408171754(201408171754)
6,769,740
12,702,840
20,670,720
7,686,360
8,511,180

201408171755(201408171755)
6,779,100
12,702,840
20,670,720
7,686,360
8,511,180

201408171756(201408171756)
6,779,100
12,703,440
20,670,720
7,686,360
8,514,420

201408171759(201408171759)
6,779,100
12,710,040
20,670,720
7,690,350
8,514,420

201408171800(201408171800)
6,795,510
12,710,040
20,670,720
7,690,350
8,514,420

201408171801(201408171801)
6,795,510
12,710,040
20,670,720
7,690,350
8,514,420

201408171804(201408171804)
6,795,510
12,710,040
20,670,720
7,690,350
8,519,220

201408171805(201408171805)
6,795,510
12,710,040
20,670,720
7,700,040
8,519,220

201408171806(201408171806)
6,795,510
12,710,040
20,670,720
7,700,040
8,519,220

201408171809(201408171809)
6,795,510
12,710,040
20,670,720
7,703,100
8,519,220

201408171810(201408171810)
6,795,510
12,710,040
20,670,720
7,703,100
8,527,050

201408171811(201408171811)
6,795,510
12,710,040
20,670,720
7,703,100
8,527,050

201408171814(201408171814)
6,795,510
12,710,040
20,670,720
7,703,100
8,527,050

201408171815(201408171815)
6,799,290
12,720,450
20,670,720
7,703,100
8,527,050

201408171816(201408171816)
6,802,140
12,720,450
20,670,720
7,703,100
8,527,050

201408171819(201408171819)
6,802,620
12,720,450
20,670,720
7,703,100
8,529,030

201408171820(201408171820)
6,822,270
12,720,450
20,670,720
7,703,100
8,529,030

201408171821(201408171821)
6,822,270
12,720,450
20,670,720
7,703,100
8,529,030

201408171824(201408171824)
6,822,270
12,720,450
20,670,720
7,703,100
8,529,030

201408171825(201408171825)
6,822,270
12,720,450
20,670,720
7,703,100
8,537,490

201408171826(201408171826)
6,822,270
12,731,190
20,670,720
7,703,100
8,537,490

201408171829(201408171829)
6,822,270
12,736,770
20,670,720
7,703,100
8,537,490

201408171830(201408171830)
6,824,430
12,736,770
20,670,720
7,714,140
8,537,490

201408171831(201408171831)
6,824,430
12,736,770
20,670,720
7,714,140
8,537,490

201408171834(201408171834)
6,824,430
12,736,770
20,670,720
7,714,140
8,537,490

201408171835(201408171835)
6,824,430
12,736,770
20,670,720
7,714,140
8,541,480

201408171836(201408171836)
6,824,430
12,736,770
20,670,720
7,744,230
8,541,480

201408171839(201408171839)
6,824,430
12,736,770
20,670,720
7,744,230
8,541,480

201408171840(201408171840)
6,824,430
12,736,770
20,670,720
7,744,230
8,541,480

201408171841(201408171841)
6,824,430
12,736,770
20,670,720
7,744,230
8,541,480

201408171844(201408171844)
6,824,430
12,736,770
20,670,720
7,744,230
8,541,480

201408171845(201408171845)
6,824,430
12,736,770
20,670,720
7,744,230
8,541,480

201408171846(201408171846)
6,824,430
12,736,770
20,670,720
7,744,230
8,541,480

201408171849(201408171849)
6,824,430
12,736,770
20,671,170
7,744,230
8,567,130

201408171850(201408171850)
6,824,430
12,736,770
20,673,120
7,744,230
8,567,130

201408171851(201408171851)
6,824,430
12,736,770
20,673,120
7,744,230
8,567,130

201408171854(201408171854)
6,824,430
12,736,770
20,673,120
7,744,230
8,567,130

201408171855(201408171855)
6,824,430
12,756,090
20,673,120
7,744,230
8,567,130

201408171856(201408171856)
6,824,430
12,756,090
20,673,120
7,744,230
8,567,130

201408171859(201408171859)
6,824,430
12,756,090
20,673,120
7,745,640
8,567,130

201408171900(201408171900)
6,824,430
12,756,090
20,673,120
7,745,640
8,567,130

201408171901(201408171901)
6,825,150
12,756,090
20,673,120
7,745,640
8,567,130

201408171904(201408171904)
6,825,150
12,756,090
20,673,120
7,745,640
8,567,130

201408171905(201408171905)
6,825,150
12,756,090
20,673,120
7,745,640
8,567,130

201408171906(201408171906)
6,825,150
12,756,090
20,673,120
7,745,640
8,567,130

201408171909(201408171909)
6,846,870
12,756,090
20,673,120
7,745,640
8,567,130

201408171910(201408171910)
6,854,400
12,756,090
20,673,120
7,745,640
8,567,130

201408171911(201408171911)
6,854,400
12,756,090
20,673,120
7,745,640
8,567,130

201408171914(201408171914)
6,854,400
12,756,090
20,673,120
7,745,640
8,569,110

201408171915(201408171915)
6,854,400
12,756,090
20,673,120
7,745,640
8,569,110

201408171916(201408171916)
6,854,400
12,756,090
20,673,120
7,745,640
8,569,110

201408171919(201408171919)
6,854,400
12,756,090
20,673,120
7,745,640
8,579,730

201408171920(201408171920)
6,854,400
12,756,090
20,673,120
7,745,640
8,579,730

201408171921(201408171921)
6,854,400
12,756,090
20,673,120
7,751,010
8,579,730

201408171924(201408171924)
6,854,400
12,756,090
20,673,120
7,756,500
8,579,730

201408171925(201408171925)
6,861,960
12,772,920
20,673,120
7,756,500
8,579,730

201408171926(201408171926)
6,861,960
12,772,920
20,673,120
7,757,490
8,579,730

201408171929(201408171929)
6,861,960
12,772,920
20,673,120
7,757,490
8,579,730

201408171930(201408171930)
6,861,960
12,772,920
20,673,120
7,757,490
8,579,730

201408171931(201408171931)
6,861,960
12,772,920
20,673,120
7,757,490
8,579,730

201408171934(201408171934)
6,861,960
12,772,920
20,673,120
7,757,490
8,579,730

201408171935(201408171935)
6,861,960
12,779,400
20,673,120
7,757,490
8,582,490

201408171936(201408171936)
6,861,960
12,779,400
20,673,120
7,757,490
8,582,490

201408171939(201408171939)
6,861,960
12,779,400
20,673,120
7,775,730
8,582,490

201408171940(201408171940)
6,861,960
12,779,400
20,673,120
7,775,730
8,582,490

201408171941(201408171941)
6,861,960
12,779,400
20,673,120
7,775,730
8,582,490

201408171944(201408171944)
6,861,960
12,779,400
20,673,120
7,775,730
8,582,490

201408171945(201408171945)
6,861,960
12,779,400
20,673,120
7,775,730
8,582,490

201408171946(201408171946)
6,861,960
12,779,400
20,673,120
7,775,730
8,582,490

201408171949(201408171949)
6,861,960
12,779,400
20,673,120
7,775,730
8,582,640

201408171950(201408171950)
6,861,960
12,779,400
20,673,120
7,781,280
8,582,640

201408171951(201408171951)
6,861,960
12,779,400
20,673,120
7,781,280
8,582,640

201408171954(201408171954)
6,861,960
12,779,400
20,709,720
7,781,280
8,582,640

201408171955(201408171955)
6,861,960
12,779,400
20,709,720
7,787,100
8,582,640

201408171956(201408171956)
6,861,960
12,779,400
20,709,720
7,787,100
8,582,640

201408171959(201408171959)
6,884,040
12,779,400
20,709,720
7,787,100
8,582,640

201408172000(201408172000)
6,884,040
12,779,400
20,709,720
7,787,100
8,586,960

201408172001(201408172001)
6,884,040
12,779,400
20,709,720
7,787,100
8,586,960

201408172004(201408172004)
6,884,040
12,779,400
20,709,720
7,787,100
8,586,960

201408172005(201408172005)
6,884,040
12,779,400
20,709,720
7,787,100
8,602,620

201408172006(201408172006)
6,888,420
12,779,400
20,709,720
7,787,100
8,602,620

201408172009(201408172009)
6,888,420
12,779,400
20,709,720
7,790,790
8,602,620

201408172010(201408172010)
6,888,420
12,779,400
20,709,720
7,790,790
8,602,620

201408172011(201408172011)
6,888,420
12,779,400
20,709,720
7,790,790
8,602,620

201408172014(201408172014)
6,888,420
12,779,400
20,709,720
7,790,790
8,602,620

201408172015(201408172015)
6,888,420
12,785,220
20,709,720
7,790,790
8,602,620

201408172016(201408172016)
6,888,420
12,785,220
20,709,720
7,790,790
8,602,620

201408172019(201408172019)
6,894,780
12,785,220
20,709,720
7,790,790
8,602,620

201408172020(201408172020)
6,894,780
12,787,770
20,709,720
7,790,790
8,602,620

201408172021(201408172021)
6,894,780
12,787,770
20,709,720
7,790,790
8,602,620

201408172024(201408172024)
6,894,780
12,795,060
20,709,720
7,794,930
8,602,620

201408172025(201408172025)
6,901,320
12,801,360
20,709,720
7,794,930
8,602,620

201408172026(201408172026)
6,901,320
12,801,360
20,709,720
7,794,930
8,602,620

201408172029(201408172029)
6,901,320
12,805,410
20,709,720
7,801,050
8,602,620

201408172030(201408172030)
6,901,320
12,805,410
20,709,720
7,801,050
8,602,620

201408172031(201408172031)
6,901,320
12,805,410
20,709,720
7,801,050
8,602,620

201408172034(201408172034)
6,901,320
12,805,410
20,709,720
7,801,050
8,602,620

201408172035(201408172035)
6,901,320
12,805,410
20,709,720
7,801,050
8,602,620

201408172036(201408172036)
6,907,830
12,805,410
20,709,720
7,801,050
8,602,620

201408172039(201408172039)
6,907,830
12,805,410
20,709,720
7,801,050
8,602,620

201408172040(201408172040)
6,907,830
12,805,410
20,709,720
7,801,050
8,602,620

201408172041(201408172041)
6,907,830
12,805,410
20,709,720
7,801,470
8,602,620

201408172044(201408172044)
6,907,830
12,805,410
20,709,720
7,801,470
8,602,620

201408172045(201408172045)
6,907,830
12,810,900
20,709,720
7,801,470
8,602,620

201408172046(201408172046)
6,907,830
12,810,900
20,709,720
7,801,470
8,602,620

201408172049(201408172049)
6,907,830
12,810,900
20,709,720
7,801,470
8,602,620

201408172050(201408172050)
6,907,830
12,811,920
20,709,720
7,801,470
8,602,620

201408172051(201408172051)
6,907,830
12,811,920
20,709,720
7,801,470
8,602,620

201408172054(201408172054)
6,907,830
12,811,920
20,709,720
7,802,640
8,602,620

201408172055(201408172055)
6,907,830
12,831,150
20,709,720
7,802,640
8,602,950

201408172056(201408172056)
6,907,830
12,831,150
20,709,720
7,802,640
8,602,950

201408172059(201408172059)
6,907,830
12,831,150
20,709,720
7,803,840
8,605,020

201408172100(201408172100)
6,907,830
12,831,150
20,709,720
7,803,840
8,605,020

201408172101(201408172101)
6,907,830
12,831,150
20,709,720
7,803,840
8,605,020

201408172104(201408172104)
6,907,830
12,831,150
20,709,720
7,803,840
8,605,020

201408172105(201408172105)
6,952,170
12,831,150
20,709,720
7,806,900
8,605,020

201408172106(201408172106)
6,953,280
12,831,150
20,709,720
7,812,300
8,605,020

201408172109(201408172109)
6,953,280
12,831,150
20,723,970
7,813,350
8,605,020

201408172110(201408172110)
6,953,280
12,831,150
20,724,480
7,813,350
8,605,020

201408172111(201408172111)
6,953,280
12,831,150
20,724,480
7,813,350
8,605,020

201408172114(201408172114)
6,953,280
12,831,150
20,724,480
7,813,350
8,625,360

201408172115(201408172115)
6,964,740
12,831,150
20,724,480
7,813,350
8,625,360

201408172116(201408172116)
6,964,740
12,831,150
20,724,480
7,813,350
8,625,360

201408172119(201408172119)
6,964,740
12,849,270
20,724,480
7,813,350
8,625,360

201408172120(201408172120)
6,964,740
12,849,270
20,724,480
7,817,130
8,625,360

201408172121(201408172121)
6,964,740
12,849,270
20,724,480
7,818,000
8,625,360

201408172124(201408172124)
6,964,740
12,849,270
20,724,480
7,818,000
8,625,360

201408172125(201408172125)
6,964,740
12,862,200
20,724,480
7,821,930
8,625,360

201408172126(201408172126)
6,964,740
12,862,440
20,724,480
7,822,680
8,625,360

201408172129(201408172129)
6,964,740
12,862,440
20,724,480
7,827,330
8,636,940

201408172130(201408172130)
7,010,370
12,862,440
20,724,480
7,834,110
8,636,940

201408172131(201408172131)
7,012,680
12,862,440
20,724,480
7,834,110
8,637,540

201408172134(201408172134)
7,012,680
12,862,440
20,724,480
7,834,110
8,637,540

201408172135(201408172135)
7,012,680
12,862,440
20,724,480
7,834,110
8,637,540

201408172136(201408172136)
7,012,680
12,862,440
20,724,480
7,834,110
8,637,540

201408172139(201408172139)
7,012,680
12,862,440
20,724,480
7,834,110
8,641,440

201408172140(201408172140)
7,012,680
12,862,440
20,724,480
7,839,270
8,641,440

201408172141(201408172141)
7,012,680
12,862,440
20,724,480
7,839,270
8,641,440

201408172144(201408172144)
7,012,680
12,862,440
20,724,480
7,839,270
8,641,440

201408172145(201408172145)
7,012,680
12,870,420
20,724,480
7,844,460
8,652,990

201408172146(201408172146)
7,012,680
12,870,420
20,724,480
7,844,460
8,652,990

201408172149(201408172149)
7,017,570
12,870,420
20,724,480
7,844,460
8,652,990

201408172150(201408172150)
7,017,570
12,870,420
20,724,480
7,846,680
8,652,990

201408172151(201408172151)
7,017,570
12,870,420
20,724,480
7,864,740
8,652,990

201408172154(201408172154)
7,017,570
12,870,420
20,724,480
7,880,070
8,652,990

201408172155(201408172155)
7,017,570
12,870,420
20,724,480
7,880,070
8,665,710

201408172156(201408172156)
7,017,570
12,870,420
20,724,480
7,880,070
8,665,710

201408172159(201408172159)
7,017,660
12,870,420
20,724,480
7,880,880
8,683,170

201408172200(201408172200)
7,017,660
12,870,420
20,724,480
7,880,880
8,683,170

201408172201(201408172201)
7,017,660
12,870,420
20,724,480
7,880,880
8,683,170

201408172204(201408172204)
7,017,660
12,870,420
20,724,480
7,880,880
8,683,170

201408172205(201408172205)
7,017,660
12,870,420
20,724,480
7,880,880
8,683,170

201408172206(201408172206)
7,017,660
12,870,420
20,724,480
7,880,880
8,683,170

201408172209(201408172209)
7,017,660
12,870,420
20,724,480
7,880,880
8,683,170

201408172210(201408172210)
7,017,660
12,873,240
20,724,480
7,880,880
8,683,170

201408172211(201408172211)
7,017,660
12,880,200
20,724,480
7,880,880
8,695,260

201408172214(201408172214)
7,017,660
12,880,200
20,724,480
7,880,880
8,713,860

201408172215(201408172215)
7,017,660
12,882,450
20,724,480
7,880,880
8,736,480

201408172216(201408172216)
7,017,660
12,882,450
20,724,480
7,880,880
8,736,480

201408172219(201408172219)
7,017,660
12,882,450
20,724,480
7,880,880
8,736,480

201408172220(201408172220)
7,017,660
12,882,450
20,724,480
7,880,880
8,742,210

201408172221(201408172221)
7,017,660
12,882,450
20,724,480
7,900,350
8,742,210

201408172224(201408172224)
7,017,660
12,882,450
20,724,480
7,900,350
8,742,210

201408172225(201408172225)
7,017,660
12,889,080
20,724,480
7,900,350
8,770,980

201408172226(201408172226)
7,017,660
12,889,080
20,724,480
7,915,890
8,778,930

201408172229(201408172229)
7,023,870
12,892,020
20,724,480
7,918,500
8,778,930

201408172230(201408172230)
7,023,870
12,892,020
20,724,480
7,921,680
8,778,930

201408172231(201408172231)
7,023,870
12,892,020
20,724,480
7,921,680
8,778,930

201408172234(201408172234)
7,023,870
12,892,020
20,724,480
7,921,680
8,778,930

201408172235(201408172235)
7,023,870
12,892,020
20,724,480
7,921,680
8,778,930

201408172236(201408172236)
7,023,870
12,892,020
20,724,480
7,921,680
8,785,290

201408172239(201408172239)
7,023,870
12,892,020
20,724,480
7,921,680
8,792,100

201408172240(201408172240)
7,028,430
12,892,020
20,724,480
7,921,950
8,792,100

201408172241(201408172241)
7,032,930
12,892,020
20,724,480
7,921,950
8,792,100

201408172244(201408172244)
7,032,930
12,892,020
20,724,480
7,921,950
8,792,100

201408172245(201408172245)
7,032,930
12,892,020
20,724,480
7,921,950
8,793,840

201408172246(201408172246)
7,032,930
12,892,020
20,724,480
7,921,950
8,793,840

201408172249(201408172249)
7,067,970
12,906,750
20,724,480
7,921,950
8,793,840

201408172250(201408172250)
7,067,970
12,906,750
20,724,480
7,921,950
8,793,840

201408172251(201408172251)
7,067,970
12,906,750
20,724,480
7,921,950
8,793,840

201408172254(201408172254)
7,069,650
12,906,750
20,724,480
7,921,950
8,802,810

201408172255(201408172255)
7,074,390
12,906,750
20,724,480
7,933,740
8,807,040

201408172256(201408172256)
7,090,320
12,910,830
20,724,480
7,933,740
8,807,040

201408172259(201408172259)
7,093,800
12,955,530
20,724,480
7,933,740
8,807,040

201408172300(201408172300)
7,093,800
12,955,530
20,724,480
7,935,180
8,807,040

201408172301(201408172301)
7,093,800
12,955,530
20,724,480
7,935,180
8,807,040

201408172304(201408172304)
7,114,200
12,955,530
20,724,480
7,935,180
8,807,040

201408172305(201408172305)
7,114,200
12,955,530
20,724,480
7,935,180
8,807,040

201408172306(201408172306)
7,125,270
12,955,530
20,724,480
7,935,180
8,807,040

201408172309(201408172309)
7,161,150
12,955,530
20,724,480
7,935,180
8,819,490

201408172310(201408172310)
7,193,400
12,955,530
20,724,480
7,935,180
8,837,700

201408172311(201408172311)
7,196,700
12,955,530
20,724,480
7,935,180
8,837,700

201408172314(201408172314)
7,196,700
12,955,530
20,724,480
7,935,180
8,838,960

201408172315(201408172315)
7,203,780
12,963,030
20,811,420
7,940,670
8,838,960

201408172316(201408172316)
7,203,780
12,969,840
20,834,820
7,940,670
8,838,960

201408172319(201408172319)
7,203,780
12,969,840
20,866,620
7,970,250
8,838,960

201408172320(201408172320)
7,207,590
12,969,840
21,000,030
7,970,250
8,850,660

201408172321(201408172321)
7,207,590
12,969,840
21,000,030
7,971,480
8,864,460

201408172324(201408172324)
7,207,590
12,979,620
21,000,030
7,971,480
8,864,460

201408172325(201408172325)
7,207,590
12,985,140
21,000,030
7,971,480
8,864,460

201408172326(201408172326)
7,215,660
12,985,140
21,000,030
7,971,480
8,864,460

201408172329(201408172329)
7,226,670
12,988,800
21,000,030
7,994,100
8,864,460

201408172330(201408172330)
7,226,670
13,002,810
21,000,030
8,022,300
8,864,460

201408172331(201408172331)
7,226,670
13,009,440
21,000,030
8,022,300
8,864,460

201408172334(201408172334)
7,226,670
13,009,440
21,000,030
8,022,300
8,864,460

201408172335(201408172335)
7,238,640
13,011,030
21,000,030
8,030,850
8,877,000

201408172336(201408172336)
7,243,020
13,011,030
21,000,030
8,037,450
8,899,980

201408172339(201408172339)
7,243,020
13,011,030
21,000,030
8,038,200
8,902,440

201408172340(201408172340)
7,243,020
13,014,420
21,000,030
8,056,980
8,902,440

201408172341(201408172341)
7,243,020
13,014,420
21,005,490
8,056,980
8,902,440

201408172344(201408172344)
7,243,020
13,025,610
21,005,490
8,064,990
8,902,440

201408172345(201408172345)
7,252,740
13,025,610
21,005,490
8,064,990
8,902,470

201408172346(201408172346)
7,252,740
13,032,720
21,005,490
8,064,990
8,902,470

201408172349(201408172349)
7,252,740
13,032,720
21,139,170
8,064,990
8,902,470

201408172350(201408172350)
7,270,320
13,038,930
21,139,170
8,064,990
8,902,470

201408172351(201408172351)
7,270,320
13,038,930
21,139,170
8,077,440
8,911,410

201408172354(201408172354)
7,270,320
13,044,210
21,139,170
8,077,440
8,911,410

201408172355(201408172355)
7,282,680
13,044,210
21,139,170
8,088,750
8,911,410

201408172356(201408172356)
7,282,680
13,044,960
21,139,170
8,088,750
8,911,410

201408172359(201408172359)
7,282,680
13,044,960
21,139,170
8,088,750
8,911,410

201408180000(201408180000)
7,282,680
13,044,960
21,139,170
8,091,330
8,912,310

201408180001(201408180001)
7,293,540
13,044,960
21,139,170
8,091,330
8,912,310

201408180004(201408180004)
7,293,540
13,044,960
21,252,450
8,091,330
8,912,310

201408180005(201408180005)
7,295,040
13,044,960
21,456,930
8,091,330
8,912,310

201408180006(201408180006)
7,295,040
13,044,960
21,456,930
8,091,330
8,912,310

201408180009(201408180009)
7,296,450
13,044,960
21,456,930
8,091,330
8,912,310

201408180010(201408180010)
7,309,890
13,044,960
21,456,930
8,106,090
8,925,750

201408180011(201408180011)
7,309,890
13,044,960
21,456,930
8,106,720
8,925,750

201408180014(201408180014)
7,313,340
13,044,960
21,456,930
8,108,370
8,925,750

201408180015(201408180015)
7,313,340
13,044,960
21,456,930
8,113,110
8,958,420

201408180016(201408180016)
7,313,340
13,057,290
21,456,930
8,113,110
8,958,420

201408180019(201408180019)
7,313,340
13,057,290
21,456,930
8,113,110
8,969,010

201408180020(201408180020)
7,313,940
13,057,290
21,456,930
8,113,110
8,969,280

201408180021(201408180021)
7,317,570
13,057,290
21,456,930
8,113,110
8,973,150

201408180024(201408180024)
7,317,570
13,057,290
21,456,930
8,113,110
8,973,150

201408180025(201408180025)
7,319,190
13,110,420
21,456,930
8,150,400
8,985,720

201408180026(201408180026)
7,319,190
13,110,420
21,456,930
8,150,400
8,985,720

201408180029(201408180029)
7,319,190
13,110,420
21,456,930
8,150,400
9,001,140

201408180030(201408180030)
7,319,190
13,110,420
21,456,930
8,150,400
9,008,580

201408180031(201408180031)
7,319,190
13,110,420
21,456,930
8,150,400
9,009,180

201408180034(201408180034)
7,328,580
13,110,420
21,456,930
8,150,400
9,009,180

201408180035(201408180035)
7,328,580
13,110,420
21,456,930
8,156,940
9,009,180

201408180036(201408180036)
7,330,170
13,110,420
21,456,930
8,156,940
9,009,180

201408180039(201408180039)
7,330,350
13,129,560
21,456,930
8,156,940
9,018,270

201408180040(201408180040)
7,330,350
13,137,510
21,456,930
8,159,550
9,018,480

201408180041(201408180041)
7,330,350
13,137,510
21,456,930
8,159,550
9,018,480

201408180044(201408180044)
7,331,340
13,137,510
21,456,930
8,166,060
9,023,370

201408180045(201408180045)
7,353,180
13,137,510
21,456,930
8,166,060
9,023,370

201408180046(201408180046)
7,353,180
13,137,510
21,456,930
8,166,060
9,023,370

201408180049(201408180049)
7,361,670
13,137,510
21,456,930
8,166,060
9,023,370

201408180050(201408180050)
7,361,670
13,137,510
21,456,930
8,166,060
9,023,370

201408180051(201408180051)
7,367,700
13,137,510
21,456,930
8,166,060
9,023,370

201408180054(201408180054)
7,367,700
13,137,510
21,456,930
8,166,060
9,023,370

201408180055(201408180055)
7,367,700
13,137,510
21,456,930
8,167,050
9,023,370

201408180056(201408180056)
7,367,700
13,137,510
21,456,930
8,167,050
9,023,370

201408180059(201408180059)
7,367,700
13,137,510
21,456,930
8,167,050
9,024,300

201408180100(201408180100)
7,367,700
13,137,510
21,456,930
8,167,050
9,024,300

201408180101(201408180101)
7,367,700
13,137,510
21,456,930
8,167,050
9,024,300

201408180104(201408180104)
7,367,700
13,137,510
21,456,930
8,167,050
9,024,300

201408180105(201408180105)
7,370,040
13,142,400
21,456,930
8,167,050
9,030,060

201408180106(201408180106)
7,370,040
13,142,400
21,456,930
8,172,030
9,030,060

201408180109(201408180109)
7,370,040
13,142,400
21,456,930
8,174,940
9,030,060

201408180110(201408180110)
7,370,040
13,142,400
21,456,930
8,174,940
9,031,260

201408180111(201408180111)
7,370,040
13,142,400
21,456,930
8,174,940
9,031,260

201408180114(201408180114)
7,370,040
13,142,400
21,456,930
8,174,940
9,031,260

201408180115(201408180115)
7,370,040
13,142,400
21,456,930
8,174,940
9,031,260

201408180116(201408180116)
7,370,040
13,142,400
21,456,930
8,174,940
9,031,260

201408180119(201408180119)
7,370,040
13,142,400
21,456,930
8,174,940
9,031,260

201408180120(201408180120)
7,370,040
13,154,580
21,456,930
8,174,940
9,031,260

201408180121(201408180121)
7,370,040
13,156,920
21,456,930
8,174,940
9,031,830

201408180124(201408180124)
7,370,040
13,156,920
21,456,930
8,174,940
9,032,340

201408180125(201408180125)
7,375,470
13,167,420
21,456,930
8,174,940
9,037,200

201408180126(201408180126)
7,388,520
13,167,420
21,456,930
8,174,940
9,037,200

201408180129(201408180129)
7,388,520
13,167,420
21,464,670
8,174,940
9,037,200

201408180130(201408180130)
7,388,520
13,173,240
21,464,670
8,174,940
9,037,200

201408180131(201408180131)
7,388,520
13,176,210
21,464,670
8,174,940
9,037,200

201408180134(201408180134)
7,388,520
13,176,210
21,464,670
8,202,630
9,037,200

201408180135(201408180135)
7,388,520
13,180,740
21,464,670
8,202,630
9,055,320

201408180136(201408180136)
7,388,520
13,180,740
21,464,670
8,229,840
9,060,120

201408180139(201408180139)
7,388,520
13,180,740
21,464,670
8,229,840
9,068,280

201408180140(201408180140)
7,388,520
13,180,740
21,464,670
8,229,840
9,068,280

201408180141(201408180141)
7,388,520
13,180,740
21,464,670
8,229,840
9,068,280

201408180144(201408180144)
7,388,520
13,180,740
21,464,670
8,244,060
9,068,280

201408180145(201408180145)
7,406,460
13,182,120
21,464,670
8,244,060
9,068,280

201408180146(201408180146)
7,406,460
13,182,120
21,464,670
8,244,060
9,074,100

201408180149(201408180149)
7,406,460
13,182,120
21,464,670
8,244,060
9,074,100

201408180150(201408180150)
7,409,970
13,182,120
21,464,670
8,244,060
9,074,100

201408180151(201408180151)
7,409,970
13,182,120
21,464,670
8,244,060
9,074,100

201408180154(201408180154)
7,409,970
13,182,120
21,464,670
8,244,060
9,074,100

201408180155(201408180155)
7,409,970
13,182,120
21,464,670
8,244,060
9,074,100

201408180156(201408180156)
7,409,970
13,182,120
21,464,670
8,257,110
9,074,100

201408180159(201408180159)
7,412,040
13,182,120
21,464,670
8,260,470
9,074,100

201408180200(201408180200)
7,412,040
13,182,120
21,464,670
8,270,160
9,081,030

201408180201(201408180201)
7,412,040
13,182,120
21,464,670
8,270,160
9,081,030

201408180204(201408180204)
7,412,040
13,182,120
21,464,670
8,270,160
9,081,030

201408180205(201408180205)
7,412,040
13,183,590
21,464,670
8,270,160
9,081,030

201408180206(201408180206)
7,412,040
13,183,590
21,464,670
8,270,160
9,081,030

201408180209(201408180209)
7,412,040
13,183,590
21,464,670
8,270,160
9,081,030

201408180210(201408180210)
7,412,040
13,183,590
21,464,670
8,291,550
9,081,030

201408180211(201408180211)
7,412,040
13,183,590
21,464,670
8,291,550
9,081,210

201408180214(201408180214)
7,412,040
13,187,700
21,464,670
8,291,550
9,081,210

201408180215(201408180215)
7,412,040
13,187,700
21,464,670
8,291,550
9,081,210

201408180216(201408180216)
7,412,040
13,187,700
21,464,670
8,291,550
9,081,210

201408180219(201408180219)
7,428,870
13,187,700
21,464,670
8,299,560
9,111,120

201408180220(201408180220)
7,428,870
13,187,700
21,464,670
8,299,560
9,129,090

201408180221(201408180221)
7,429,560
13,187,700
21,464,670
8,299,560
9,129,090

201408180224(201408180224)
7,429,560
13,187,700
21,464,670
8,299,560
9,129,090

201408180225(201408180225)
7,446,960
13,187,700
21,464,670
8,299,560
9,129,090

201408180226(201408180226)
7,446,960
13,187,700
21,464,670
8,299,560
9,129,090

201408180229(201408180229)
7,446,960
13,187,700
21,464,670
8,326,110
9,129,090

201408180230(201408180230)
7,446,960
13,187,700
21,464,670
8,326,110
9,129,090

201408180231(201408180231)
7,446,960
13,187,700
21,464,670
8,326,110
9,129,090

201408180234(201408180234)
7,446,960
13,187,700
21,464,670
8,326,110
9,129,090

201408180235(201408180235)
7,446,960
13,187,700
21,464,670
8,326,110
9,131,850

201408180236(201408180236)
7,446,960
13,187,700
21,464,670
8,326,110
9,131,850

201408180239(201408180239)
7,447,020
13,187,700
21,464,670
8,326,110
9,131,850

201408180240(201408180240)
7,447,020
13,187,700
21,464,670
8,339,340
9,133,560

201408180241(201408180241)
7,447,020
13,187,700
21,464,670
8,339,340
9,133,560

201408180244(201408180244)
7,447,020
13,187,700
21,464,670
8,339,340
9,138,480

201408180245(201408180245)
7,447,020
13,187,700
21,464,670
8,339,340
9,138,480

201408180246(201408180246)
7,447,020
13,187,700
21,464,670
8,339,340
9,138,480

201408180249(201408180249)
7,447,020
13,187,700
21,464,670
8,354,610
9,138,480

201408180250(201408180250)
7,449,870
13,187,700
21,464,670
8,354,610
9,138,480

201408180251(201408180251)
7,449,870
13,187,700
21,464,670
8,354,610
9,138,480

201408180254(201408180254)
7,449,870
13,187,700
21,464,670
8,354,610
9,138,480

201408180255(201408180255)
7,465,350
13,187,700
21,464,670
8,354,610
9,138,480

201408180256(201408180256)
7,465,350
13,187,700
21,464,670
8,358,060
9,138,480

201408180259(201408180259)
7,465,350
13,187,700
21,464,670
8,358,060
9,138,480

201408180300(201408180300)
7,465,350
13,187,700
21,464,670
8,358,060
9,138,480

201408180301(201408180301)
7,465,350
13,187,700
21,464,670
8,358,060
9,138,480

201408180304(201408180304)
7,465,350
13,187,700
21,464,670
8,362,380
9,138,480

201408180305(201408180305)
7,484,610
13,187,700
21,464,670
8,362,380
9,138,480

201408180306(201408180306)
7,484,610
13,187,700
21,464,670
8,362,380
9,164,310

201408180309(201408180309)
7,484,610
13,187,700
21,464,670
8,362,380
9,164,310

201408180310(201408180310)
7,484,610
13,187,700
21,464,670
8,362,380
9,164,310

201408180311(201408180311)
7,484,610
13,187,700
21,464,670
8,362,380
9,165,660

201408180314(201408180314)
7,484,610
13,187,700
21,464,670
8,362,380
9,165,660

201408180315(201408180315)
7,484,610
13,188,300
21,464,670
8,366,250
9,165,660

201408180316(201408180316)
7,484,610
13,188,300
21,464,670
8,366,250
9,165,660

201408180319(201408180319)
7,484,610
13,188,300
21,464,670
8,366,250
9,171,120

201408180320(201408180320)
7,484,610
13,188,300
21,464,670
8,366,250
9,171,120

201408180321(201408180321)
7,484,610
13,188,300
21,464,670
8,366,250
9,171,120

201408180324(201408180324)
7,484,610
13,188,300
21,464,670
8,366,250
9,171,120

201408180325(201408180325)
7,484,610
13,188,300
21,464,670
8,366,250
9,171,120

201408180326(201408180326)
7,484,610
13,188,300
21,464,670
8,366,250
9,171,120

201408180329(201408180329)
7,484,610
13,196,340
21,464,670
8,366,250
9,171,120

201408180330(201408180330)
7,489,800
13,196,340
21,464,670
8,366,250
9,171,120

201408180331(201408180331)
7,489,800
13,196,340
21,464,670
8,369,760
9,171,120

201408180334(201408180334)
7,489,800
13,196,340
21,464,670
8,376,270
9,171,120

201408180335(201408180335)
7,489,800
13,196,340
21,464,670
8,399,070
9,171,120

201408180336(201408180336)
7,489,800
13,196,340
21,464,670
8,399,070
9,171,120

201408180339(201408180339)
7,489,800
13,196,340
21,464,670
8,399,070
9,171,120

201408180340(201408180340)
7,489,800
13,196,340
21,464,670
8,399,070
9,171,120

201408180341(201408180341)
7,496,880
13,196,340
21,464,670
8,399,070
9,171,120

201408180344(201408180344)
7,496,880
13,196,340
21,464,670
8,399,070
9,171,120

201408180345(201408180345)
7,496,880
13,196,340
21,464,670
8,399,070
9,171,360

201408180346(201408180346)
7,496,880
13,196,340
21,464,670
8,399,070
9,171,360

201408180349(201408180349)
7,514,670
13,196,340
21,464,670
8,408,460
9,171,360

201408180350(201408180350)
7,514,670
13,196,340
21,464,670
8,408,460
9,171,360

201408180351(201408180351)
7,514,670
13,196,340
21,464,670
8,408,460
9,171,360

201408180354(201408180354)
7,514,670
13,196,340
21,464,670
8,408,460
9,173,040

201408180355(201408180355)
7,514,670
13,196,340
21,464,670
8,408,460
9,173,040

201408180356(201408180356)
7,514,670
13,196,340
21,464,670
8,408,460
9,173,040

201408180359(201408180359)
7,514,670
13,196,340
21,464,670
8,430,720
9,173,040

201408180400(201408180400)
7,514,670
13,196,340
21,464,670
8,430,720
9,191,190

201408180401(201408180401)
7,514,670
13,196,340
21,464,670
8,430,720
9,194,430

201408180404(201408180404)
7,514,670
13,196,340
21,464,670
8,430,720
9,196,260

201408180405(201408180405)
7,514,670
13,196,340
21,464,670
8,430,720
9,196,260

201408180406(201408180406)
7,514,670
13,201,320
21,464,670
8,430,720
9,196,260

201408180409(201408180409)
7,514,670
13,201,320
21,464,670
8,430,720
9,196,260

201408180410(201408180410)
7,514,670
13,201,320
21,464,670
8,430,720
9,196,770

201408180411(201408180411)
7,514,670
13,201,320
21,464,670
8,430,720
9,196,770

201408180414(201408180414)
7,514,670
13,201,320
21,464,670
8,430,720
9,196,770

201408180415(201408180415)
7,514,670
13,201,320
21,464,670
8,430,720
9,196,770

201408180416(201408180416)
7,514,670
13,201,320
21,464,670
8,430,720
9,196,770

201408180419(201408180419)
7,514,670
13,201,320
21,464,670
8,430,720
9,196,770

201408180420(201408180420)
7,514,670
13,201,320
21,464,670
8,430,720
9,196,770

201408180421(201408180421)
7,514,670
13,201,320
21,464,670
8,430,720
9,196,770

201408180424(201408180424)
7,514,670
13,201,320
21,464,670
8,430,720
9,196,770

201408180425(201408180425)
7,514,670
13,201,320
21,464,670
8,430,720
9,196,770

201408180426(201408180426)
7,514,670
13,201,320
21,464,670
8,430,720
9,196,770

201408180429(201408180429)
7,514,670
13,201,680
21,464,670
8,430,720
9,196,770

201408180430(201408180430)
7,516,230
13,201,680
21,464,670
8,430,720
9,196,770

201408180431(201408180431)
7,516,230
13,201,680
21,464,670
8,430,720
9,196,770

201408180434(201408180434)
7,516,230
13,201,680
21,464,670
8,430,720
9,196,770

201408180435(201408180435)
7,516,230
13,201,680
21,464,670
8,430,720
9,196,770

201408180436(201408180436)
7,516,230
13,201,680
21,464,670
8,430,720
9,196,770

201408180439(201408180439)
7,516,230
13,201,680
21,464,670
8,430,720
9,196,770

201408180440(201408180440)
7,516,230
13,201,680
21,464,670
8,459,160
9,196,770

201408180441(201408180441)
7,516,230
13,201,680
21,464,670
8,459,160
9,196,770

201408180444(201408180444)
7,516,230
13,201,680
21,464,670
8,459,160
9,196,770

201408180445(201408180445)
7,516,230
13,201,680
21,464,670
8,459,160
9,199,020

201408180446(201408180446)
7,516,230
13,201,680
21,464,670
8,459,160
9,199,020

201408180449(201408180449)
7,516,230
13,201,680
21,464,670
8,459,160
9,199,020

201408180450(201408180450)
7,516,230
13,201,680
21,464,670
8,460,360
9,199,020

201408180451(201408180451)
7,548,960
13,201,680
21,464,670
8,460,360
9,199,020

201408180454(201408180454)
7,548,960
13,201,680
21,464,670
8,460,360
9,199,020

201408180455(201408180455)
7,548,960
13,201,680
21,464,670
8,460,360
9,199,020

201408180456(201408180456)
7,548,960
13,201,680
21,464,670
8,460,360
9,199,020

201408180459(201408180459)
7,548,960
13,201,680
21,464,670
8,460,360
9,199,020

201408180500(201408180500)
7,548,960
13,201,680
21,464,670
8,460,360
9,199,020

201408180501(201408180501)
7,548,960
13,201,680
21,464,670
8,460,360
9,199,020

201408180504(201408180504)
7,548,960
13,201,680
21,464,670
8,460,360
9,199,020

201408180505(201408180505)
7,548,960
13,201,680
21,464,670
8,460,360
9,199,020

201408180506(201408180506)
7,548,960
13,201,680
21,464,670
8,460,360
9,199,020

201408180509(201408180509)
7,548,960
13,205,370
21,464,670
8,460,360
9,199,020

201408180510(201408180510)
7,548,960
13,205,370
21,464,670
8,460,360
9,199,020

201408180511(201408180511)
7,548,960
13,205,370
21,464,670
8,460,360
9,199,020

201408180514(201408180514)
7,548,960
13,205,370
21,464,670
8,462,190
9,199,020

201408180515(201408180515)
7,550,190
13,205,370
21,464,670
8,462,190
9,199,020

201408180516(201408180516)
7,550,190
13,205,370
21,464,670
8,462,190
9,199,020

201408180519(201408180519)
7,550,190
13,205,370
21,464,670
8,462,190
9,199,020

201408180520(201408180520)
7,550,190
13,205,370
21,464,670
8,462,190
9,206,520

201408180521(201408180521)
7,550,190
13,205,370
21,464,670
8,462,190
9,206,520

201408180524(201408180524)
7,550,190
13,205,370
21,464,670
8,462,190
9,206,520

201408180525(201408180525)
7,550,190
13,205,370
21,464,670
8,462,190
9,206,520

201408180526(201408180526)
7,550,190
13,205,370
21,464,670
8,462,190
9,206,520

201408180529(201408180529)
7,550,190
13,205,370
21,464,670
8,462,190
9,206,520

201408180530(201408180530)
7,550,190
13,205,370
21,464,670
8,462,190
9,206,520

201408180531(201408180531)
7,550,190
13,205,370
21,464,670
8,462,190
9,206,520

201408180534(201408180534)
7,550,190
13,205,370
21,464,670
8,462,190
9,206,520

201408180535(201408180535)
7,550,190
13,205,370
21,464,670
8,462,190
9,206,520

201408180536(201408180536)
7,550,190
13,205,370
21,464,670
8,462,190
9,221,130

201408180539(201408180539)
7,550,190
13,205,370
21,464,670
8,462,190
9,221,130

201408180540(201408180540)
7,550,190
13,205,370
21,464,670
8,462,190
9,221,130

201408180541(201408180541)
7,550,190
13,205,370
21,464,670
8,462,190
9,221,130

201408180544(201408180544)
7,550,190
13,205,370
21,464,670
8,462,190
9,221,130

201408180545(201408180545)
7,550,190
13,205,370
21,464,670
8,462,190
9,221,130

201408180546(201408180546)
7,550,190
13,205,370
21,464,670
8,462,190
9,221,130

201408180549(201408180549)
7,550,190
13,205,370
21,464,670
8,462,190
9,221,130

201408180550(201408180550)
7,550,190
13,205,370
21,464,670
8,462,190
9,221,130

201408180551(201408180551)
7,550,190
13,205,370
21,464,670
8,462,190
9,221,130

201408180554(201408180554)
7,550,190
13,205,370
21,464,670
8,462,190
9,221,130

201408180555(201408180555)
7,550,190
13,205,370
21,464,670
8,462,190
9,221,130

201408180556(201408180556)
7,550,190
13,205,370
21,464,670
8,462,190
9,221,130

201408180559(201408180559)
7,550,190
13,205,370
21,464,670
8,462,190
9,221,130

201408180600(201408180600)
7,550,190
13,205,370
21,464,670
8,462,190
9,221,130

201408180601(201408180601)
7,550,190
13,205,370
21,464,670
8,462,190
9,221,130

201408180604(201408180604)
7,550,190
13,205,370
21,464,670
8,462,190
9,221,130

201408180605(201408180605)
7,550,190
13,205,370
21,464,670
8,462,190
9,221,130

201408180606(201408180606)
7,550,190
13,205,370
21,464,670
8,462,190
9,221,130

201408180609(201408180609)
7,550,190
13,205,370
21,464,670
8,462,190
9,221,130

201408180610(201408180610)
7,550,190
13,205,370
21,464,670
8,462,190
9,221,130

201408180611(201408180611)
7,550,190
13,205,370
21,464,670
8,462,190
9,221,130

201408180614(201408180614)
7,550,190
13,205,370
21,464,670
8,462,190
9,221,130

201408180615(201408180615)
7,550,190
13,245,210
21,464,670
8,470,560
9,221,130

201408180616(201408180616)
7,550,190
13,245,210
21,464,670
8,472,060
9,221,130

201408180619(201408180619)
7,550,190
13,245,210
21,464,670
8,472,060
9,221,130

201408180620(201408180620)
7,550,190
13,245,210
21,464,670
8,472,060
9,221,130

201408180621(201408180621)
7,550,190
13,245,210
21,464,670
8,472,060
9,221,130

201408180624(201408180624)
7,550,190
13,245,210
21,464,670
8,472,060
9,221,130

201408180625(201408180625)
7,550,190
13,245,210
21,464,670
8,472,060
9,221,130

201408180626(201408180626)
7,550,190
13,245,210
21,464,670
8,472,060
9,221,130

201408180629(201408180629)
7,550,190
13,245,210
21,464,670
8,472,060
9,221,130

201408180630(201408180630)
7,550,190
13,248,480
21,464,670
8,472,060
9,221,130

201408180631(201408180631)
7,555,230
13,248,480
21,464,670
8,472,060
9,221,430

201408180634(201408180634)
7,555,230
13,248,480
21,464,670
8,472,060
9,221,430

201408180635(201408180635)
7,555,230
13,248,480
21,464,670
8,472,060
9,221,430

201408180636(201408180636)
7,555,230
13,248,480
21,464,670
8,472,060
9,221,430

201408180639(201408180639)
7,555,230
13,248,480
21,464,670
8,473,860
9,221,430

201408180640(201408180640)
7,555,230
13,254,960
21,464,670
8,473,860
9,221,460

201408180641(201408180641)
7,555,230
13,254,960
21,464,670
8,473,860
9,239,790

201408180644(201408180644)
7,555,230
13,254,960
21,464,670
8,473,860
9,239,790

201408180645(201408180645)
7,555,230
13,254,960
21,464,670
8,478,030
9,239,790

201408180646(201408180646)
7,555,230
13,254,960
21,464,670
8,478,030
9,239,790

201408180649(201408180649)
7,555,230
13,254,960
21,464,670
8,494,020
9,239,790

201408180650(201408180650)
7,555,230
13,254,960
21,464,670
8,494,020
9,239,790

201408180651(201408180651)
7,555,230
13,254,960
21,464,670
8,494,020
9,239,790

201408180654(201408180654)
7,555,230
13,254,960
21,464,670
8,494,020
9,239,790

201408180655(201408180655)
7,555,230
13,254,960
21,464,670
8,494,020
9,239,790

201408180656(201408180656)
7,555,230
13,254,960
21,464,670
8,494,020
9,239,790

201408180659(201408180659)
7,555,230
13,254,960
21,464,670
8,494,020
9,239,790

201408180700(201408180700)
7,555,680
13,254,960
21,525,690
8,494,020
9,239,790

201408180701(201408180701)
7,555,680
13,254,960
21,525,690
8,494,020
9,239,790

201408180704(201408180704)
7,555,680
13,254,960
21,525,690
8,494,020
9,239,790

201408180705(201408180705)
7,555,680
13,254,960
21,525,690
8,494,020
9,239,790

201408180706(201408180706)
7,555,680
13,254,960
21,525,690
8,494,020
9,239,790

201408180709(201408180709)
7,555,680
13,254,960
21,525,690
8,494,020
9,239,790

201408180710(201408180710)
7,555,680
13,254,960
21,525,690
8,505,420
9,239,790

201408180711(201408180711)
7,555,680
13,254,960
21,525,690
8,505,420
9,239,790

201408180714(201408180714)
7,555,680
13,254,960
21,525,690
8,505,420
9,239,790

201408180714(201408180714)
7,555,680
13,254,960
21,525,690
8,505,420
9,239,790

201408180715(201408180715)
7,570,740
13,254,960
21,525,690
8,505,420
9,239,790

201408180716(201408180716)
7,573,410
13,254,960
21,525,690
8,505,420
9,239,790

201408180719(201408180719)
7,573,410
13,254,960
21,525,690
8,507,160
9,239,790

201408180720(201408180720)
7,573,410
13,254,960
21,525,690
8,507,160
9,239,790

201408180721(201408180721)
7,573,410
13,254,960
21,525,690
8,507,160
9,255,330

201408180724(201408180724)
7,573,410
13,254,960
21,525,690
8,507,160
9,255,330

201408180725(201408180725)
7,581,630
13,254,960
21,525,690
8,510,850
9,255,330

201408180726(201408180726)
7,583,130
13,254,960
21,525,690
8,510,850
9,255,330

201408180729(201408180729)
7,583,130
13,254,960
21,525,690
8,511,390
9,255,330

201408180730(201408180730)
7,583,130
13,254,960
21,525,690
8,511,390
9,255,330

201408180731(201408180731)
7,583,130
13,254,960
21,525,690
8,511,390
9,255,330

201408180734(201408180734)
7,583,130
13,254,960
21,525,690
8,511,390
9,255,330

201408180735(201408180735)
7,583,130
13,254,960
21,525,690
8,511,390
9,255,330

201408180736(201408180736)
7,583,130
13,254,960
21,525,690
8,511,390
9,255,330

201408180739(201408180739)
7,583,130
13,254,960
21,525,690
8,511,390
9,261,630

201408180740(201408180740)
7,583,130
13,254,960
21,525,690
8,511,390
9,261,630

201408180741(201408180741)
7,583,130
13,254,960
21,525,690
8,511,390
9,261,630

201408180744(201408180744)
7,583,130
13,254,960
21,525,690
8,511,390
9,261,630

201408180745(201408180745)
7,583,130
13,254,960
21,525,690
8,516,670
9,261,630

201408180746(201408180746)
7,583,130
13,254,960
21,525,690
8,516,670
9,261,630

201408180749(201408180749)
7,583,130
13,254,960
21,525,690
8,516,670
9,261,630

201408180750(201408180750)
7,583,130
13,254,960
21,525,690
8,516,670
9,261,630

201408180751(201408180751)
7,583,130
13,254,960
21,525,690
8,516,670
9,263,070

201408180754(201408180754)
7,583,130
13,254,960
21,525,690
8,516,670
9,268,170

201408180755(201408180755)
7,584,510
13,254,960
21,525,690
8,523,960
9,269,190

201408180756(201408180756)
7,584,510
13,254,960
21,525,690
8,523,960
9,269,190

201408180759(201408180759)
7,584,510
13,254,960
21,525,690
8,523,960
9,269,190

201408180800(201408180800)
7,584,510
13,254,960
21,525,690
8,527,800
9,269,190

201408180801(201408180801)
7,584,510
13,254,960
21,525,690
8,527,800
9,269,190

201408180804(201408180804)
7,584,510
13,254,960
21,525,690
8,527,800
9,269,190

201408180805(201408180805)
7,584,510
13,254,960
21,525,690
8,529,030
9,269,190

201408180806(201408180806)
7,584,510
13,254,960
21,525,690
8,529,030
9,269,190

201408180809(201408180809)
7,584,510
13,254,960
21,525,690
8,544,240
9,269,190

201408180810(201408180810)
7,584,510
13,263,750
21,525,690
8,544,240
9,292,170

201408180811(201408180811)
7,584,510
13,263,750
21,525,690
8,546,130
9,295,080

201408180814(201408180814)
7,584,510
13,263,750
21,525,690
8,546,130
9,295,080

201408180815(201408180815)
7,584,510
13,263,750
21,525,690
8,548,530
9,295,080

201408180816(201408180816)
7,584,510
13,263,750
21,525,690
8,548,530
9,295,080

201408180819(201408180819)
7,591,380
13,263,750
21,525,690
8,548,530
9,296,610

201408180820(201408180820)
7,591,380
13,263,750
21,525,690
8,548,530
9,315,570

201408180821(201408180821)
7,591,380
13,263,750
21,525,690
8,548,530
9,315,570

201408180824(201408180824)
7,591,380
13,263,750
21,525,690
8,548,530
9,315,570

201408180825(201408180825)
7,603,200
13,263,750
21,525,690
8,548,530
9,324,630

201408180826(201408180826)
7,603,200
13,263,750
21,525,690
8,548,530
9,324,630

201408180829(201408180829)
7,603,200
13,263,750
21,525,690
8,548,530
9,324,630

201408180830(201408180830)
7,603,200
13,263,750
21,525,690
8,548,530
9,324,630

201408180831(201408180831)
7,603,200
13,263,750
21,525,690
8,548,530
9,324,630

201408180834(201408180834)
7,604,370
13,263,750
21,525,690
8,548,530
9,324,630

201408180835(201408180835)
7,604,370
13,263,750
21,525,690
8,548,530
9,324,630

201408180836(201408180836)
7,604,370
13,263,750
21,525,690
8,548,530
9,324,630

