201408091910(201408091910)
1,539,240
2,612,970
7,542,510
1,539,240
1,719,180

201408091911(201408091911)
1,539,240
2,612,970
7,542,510
1,539,240
1,723,170

201408091912(201408091912)
1,540,110
2,612,970
7,542,510
1,540,110
1,724,910

201408091915(201408091915)
1,540,110
2,612,970
7,542,510
1,540,110
1,727,490

201408091916(201408091916)
1,543,680
2,612,970
7,542,510
1,543,680
1,732,410

201408091916(201408091916)
1,543,680
2,612,970
7,542,510
1,543,680
1,732,410

201408091917(201408091917)
1,543,680
2,614,590
7,542,510
1,543,680
1,732,710

201408091918(201408091918)
1,543,680
2,614,590
7,542,510
1,543,680
1,732,920

201408091920(201408091920)
1,545,390
2,614,590
7,542,510
1,545,390
1,732,920

201408091921(201408091921)
1,546,950
2,619,270
7,542,510
1,546,950
1,735,140

201408091922(201408091922)
1,547,280
2,619,270
7,542,510
1,547,280
1,736,160

201408091925(201408091925)
1,547,280
2,632,350
7,542,510
1,547,280
1,736,160

201408091926(201408091926)
1,548,300
2,638,440
7,542,510
1,548,300
1,740,780

201408091927(201408091927)
1,548,690
2,647,440
7,542,510
1,548,690
1,740,780

201408091930(201408091930)
1,549,290
2,650,830
7,542,510
1,549,290
1,741,290

201408091931(201408091931)
1,550,910
2,650,830
7,542,510
1,550,910
1,741,320

201408091932(201408091932)
1,550,910
2,650,830
7,542,510
1,550,910
1,741,320

201408091935(201408091935)
1,551,720
2,657,400
7,542,510
1,551,720
1,742,280

201408091936(201408091936)
1,551,900
2,659,590
7,542,510
1,551,900
1,742,280

201408091937(201408091937)
1,551,900
2,659,590
7,542,510
1,551,900
1,742,280

201408091940(201408091940)
1,552,560
2,661,990
7,542,510
1,552,560
1,743,660

201408091941(201408091941)
1,552,740
2,661,990
7,542,510
1,552,740
1,743,660

201408091942(201408091942)
1,554,360
2,666,430
7,542,510
1,554,360
1,743,690

201408091945(201408091945)
1,554,360
2,670,000
7,542,510
1,554,360
1,743,690

201408091946(201408091946)
1,558,260
2,673,090
7,578,720
1,558,260
1,745,640

201408091947(201408091947)
1,558,260
2,673,090
7,578,720
1,558,260
1,746,780

201408091950(201408091950)
1,559,760
2,673,840
7,578,720
1,559,760
1,746,780

201408091951(201408091951)
1,562,130
2,673,840
7,578,720
1,562,130
1,747,590

201408091952(201408091952)
1,563,810
2,673,840
7,578,720
1,563,810
1,748,040

201408091955(201408091955)
1,563,810
2,673,840
7,578,720
1,563,810
1,749,000

201408091956(201408091956)
1,564,320
2,674,920
7,578,720
1,564,320
1,749,300

201408091957(201408091957)
1,564,320
2,674,920
7,578,720
1,564,320
1,749,300

201408092000(201408092000)
1,564,320
2,677,350
7,578,720
1,564,320
1,749,300

201408092001(201408092001)
1,564,320
2,677,350
7,578,720
1,564,320
1,749,450

201408092002(201408092002)
1,564,320
2,677,350
7,578,720
1,564,320
1,749,450

201408092005(201408092005)
1,565,820
2,677,350
7,578,720
1,565,820
1,750,950

201408092006(201408092006)
1,567,380
2,677,350
7,578,720
1,567,380
1,751,670

201408092007(201408092007)
1,568,280
2,677,350
7,578,720
1,568,280
1,751,670

201408092010(201408092010)
1,570,260
2,682,720
7,578,720
1,570,260
1,751,910

201408092011(201408092011)
1,570,620
2,684,400
7,578,720
1,570,620
1,753,650

201408092012(201408092012)
1,570,620
2,692,020
7,578,720
1,570,620
1,753,650

201408092015(201408092015)
1,570,620
2,692,020
7,578,720
1,570,620
1,753,650

201408092016(201408092016)
1,573,920
2,692,020
7,663,920
1,573,920
1,754,340

201408092017(201408092017)
1,576,320
2,692,020
7,694,550
1,576,320
1,756,290

201408092020(201408092020)
1,577,760
2,705,460
7,694,550
1,577,760
1,757,310

201408092021(201408092021)
1,580,310
2,705,460
7,711,590
1,580,310
1,765,290

201408092022(201408092022)
1,580,310
2,705,460
7,912,260
1,580,310
1,766,520

201408092025(201408092025)
1,585,500
2,705,460
7,912,260
1,585,500
1,766,520

201408092026(201408092026)
1,586,070
2,721,030
7,912,260
1,586,070
1,772,730

201408092027(201408092027)
1,586,070
2,722,200
7,912,260
1,586,070
1,773,510

201408092030(201408092030)
1,589,820
2,723,250
7,912,260
1,589,820
1,781,160

201408092031(201408092031)
1,589,820
2,733,720
7,912,260
1,589,820
1,783,020

201408092032(201408092032)
1,591,500
2,733,720
7,912,260
1,591,500
1,783,020

201408092035(201408092035)
1,592,220
2,733,720
7,912,260
1,592,220
1,785,780

201408092036(201408092036)
1,595,940
2,733,720
7,943,940
1,595,940
1,792,860

201408092037(201408092037)
1,595,940
2,733,720
7,943,940
1,595,940
1,793,430

201408092040(201408092040)
1,596,660
2,733,780
7,943,940
1,596,660
1,794,090

201408092041(201408092041)
1,598,520
2,733,780
7,943,940
1,598,520
1,795,140

201408092042(201408092042)
1,598,520
2,733,780
7,943,940
1,598,520
1,795,230

201408092045(201408092045)
1,598,520
2,737,740
7,943,940
1,598,520
1,799,400

201408092046(201408092046)
1,599,240
2,737,740
7,969,110
1,599,240
1,799,910

201408092047(201408092047)
1,600,140
2,739,150
7,969,110
1,600,140
1,799,910

201408092050(201408092050)
1,600,740
2,742,450
7,969,110
1,600,740
1,800,900

201408092051(201408092051)
1,600,740
2,742,990
7,969,110
1,600,740
1,802,130

201408092052(201408092052)
1,600,740
2,742,990
7,969,110
1,600,740
1,802,130

201408092055(201408092055)
1,601,130
2,743,710
7,969,110
1,601,130
1,802,130

201408092056(201408092056)
1,601,730
2,745,420
7,971,480
1,601,730
1,803,660

201408092057(201408092057)
1,602,000
2,745,420
7,971,480
1,602,000
1,803,660

201408092100(201408092100)
1,606,740
2,745,450
7,971,480
1,606,740
1,805,250

201408092101(201408092101)
1,610,730
2,745,450
7,971,480
1,610,730
1,805,250

201408092102(201408092102)
1,611,750
2,745,450
8,013,030
1,611,750
1,808,250

201408092105(201408092105)
1,611,750
2,745,450
8,110,230
1,611,750
1,809,750

201408092106(201408092106)
1,611,810
2,745,450
8,221,080
1,611,810
1,815,930

201408092107(201408092107)
1,613,340
2,747,460
8,221,080
1,613,340
1,815,930

201408092110(201408092110)
1,615,380
2,747,460
8,221,080
1,615,380
1,817,580

201408092111(201408092111)
1,619,610
2,753,100
8,221,080
1,619,610
1,818,060

201408092112(201408092112)
1,620,690
2,753,100
8,279,760
1,620,690
1,818,060

201408092115(201408092115)
1,625,460
2,753,100
8,306,430
1,625,460
1,818,060

201408092116(201408092116)
1,627,710
2,756,340
8,306,430
1,627,710
1,820,220

201408092117(201408092117)
1,628,160
2,756,340
8,306,430
1,628,160
1,822,260

201408092120(201408092120)
1,628,550
2,756,340
8,306,430
1,628,550
1,826,340

201408092121(201408092121)
1,630,530
2,763,870
8,306,430
1,630,530
1,826,340

201408092122(201408092122)
1,630,530
2,763,870
8,306,430
1,630,530
1,827,330

201408092125(201408092125)
1,633,860
2,763,870
8,306,430
1,633,860
1,827,330

201408092126(201408092126)
1,634,370
2,763,870
8,307,330
1,634,370
1,834,740

201408092127(201408092127)
1,634,850
2,769,660
8,307,330
1,634,850
1,834,740

201408092130(201408092130)
1,635,390
2,770,290
8,307,330
1,635,390
1,835,610

201408092131(201408092131)
1,635,390
2,770,290
8,307,330
1,635,390
1,841,400

201408092132(201408092132)
1,635,390
2,770,290
8,312,730
1,635,390
1,841,400

201408092135(201408092135)
1,635,960
2,771,460
8,321,130
1,635,960
1,841,400

201408092136(201408092136)
1,643,370
2,777,400
8,369,970
1,643,370
1,850,370

201408092137(201408092137)
1,643,370
2,790,570
8,369,970
1,643,370
1,850,940

201408092140(201408092140)
1,644,180
2,790,570
8,369,970
1,644,180
1,852,200

201408092141(201408092141)
1,644,870
2,800,380
8,369,970
1,644,870
1,852,380

201408092142(201408092142)
1,644,870
2,800,380
8,369,970
1,644,870
1,853,460

201408092145(201408092145)
1,648,830
2,800,380
8,369,970
1,648,830
1,853,460

201408092146(201408092146)
1,650,570
2,800,980
8,369,970
1,650,570
1,855,620

201408092147(201408092147)
1,651,380
2,803,050
8,369,970
1,651,380
1,855,620

201408092150(201408092150)
1,654,260
2,808,900
8,369,970
1,654,260
1,859,010

201408092151(201408092151)
1,654,320
2,808,900
8,369,970
1,654,320
1,859,910

201408092152(201408092152)
1,654,380
2,808,900
8,369,970
1,654,380
1,859,910

201408092155(201408092155)
1,654,560
2,808,900
8,369,970
1,654,560
1,859,910

201408092156(201408092156)
1,657,650
2,812,050
8,369,970
1,657,650
1,862,640

201408092157(201408092157)
1,657,920
2,812,050
8,369,970
1,657,920
1,862,700

201408092200(201408092200)
1,658,940
2,814,180
8,369,970
1,658,940
1,862,970

201408092201(201408092201)
1,659,180
2,823,570
8,397,570
1,659,180
1,869,270

201408092202(201408092202)
1,659,180
2,828,970
8,397,570
1,659,180
1,870,380

201408092205(201408092205)
1,659,990
2,828,970
8,397,570
1,659,990
1,872,420

201408092206(201408092206)
1,661,220
2,828,970
8,397,570
1,661,220
1,873,920

201408092207(201408092207)
1,661,220
2,828,970
8,397,570
1,661,220
1,875,720

201408092210(201408092210)
1,663,110
2,828,970
8,397,570
1,663,110
1,876,230

201408092211(201408092211)
1,665,660
2,830,740
8,397,780
1,665,660
1,876,230

201408092212(201408092212)
1,668,150
2,830,740
8,527,950
1,668,150
1,876,920

201408092215(201408092215)
1,668,300
2,832,360
8,527,950
1,668,300
1,876,920

201408092216(201408092216)
1,673,400
2,839,530
8,527,950
1,673,400
1,876,920

201408092217(201408092217)
1,673,400
2,839,530
8,530,590
1,673,400
1,879,200

201408092220(201408092220)
1,673,400
2,839,530
8,540,730
1,673,400
1,883,460

201408092221(201408092221)
1,676,730
2,839,530
8,599,020
1,676,730
1,887,000

201408092222(201408092222)
1,676,730
2,839,530
8,609,820
1,676,730
1,887,780

201408092225(201408092225)
1,683,720
2,839,530
8,632,080
1,683,720
1,890,870

201408092226(201408092226)
1,684,860
2,839,530
8,669,010
1,684,860
1,891,560

201408092227(201408092227)
1,684,860
2,842,590
8,669,010
1,684,860
1,891,560

201408092230(201408092230)
1,687,740
2,842,590
8,669,010
1,687,740
1,893,810

201408092231(201408092231)
1,687,860
2,866,890
8,729,370
1,687,860
1,894,980

201408092232(201408092232)
1,689,630
2,875,230
8,758,380
1,689,630
1,895,970

201408092235(201408092235)
1,689,780
2,875,980
8,767,980
1,689,780
1,895,970

201408092236(201408092236)
1,692,090
2,876,580
8,877,480
1,692,090
1,898,940

201408092237(201408092237)
1,692,090
2,876,580
8,886,240
1,692,090
1,905,030

201408092240(201408092240)
1,695,540
2,879,010
8,886,240
1,695,540
1,907,070

201408092241(201408092241)
1,695,540
2,884,470
8,886,240
1,695,540
1,907,070

201408092242(201408092242)
1,695,540
2,886,390
8,886,240
1,695,540
1,907,070

201408092245(201408092245)
1,695,540
2,886,390
8,886,240
1,695,540
1,908,570

201408092246(201408092246)
1,702,140
2,905,170
8,886,240
1,702,140
1,917,420

201408092247(201408092247)
1,702,140
2,905,170
8,886,240
1,702,140
1,917,420

201408092250(201408092250)
1,705,140
2,912,280
8,886,240
1,705,140
1,918,080

201408092251(201408092251)
1,707,240
2,912,280
8,886,240
1,707,240
1,918,380

201408092252(201408092252)
1,708,560
2,912,280
8,886,240
1,708,560
1,919,580

201408092255(201408092255)
1,708,560
2,913,300
8,886,240
1,708,560
1,919,580

201408092256(201408092256)
1,712,430
2,913,300
8,886,240
1,712,430
1,919,580

201408092257(201408092257)
1,712,790
2,913,300
8,886,240
1,712,790
1,921,920

201408092300(201408092300)
1,713,480
2,927,340
8,886,240
1,713,480
1,923,870

201408092301(201408092301)
1,713,480
2,927,340
8,932,890
1,713,480
1,924,680

201408092302(201408092302)
1,713,600
2,933,730
8,932,890
1,713,600
1,924,770

201408092305(201408092305)
1,715,970
2,933,730
8,932,890
1,715,970
1,925,130

201408092306(201408092306)
1,719,630
2,933,730
8,932,890
1,719,630
1,931,730

201408092307(201408092307)
1,719,630
2,933,730
8,932,890
1,719,630
1,932,030

201408092310(201408092310)
1,721,130
2,933,970
8,932,890
1,721,130
1,932,390

201408092311(201408092311)
1,722,780
2,935,950
8,932,890
1,722,780
1,937,250

201408092312(201408092312)
1,722,780
2,944,440
8,932,890
1,722,780
1,937,250

201408092315(201408092315)
1,724,670
2,951,250
8,932,890
1,724,670
1,939,890

201408092316(201408092316)
1,725,390
2,951,250
8,932,890
1,725,390
1,949,460

201408092317(201408092317)
1,725,390
2,951,880
8,976,000
1,725,390
1,949,460

201408092320(201408092320)
1,726,860
2,956,290
9,036,720
1,726,860
1,949,460

201408092321(201408092321)
1,727,250
2,960,490
9,036,720
1,727,250
1,949,580

201408092322(201408092322)
1,727,490
2,960,490
9,036,720
1,727,490
1,949,580

201408092325(201408092325)
1,727,700
2,964,360
9,036,720
1,727,700
1,952,370

201408092326(201408092326)
1,730,130
2,970,750
9,036,720
1,730,130
1,952,370

201408092327(201408092327)
1,730,130
2,970,750
9,036,720
1,730,130
1,952,940

201408092330(201408092330)
1,732,710
2,987,880
9,036,720
1,732,710
1,958,160

201408092331(201408092331)
1,736,160
2,998,140
9,036,720
1,736,160
1,960,770

201408092332(201408092332)
1,736,160
2,998,140
9,036,720
1,736,160
1,960,950

201408092335(201408092335)
1,736,790
2,998,140
9,036,720
1,736,790
1,960,950

201408092336(201408092336)
1,738,680
3,009,000
9,082,800
1,738,680
1,966,620

201408092337(201408092337)
1,741,290
3,009,000
9,082,800
1,741,290
1,966,620

201408092340(201408092340)
1,741,290
3,009,000
9,082,800
1,741,290
1,967,100

201408092341(201408092341)
1,742,580
3,009,000
9,082,800
1,742,580
1,967,250

201408092342(201408092342)
1,743,690
3,011,040
9,082,800
1,743,690
1,969,020

201408092345(201408092345)
1,743,690
3,011,040
9,082,800
1,743,690
1,969,080

201408092346(201408092346)
1,744,890
3,011,160
9,082,800
1,744,890
1,969,590

201408092347(201408092347)
1,744,890
3,011,160
9,082,800
1,744,890
1,969,590

201408092350(201408092350)
1,744,890
3,011,160
9,082,800
1,744,890
1,972,320

201408092351(201408092351)
1,745,640
3,014,790
9,082,800
1,745,640
1,972,980

201408092352(201408092352)
1,745,640
3,014,790
9,082,800
1,745,640
1,972,980

201408092355(201408092355)
1,745,640
3,014,790
9,082,800
1,745,640
1,972,980

201408092356(201408092356)
1,747,590
3,014,790
9,082,800
1,747,590
1,975,140

201408092357(201408092357)
1,748,310
3,020,520
9,082,800
1,748,310
1,975,140

201408100000(201408100000)
1,751,040
3,020,520
9,082,800
1,751,040
1,979,010

201408100001(201408100001)
1,752,480
3,026,940
9,082,800
1,752,480
1,981,110

201408100002(201408100002)
1,753,350
3,026,940
9,082,800
1,753,350
1,981,440

201408100005(201408100005)
1,753,350
3,026,940
9,082,800
1,753,350
1,981,440

201408100006(201408100006)
1,756,920
3,026,940
9,082,800
1,756,920
1,982,040

201408100007(201408100007)
1,756,920
3,026,940
9,082,800
1,756,920
1,982,040

201408100010(201408100010)
1,756,920
3,029,970
9,119,130
1,756,920
1,986,300

201408100011(201408100011)
1,759,050
3,030,030
9,119,130
1,759,050
1,986,990

201408100012(201408100012)
1,761,990
3,030,030
9,119,130
1,761,990
1,986,990

201408100015(201408100015)
1,761,990
3,030,030
9,119,130
1,761,990
1,996,560

201408100016(201408100016)
1,763,820
3,030,030
9,119,130
1,763,820
2,002,200

201408100017(201408100017)
1,765,200
3,030,030
9,119,130
1,765,200
2,002,320

201408100020(201408100020)
1,765,200
3,038,460
9,119,130
1,765,200
2,003,070

201408100021(201408100021)
1,765,200
3,038,940
9,119,130
1,765,200
2,003,250

201408100022(201408100022)
1,765,200
3,038,940
9,119,130
1,765,200
2,005,230

201408100025(201408100025)
1,765,200
3,038,940
9,119,130
1,765,200
2,005,230

201408100026(201408100026)
1,768,740
3,039,330
9,119,130
1,768,740
2,007,810

201408100027(201408100027)
1,768,740
3,039,330
9,119,130
1,768,740
2,007,810

201408100030(201408100030)
1,771,740
3,041,400
9,119,130
1,771,740
2,007,810

201408100031(201408100031)
1,772,850
3,041,400
9,119,130
1,772,850
2,009,370

201408100032(201408100032)
1,775,070
3,041,400
9,119,130
1,775,070
2,009,370

201408100035(201408100035)
1,776,870
3,041,490
9,119,130
1,776,870
2,009,370

201408100036(201408100036)
1,777,770
3,051,960
9,119,130
1,777,770
2,011,320

201408100037(201408100037)
1,777,770
3,063,000
9,119,130
1,777,770
2,013,840

201408100040(201408100040)
1,777,770
3,063,000
9,119,130
1,777,770
2,013,840

201408100041(201408100041)
1,785,780
3,063,390
9,119,130
1,785,780
2,015,550

201408100042(201408100042)
1,790,250
3,063,390
9,130,020
1,790,250
2,016,480

201408100045(201408100045)
1,790,250
3,063,390
9,132,900
1,790,250
2,017,020

201408100046(201408100046)
1,790,250
3,063,390
9,180,630
1,790,250
2,018,010

201408100047(201408100047)
1,790,250
3,063,390
9,180,630
1,790,250
2,018,010

201408100050(201408100050)
1,790,250
3,063,390
9,180,630
1,790,250
2,021,430

201408100051(201408100051)
1,792,860
3,063,930
9,180,630
1,792,860
2,021,520

201408100052(201408100052)
1,793,790
3,063,930
9,244,260
1,793,790
2,021,520

201408100055(201408100055)
1,793,790
3,063,930
9,339,060
1,793,790
2,023,560

201408100056(201408100056)
1,794,090
3,063,930
9,429,660
1,794,090
2,025,870

201408100057(201408100057)
1,794,090
3,066,450
9,461,460
1,794,090
2,027,340

201408100100(201408100100)
1,794,090
3,070,200
9,468,450
1,794,090
2,032,380

201408100101(201408100101)
1,794,090
3,074,100
9,468,450
1,794,090
2,033,700

201408100102(201408100102)
1,794,360
3,074,340
9,468,450
1,794,360
2,033,700

201408100105(201408100105)
1,794,600
3,074,340
9,468,450
1,794,600
2,033,760

201408100106(201408100106)
1,796,280
3,074,340
9,500,940
1,796,280
2,034,420

201408100107(201408100107)
1,796,280
3,074,340
9,500,940
1,796,280
2,034,420

201408100110(201408100110)
1,796,280
3,075,150
9,500,940
1,796,280
2,036,010

201408100111(201408100111)
1,796,430
3,075,150
9,500,940
1,796,430
2,036,730

201408100112(201408100112)
1,799,400
3,075,420
9,500,940
1,799,400
2,036,730

201408100115(201408100115)
1,799,400
3,080,190
9,500,940
1,799,400
2,036,730

201408100116(201408100116)
1,800,900
3,081,180
9,548,700
1,800,900
2,036,730

201408100117(201408100117)
1,800,900
3,081,180
9,551,400
1,800,900
2,036,730

201408100120(201408100120)
1,802,070
3,081,180
9,551,400
1,802,070
2,036,730

201408100121(201408100121)
1,805,250
3,087,210
9,551,400
1,805,250
2,037,300

201408100122(201408100122)
1,805,250
3,087,210
9,551,400
1,805,250
2,037,930

201408100125(201408100125)
1,805,250
3,087,210
9,551,400
1,805,250
2,037,930

201408100126(201408100126)
1,807,110
3,087,210
9,584,820
1,807,110
2,037,930

201408100127(201408100127)
1,809,540
3,087,210
9,584,820
1,809,540
2,039,940

201408100130(201408100130)
1,809,570
3,087,210
9,584,820
1,809,570
2,039,940

201408100131(201408100131)
1,810,260
3,091,140
9,584,820
1,810,260
2,040,840

201408100132(201408100132)
1,810,260
3,091,140
9,584,820
1,810,260
2,040,840

201408100135(201408100135)
1,810,260
3,091,140
9,606,990
1,810,260
2,040,840

201408100136(201408100136)
1,815,510
3,096,060
9,606,990
1,815,510
2,041,440

201408100137(201408100137)
1,815,510
3,096,060
9,606,990
1,815,510
2,041,620

201408100140(201408100140)
1,815,510
3,097,290
9,606,990
1,815,510
2,041,620

201408100141(201408100141)
1,815,930
3,097,290
9,606,990
1,815,930
2,041,620

201408100142(201408100142)
1,816,080
3,097,290
9,606,990
1,816,080
2,041,620

201408100145(201408100145)
1,816,080
3,097,290
9,606,990
1,816,080
2,041,620

201408100146(201408100146)
1,816,080
3,099,480
9,606,990
1,816,080
2,041,620

201408100147(201408100147)
1,816,080
3,099,780
9,606,990
1,816,080
2,041,890

201408100150(201408100150)
1,817,160
3,099,780
9,606,990
1,817,160
2,041,890

201408100151(201408100151)
1,817,370
3,101,910
9,606,990
1,817,370
2,041,890

201408100152(201408100152)
1,817,370
3,103,710
9,606,990
1,817,370
2,043,390

201408100155(201408100155)
1,817,370
3,105,480
9,606,990
1,817,370
2,043,390

201408100156(201408100156)
1,817,370
3,105,480
9,606,990
1,817,370
2,047,650

201408100157(201408100157)
1,817,370
3,105,480
9,606,990
1,817,370
2,047,650

201408100200(201408100200)
1,817,370
3,105,480
9,606,990
1,817,370
2,047,650

201408100201(201408100201)
1,817,370
3,105,480
9,606,990
1,817,370
2,047,650

201408100202(201408100202)
1,817,580
3,105,480
9,606,990
1,817,580
2,047,650

201408100205(201408100205)
1,817,580
3,113,850
9,606,990
1,817,580
2,048,310

201408100206(201408100206)
1,817,580
3,115,170
9,606,990
1,817,580
2,048,310

201408100207(201408100207)
1,817,760
3,115,170
9,606,990
1,817,760
2,048,310

201408100210(201408100210)
1,817,760
3,118,020
9,606,990
1,817,760
2,048,310

201408100211(201408100211)
1,818,930
3,118,020
9,606,990
1,818,930
2,048,310

201408100212(201408100212)
1,818,930
3,118,020
9,606,990
1,818,930
2,048,310

201408100215(201408100215)
1,818,930
3,118,020
9,606,990
1,818,930
2,048,310

201408100216(201408100216)
1,818,930
3,120,690
9,606,990
1,818,930
2,048,310

201408100217(201408100217)
1,818,930
3,120,690
9,606,990
1,818,930
2,048,310

201408100220(201408100220)
1,818,930
3,120,690
9,606,990
1,818,930
2,048,310

201408100221(201408100221)
1,818,930
3,123,030
9,606,990
1,818,930
2,050,710

201408100222(201408100222)
1,818,930
3,123,030
9,606,990
1,818,930
2,050,710

201408100225(201408100225)
1,818,930
3,123,030
9,606,990
1,818,930
2,050,710

201408100226(201408100226)
1,818,930
3,123,030
9,606,990
1,818,930
2,050,830

201408100227(201408100227)
1,819,260
3,123,030
9,606,990
1,819,260
2,050,830

201408100230(201408100230)
1,819,260
3,129,420
9,606,990
1,819,260
2,050,920

201408100231(201408100231)
1,819,920
3,129,900
9,606,990
1,819,920
2,050,920

201408100232(201408100232)
1,820,340
3,129,900
9,606,990
1,820,340
2,050,920

201408100235(201408100235)
1,820,340
3,132,090
9,606,990
1,820,340
2,050,920

201408100236(201408100236)
1,823,520
3,132,090
9,637,650
1,823,520
2,050,920

201408100237(201408100237)
1,824,030
3,132,090
9,637,650
1,824,030
2,050,920

201408100240(201408100240)
1,824,030
3,132,090
9,637,650
1,824,030
2,055,000

201408100241(201408100241)
1,824,030
3,136,140
9,637,650
1,824,030
2,058,930

201408100242(201408100242)
1,824,030
3,136,140
9,637,650
1,824,030
2,058,930

201408100245(201408100245)
1,825,080
3,136,140
9,637,650
1,825,080
2,058,930

201408100246(201408100246)
1,825,470
3,136,140
9,637,650
1,825,470
2,059,770

201408100247(201408100247)
1,825,470
3,136,140
9,637,650
1,825,470
2,059,770

201408100250(201408100250)
1,825,470
3,136,140
9,637,650
1,825,470
2,059,770

201408100251(201408100251)
1,825,470
3,136,590
9,637,650
1,825,470
2,059,770

201408100252(201408100252)
1,825,470
3,136,590
9,637,650
1,825,470
2,059,770

201408100255(201408100255)
1,827,090
3,136,590
9,637,650
1,827,090
2,059,770

201408100256(201408100256)
1,827,990
3,140,640
9,637,650
1,827,990
2,062,680

201408100257(201408100257)
1,827,990
3,140,640
9,637,650
1,827,990
2,062,680

201408100300(201408100300)
1,831,500
3,140,640
9,637,650
1,831,500
2,062,680

201408100301(201408100301)
1,831,500
3,142,290
9,637,650
1,831,500
2,062,680

201408100302(201408100302)
1,831,500
3,142,290
9,637,650
1,831,500
2,064,390

201408100305(201408100305)
1,831,500
3,142,290
9,637,650
1,831,500
2,064,390

201408100306(201408100306)
1,834,830
3,142,290
9,637,650
1,834,830
2,064,570

201408100307(201408100307)
1,834,830
3,142,290
9,637,650
1,834,830
2,064,570

201408100310(201408100310)
1,834,830
3,142,290
9,637,650
1,834,830
2,065,080

201408100311(201408100311)
1,835,610
3,142,620
9,664,500
1,835,610
2,065,080

201408100312(201408100312)
1,835,610
3,142,620
9,664,500
1,835,610
2,065,080

201408100315(201408100315)
1,836,180
3,142,620
9,664,500
1,836,180
2,065,080

201408100316(201408100316)
1,836,180
3,142,620
9,664,500
1,836,180
2,065,740

201408100317(201408100317)
1,839,450
3,142,620
9,664,500
1,839,450
2,065,740

201408100320(201408100320)
1,840,680
3,142,620
9,664,500
1,840,680
2,067,300

201408100321(201408100321)
1,841,910
3,142,620
9,664,500
1,841,910
2,068,290

201408100322(201408100322)
1,841,910
3,142,620
9,664,500
1,841,910
2,068,290

201408100325(201408100325)
1,841,910
3,142,620
9,708,060
1,841,910
2,070,480

201408100326(201408100326)
1,842,570
3,142,620
9,708,060
1,842,570
2,070,480

201408100327(201408100327)
1,842,570
3,142,620
9,708,060
1,842,570
2,070,480

201408100330(201408100330)
1,842,570
3,142,620
9,708,060
1,842,570
2,070,480

201408100331(201408100331)
1,842,570
3,142,620
9,708,060
1,842,570
2,070,480

201408100332(201408100332)
1,844,760
3,142,620
9,708,060
1,844,760
2,070,480

201408100335(201408100335)
1,844,760
3,147,720
9,708,060
1,844,760
2,070,480

201408100336(201408100336)
1,845,120
3,147,720
9,708,060
1,845,120
2,070,480

201408100337(201408100337)
1,845,120
3,147,720
9,708,060
1,845,120
2,070,480

201408100340(201408100340)
1,848,480
3,147,720
9,708,060
1,848,480
2,070,480

201408100341(201408100341)
1,850,340
3,147,720
9,708,060
1,850,340
2,070,600

201408100342(201408100342)
1,850,340
3,147,720
9,708,060
1,850,340
2,070,600

201408100345(201408100345)
1,850,580
3,147,720
9,708,060
1,850,580
2,070,600

201408100346(201408100346)
1,850,580
3,147,720
9,708,060
1,850,580
2,073,270

201408100347(201408100347)
1,850,580
3,159,990
9,708,060
1,850,580
2,074,020

201408100350(201408100350)
1,850,580
3,159,990
9,708,060
1,850,580
2,075,580

201408100351(201408100351)
1,850,940
3,160,950
9,708,060
1,850,940
2,075,730

201408100352(201408100352)
1,850,940
3,160,950
9,708,060
1,850,940
2,075,730

201408100355(201408100355)
1,852,020
3,160,950
9,708,060
1,852,020
2,075,730

201408100356(201408100356)
1,852,260
3,161,370
9,708,060
1,852,260
2,078,250

201408100357(201408100357)
1,852,260
3,161,370
9,708,060
1,852,260
2,078,250

201408100400(201408100400)
1,852,260
3,161,370
9,708,060
1,852,260
2,078,250

201408100401(201408100401)
1,852,260
3,161,370
9,714,870
1,852,560
2,078,250

201408100402(201408100402)
1,852,560
3,161,370
9,717,120
1,852,560
2,078,250

201408100405(201408100405)
1,852,560
3,161,370
9,717,120
1,852,560
2,078,250

201408100406(201408100406)
1,853,070
3,161,370
9,720,810
1,853,070
2,078,250

201408100407(201408100407)
1,853,070
3,165,150
9,720,810
1,853,070
2,078,250

201408100410(201408100410)
1,853,070
3,168,150
9,720,810
1,853,070
2,078,250

201408100411(201408100411)
1,853,070
3,168,150
9,720,810
1,853,070
2,078,250

201408100412(201408100412)
1,853,070
3,168,150
9,720,810
1,853,070
2,079,000

201408100415(201408100415)
1,853,070
3,168,150
9,720,810
1,853,070
2,079,000

201408100416(201408100416)
1,853,070
3,168,150
9,720,810
1,853,070
2,079,000

201408100417(201408100417)
1,853,070
3,168,150
9,720,810
1,853,070
2,079,000

201408100420(201408100420)
1,853,070
3,168,150
9,720,810
1,853,070
2,079,000

201408100421(201408100421)
1,853,160
3,168,150
9,720,810
1,854,090
2,079,000

201408100422(201408100422)
1,854,090
3,168,150
9,777,180
1,854,090
2,079,000

201408100425(201408100425)
1,854,090
3,168,150
9,777,180
1,854,090
2,079,000

201408100426(201408100426)
1,854,360
3,168,150
9,777,180
1,854,360
2,079,000

201408100427(201408100427)
1,854,360
3,168,150
9,777,180
1,854,360
2,079,000

201408100430(201408100430)
1,854,360
3,168,150
9,777,180
1,854,360
2,079,000

201408100431(201408100431)
1,854,360
3,168,150
9,777,180
1,854,360
2,079,000

201408100432(201408100432)
1,854,360
3,168,150
9,777,180
1,854,360
2,079,270

201408100435(201408100435)
1,854,360
3,168,150
9,777,180
1,854,360
2,081,430

201408100436(201408100436)
1,854,360
3,168,150
9,777,180
1,854,360
2,081,430

201408100437(201408100437)
1,854,360
3,168,540
9,777,180
1,854,360
2,081,430

201408100440(201408100440)
1,854,360
3,168,540
9,777,180
1,854,360
2,081,430

201408100441(201408100441)
1,854,360
3,168,540
9,854,670
1,854,360
2,081,430

201408100442(201408100442)
1,854,360
3,168,540
10,016,340
1,854,360
2,081,430

201408100445(201408100445)
1,854,360
3,168,540
10,016,340
1,854,360
2,081,430

201408100446(201408100446)
1,854,360
3,178,350
10,016,340
1,854,360
2,081,430

201408100447(201408100447)
1,854,360
3,178,350
10,016,340
1,854,360
2,081,430

201408100450(201408100450)
1,854,360
3,178,350
10,016,340
1,854,360
2,081,430

201408100451(201408100451)
1,854,360
3,178,350
10,016,340
1,854,360
2,081,430

201408100452(201408100452)
1,854,360
3,178,350
10,016,340
1,854,360
2,081,430

201408100455(201408100455)
1,854,360
3,178,350
10,016,340
1,854,360
2,081,430

201408100456(201408100456)
1,854,690
3,178,350
10,016,340
1,854,690
2,081,430

201408100457(201408100457)
1,854,690
3,179,640
10,016,340
1,854,690
2,081,430

201408100500(201408100500)
1,854,690
3,179,640
10,016,340
1,854,690
2,081,430

201408100501(201408100501)
1,855,050
3,179,640
10,016,340
1,855,050
2,084,250

201408100502(201408100502)
1,855,050
3,179,730
10,016,340
1,855,050
2,084,250

201408100505(201408100505)
1,855,050
3,179,730
10,016,340
1,855,050
2,084,250

201408100506(201408100506)
1,856,250
3,179,730
10,016,340
1,856,250
2,084,250

201408100507(201408100507)
1,856,250
3,179,730
10,016,340
1,856,250
2,084,250

201408100510(201408100510)
1,856,250
3,179,730
10,016,340
1,856,250
2,084,250

201408100511(201408100511)
1,856,250
3,181,290
10,016,340
1,856,250
2,085,390

201408100512(201408100512)
1,856,250
3,181,290
10,016,340
1,856,250
2,085,390

201408100515(201408100515)
1,856,910
3,181,290
10,016,340
1,856,910
2,085,390

201408100516(201408100516)
1,856,910
3,181,290
10,016,340
1,856,910
2,085,750

201408100517(201408100517)
1,856,910
3,181,290
10,016,340
1,856,910
2,085,750

201408100520(201408100520)
1,856,910
3,181,290
10,016,340
1,856,910
2,085,750

201408100521(201408100521)
1,856,910
3,181,290
10,016,340
1,856,910
2,085,750

201408100522(201408100522)
1,856,910
3,181,290
10,016,340
1,856,910
2,085,750

201408100525(201408100525)
1,856,910
3,181,290
10,016,340
1,856,910
2,085,750

201408100526(201408100526)
1,859,010
3,181,290
10,016,340
1,859,010
2,086,020

201408100527(201408100527)
1,859,010
3,181,290
10,016,340
1,859,010
2,086,020

201408100530(201408100530)
1,859,010
3,181,290
10,016,340
1,859,010
2,086,020

201408100531(201408100531)
1,859,910
3,188,430
10,016,340
1,859,910
2,086,620

201408100532(201408100532)
1,859,910
3,190,710
10,016,340
1,859,910
2,086,620

201408100535(201408100535)
1,862,460
3,190,710
10,016,340
1,862,460
2,086,620

201408100536(201408100536)
1,862,460
3,190,710
10,016,340
1,862,460
2,086,620

201408100537(201408100537)
1,862,460
3,195,390
10,016,340
1,862,460
2,087,040

201408100540(201408100540)
1,862,460
3,195,390
10,016,340
1,862,460
2,087,040

201408100541(201408100541)
1,862,460
3,195,390
10,016,340
1,862,460
2,087,040

201408100542(201408100542)
1,862,460
3,195,390
10,016,340
1,862,460
2,087,040

201408100545(201408100545)
1,862,460
3,195,390
10,016,340
1,862,460
2,087,040

201408100546(201408100546)
1,862,460
3,195,390
10,016,340
1,862,460
2,087,040

201408100547(201408100547)
1,862,460
3,195,390
10,016,340
1,862,460
2,087,040

201408100550(201408100550)
1,862,460
3,195,390
10,016,340
1,862,460
2,087,040

201408100551(201408100551)
1,862,460
3,195,390
10,016,340
1,862,460
2,088,360

201408100552(201408100552)
1,862,460
3,195,390
10,036,470
1,862,460
2,088,360

201408100555(201408100555)
1,862,460
3,195,390
10,036,470
1,862,460
2,088,360

201408100556(201408100556)
1,862,760
3,197,100
10,158,030
1,862,760
2,088,360

201408100557(201408100557)
1,864,050
3,197,100
10,158,030
1,864,050
2,088,360

201408100600(201408100600)
1,864,050
3,197,100
10,158,030
1,864,050
2,088,360

201408100601(201408100601)
1,866,960
3,197,100
10,158,030
1,866,960
2,089,440

201408100602(201408100602)
1,866,960
3,197,100
10,158,030
1,866,960
2,089,440

201408100605(201408100605)
1,866,960
3,197,100
10,158,030
1,866,960
2,089,440

201408100606(201408100606)
1,867,590
3,197,100
10,158,030
1,867,590
2,090,310

201408100607(201408100607)
1,867,590
3,197,100
10,158,030
1,867,590
2,090,310

201408100610(201408100610)
1,867,590
3,198,180
10,158,030
1,867,590
2,090,310

201408100611(201408100611)
1,869,270
3,198,180
10,158,030
1,869,270
2,091,840

201408100612(201408100612)
1,871,430
3,198,180
10,158,030
1,871,430
2,091,840

201408100615(201408100615)
1,871,940
3,198,180
10,158,030
1,871,940
2,093,010

201408100616(201408100616)
1,873,650
3,198,180
10,158,030
1,873,650
2,096,760

201408100617(201408100617)
1,873,920
3,198,180
10,158,030
1,873,920
2,096,760

201408100620(201408100620)
1,876,380
3,198,180
10,158,030
1,876,380
2,100,090

201408100621(201408100621)
1,884,000
3,198,180
10,158,030
1,884,000
2,100,540

201408100622(201408100622)
1,884,000
3,198,180
10,158,030
1,884,000
2,102,580

201408100625(201408100625)
1,884,000
3,198,180
10,158,030
1,884,000
2,102,580

201408100626(201408100626)
1,885,200
3,198,180
10,158,030
1,885,200
2,105,760

201408100627(201408100627)
1,885,200
3,198,180
10,158,030
1,885,200
2,108,040

201408100630(201408100630)
1,885,200
3,198,180
10,158,030
1,885,200
2,108,220

201408100631(201408100631)
1,885,200
3,198,180
10,158,030
1,885,200
2,108,220

201408100632(201408100632)
1,885,200
3,198,180
10,158,030
1,885,200
2,108,220

201408100635(201408100635)
1,886,460
3,198,180
10,158,030
1,886,460
2,110,230

201408100636(201408100636)
1,890,870
3,205,080
10,306,830
1,890,870
2,110,230

201408100637(201408100637)
1,890,870
3,205,080
10,306,830
1,890,870
2,110,230

201408100640(201408100640)
1,890,870
3,205,080
10,306,830
1,890,870
2,115,210

201408100641(201408100641)
1,890,870
3,205,080
10,306,830
1,890,870
2,115,210

201408100642(201408100642)
1,893,810
3,205,080
10,306,830
1,893,810
2,115,210

201408100645(201408100645)
1,893,810
3,205,080
10,306,830
1,893,810
2,115,210

201408100646(201408100646)
1,893,810
3,205,710
10,306,830
1,893,810
2,115,210

201408100647(201408100647)
1,893,810
3,205,710
10,306,830
1,893,810
2,115,210

201408100650(201408100650)
1,896,060
3,205,710
10,306,830
1,896,060
2,115,210

201408100651(201408100651)
1,896,060
3,205,710
10,306,830
1,896,060
2,115,510

201408100652(201408100652)
1,896,060
3,205,710
10,306,830
1,896,060
2,115,510

201408100655(201408100655)
1,896,060
3,206,580
10,306,830
1,896,060
2,115,780

201408100656(201408100656)
1,898,580
3,209,970
10,306,830
1,898,580
2,116,890

201408100657(201408100657)
1,898,580
3,209,970
10,306,830
1,898,580
2,116,890

201408100700(201408100700)
1,898,580
3,209,970
10,306,830
1,898,580
2,117,040

201408100701(201408100701)
1,898,580
3,209,970
10,306,830
1,898,580
2,117,370

201408100702(201408100702)
1,898,580
3,210,810
10,306,830
1,898,580
2,117,370

201408100705(201408100705)
1,898,580
3,210,810
10,306,830
1,898,580
2,117,370

201408100706(201408100706)
1,901,460
3,210,810
10,306,830
1,901,460
2,117,370

201408100707(201408100707)
1,901,700
3,215,730
10,306,830
1,901,700
2,117,370

201408100710(201408100710)
1,904,190
3,220,080
10,306,830
1,904,190
2,122,110

201408100711(201408100711)
1,904,190
3,220,080
10,306,830
1,904,190
2,122,620

201408100712(201408100712)
1,904,190
3,220,080
10,306,830
1,904,190
2,122,620

201408100715(201408100715)
1,904,190
3,224,970
10,306,830
1,904,190
2,122,620

201408100716(201408100716)
1,904,190
3,224,970
10,306,830
1,904,190
2,122,620

201408100717(201408100717)
1,904,190
3,224,970
10,306,830
1,904,190
2,122,620

201408100720(201408100720)
1,904,190
3,224,970
10,307,730
1,904,190
2,122,620

201408100721(201408100721)
1,904,190
3,228,660
10,307,730
1,904,190
2,122,620

201408100722(201408100722)
1,904,190
3,228,660
10,315,290
1,904,190
2,122,620

201408100725(201408100725)
1,904,190
3,228,660
10,315,290
1,904,190
2,122,620

201408100726(201408100726)
1,904,190
3,229,200
10,315,290
1,904,190
2,122,620

201408100727(201408100727)
1,904,190
3,229,200
10,315,290
1,904,190
2,122,620

201408100730(201408100730)
1,904,190
3,229,200
10,315,290
1,904,190
2,122,620

201408100731(201408100731)
1,904,190
3,229,530
10,342,350
1,904,190
2,125,230

201408100732(201408100732)
1,904,190
3,229,530
10,342,350
1,904,190
2,125,230

201408100735(201408100735)
1,904,190
3,229,530
10,342,350
1,904,190
2,125,230

201408100736(201408100736)
1,904,190
3,232,950
10,342,350
1,905,780
2,125,230

201408100737(201408100737)
1,908,240
3,234,480
10,342,350
1,908,240
2,125,230

201408100740(201408100740)
1,908,240
3,234,480
10,342,350
1,908,240
2,125,230

201408100741(201408100741)
1,908,240
3,235,830
10,378,740
1,908,240
2,127,630

201408100742(201408100742)
1,908,240
3,235,830
10,378,740
1,908,240
2,127,630

201408100745(201408100745)
1,908,240
3,235,830
10,378,740
1,908,240
2,127,630

201408100746(201408100746)
1,908,240
3,235,830
10,382,430
1,908,240
2,130,150

201408100747(201408100747)
1,908,240
3,235,830
10,382,430
1,908,240
2,130,540

201408100750(201408100750)
1,908,240
3,235,830
10,382,430
1,908,240
2,130,540

201408100751(201408100751)
1,908,240
3,235,830
10,382,430
1,908,240
2,136,420

201408100752(201408100752)
1,908,240
3,235,830
10,382,430
1,908,240
2,136,420

201408100755(201408100755)
1,908,240
3,235,830
10,382,430
1,908,240
2,136,420

201408100756(201408100756)
1,908,390
3,235,830
10,382,430
1,908,390
2,141,370

201408100757(201408100757)
1,908,390
3,235,830
10,382,430
1,908,390
2,141,370

201408100800(201408100800)
1,908,390
3,235,830
10,382,430
1,908,390
2,141,370

201408100801(201408100801)
1,908,390
3,247,770
10,382,430
1,909,320
2,141,370

201408100802(201408100802)
1,909,320
3,247,770
10,382,430
1,909,320
2,142,000

201408100805(201408100805)
1,909,320
3,247,770
10,382,430
1,909,320
2,142,420

201408100806(201408100806)
1,909,320
3,247,770
10,382,430
1,917,420
2,147,520

201408100807(201408100807)
1,917,420
3,250,410
10,382,430
1,917,420
2,147,520

201408100810(201408100810)
1,917,420
3,250,410
10,382,430
1,917,420
2,147,520

201408100811(201408100811)
1,917,420
3,250,410
10,382,430
1,917,420
2,147,520

201408100812(201408100812)
1,917,420
3,250,410
10,382,430
1,917,420
2,147,520

201408100815(201408100815)
1,917,420
3,250,410
10,382,430
1,918,080
2,147,520

201408100816(201408100816)
1,918,080
3,250,410
10,382,430
1,918,080
2,150,520

201408100817(201408100817)
1,918,080
3,250,410
10,382,430
1,918,080
2,150,940

201408100820(201408100820)
1,918,080
3,250,410
10,425,510
1,918,080
2,151,960

201408100821(201408100821)
1,918,740
3,250,410
10,425,510
1,918,740
2,151,960

201408100822(201408100822)
1,918,740
3,250,410
10,425,510
1,918,740
2,153,880

201408100825(201408100825)
1,918,740
3,250,410
10,425,510
1,918,740
2,153,880

201408100826(201408100826)
1,919,940
3,255,600
10,425,510
1,919,940
2,154,120

201408100827(201408100827)
1,919,940
3,255,600
10,425,510
1,920,930
2,154,120

201408100830(201408100830)
1,920,930
3,255,600
10,425,510
1,920,930
2,154,120

201408100831(201408100831)
1,920,930
3,257,340
10,425,510
1,922,460
2,159,460

201408100832(201408100832)
1,922,460
3,257,340
10,425,510
1,922,460
2,159,460

201408100835(201408100835)
1,922,460
3,257,340
10,425,510
1,922,460
2,159,460

201408100836(201408100836)
1,923,300
3,271,470
10,425,510
1,923,300
2,159,460

201408100837(201408100837)
1,923,300
3,271,470
10,425,510
1,923,300
2,161,110

201408100840(201408100840)
1,923,330
3,271,470
10,425,510
1,923,330
2,161,110

201408100841(201408100841)
1,924,680
3,271,470
10,425,510
1,924,770
2,162,910

201408100842(201408100842)
1,924,770
3,271,470
10,425,510
1,925,130
2,164,920

201408100845(201408100845)
1,925,130
3,275,940
10,425,510
1,925,520
2,166,900

201408100846(201408100846)
1,925,520
3,275,940
10,425,510
1,925,520
2,166,900

201408100847(201408100847)
1,925,520
3,286,380
10,425,510
1,929,990
2,170,650

201408100850(201408100850)
1,930,260
3,286,380
10,425,510
1,930,260
2,170,650

201408100851(201408100851)
1,930,260
3,289,740
10,425,510
1,930,260
2,173,410

201408100852(201408100852)
1,930,260
3,289,800
10,425,510
1,930,260
2,173,410

201408100855(201408100855)
1,930,260
3,289,800
10,425,510
1,930,440
2,173,410

201408100856(201408100856)
1,930,440
3,289,800
10,425,510
1,930,770
2,173,500

201408100857(201408100857)
1,930,770
3,291,570
10,425,510
1,930,770
2,173,500

201408100900(201408100900)
1,930,770
3,295,860
10,425,510
1,930,770
2,173,500

201408100901(201408100901)
1,934,070
3,296,190
10,455,810
1,934,070
2,173,500

201408100902(201408100902)
1,934,070
3,296,190
10,455,810
1,934,070
2,177,580

201408100905(201408100905)
1,934,070
3,296,190
10,455,810
1,934,070
2,177,580

201408100906(201408100906)
1,934,070
3,306,330
10,455,810
1,934,070
2,178,510

201408100907(201408100907)
1,938,060
3,306,330
10,455,810
1,939,650
2,182,080

201408100910(201408100910)
1,939,650
3,309,720
10,455,810
1,939,650
2,182,710

201408100911(201408100911)
1,939,650
3,309,720
10,512,900
1,939,650
2,182,710

201408100912(201408100912)
1,939,650
3,309,720
10,512,900
1,939,770
2,182,710

201408100915(201408100915)
1,939,770
3,309,720
10,512,900
1,939,770
2,183,460

201408100916(201408100916)
1,939,770
3,309,720
10,512,900
1,939,770
2,183,460

201408100917(201408100917)
1,939,770
3,315,030
10,512,900
1,939,770
2,183,460

201408100920(201408100920)
1,943,550
3,315,030
10,512,900
1,943,550
2,186,580

201408100921(201408100921)
1,944,060
3,315,030
10,512,900
1,944,060
2,187,810

201408100922(201408100922)
1,944,060
3,315,300
10,512,900
1,945,470
2,188,740

201408100925(201408100925)
1,945,470
3,320,880
10,512,900
1,946,430
2,188,740

201408100926(201408100926)
1,948,890
3,320,880
10,512,900
1,948,890
2,193,090

201408100927(201408100927)
1,949,310
3,320,880
10,512,900
1,949,580
2,193,840

201408100930(201408100930)
1,952,700
3,320,880
10,512,900
1,952,700
2,193,840

201408100931(201408100931)
1,954,410
3,320,880
10,512,900
1,954,410
2,194,260

201408100932(201408100932)
1,954,410
3,320,880
10,512,900
1,954,410
2,194,260

201408100935(201408100935)
1,954,410
3,320,880
10,512,900
1,954,410
2,197,860

201408100936(201408100936)
1,954,410
3,320,880
10,512,900
1,954,410
2,197,860

201408100937(201408100937)
1,954,560
3,322,470
10,512,900
1,954,560
2,197,860

201408100940(201408100940)
1,954,590
3,322,470
10,512,900
1,954,590
2,199,840

201408100941(201408100941)
1,960,950
3,322,470
10,512,900
1,960,950
2,201,910

201408100942(201408100942)
1,960,950
3,322,470
10,512,900
1,960,950
2,202,480

201408100945(201408100945)
1,960,950
3,326,340
10,512,900
1,960,950
2,202,630

201408100946(201408100946)
1,964,910
3,327,780
10,512,900
1,964,910
2,203,380

201408100947(201408100947)
1,964,910
3,327,780
10,512,900
1,964,910
2,203,380

201408100950(201408100950)
1,964,910
3,327,780
10,512,900
1,964,910
2,204,670

201408100951(201408100951)
1,964,910
3,331,830
10,512,900
1,964,910
2,205,810

201408100952(201408100952)
1,964,910
3,331,830
10,512,900
1,964,910
2,205,810

201408100955(201408100955)
1,964,910
3,331,830
10,512,900
1,964,910
2,205,810

201408100956(201408100956)
1,964,910
3,331,830
10,512,900
1,964,910
2,206,470

201408100957(201408100957)
1,964,910
3,338,550
10,512,900
1,964,910
2,210,040

201408101000(201408101000)
1,964,910
3,338,550
10,512,900
1,964,910
2,210,040

201408101001(201408101001)
1,966,530
3,341,640
10,512,900
1,966,530
2,210,040

201408101002(201408101002)
1,966,530
3,342,750
10,512,900
1,966,530
2,210,040

201408101005(201408101005)
1,966,530
3,342,750
10,512,900
1,966,530
2,210,040

201408101006(201408101006)
1,966,530
3,349,170
10,512,900
1,966,530
2,210,040

201408101007(201408101007)
1,967,100
3,349,170
10,512,900
1,967,970
2,211,840

201408101010(201408101010)
1,967,970
3,350,040
10,573,710
1,967,970
2,212,830

201408101011(201408101011)
1,968,510
3,360,450
10,573,710
1,968,510
2,215,380

201408101012(201408101012)
1,969,950
3,360,450
10,573,710
1,969,950
2,215,380

201408101015(201408101015)
1,969,950
3,369,330
10,573,710
1,971,000
2,215,380

201408101016(201408101016)
1,971,180
3,369,330
10,573,710
1,971,180
2,217,360

201408101017(201408101017)
1,971,180
3,369,330
10,573,710
1,971,180
2,221,200

201408101020(201408101020)
1,971,180
3,369,330
10,573,710
1,971,180
2,225,580

201408101021(201408101021)
1,972,080
3,369,330
10,573,710
1,972,080
2,225,580

201408101022(201408101022)
1,972,080
3,372,240
10,581,660
1,972,080
2,228,820

201408101025(201408101025)
1,972,980
3,373,200
10,588,920
1,972,980
2,228,820

201408101026(201408101026)
1,974,180
3,373,830
10,588,920
1,974,180
2,228,820

201408101027(201408101027)
1,974,180
3,373,830
10,588,920
1,976,010
2,233,860

201408101030(201408101030)
1,977,690
3,375,480
10,600,110
1,977,690
2,242,860

201408101031(201408101031)
1,979,670
3,376,530
10,642,710
1,979,670
2,247,480

201408101032(201408101032)
1,979,670
3,376,530
10,642,710
1,979,670
2,250,510

201408101035(201408101035)
1,982,280
3,376,980
10,642,710
1,982,280
2,251,440

201408101036(201408101036)
1,983,270
3,376,980
10,676,310
1,983,270
2,253,090

201408101037(201408101037)
1,983,270
3,376,980
10,676,310
1,983,270
2,254,860

201408101040(201408101040)
1,983,270
3,380,040
10,676,310
1,983,270
2,254,860

201408101041(201408101041)
1,983,270
3,380,040
10,676,310
1,983,270
2,254,860

201408101042(201408101042)
1,983,270
3,380,040
10,676,310
1,983,270
2,254,860

201408101045(201408101045)
1,983,270
3,380,040
10,676,310
1,983,270
2,254,860

201408101046(201408101046)
1,984,050
3,380,040
10,676,310
1,984,050
2,255,370

201408101047(201408101047)
1,984,050
3,380,040
10,676,310
1,984,050
2,255,370

201408101050(201408101050)
1,984,050
3,380,040
10,676,310
1,984,050
2,255,820

201408101051(201408101051)
1,984,260
3,380,040
10,676,310
1,984,260
2,256,960

201408101052(201408101052)
1,985,490
3,380,040
10,676,310
1,985,490
2,256,960

201408101055(201408101055)
1,985,490
3,383,040
10,702,710
1,985,490
2,256,960

201408101056(201408101056)
1,986,300
3,383,040
10,702,710
1,986,300
2,257,050

201408101057(201408101057)
1,986,300
3,394,770
10,702,710
1,986,300
2,257,050

201408101100(201408101100)
1,986,300
3,405,090
10,702,710
1,986,300
2,257,050

201408101101(201408101101)
1,986,300
3,405,090
10,702,710
1,986,300
2,258,160

201408101102(201408101102)
1,986,300
3,405,090
10,702,710
1,986,300
2,258,160

201408101105(201408101105)
1,986,300
3,406,320
10,702,710
1,986,300
2,258,160

201408101106(201408101106)
1,986,300
3,407,760
10,702,710
1,986,300
2,258,160

201408101107(201408101107)
1,986,300
3,407,760
10,702,710
1,986,300
2,258,160

201408101110(201408101110)
1,986,300
3,419,040
10,702,710
1,986,300
2,259,120

201408101111(201408101111)
1,988,850
3,419,040
10,702,710
1,988,850
2,259,120

201408101112(201408101112)
1,988,850
3,419,040
10,702,710
1,988,850
2,259,120

201408101115(201408101115)
1,989,360
3,419,040
10,702,710
1,989,360
2,259,120

201408101116(201408101116)
1,993,560
3,424,770
10,702,710
1,993,560
2,259,120

201408101117(201408101117)
1,995,270
3,424,770
10,702,710
1,995,270
2,259,180

201408101120(201408101120)
1,996,560
3,424,770
10,718,040
1,996,560
2,259,180

201408101121(201408101121)
1,996,560
3,435,750
10,718,040
1,996,560
2,259,180

201408101122(201408101122)
1,999,200
3,435,750
10,718,040
1,999,260
2,259,570

201408101125(201408101125)
1,999,260
3,435,750
10,718,040
1,999,260
2,259,570

201408101126(201408101126)
1,999,260
3,435,750
10,720,830
1,999,260
2,259,570

201408101127(201408101127)
1,999,260
3,435,750
10,720,830
1,999,260
2,260,290

201408101130(201408101130)
1,999,890
3,435,750
10,720,830
1,999,890
2,260,290

201408101131(201408101131)
2,005,230
3,436,500
10,720,830
2,005,230
2,260,290

201408101132(201408101132)
2,005,350
3,436,500
10,720,830
2,005,350
2,260,410

201408101135(201408101135)
2,005,350
3,437,130
10,720,830
2,005,350
2,260,410

201408101136(201408101136)
2,005,350
3,437,130
10,733,040
2,005,350
2,260,410

201408101137(201408101137)
2,007,810
3,437,130
10,733,040
2,007,810
2,260,410

201408101140(201408101140)
2,010,240
3,437,130
10,733,040
2,010,240
2,260,410

201408101141(201408101141)
2,010,450
3,437,130
10,733,040
2,010,450
2,260,950

201408101142(201408101142)
2,012,340
3,437,130
10,733,040
2,012,340
2,261,130

201408101145(201408101145)
2,012,820
3,437,130
10,733,040
2,012,820
2,261,130

201408101146(201408101146)
2,013,660
3,437,130
10,753,860
2,013,660
2,261,130

201408101147(201408101147)
2,015,550
3,437,130
10,753,860
2,015,550
2,267,790

201408101150(201408101150)
2,015,550
3,437,130
10,753,860
2,015,550
2,268,090

201408101151(201408101151)
2,015,550
3,437,820
10,753,860
2,015,550
2,268,090

201408101152(201408101152)
2,015,550
3,437,820
10,753,860
2,015,550
2,268,090

201408101155(201408101155)
2,015,550
3,444,780
10,753,860
2,015,550
2,268,090

201408101156(201408101156)
2,016,270
3,444,780
10,790,970
2,016,270
2,270,220

201408101157(201408101157)
2,016,750
3,444,780
10,798,350
2,016,750
2,270,220

201408101200(201408101200)
2,017,050
3,453,720
10,914,840
2,017,050
2,270,220

201408101201(201408101201)
2,017,050
3,456,600
10,914,840
2,017,050
2,270,940

201408101202(201408101202)
2,017,050
3,456,600
10,914,840
2,017,050
2,271,840

201408101205(201408101205)
2,017,050
3,460,170
10,914,840
2,017,050
2,272,410

201408101206(201408101206)
2,017,680
3,471,870
10,914,840
2,017,680
2,273,010

201408101207(201408101207)
2,017,680
3,471,870
10,914,840
2,017,680
2,273,010

201408101210(201408101210)
2,020,590
3,473,730
10,914,840
2,020,590
2,273,070

201408101211(201408101211)
2,020,590
3,473,730
10,914,840
2,020,590
2,273,130

201408101212(201408101212)
2,020,590
3,476,280
10,914,840
2,020,590
2,273,130

201408101215(201408101215)
2,021,130
3,476,280
10,914,840
2,021,130
2,273,130

201408101216(201408101216)
2,025,870
3,476,280
10,914,840
2,025,870
2,274,780

201408101217(201408101217)
2,028,900
3,476,280
10,914,840
2,028,900
2,274,780

201408101220(201408101220)
2,028,900
3,476,280
10,914,840
2,028,900
2,274,780

201408101221(201408101221)
2,028,900
3,476,280
10,914,840
2,028,900
2,274,780

201408101222(201408101222)
2,030,760
3,476,280
10,914,840
2,030,760
2,274,780

201408101225(201408101225)
2,033,490
3,476,280
10,914,840
2,033,490
2,274,780

201408101226(201408101226)
2,035,080
3,479,760
10,914,840
2,035,080
2,279,340

201408101227(201408101227)
2,035,770
3,480,360
10,914,840
2,035,770
2,281,170

201408101230(201408101230)
2,036,730
3,480,810
10,914,840
2,036,730
2,286,150

201408101231(201408101231)
2,037,150
3,480,810
10,914,840
2,037,150
2,287,020

201408101232(201408101232)
2,037,150
3,480,810
10,914,840
2,037,150
2,291,280

201408101235(201408101235)
2,037,150
3,484,830
10,914,840
2,037,150
2,291,280

201408101236(201408101236)
2,037,150
3,486,900
10,914,840
2,037,150
2,291,280

201408101237(201408101237)
2,037,150
3,487,800
10,914,840
2,037,150
2,291,280

201408101240(201408101240)
2,037,150
3,488,820
10,914,840
2,037,150
2,298,270

201408101241(201408101241)
2,037,300
3,491,760
10,914,840
2,037,300
2,298,270

201408101242(201408101242)
2,037,300
3,491,760
10,914,840
2,037,300
2,298,270

201408101245(201408101245)
2,037,720
3,491,760
10,914,840
2,037,720
2,298,270

201408101246(201408101246)
2,037,810
3,497,190
10,914,840
2,037,810
2,299,230

201408101247(201408101247)
2,037,930
3,511,920
10,914,840
2,037,930
2,299,350

201408101250(201408101250)
2,037,930
3,511,920
10,914,840
2,037,930
2,301,660

201408101251(201408101251)
2,037,930
3,511,920
10,914,840
2,037,930
2,307,360

201408101252(201408101252)
2,037,930
3,517,620
10,914,840
2,037,930
2,309,190

201408101255(201408101255)
2,039,220
3,517,620
10,914,840
2,039,220
2,309,190

201408101256(201408101256)
2,039,220
3,517,620
10,914,840
2,039,220
2,311,680

201408101257(201408101257)
2,039,220
3,519,510
10,914,840
2,039,220
2,311,680

201408101300(201408101300)
2,039,220
3,522,690
10,914,840
2,039,220
2,314,800

201408101301(201408101301)
2,039,220
3,522,690
10,914,840
2,039,220
2,314,800

201408101302(201408101302)
2,039,940
3,522,690
10,914,840
2,039,940
2,314,800

201408101305(201408101305)
2,039,940
3,522,690
10,914,840
2,039,940
2,314,800

201408101306(201408101306)
2,040,390
3,524,790
10,914,840
2,040,390
2,318,610

201408101307(201408101307)
2,041,110
3,524,790
10,914,840
2,041,110
2,318,610

201408101310(201408101310)
2,041,890
3,524,790
10,914,840
2,041,890
2,321,310

201408101311(201408101311)
2,041,890
3,533,760
10,914,840
2,041,890
2,321,310

201408101312(201408101312)
2,041,890
3,547,770
10,914,840
2,041,890
2,321,310

201408101315(201408101315)
2,041,890
3,547,770
10,914,840
2,041,890
2,321,310

201408101316(201408101316)
2,041,890
3,547,770
10,923,150
2,041,890
2,321,310

201408101317(201408101317)
2,041,890
3,547,770
10,923,150
2,041,890
2,321,310

201408101320(201408101320)
2,043,210
3,547,770
10,923,150
2,043,210
2,321,310

201408101321(201408101321)
2,044,110
3,547,770
10,941,570
2,044,110
2,322,240

201408101322(201408101322)
2,044,410
3,547,770
10,950,270
2,044,410
2,322,240

201408101325(201408101325)
2,047,650
3,547,770
10,969,470
2,047,650
2,323,530

201408101326(201408101326)
2,050,980
3,547,770
10,984,050
2,050,980
2,328,510

201408101327(201408101327)
2,050,980
3,547,770
10,984,050
2,050,980
2,328,510

201408101330(201408101330)
2,057,190
3,547,770
10,984,050
2,057,190
2,333,370

201408101331(201408101331)
2,057,190
3,547,770
10,984,050
2,057,190
2,334,870

201408101332(201408101332)
2,057,190
3,547,770
10,984,050
2,057,190
2,335,830

201408101335(201408101335)
2,057,190
3,551,640
10,984,050
2,057,190
2,337,600

201408101336(201408101336)
2,057,190
3,559,890
10,984,050
2,057,190
2,339,580

201408101337(201408101337)
2,057,190
3,559,890
10,984,050
2,057,190
2,339,580

201408101340(201408101340)
2,058,930
3,562,440
10,984,050
2,058,930
2,339,670

201408101341(201408101341)
2,060,010
3,562,440
10,984,050
2,060,010
2,339,670

201408101342(201408101342)
2,060,010
3,562,440
10,984,050
2,060,010
2,341,440

201408101345(201408101345)
2,060,010
3,562,440
10,984,050
2,060,010
2,341,440

201408101346(201408101346)
2,062,980
3,562,440
10,984,050
2,062,980
2,341,440

201408101347(201408101347)
2,062,980
3,567,480
10,984,050
2,062,980
2,341,920

201408101350(201408101350)
2,062,980
3,569,550
10,984,050
2,062,980
2,341,920

201408101351(201408101351)
2,063,820
3,576,630
10,984,050
2,063,820
2,345,310

201408101352(201408101352)
2,065,470
3,576,630
10,984,050
2,065,470
2,345,850

201408101355(201408101355)
2,065,470
3,576,630
10,984,050
2,065,470
2,345,850

201408101356(201408101356)
2,065,740
3,587,520
10,984,050
2,065,740
2,348,070

201408101357(201408101357)
2,066,640
3,587,520
10,984,050
2,066,640
2,348,070

201408101400(201408101400)
2,068,290
3,587,520
10,984,050
2,068,290
2,348,070

201408101401(201408101401)
2,071,290
3,587,520
10,984,050
2,071,290
2,348,520

201408101402(201408101402)
2,071,290
3,587,520
10,984,050
2,071,290
2,348,520

201408101405(201408101405)
2,071,290
3,596,640
10,984,050
2,071,290
2,348,520

201408101406(201408101406)
2,075,550
3,599,670
10,984,050
2,075,550
2,348,610

201408101407(201408101407)
2,075,550
3,599,670
10,984,050
2,075,550
2,348,610

201408101410(201408101410)
2,076,120
3,599,670
10,984,050
2,076,120
2,355,930

201408101411(201408101411)
2,076,120
3,604,350
10,984,050
2,076,120
2,355,930

201408101412(201408101412)
2,076,120
3,604,350
10,984,050
2,076,120
2,357,760

201408101415(201408101415)
2,076,120
3,605,340
10,984,050
2,076,120
2,365,230

201408101416(201408101416)
2,076,420
3,605,340
10,997,730
2,076,420
2,365,230

201408101417(201408101417)
2,076,420
3,605,340
11,038,530
2,076,420
2,365,230

201408101420(201408101420)
2,077,920
3,605,340
11,101,110
2,077,920
2,365,230

201408101421(201408101421)
2,078,130
3,605,340
11,101,110
2,078,130
2,365,230

201408101422(201408101422)
2,078,250
3,605,340
11,101,110
2,078,250
2,365,380

201408101425(201408101425)
2,080,410
3,605,340
11,101,110
2,080,410
2,366,760

201408101426(201408101426)
2,084,250
3,605,340
11,101,110
2,084,250
2,368,140

201408101427(201408101427)
2,084,250
3,605,340
11,101,110
2,084,250
2,368,830

201408101430(201408101430)
2,084,250
3,605,340
11,101,110
2,084,250
2,368,830

201408101431(201408101431)
2,085,390
3,605,340
11,218,080
2,085,390
2,368,830

201408101432(201408101432)
2,085,390
3,605,340
11,219,580
2,085,390
2,368,830

201408101435(201408101435)
2,085,390
3,605,340
11,219,580
2,085,390
2,368,830

201408101436(201408101436)
2,085,930
3,605,340
11,230,200
2,085,930
2,368,830

201408101437(201408101437)
2,085,930
3,605,340
11,256,090
2,085,930
2,368,830

201408101440(201408101440)
2,086,020
3,612,030
11,256,090
2,086,020
2,368,830

201408101441(201408101441)
2,086,020
3,612,030
11,256,090
2,086,020
2,370,000

201408101442(201408101442)
2,087,880
3,612,030
11,256,090
2,087,880
2,371,290

201408101445(201408101445)
2,087,880
3,612,030
11,256,090
2,087,880
2,373,600

201408101446(201408101446)
2,090,310
3,612,030
11,256,090
2,090,310
2,375,640

201408101447(201408101447)
2,090,310
3,612,030
11,256,090
2,090,310
2,375,760

201408101450(201408101450)
2,091,270
3,612,360
11,256,090
2,091,270
2,375,760

201408101451(201408101451)
2,091,270
3,612,360
11,256,090
2,091,270
2,380,980

201408101452(201408101452)
2,092,860
3,612,360
11,256,090
2,092,860
2,380,980

201408101455(201408101455)
2,093,880
3,612,360
11,256,090
2,093,880
2,380,980

201408101456(201408101456)
2,093,880
3,612,360
11,299,320
2,093,880
2,383,050

201408101457(201408101457)
2,093,880
3,612,360
11,325,360
2,093,880
2,383,050

201408101500(201408101500)
2,093,880
3,628,050
11,325,360
2,093,880
2,383,050

201408101501(201408101501)
2,094,300
3,628,050
11,325,360
2,094,300
2,383,050

201408101502(201408101502)
2,094,300
3,628,050
11,325,360
2,094,300
2,383,050

201408101505(201408101505)
2,096,040
3,628,050
11,325,360
2,096,040
2,383,050

201408101506(201408101506)
2,096,040
3,628,050
11,325,360
2,096,040
2,384,160

201408101507(201408101507)
2,096,040
3,628,050
11,325,360
2,096,040
2,384,160

201408101510(201408101510)
2,096,040
3,628,050
11,325,360
2,096,040
2,384,160

201408101511(201408101511)
2,096,040
3,643,560
11,325,360
2,096,040
2,385,060

201408101512(201408101512)
2,096,040
3,643,560
11,325,360
2,096,040
2,385,060

201408101515(201408101515)
2,096,040
3,643,560
11,325,360
2,096,040
2,385,060

201408101516(201408101516)
2,096,040
3,643,560
11,325,360
2,096,040
2,385,060

201408101517(201408101517)
2,096,040
3,650,940
11,325,360
2,096,040
2,385,060

201408101520(201408101520)
2,096,160
3,650,940
11,339,610
2,096,160
2,385,060

201408101521(201408101521)
2,099,340
3,655,620
11,339,610
2,099,340
2,385,060

201408101522(201408101522)
2,100,540
3,655,620
11,339,610
2,100,540
2,385,060

201408101525(201408101525)
2,100,540
3,655,620
11,339,610
2,100,540
2,385,060

201408101526(201408101526)
2,101,740
3,655,620
11,339,610
2,101,740
2,385,060

201408101527(201408101527)
2,101,740
3,656,040
11,339,610
2,101,740
2,387,490

201408101530(201408101530)
2,101,740
3,662,010
11,339,610
2,101,740
2,387,490

201408101531(201408101531)
2,105,940
3,662,010
11,339,610
2,105,940
2,389,530

201408101532(201408101532)
2,108,850
3,662,010
11,339,610
2,108,850
2,390,790

201408101535(201408101535)
2,108,850
3,662,010
11,339,610
2,108,850
2,390,880

201408101536(201408101536)
2,109,510
3,662,010
11,339,610
2,109,510
2,393,940

201408101537(201408101537)
2,110,110
3,662,010
11,339,610
2,110,110
2,393,940

201408101540(201408101540)
2,110,110
3,662,010
11,339,610
2,110,110
2,393,940

201408101541(201408101541)
2,110,170
3,662,010
11,339,610
2,110,170
2,395,650

201408101542(201408101542)
2,110,170
3,662,010
11,339,610
2,110,170
2,395,650

201408101545(201408101545)
2,110,380
3,662,010
11,339,610
2,110,380
2,395,650

201408101546(201408101546)
2,111,040
3,662,010
11,339,610
2,111,040
2,398,770

201408101547(201408101547)
2,112,210
3,662,010
11,339,610
2,112,210
2,398,770

201408101550(201408101550)
2,112,210
3,662,010
11,429,160
2,112,210
2,398,770

201408101551(201408101551)
2,112,210
3,662,010
11,456,820
2,112,210
2,398,770

201408101552(201408101552)
2,112,240
3,662,010
11,456,820
2,112,240
2,398,770

201408101555(201408101555)
2,112,240
3,662,010
11,456,820
2,112,240
2,398,770

201408101556(201408101556)
2,112,240
3,663,780
11,456,820
2,112,240
2,401,710

201408101557(201408101557)
2,112,240
3,663,780
11,456,820
2,112,240
2,407,170

201408101600(201408101600)
2,112,240
3,663,780
11,456,820
2,112,240
2,407,170

201408101601(201408101601)
2,112,570
3,663,780
11,456,820
2,112,570
2,407,170

201408101602(201408101602)
2,112,570
3,663,780
11,456,820
2,112,570
2,407,170

201408101605(201408101605)
2,112,900
3,663,780
11,456,820
2,112,900
2,407,500

201408101606(201408101606)
2,112,900
3,667,710
11,456,820
2,112,900
2,407,500

201408101607(201408101607)
2,112,900
3,667,710
11,456,820
2,112,900
2,407,500

201408101610(201408101610)
2,115,510
3,667,710
11,456,820
2,115,510
2,409,150

201408101611(201408101611)
2,121,450
3,667,710
11,456,820
2,121,450
2,412,600

201408101612(201408101612)
2,121,750
3,667,710
11,456,820
2,121,750
2,412,600

201408101615(201408101615)
2,121,750
3,667,710
11,456,820
2,121,750
2,412,660

201408101616(201408101616)
2,122,110
3,669,270
11,456,820
2,122,110
2,412,660

201408101617(201408101617)
2,125,020
3,669,270
11,456,820
2,125,020
2,412,660

201408101620(201408101620)
2,125,230
3,681,990
11,456,820
2,125,230
2,413,230

201408101621(201408101621)
2,125,230
3,681,990
11,456,820
2,125,230
2,415,900

201408101622(201408101622)
2,128,770
3,681,990
11,456,820
2,128,770
2,415,900

201408101625(201408101625)
2,128,770
3,681,990
11,456,820
2,128,770
2,415,900

201408101626(201408101626)
2,131,470
3,687,420
11,456,820
2,131,470
2,415,900

201408101627(201408101627)
2,131,470
3,687,420
11,456,820
2,131,470
2,415,900

201408101630(201408101630)
2,131,470
3,688,770
11,456,820
2,131,470
2,416,440

201408101631(201408101631)
2,131,470
3,689,010
11,456,820
2,131,470
2,416,650

201408101632(201408101632)
2,131,470
3,689,010
11,456,820
2,131,470
2,416,650

201408101635(201408101635)
2,131,470
3,689,550
11,456,820
2,131,470
2,420,070

201408101636(201408101636)
2,131,470
3,689,550
11,456,820
2,131,470
2,420,070

201408101637(201408101637)
2,131,470
3,689,550
11,456,820
2,131,470
2,420,070

201408101640(201408101640)
2,131,470
3,694,740
11,456,820
2,131,470
2,420,070

201408101641(201408101641)
2,131,980
3,694,740
11,456,820
2,131,980
2,421,510

201408101642(201408101642)
2,131,980
3,697,350
11,456,820
2,131,980
2,421,510

201408101645(201408101645)
2,131,980
3,699,450
11,456,820
2,131,980
2,421,750

201408101646(201408101646)
2,135,040
3,715,650
11,456,820
2,135,040
2,427,360

201408101647(201408101647)
2,135,040
3,715,650
11,456,820
2,135,040
2,427,360

201408101650(201408101650)
2,135,040
3,737,520
11,456,820
2,135,040
2,427,360

201408101651(201408101651)
2,135,040
3,740,400
11,456,820
2,135,040
2,427,360

201408101652(201408101652)
2,135,040
3,740,400
11,456,820
2,135,040
2,427,360

201408101655(201408101655)
2,135,040
3,740,400
11,456,820
2,135,040
2,430,210

201408101656(201408101656)
2,135,040
3,743,370
11,456,820
2,135,040
2,430,600

201408101657(201408101657)
2,135,040
3,743,370
11,456,820
2,135,040
2,430,600

201408101700(201408101700)
2,135,040
3,743,370
11,456,820
2,135,040
2,431,380

201408101701(201408101701)
2,135,220
3,743,370
11,456,820
2,135,220
2,431,380

201408101702(201408101702)
2,135,220
3,751,740
11,528,190
2,135,220
2,431,380

201408101705(201408101705)
2,135,460
3,751,740
11,528,190
2,135,460
2,431,380

201408101706(201408101706)
2,135,640
3,753,690
11,552,010
2,135,640
2,431,380

201408101707(201408101707)
2,135,640
3,753,690
11,570,610
2,135,640
2,431,380

