
201408150719(201408150719)
4,717,770
10,586,490
18,473,850
5,246,910
5,930,520

201408150720(201408150720)
4,717,770
10,586,490
18,473,850
5,246,910
5,933,190

201408150721(201408150721)
4,717,770
10,586,490
18,473,850
5,246,910
5,962,230

201408150724(201408150724)
4,717,770
10,586,490
18,473,850
5,246,910
5,962,230

201408150725(201408150725)
4,717,770
10,586,490
18,473,850
5,246,910
5,962,230

201408150726(201408150726)
4,717,770
10,586,490
18,473,850
5,246,910
5,962,230

201408150729(201408150729)
4,717,770
10,586,490
18,473,850
5,247,240
5,962,230

201408150730(201408150730)
4,717,770
10,586,490
18,473,850
5,247,240
5,964,660

201408150731(201408150731)
4,717,770
10,586,490
18,473,850
5,247,240
5,964,660

201408150734(201408150734)
4,717,770
10,586,490
18,473,850
5,247,240
5,964,660

201408150735(201408150735)
4,717,770
10,600,260
18,473,850
5,247,240
5,964,660

201408150736(201408150736)
4,717,770
10,600,260
18,473,850
5,247,240
5,969,970

201408150739(201408150739)
4,717,770
10,600,260
18,473,850
5,247,240
5,969,970

201408150740(201408150740)
4,717,770
10,600,260
18,473,850
5,247,240
5,973,720

201408150741(201408150741)
4,717,770
10,600,260
18,473,850
5,247,240
5,973,720

201408150744(201408150744)
4,723,680
10,600,260
18,473,850
5,247,240
5,973,720

201408150745(201408150745)
4,724,850
10,600,260
18,473,850
5,247,570
5,973,720

201408150746(201408150746)
4,724,850
10,600,260
18,473,850
5,247,570
5,973,720

201408150749(201408150749)
4,724,850
10,600,260
18,473,850
5,248,800
5,973,720

201408150750(201408150750)
4,724,850
10,600,260
18,473,850
5,248,800
5,973,720

201408150751(201408150751)
4,724,850
10,600,260
18,473,850
5,248,800
5,973,720

201408150754(201408150754)
4,724,850
10,600,260
18,473,850
5,248,800
5,973,720

201408150755(201408150755)
4,739,580
10,600,260
18,473,850
5,248,800
5,973,720

201408150756(201408150756)
4,740,480
10,600,260
18,473,850
5,252,310
5,981,370

201408150759(201408150759)
4,740,480
10,600,260
18,473,850
5,255,460
5,981,370

201408150800(201408150800)
4,740,480
10,600,260
18,473,850
5,255,460
5,981,370

201408150801(201408150801)
4,740,480
10,600,260
18,473,850
5,261,910
5,981,370

201408150804(201408150804)
4,740,480
10,600,260
18,473,850
5,261,910
5,982,270

201408150805(201408150805)
4,740,480
10,600,260
18,473,850
5,261,910
5,982,270

201408150806(201408150806)
4,740,480
10,600,260
18,473,850
5,261,910
5,986,950

201408150809(201408150809)
4,740,480
10,600,260
18,473,850
5,261,910
5,986,950

201408150810(201408150810)
4,740,480
10,600,260
18,473,850
5,272,710
5,986,950

201408150811(201408150811)
4,740,480
10,600,260
18,473,850
5,272,710
5,986,950

201408150814(201408150814)
4,740,480
10,600,260
18,473,850
5,272,710
5,986,950

201408150815(201408150815)
4,740,480
10,600,260
18,473,850
5,278,950
5,986,950

201408150816(201408150816)
4,740,480
10,600,260
18,473,850
5,278,950
5,986,950

201408150819(201408150819)
4,740,480
10,600,260
18,473,850
5,278,950
5,986,950

201408150820(201408150820)
4,745,070
10,600,260
18,473,850
5,278,950
5,987,280

201408150821(201408150821)
4,748,100
10,600,260
18,473,850
5,278,950
5,993,670

201408150824(201408150824)
4,748,100
10,600,260
18,473,850
5,278,950
5,993,670

201408150825(201408150825)
4,750,680
10,600,260
18,473,850
5,283,000
5,993,670

201408150826(201408150826)
4,750,680
10,600,260
18,473,850
5,283,000
5,993,670

201408150829(201408150829)
4,750,680
10,600,260
18,473,850
5,283,000
5,993,700

201408150830(201408150830)
4,750,680
10,600,260
18,473,850
5,283,000
5,993,700

201408150831(201408150831)
4,750,680
10,600,260
18,473,850
5,283,000
5,993,700

201408150834(201408150834)
4,750,680
10,600,260
18,473,850
5,283,000
5,993,700

201408150835(201408150835)
4,750,680
10,600,260
18,473,850
5,283,000
5,993,700

201408150836(201408150836)
4,750,680
10,611,450
18,473,850
5,283,000
5,993,700

201408150839(201408150839)
4,750,680
10,611,450
18,473,850
5,283,000
5,993,700

201408150840(201408150840)
4,750,680
10,611,450
18,473,850
5,300,910
5,993,700

201408150841(201408150841)
4,750,680
10,611,450
18,473,850
5,300,910
5,998,020

201408150844(201408150844)
4,750,680
10,611,660
18,473,850
5,300,910
6,001,410

201408150845(201408150845)
4,750,680
10,613,460
18,473,850
5,302,410
6,001,500

201408150846(201408150846)
4,750,680
10,613,460
18,473,850
5,305,410
6,003,420

201408150849(201408150849)
4,750,680
10,613,460
18,473,850
5,311,710
6,003,420

201408150850(201408150850)
4,750,680
10,613,460
18,473,850
5,315,190
6,003,420

201408150851(201408150851)
4,750,680
10,613,460
18,473,850
5,315,190
6,003,420

201408150854(201408150854)
4,750,680
10,613,460
18,473,850
5,315,190
6,003,420

201408150855(201408150855)
4,750,680
10,641,540
18,473,850
5,315,190
6,003,420

201408150856(201408150856)
4,750,680
10,641,540
18,473,850
5,315,190
6,003,420

201408150859(201408150859)
4,750,680
10,666,920
18,473,850
5,315,190
6,003,420

201408150900(201408150900)
4,750,680
10,666,920
18,473,850
5,315,190
6,003,420

201408150901(201408150901)
4,750,680
10,691,790
18,473,850
5,315,190
6,003,420

201408150904(201408150904)
4,750,680
10,691,790
18,473,850
5,315,190
6,003,420

201408150905(201408150905)
4,750,680
10,705,170
18,473,850
5,315,190
6,003,420

201408150906(201408150906)
4,750,680
10,705,170
18,473,850
5,315,190
6,003,420

201408150909(201408150909)
4,750,680
10,705,170
18,473,850
5,315,550
6,003,420

201408150910(201408150910)
4,750,680
10,721,670
18,473,850
5,315,550
6,003,420

201408150911(201408150911)
4,750,680
10,721,670
18,473,850
5,315,550
6,003,420

201408150914(201408150914)
4,750,680
10,721,670
18,473,850
5,315,550
6,003,420

201408150915(201408150915)
4,755,000
10,721,670
18,473,850
5,315,550
6,035,850

201408150916(201408150916)
4,755,000
10,721,670
18,473,850
5,315,550
6,035,850

201408150919(201408150919)
4,755,000
10,721,670
18,473,850
5,319,030
6,035,850

201408150920(201408150920)
4,755,000
10,721,670
18,473,850
5,321,610
6,035,850

201408150921(201408150921)
4,757,220
10,721,670
18,473,850
5,323,350
6,035,850

201408150924(201408150924)
4,757,730
10,721,670
18,473,850
5,323,350
6,035,850

201408150925(201408150925)
4,765,830
10,721,670
18,473,850
5,323,350
6,039,150

201408150926(201408150926)
4,765,830
10,721,670
18,473,850
5,323,620
6,039,150

201408150929(201408150929)
4,765,830
10,721,670
18,480,960
5,323,620
6,039,150

201408150930(201408150930)
4,765,830
10,739,910
18,480,960
5,323,620
6,039,150

201408150931(201408150931)
4,765,830
10,739,910
18,486,960
5,323,620
6,039,150

201408150934(201408150934)
4,765,830
10,739,910
18,572,400
5,323,620
6,039,150

201408150935(201408150935)
4,766,190
10,739,910
18,572,400
5,323,620
6,039,150

201408150936(201408150936)
4,766,190
10,739,910
18,572,400
5,323,620
6,039,150

201408150939(201408150939)
4,766,190
10,739,910
18,572,400
5,323,620
6,039,150

201408150940(201408150940)
4,766,190
10,739,910
18,572,400
5,328,390
6,039,150

201408150941(201408150941)
4,767,540
10,750,770
18,572,400
5,328,390
6,039,150

201408150944(201408150944)
4,767,540
10,750,770
18,572,400
5,328,390
6,039,150

201408150945(201408150945)
4,777,860
10,750,770
18,572,400
5,328,390
6,039,150

201408150946(201408150946)
4,777,860
10,750,770
18,572,400
5,328,390
6,039,150

201408150949(201408150949)
4,777,860
10,750,770
18,572,400
5,328,390
6,042,660

201408150950(201408150950)
4,785,300
10,750,770
18,572,400
5,328,390
6,042,660

201408150951(201408150951)
4,785,450
10,750,770
18,572,400
5,328,390
6,042,660

201408150954(201408150954)
4,785,450
10,750,770
18,572,400
5,328,390
6,042,660

201408150955(201408150955)
4,785,450
10,750,770
18,572,400
5,328,390
6,042,660

201408150956(201408150956)
4,805,850
10,750,770
18,572,400
5,328,390
6,042,660

201408150959(201408150959)
4,805,850
10,750,770
18,572,400
5,328,390
6,042,660

201408151000(201408151000)
4,805,850
10,750,770
18,572,400
5,328,390
6,042,660

201408151001(201408151001)
4,805,850
10,750,770
18,572,400
5,328,390
6,042,660

201408151004(201408151004)
4,805,850
10,750,770
18,572,400
5,328,390
6,042,660

201408151005(201408151005)
4,805,850
10,750,770
18,572,400
5,328,390
6,042,660

201408151006(201408151006)
4,805,850
10,750,770
18,572,400
5,328,390
6,042,660

201408151009(201408151009)
4,805,850
10,765,350
18,572,400
5,331,840
6,042,660

201408151010(201408151010)
4,805,850
10,765,350
18,572,400
5,331,840
6,042,660

201408151011(201408151011)
4,805,850
10,765,350
18,572,400
5,331,840
6,042,660

201408151014(201408151014)
4,805,850
10,765,350
18,572,400
5,331,840
6,042,660

201408151015(201408151015)
4,806,690
10,765,350
18,572,400
5,331,840
6,042,660

201408151016(201408151016)
4,813,260
10,765,350
18,572,400
5,331,840
6,042,660

201408151019(201408151019)
4,813,260
10,765,350
18,572,400
5,331,840
6,042,660

201408151020(201408151020)
4,813,260
10,765,350
18,572,400
5,331,840
6,042,660

201408151021(201408151021)
4,813,260
10,765,350
18,572,400
5,331,840
6,042,660

201408151024(201408151024)
4,813,260
10,765,350
18,589,260
5,331,840
6,042,660

201408151025(201408151025)
4,813,260
10,765,350
18,589,260
5,331,840
6,042,660

201408151026(201408151026)
4,813,260
10,765,350
18,589,260
5,337,600
6,042,660

201408151029(201408151029)
4,813,260
10,765,350
18,589,260
5,338,440
6,042,660

201408151030(201408151030)
4,813,260
10,765,350
18,589,260
5,338,800
6,050,910

201408151031(201408151031)
4,813,260
10,765,350
18,589,260
5,338,800
6,050,910

201408151034(201408151034)
4,813,260
10,765,350
18,589,260
5,338,800
6,050,910

201408151035(201408151035)
4,820,850
10,768,200
18,589,260
5,338,800
6,050,910

201408151036(201408151036)
4,820,850
10,768,200
18,589,260
5,340,420
6,050,910

201408151039(201408151039)
4,822,980
10,768,200
18,589,260
5,342,220
6,050,910

201408151040(201408151040)
4,822,980
10,768,200
18,589,260
5,342,220
6,050,910

201408151041(201408151041)
4,822,980
10,772,010
18,589,260
5,342,220
6,050,910

201408151044(201408151044)
4,822,980
10,776,180
18,589,260
5,342,220
6,050,910

201408151045(201408151045)
4,822,980
10,782,960
18,589,260
5,342,220
6,052,710

201408151046(201408151046)
4,822,980
10,782,960
18,589,260
5,342,220
6,052,710

201408151049(201408151049)
4,822,980
10,782,960
18,589,260
5,342,220
6,052,710

201408151050(201408151050)
4,832,100
10,782,960
18,589,260
5,342,220
6,052,710

201408151051(201408151051)
4,832,250
10,782,960
18,589,260
5,342,220
6,052,710

201408151054(201408151054)
4,832,250
10,782,960
18,589,260
5,342,220
6,052,710

201408151055(201408151055)
4,832,520
10,782,960
18,589,260
5,342,220
6,052,710

201408151056(201408151056)
4,832,520
10,782,960
18,589,260
5,342,220
6,052,710

201408151059(201408151059)
4,832,520
10,782,960
18,589,260
5,342,220
6,052,710

201408151100(201408151100)
4,832,520
10,782,960
18,589,260
5,342,310
6,052,710

201408151101(201408151101)
4,832,520
10,782,960
18,589,260
5,342,310
6,052,710

201408151104(201408151104)
4,832,520
10,782,960
18,589,260
5,342,310
6,052,710

201408151105(201408151105)
4,836,210
10,782,960
18,589,260
5,342,880
6,069,570

201408151106(201408151106)
4,836,210
10,782,960
18,589,260
5,342,880
6,069,570

201408151109(201408151109)
4,836,210
10,782,960
18,589,260
5,348,730
6,069,570

201408151110(201408151110)
4,836,210
10,782,960
18,589,260
5,349,390
6,069,570

201408151111(201408151111)
4,836,210
10,782,960
18,589,260
5,349,390
6,069,570

201408151114(201408151114)
4,836,210
10,782,960
18,589,260
5,349,390
6,069,570

201408151115(201408151115)
4,836,210
10,782,960
18,589,260
5,357,580
6,069,570

201408151116(201408151116)
4,836,210
10,787,760
18,589,260
5,357,580
6,069,570

201408151119(201408151119)
4,836,210
10,787,760
18,589,260
5,357,580
6,069,570

201408151120(201408151120)
4,836,210
10,795,380
18,589,260
5,357,580
6,069,570

201408151121(201408151121)
4,836,210
10,795,380
18,589,260
5,357,580
6,069,570

201408151124(201408151124)
4,836,210
10,795,380
18,589,260
5,357,580
6,069,570

201408151125(201408151125)
4,836,210
10,795,380
18,589,260
5,357,580
6,069,570

201408151126(201408151126)
4,836,210
10,795,380
18,589,260
5,357,580
6,069,570

201408151129(201408151129)
4,837,140
10,795,380
18,589,260
5,357,580
6,069,570

201408151130(201408151130)
4,837,140
10,795,380
18,589,260
5,357,580
6,069,570

201408151131(201408151131)
4,837,140
10,795,380
18,589,260
5,357,580
6,069,570

201408151134(201408151134)
4,837,140
10,795,380
18,589,260
5,357,580
6,069,570

201408151135(201408151135)
4,843,500
10,795,380
18,589,260
5,357,580
6,069,570

201408151136(201408151136)
4,843,500
10,795,380
18,589,260
5,357,580
6,069,570

201408151139(201408151139)
4,843,500
10,795,380
18,589,260
5,362,470
6,074,040

201408151140(201408151140)
4,843,500
10,799,850
18,589,260
5,373,690
6,077,460

201408151141(201408151141)
4,843,500
10,799,850
18,589,260
5,373,690
6,077,460

201408151144(201408151144)
4,843,500
10,799,850
18,589,260
5,373,690
6,077,460

201408151145(201408151145)
4,844,220
10,823,490
18,589,260
5,373,690
6,086,580

201408151146(201408151146)
4,844,220
10,823,490
18,589,260
5,373,690
6,086,580

201408151149(201408151149)
4,844,220
10,823,490
18,589,260
5,373,690
6,086,580

201408151150(201408151150)
4,851,210
10,823,490
18,589,260
5,373,690
6,086,580

201408151151(201408151151)
4,851,210
10,823,490
18,589,260
5,373,690
6,086,580

201408151154(201408151154)
4,851,210
10,823,490
18,589,260
5,373,690
6,086,580

201408151155(201408151155)
4,851,210
10,823,490
18,589,260
5,373,690
6,086,580

201408151156(201408151156)
4,851,210
10,823,490
18,589,260
5,373,690
6,086,580

201408151159(201408151159)
4,855,020
10,844,310
18,589,260
5,373,690
6,086,580

201408151200(201408151200)
4,862,910
10,844,310
18,589,260
5,373,690
6,086,580

201408151201(201408151201)
4,862,910
10,844,310
18,589,260
5,373,690
6,086,580

201408151204(201408151204)
4,862,910
10,844,310
18,589,260
5,373,690
6,086,580

201408151205(201408151205)
4,866,870
10,844,310
18,589,260
5,373,690
6,086,580

201408151206(201408151206)
4,876,350
10,844,310
18,589,260
5,373,690
6,086,580

201408151209(201408151209)
4,876,350
10,844,310
18,589,260
5,375,760
6,092,010

201408151210(201408151210)
4,876,350
10,844,310
18,589,260
5,391,840
6,092,010

201408151211(201408151211)
4,876,350
10,863,210
18,589,260
5,391,840
6,092,010

201408151214(201408151214)
4,876,350
10,863,210
18,589,260
5,395,260
6,092,010

201408151215(201408151215)
4,887,270
10,863,210
18,589,260
5,397,660
6,092,010

201408151216(201408151216)
4,887,270
10,863,210
18,589,260
5,397,660
6,092,010

201408151219(201408151219)
4,887,270
10,863,210
18,589,260
5,410,530
6,092,010

201408151220(201408151220)
4,887,270
10,863,210
18,589,260
5,410,530
6,092,010

201408151221(201408151221)
4,887,270
10,863,210
18,589,260
5,410,530
6,092,010

201408151224(201408151224)
4,887,270
10,863,210
18,589,260
5,412,330
6,092,010

201408151225(201408151225)
4,889,130
10,863,210
18,589,260
5,417,520
6,092,010

201408151226(201408151226)
4,889,130
10,863,210
18,589,260
5,417,520
6,092,010

201408151229(201408151229)
4,889,130
10,863,210
18,589,260
5,417,520
6,092,010

201408151230(201408151230)
4,891,140
10,863,210
18,589,260
5,417,520
6,092,010

201408151231(201408151231)
4,891,140
10,863,210
18,589,260
5,417,520
6,092,010

201408151234(201408151234)
4,891,140
10,863,210
18,589,260
5,417,520
6,092,010

201408151235(201408151235)
4,892,040
10,863,210
18,589,260
5,417,520
6,092,010

201408151236(201408151236)
4,892,040
10,863,210
18,589,260
5,417,520
6,092,010

201408151239(201408151239)
4,892,040
10,863,210
18,589,260
5,417,520
6,092,010

201408151240(201408151240)
4,892,040
10,863,210
18,589,260
5,417,520
6,092,010

201408151241(201408151241)
4,892,040
10,863,210
18,589,260
5,417,520
6,092,010

201408151244(201408151244)
4,892,040
10,865,550
18,589,260
5,417,520
6,092,010

201408151245(201408151245)
4,892,040
10,875,330
18,589,260
5,417,520
6,092,010

201408151246(201408151246)
4,892,040
10,875,330
18,589,260
5,417,520
6,092,010

201408151249(201408151249)
4,892,040
10,875,330
18,589,260
5,417,520
6,095,910

201408151250(201408151250)
4,892,040
10,875,330
18,589,260
5,417,520
6,095,910

201408151251(201408151251)
4,892,040
10,875,330
18,589,260
5,417,520
6,095,910

201408151254(201408151254)
4,892,040
10,875,330
18,589,260
5,417,520
6,095,910

201408151255(201408151255)
4,892,040
10,875,330
18,602,160
5,417,520
6,110,730

201408151256(201408151256)
4,892,040
10,875,330
18,606,960
5,422,290
6,110,730

201408151259(201408151259)
4,892,040
10,875,330
18,618,960
5,427,000
6,110,730

201408151300(201408151300)
4,892,040
10,875,330
18,728,760
5,427,000
6,110,730

201408151301(201408151301)
4,892,040
10,875,330
18,728,760
5,431,380
6,110,730

201408151304(201408151304)
4,892,040
10,875,330
18,728,760
5,431,380
6,110,730

201408151305(201408151305)
4,892,040
10,881,690
18,728,760
5,431,380
6,110,730

201408151306(201408151306)
4,892,040
10,881,690
18,728,760
5,431,380
6,110,730

201408151309(201408151309)
4,892,040
10,881,690
18,728,760
5,431,380
6,119,910

201408151310(201408151310)
4,892,040
10,881,690
18,728,760
5,431,380
6,119,910

201408151311(201408151311)
4,892,040
10,883,790
18,728,760
5,432,100
6,119,910

201408151314(201408151314)
4,892,040
10,883,790
18,728,760
5,436,060
6,119,910

201408151315(201408151315)
4,892,040
10,890,960
18,728,760
5,449,740
6,120,900

201408151316(201408151316)
4,892,040
10,890,960
18,728,760
5,449,740
6,120,900

201408151319(201408151319)
4,892,040
10,890,960
18,728,760
5,449,740
6,120,900

201408151320(201408151320)
4,892,040
10,890,960
18,728,760
5,449,740
6,120,900

201408151321(201408151321)
4,892,040
10,890,960
18,728,760
5,449,740
6,120,900

201408151324(201408151324)
4,892,040
10,890,960
18,728,760
5,449,740
6,120,900

201408151325(201408151325)
4,892,040
10,890,960
18,728,760
5,457,630
6,120,900

201408151326(201408151326)
4,892,040
10,890,960
18,728,760
5,457,630
6,120,900

201408151329(201408151329)
4,892,040
10,890,960
18,728,760
5,457,630
6,124,020

201408151330(201408151330)
4,895,550
10,890,960
18,728,760
5,457,630
6,127,440

201408151331(201408151331)
4,895,550
10,890,960
18,728,760
5,457,630
6,127,440

201408151334(201408151334)
4,897,620
10,890,960
18,728,760
5,457,630
6,129,810

201408151335(201408151335)
4,899,210
10,890,960
18,728,760
5,460,960
6,129,810

201408151336(201408151336)
4,899,210
10,890,960
18,728,760
5,463,510
6,133,620

201408151339(201408151339)
4,899,210
10,890,960
18,728,760
5,463,510
6,134,670

201408151340(201408151340)
4,899,210
10,904,760
18,728,760
5,463,510
6,134,670

201408151341(201408151341)
4,899,210
10,904,760
18,728,760
5,463,510
6,134,670

201408151344(201408151344)
4,899,210
10,904,760
18,728,760
5,463,510
6,134,670

201408151345(201408151345)
4,930,200
10,904,760
18,728,760
5,463,510
6,135,780

201408151346(201408151346)
4,930,200
10,904,760
18,728,760
5,463,510
6,135,780

201408151349(201408151349)
4,930,200
10,904,760
18,728,760
5,463,510
6,144,360

201408151350(201408151350)
4,930,200
10,908,870
18,728,760
5,463,510
6,144,360

201408151351(201408151351)
4,930,200
10,908,870
18,728,760
5,463,510
6,144,360

201408151354(201408151354)
4,930,200
10,908,870
18,728,760
5,463,510
6,144,360

201408151355(201408151355)
4,930,200
10,908,870
18,728,760
5,463,510
6,160,380

201408151356(201408151356)
4,930,200
10,908,870
18,728,760
5,463,510
6,160,380

201408151359(201408151359)
4,930,200
10,908,870
18,728,760
5,463,510
6,160,380

201408151400(201408151400)
4,931,040
10,908,870
18,728,760
5,463,510
6,160,380

201408151401(201408151401)
4,931,040
10,908,870
18,728,760
5,463,510
6,160,380

201408151404(201408151404)
4,931,040
10,908,870
18,728,760
5,463,510
6,160,380

201408151405(201408151405)
4,931,040
10,912,380
18,728,760
5,468,610
6,160,470

201408151406(201408151406)
4,931,040
10,912,380
18,728,760
5,468,610
6,160,470

201408151409(201408151409)
4,931,040
10,912,380
18,728,760
5,468,610
6,160,470

201408151410(201408151410)
4,931,040
10,912,380
18,728,760
5,468,610
6,160,470

201408151411(201408151411)
4,931,040
10,920,390
18,728,760
5,468,670
6,160,470

201408151414(201408151414)
4,938,810
10,920,390
18,728,760
5,468,670
6,160,470

201408151415(201408151415)
4,938,810
10,928,580
18,728,760
5,469,090
6,170,100

201408151416(201408151416)
4,938,810
10,928,580
18,728,760
5,469,090
6,170,100

201408151419(201408151419)
4,938,810
10,928,580
18,728,760
5,469,090
6,170,100

201408151420(201408151420)
4,938,810
10,928,580
18,728,760
5,469,090
6,170,100

201408151421(201408151421)
4,938,810
10,928,580
18,728,760
5,469,090
6,170,100

201408151424(201408151424)
4,938,810
10,928,580
18,728,760
5,469,090
6,170,100

201408151425(201408151425)
4,938,810
10,929,420
18,728,760
5,469,090
6,184,920

201408151426(201408151426)
4,938,810
10,929,420
18,728,760
5,469,090
6,184,920

201408151429(201408151429)
4,940,070
10,929,420
18,728,760
5,469,090
6,184,920

201408151430(201408151430)
4,940,070
10,939,620
18,728,760
5,469,090
6,184,920

201408151431(201408151431)
4,940,070
10,939,620
18,728,760
5,469,090
6,184,920

201408151434(201408151434)
4,940,070
10,939,620
18,728,760
5,469,090
6,184,920

201408151435(201408151435)
4,940,070
10,952,070
18,728,760
5,469,090
6,184,920

201408151436(201408151436)
4,940,070
10,952,070
18,728,760
5,469,090
6,184,920

201408151439(201408151439)
4,940,070
10,952,070
18,728,760
5,469,090
6,184,920

201408151440(201408151440)
4,940,070
11,034,450
18,728,760
5,478,210
6,184,920

201408151441(201408151441)
4,940,070
11,034,450
18,728,760
5,478,210
6,184,920

201408151444(201408151444)
4,940,070
11,034,450
18,728,760
5,478,210
6,184,920

201408151445(201408151445)
4,940,070
11,034,450
18,728,760
5,478,210
6,184,920

201408151446(201408151446)
4,940,070
11,034,450
18,728,760
5,478,210
6,184,920

201408151449(201408151449)
4,940,070
11,034,450
18,728,760
5,478,210
6,184,920

201408151450(201408151450)
4,940,070
11,040,120
18,728,760
5,478,210
6,184,920

201408151451(201408151451)
4,940,070
11,040,120
18,728,760
5,478,210
6,184,920

201408151454(201408151454)
4,940,070
11,040,120
18,728,760
5,478,210
6,184,920

201408151455(201408151455)
4,940,070
11,041,350
18,728,760
5,478,210
6,184,920

201408151456(201408151456)
4,940,070
11,041,350
18,728,760
5,478,210
6,184,920

201408151459(201408151459)
4,944,390
11,041,350
18,728,760
5,478,210
6,184,920

201408151500(201408151500)
4,944,390
11,041,350
18,728,760
5,480,370
6,184,920

201408151501(201408151501)
4,944,390
11,041,350
18,728,760
5,480,370
6,184,920

201408151504(201408151504)
4,944,390
11,041,350
18,728,760
5,489,970
6,184,920

201408151505(201408151505)
4,944,390
11,041,440
18,728,760
5,489,970
6,196,770

201408151506(201408151506)
4,944,390
11,041,440
18,728,760
5,489,970
6,196,770

201408151509(201408151509)
4,944,390
11,050,110
18,728,760
5,489,970
6,196,770

201408151510(201408151510)
4,944,390
11,055,390
18,728,760
5,489,970
6,196,770

201408151511(201408151511)
4,944,390
11,055,390
18,728,760
5,489,970
6,196,770

201408151514(201408151514)
4,944,390
11,055,390
18,728,760
5,489,970
6,196,770

201408151515(201408151515)
4,945,500
11,055,390
18,728,760
5,500,440
6,197,190

201408151516(201408151516)
4,946,280
11,055,390
18,728,760
5,500,440
6,197,190

201408151519(201408151519)
4,946,280
11,055,390
18,728,760
5,500,440
6,197,190

201408151520(201408151520)
4,946,280
11,055,390
18,728,760
5,500,440
6,197,190

201408151521(201408151521)
4,946,280
11,055,390
18,728,760
5,500,440
6,197,190

201408151524(201408151524)
4,946,280
11,055,390
18,728,760
5,500,440
6,197,190

201408151525(201408151525)
4,950,360
11,055,390
18,728,760
5,500,440
6,206,340

201408151526(201408151526)
4,950,360
11,055,390
18,728,760
5,500,440
6,211,860

201408151529(201408151529)
4,950,360
11,055,390
18,728,760
5,500,440
6,211,860

201408151530(201408151530)
4,950,360
11,055,390
18,728,760
5,504,820
6,211,860

201408151531(201408151531)
4,950,360
11,055,390
18,728,760
5,504,820
6,218,520

201408151534(201408151534)
4,950,360
11,055,390
18,728,760
5,504,820
6,218,520

201408151535(201408151535)
4,950,360
11,125,950
18,728,760
5,519,160
6,218,520

201408151536(201408151536)
4,950,360
11,125,950
18,728,760
5,519,160
6,218,520

201408151539(201408151539)
4,950,360
11,125,950
18,728,760
5,519,160
6,218,520

201408151540(201408151540)
4,950,360
11,125,950
18,728,760
5,519,640
6,224,280

201408151541(201408151541)
4,950,360
11,125,950
18,728,760
5,519,640
6,224,280

201408151544(201408151544)
4,950,360
11,125,950
18,728,760
5,520,060
6,224,280

201408151545(201408151545)
4,950,360
11,125,950
18,728,760
5,520,060
6,229,230

201408151546(201408151546)
4,950,360
11,125,950
18,728,760
5,520,060
6,229,230

201408151549(201408151549)
4,950,360
11,125,950
18,728,760
5,520,060
6,229,230

201408151550(201408151550)
4,950,360
11,131,470
18,728,760
5,520,060
6,229,230

201408151551(201408151551)
4,950,360
11,131,470
18,728,760
5,520,060
6,229,230

201408151554(201408151554)
4,950,360
11,131,470
18,728,760
5,520,060
6,229,230

201408151555(201408151555)
4,950,360
11,131,470
18,728,760
5,520,060
6,229,740

201408151556(201408151556)
4,950,360
11,144,040
18,728,760
5,520,060
6,229,740

201408151559(201408151559)
4,950,360
11,144,040
18,728,760
5,520,060
6,229,740

201408151600(201408151600)
4,950,360
11,144,040
18,728,760
5,520,060
6,233,910

201408151601(201408151601)
4,950,360
11,144,040
18,728,760
5,520,060
6,233,910

201408151604(201408151604)
4,950,360
11,176,680
18,728,760
5,520,060
6,241,980

201408151605(201408151605)
4,950,360
11,181,000
18,728,760
5,520,060
6,241,980

201408151606(201408151606)
4,950,360
11,181,000
18,728,760
5,520,060
6,241,980

201408151609(201408151609)
4,950,360
11,181,000
18,728,760
5,520,060
6,241,980

201408151610(201408151610)
4,950,990
11,181,000
18,728,760
5,520,060
6,241,980

201408151611(201408151611)
4,951,740
11,190,660
18,728,760
5,520,060
6,241,980

201408151614(201408151614)
4,951,740
11,190,660
18,728,760
5,520,060
6,241,980

201408151615(201408151615)
4,951,740
11,190,660
18,728,760
5,520,060
6,241,980

201408151616(201408151616)
4,951,740
11,190,660
18,728,760
5,521,380
6,241,980

201408151619(201408151619)
4,951,740
11,190,660
18,728,760
5,521,380
6,241,980

201408151620(201408151620)
4,951,740
11,190,660
18,728,760
5,521,380
6,241,980

201408151621(201408151621)
4,951,740
11,190,660
18,728,760
5,539,470
6,241,980

201408151624(201408151624)
4,951,740
11,190,660
18,728,760
5,539,470
6,241,980

201408151625(201408151625)
4,951,740
11,190,660
18,728,760
5,539,470
6,242,580

201408151626(201408151626)
4,958,520
11,190,660
18,728,760
5,539,470
6,254,310

201408151629(201408151629)
4,958,520
11,190,660
18,728,760
5,539,470
6,254,310

201408151630(201408151630)
4,958,520
11,190,660
18,728,760
5,539,470
6,254,310

201408151631(201408151631)
4,958,520
11,195,580
18,728,760
5,539,470
6,254,310

201408151634(201408151634)
4,958,520
11,203,770
18,728,760
5,541,210
6,254,310

201408151635(201408151635)
4,958,520
11,203,770
18,728,760
5,541,210
6,254,310

201408151636(201408151636)
4,958,520
11,203,770
18,728,760
5,541,210
6,254,310

201408151639(201408151639)
4,958,520
11,204,310
18,728,760
5,541,210
6,254,310

201408151640(201408151640)
4,958,520
11,206,200
18,728,760
5,541,210
6,258,120

201408151641(201408151641)
4,958,520
11,207,520
18,728,760
5,541,210
6,258,120

201408151644(201408151644)
4,958,520
11,207,520
18,728,760
5,541,210
6,258,120

201408151645(201408151645)
4,958,520
11,207,520
18,728,760
5,541,210
6,258,120

201408151646(201408151646)
4,958,520
11,207,520
18,728,760
5,541,210
6,258,120

201408151649(201408151649)
4,958,520
11,207,520
18,728,760
5,541,210
6,258,120

201408151650(201408151650)
4,958,520
11,207,520
18,728,760
5,541,210
6,264,120

201408151651(201408151651)
4,958,520
11,207,520
18,728,760
5,541,210
6,264,120

201408151654(201408151654)
4,958,520
11,207,520
18,728,760
5,541,210
6,264,120

201408151655(201408151655)
4,958,520
11,210,220
18,728,760
5,543,880
6,264,120

201408151656(201408151656)
4,958,520
11,210,220
18,728,760
5,543,880
6,264,120

201408151659(201408151659)
4,967,580
11,216,880
18,728,760
5,543,880
6,264,120

201408151700(201408151700)
4,967,580
11,216,880
18,728,760
5,543,880
6,264,120

201408151701(201408151701)
4,967,580
11,216,880
18,728,760
5,543,880
6,264,120

201408151704(201408151704)
4,967,580
11,220,150
18,728,760
5,543,880
6,264,120

201408151705(201408151705)
4,967,580
11,220,150
18,728,760
5,543,880
6,264,120

201408151706(201408151706)
4,967,580
11,220,150
18,728,760
5,543,880
6,264,120

201408151709(201408151709)
4,967,580
11,224,110
18,728,760
5,543,880
6,264,120

201408151710(201408151710)
4,967,580
11,224,110
18,728,760
5,543,880
6,264,120

201408151711(201408151711)
4,967,700
11,224,110
18,728,760
5,543,880
6,264,120

201408151714(201408151714)
4,967,700
11,224,110
18,728,760
5,543,880
6,264,120

201408151715(201408151715)
4,967,700
11,224,110
18,728,760
5,557,680
6,264,120

201408151716(201408151716)
4,967,700
11,224,110
18,728,760
5,557,680
6,264,120

201408151719(201408151719)
4,967,700
11,224,110
18,728,760
5,557,680
6,264,120

201408151720(201408151720)
4,967,700
11,224,110
18,728,760
5,557,680
6,282,720

201408151721(201408151721)
4,967,700
11,236,710
18,728,760
5,557,680
6,282,720

201408151724(201408151724)
4,967,700
11,239,620
18,728,760
5,557,680
6,282,720

201408151725(201408151725)
4,967,700
11,239,620
18,728,760
5,557,680
6,282,720

201408151726(201408151726)
4,968,450
11,239,620
18,728,760
5,557,680
6,282,720

201408151729(201408151729)
4,968,450
11,239,620
18,728,760
5,557,680
6,282,720

201408151730(201408151730)
4,971,900
11,242,920
18,728,760
5,557,680
6,282,720

201408151731(201408151731)
4,977,720
11,242,920
18,728,760
5,557,680
6,282,720

201408151734(201408151734)
4,977,720
11,242,920
18,728,760
5,557,680
6,282,720

201408151735(201408151735)
4,977,720
11,242,920
18,728,760
5,557,680
6,282,720

201408151736(201408151736)
4,977,720
11,242,920
18,728,760
5,557,680
6,282,720

201408151739(201408151739)
4,979,880
11,245,410
18,728,760
5,557,680
6,282,720

201408151740(201408151740)
4,979,880
11,245,410
18,728,760
5,562,510
6,283,470

201408151741(201408151741)
4,979,880
11,245,410
18,728,760
5,562,510
6,285,570

201408151744(201408151744)
4,979,880
11,245,410
18,728,760
5,562,510
6,285,570

201408151745(201408151745)
4,997,430
11,245,410
18,728,760
5,562,510
6,285,570

201408151746(201408151746)
4,997,430
11,245,410
18,728,760
5,562,510
6,285,570

201408151749(201408151749)
4,997,430
11,245,410
18,728,760
5,562,510
6,285,570

201408151750(201408151750)
4,997,430
11,245,410
18,728,760
5,562,510
6,285,570

201408151751(201408151751)
4,997,430
11,245,410
18,728,760
5,562,510
6,285,570

201408151754(201408151754)
4,997,430
11,245,410
18,728,760
5,562,510
6,285,570

201408151755(201408151755)
4,997,430
11,245,410
18,728,760
5,577,900
6,285,570

201408151756(201408151756)
4,997,430
11,245,410
18,728,760
5,577,900
6,285,570

201408151759(201408151759)
4,997,430
11,245,410
18,728,760
5,577,900
6,285,570

201408151800(201408151800)
4,998,990
11,245,410
18,728,760
5,577,900
6,285,570

201408151801(201408151801)
4,998,990
11,245,410
18,728,760
5,577,900
6,285,630

201408151804(201408151804)
4,998,990
11,245,410
18,728,760
5,577,900
6,286,380

201408151805(201408151805)
5,013,180
11,245,410
18,728,760
5,577,900
6,287,280

201408151806(201408151806)
5,013,180
11,245,410
18,728,760
5,577,900
6,293,280

201408151809(201408151809)
5,013,180
11,245,410
18,728,760
5,577,900
6,297,780

201408151810(201408151810)
5,013,180
11,245,410
18,824,790
5,577,900
6,300,810

201408151811(201408151811)
5,013,180
11,245,410
18,824,790
5,577,900
6,300,810

201408151814(201408151814)
5,013,180
11,245,410
18,824,790
5,577,900
6,300,810

201408151815(201408151815)
5,013,180
11,253,210
18,824,790
5,584,980
6,300,810

201408151816(201408151816)
5,013,180
11,262,750
18,824,790
5,584,980
6,301,200

201408151819(201408151819)
5,013,180
11,262,750
18,824,790
5,584,980
6,301,200

201408151820(201408151820)
5,013,180
11,276,460
18,824,790
5,584,980
6,301,200

201408151821(201408151821)
5,013,180
11,276,460
18,824,790
5,584,980
6,301,200

201408151824(201408151824)
5,013,180
11,276,460
18,824,790
5,596,560
6,301,200

201408151825(201408151825)
5,013,180
11,276,460
18,824,790
5,612,160
6,301,200

201408151826(201408151826)
5,013,180
11,276,460
18,824,790
5,612,160
6,301,200

201408151829(201408151829)
5,013,180
11,276,460
18,824,790
5,612,160
6,301,200

201408151830(201408151830)
5,016,180
11,276,460
18,824,790
5,617,080
6,301,200

201408151831(201408151831)
5,016,180
11,276,460
18,824,790
5,617,080
6,301,200

201408151834(201408151834)
5,016,180
11,276,460
18,824,790
5,617,080
6,301,200

201408151835(201408151835)
5,017,620
11,276,460
18,824,790
5,626,200
6,303,750

201408151836(201408151836)
5,017,620
11,276,460
18,824,790
5,626,200
6,303,750

201408151839(201408151839)
5,017,620
11,276,460
18,824,790
5,626,200
6,303,750

201408151840(201408151840)
5,017,620
11,276,460
18,824,790
5,626,200
6,303,750

201408151841(201408151841)
5,017,620
11,276,460
18,824,790
5,626,200
6,303,750

201408151844(201408151844)
5,017,620
11,276,460
18,824,790
5,626,200
6,303,750

201408151845(201408151845)
5,017,620
11,276,460
18,824,790
5,626,200
6,303,750

201408151846(201408151846)
5,017,620
11,276,460
18,824,790
5,626,200
6,303,750

201408151849(201408151849)
5,017,620
11,276,460
18,852,960
5,626,200
6,303,750

201408151850(201408151850)
5,021,520
11,278,950
18,852,960
5,626,200
6,303,750

201408151851(201408151851)
5,021,520
11,278,950
18,852,960
5,626,200
6,303,750

201408151854(201408151854)
5,021,520
11,278,950
18,852,960
5,626,200
6,303,750

201408151855(201408151855)
5,021,520
11,278,950
18,852,960
5,626,200
6,303,750

201408151856(201408151856)
5,021,520
11,278,950
18,852,960
5,626,200
6,303,750

201408151859(201408151859)
5,021,520
11,278,950
18,852,960
5,626,200
6,303,750

201408151900(201408151900)
5,021,520
11,278,950
18,852,960
5,626,200
6,303,750

201408151901(201408151901)
5,021,520
11,278,950
18,852,960
5,626,200
6,303,750

201408151904(201408151904)
5,021,520
11,278,950
18,852,960
5,626,200
6,303,750

201408151905(201408151905)
5,021,520
11,278,950
18,852,960
5,626,200
6,303,750

201408151906(201408151906)
5,021,520
11,278,950
18,852,960
5,626,200
6,303,750

201408151909(201408151909)
5,021,520
11,278,950
18,852,960
5,626,200
6,306,510

201408151910(201408151910)
5,021,520
11,278,950
18,852,960
5,626,200
6,306,510

201408151911(201408151911)
5,021,520
11,278,950
18,852,960
5,626,200
6,306,510

201408151914(201408151914)
5,021,520
11,278,950
18,852,960
5,626,200
6,306,510

201408151915(201408151915)
5,026,140
11,278,950
18,852,960
5,626,200
6,306,510

201408151916(201408151916)
5,026,140
11,278,950
18,852,960
5,626,200
6,306,510

201408151919(201408151919)
5,026,140
11,287,470
18,852,960
5,626,200
6,306,510

201408151920(201408151920)
5,026,140
11,292,870
18,852,960
5,626,200
6,306,510

201408151921(201408151921)
5,026,140
11,292,870
18,852,960
5,626,200
6,306,510

201408151924(201408151924)
5,026,140
11,292,870
18,852,960
5,626,200
6,306,510

201408151925(201408151925)
5,032,080
11,292,870
18,852,960
5,626,200
6,306,510

201408151926(201408151926)
5,032,080
11,298,150
18,852,960
5,626,200
6,306,510

201408151929(201408151929)
5,032,080
11,298,150
18,852,960
5,626,200
6,322,560

201408151930(201408151930)
5,032,080
11,298,150
18,852,960
5,626,200
6,322,560

201408151931(201408151931)
5,032,080
11,298,150
18,852,960
5,626,200
6,322,560

201408151934(201408151934)
5,032,080
11,298,150
18,852,960
5,626,200
6,322,560

201408151935(201408151935)
5,032,080
11,298,840
18,852,960
5,640,510
6,322,560

201408151936(201408151936)
5,032,080
11,298,840
18,852,960
5,640,510
6,324,870

201408151939(201408151939)
5,034,810
11,298,840
18,852,960
5,640,510
6,324,870

201408151940(201408151940)
5,038,320
11,298,840
18,852,960
5,640,510
6,328,350

201408151941(201408151941)
5,038,320
11,299,050
18,852,960
5,640,510
6,328,350

201408151944(201408151944)
5,038,320
11,299,050
18,852,960
5,640,510
6,328,350

201408151945(201408151945)
5,038,320
11,299,050
18,852,960
5,644,560
6,328,350

201408151946(201408151946)
5,038,320
11,299,050
18,852,960
5,644,560
6,337,680

201408151949(201408151949)
5,038,320
11,299,050
18,852,960
5,644,560
6,340,080

201408151950(201408151950)
5,038,320
11,299,050
18,852,960
5,652,360
6,349,590

201408151951(201408151951)
5,041,350
11,299,050
18,852,960
5,656,140
6,349,590

201408151954(201408151954)
5,041,350
11,299,050
18,852,960
5,656,140
6,349,590

201408151955(201408151955)
5,041,350
11,299,050
18,852,960
5,656,140
6,355,650

201408151956(201408151956)
5,041,350
11,299,050
18,852,960
5,656,140
6,355,650

201408151959(201408151959)
5,041,350
11,308,020
18,852,960
5,656,140
6,355,650

201408152000(201408152000)
5,041,350
11,308,020
18,852,960
5,676,090
6,362,790

201408152001(201408152001)
5,041,350
11,308,020
18,852,960
5,676,090
6,362,790

201408152004(201408152004)
5,041,350
11,308,020
18,852,960
5,676,090
6,362,790

201408152005(201408152005)
5,041,350
11,323,620
18,852,960
5,676,090
6,362,790

201408152006(201408152006)
5,041,350
11,323,620
18,852,960
5,676,090
6,362,790

201408152009(201408152009)
5,041,350
11,323,620
18,852,960
5,676,090
6,362,790

201408152010(201408152010)
5,041,350
11,323,620
18,852,960
5,676,090
6,362,790

201408152011(201408152011)
5,041,350
11,323,620
18,852,960
5,676,090
6,362,790

201408152014(201408152014)
5,041,350
11,323,620
18,852,960
5,676,090
6,362,790

201408152015(201408152015)
5,041,350
11,323,620
18,852,960
5,676,090
6,362,790

201408152016(201408152016)
5,041,350
11,323,620
18,852,960
5,676,090
6,381,210

201408152019(201408152019)
5,041,350
11,323,620
18,852,960
5,676,090
6,381,210

201408152020(201408152020)
5,049,780
11,323,620
18,852,960
5,700,240
6,381,210

201408152021(201408152021)
5,049,780
11,323,620
18,852,960
5,713,260
6,381,210

201408152024(201408152024)
5,049,780
11,323,620
18,852,960
5,713,260
6,381,210

201408152025(201408152025)
5,049,780
11,323,620
18,852,960
5,713,260
6,381,210

201408152026(201408152026)
5,049,780
11,323,620
18,852,960
5,713,260
6,381,210

201408152029(201408152029)
5,049,780
11,323,620
18,852,960
5,713,260
6,381,210

201408152030(201408152030)
5,052,990
11,323,620
18,852,960
5,713,260
6,387,420

201408152031(201408152031)
5,052,990
11,373,600
18,852,960
5,713,260
6,387,420

201408152034(201408152034)
5,052,990
11,376,840
18,852,960
5,713,260
6,387,420

201408152035(201408152035)
5,068,860
11,376,840
18,852,960
5,713,260
6,387,420

201408152036(201408152036)
5,068,860
11,376,840
18,852,960
5,713,260
6,387,420

201408152039(201408152039)
5,068,860
11,376,840
18,852,960
5,713,260
6,387,420

201408152040(201408152040)
5,068,860
11,376,840
18,852,960
5,717,580
6,387,420

201408152041(201408152041)
5,068,860
11,376,840
18,861,150
5,717,580
6,387,420

201408152044(201408152044)
5,068,860
11,376,840
18,861,150
5,717,580
6,387,420

201408152045(201408152045)
5,068,860
11,376,840
18,861,150
5,717,580
6,390,150

201408152046(201408152046)
5,068,860
11,376,840
18,861,150
5,717,580
6,390,150

201408152049(201408152049)
5,077,140
11,376,840
18,861,150
5,717,580
6,390,150

201408152050(201408152050)
5,077,140
11,379,900
18,861,150
5,717,580
6,390,210

201408152051(201408152051)
5,077,140
11,379,900
18,861,150
5,717,580
6,390,210

201408152054(201408152054)
5,077,140
11,379,900
18,861,150
5,717,580
6,390,210

201408152055(201408152055)
5,077,140
11,379,900
18,861,150
5,717,580
6,398,490

201408152056(201408152056)
5,077,140
11,379,900
18,861,150
5,717,580
6,398,490

201408152059(201408152059)
5,077,140
11,379,900
18,861,150
5,717,580
6,398,490

201408152100(201408152100)
5,077,140
11,379,900
18,861,150
5,717,580
6,398,490

201408152101(201408152101)
5,081,670
11,379,900
18,861,150
5,717,580
6,398,490

201408152104(201408152104)
5,081,670
11,379,900
18,861,150
5,717,580
6,409,830

201408152105(201408152105)
5,081,670
11,379,900
18,861,150
5,717,580
6,409,830

201408152106(201408152106)
5,081,670
11,379,900
18,861,150
5,717,580
6,409,830

201408152109(201408152109)
5,083,350
11,387,040
18,863,610
5,717,580
6,409,830

201408152110(201408152110)
5,083,350
11,391,300
18,971,610
5,717,580
6,414,660

201408152111(201408152111)
5,083,350
11,391,300
18,973,410
5,717,580
6,414,660

201408152114(201408152114)
5,083,350
11,391,300
18,981,510
5,717,580
6,414,660

201408152115(201408152115)
5,083,350
11,391,300
19,013,310
5,726,700
6,414,660

201408152116(201408152116)
5,083,350
11,391,300
19,031,910
5,726,700
6,414,660

201408152119(201408152119)
5,083,350
11,391,300
19,031,910
5,726,700
6,414,660

201408152120(201408152120)
5,083,350
11,403,810
19,031,910
5,726,700
6,425,070

201408152121(201408152121)
5,083,350
11,403,810
19,031,910
5,726,700
6,425,070

201408152124(201408152124)
5,091,300
11,403,810
19,031,910
5,726,700
6,425,070

201408152125(201408152125)
5,091,300
11,410,020
19,031,910
5,735,850
6,425,070

201408152126(201408152126)
5,091,300
11,410,020
19,031,910
5,738,880
6,425,070

201408152129(201408152129)
5,091,300
11,410,020
19,031,910
5,738,880
6,426,630

201408152130(201408152130)
5,091,720
11,410,020
19,031,910
5,745,150
6,427,560

201408152131(201408152131)
5,091,720
11,410,020
19,031,910
5,747,820
6,427,560

201408152134(201408152134)
5,091,720
11,410,020
19,031,910
5,747,820
6,427,560

201408152135(201408152135)
5,103,450
11,410,020
19,031,910
5,747,820
6,427,560

201408152136(201408152136)
5,103,450
11,412,510
19,031,910
5,747,820
6,427,560

201408152139(201408152139)
5,103,450
11,412,510
19,041,060
5,747,820
6,427,560

201408152140(201408152140)
5,103,450
11,412,510
19,054,440
5,747,820
6,427,560

201408152141(201408152141)
5,103,450
11,412,510
19,054,440
5,747,820
6,427,560

201408152144(201408152144)
5,103,450
11,412,510
19,054,440
5,747,820
6,427,560

201408152145(201408152145)
5,109,330
11,412,510
19,054,440
5,747,820
6,427,560

201408152146(201408152146)
5,109,330
11,412,510
19,054,440
5,747,820
6,427,560

201408152149(201408152149)
5,109,330
11,412,510
19,054,440
5,747,820
6,427,560

201408152150(201408152150)
5,128,890
11,412,510
19,054,440
5,749,380
6,427,560

201408152151(201408152151)
5,128,890
11,412,510
19,054,440
5,749,380
6,427,560

201408152154(201408152154)
5,128,890
11,412,510
19,054,440
5,749,380
6,427,560

201408152155(201408152155)
5,128,890
11,412,510
19,054,440
5,749,830
6,428,250

201408152156(201408152156)
5,128,890
11,412,510
19,054,440
5,749,830
6,428,250

201408152159(201408152159)
5,128,890
11,412,510
19,054,440
5,761,500
6,428,250

201408152200(201408152200)
5,148,810
11,412,510
19,054,440
5,761,500
6,428,250

201408152201(201408152201)
5,150,820
11,413,920
19,054,440
5,761,500
6,435,510

201408152204(201408152204)
5,154,150
11,414,820
19,054,440
5,761,500
6,435,510

201408152205(201408152205)
5,154,150
11,416,560
19,054,440
5,764,950
6,435,510

201408152206(201408152206)
5,154,150
11,416,560
19,099,530
5,779,560
6,435,510

201408152209(201408152209)
5,154,150
11,416,560
19,099,530
5,779,560
6,438,180

201408152210(201408152210)
5,154,150
11,416,560
19,099,530
5,779,560
6,438,180

201408152211(201408152211)
5,154,150
11,416,560
19,099,530
5,779,560
6,438,180

201408152214(201408152214)
5,154,150
11,416,560
19,099,530
5,779,560
6,438,180

201408152215(201408152215)
5,154,150
11,416,560
19,099,530
5,779,560
6,438,180

201408152216(201408152216)
5,154,150
11,416,560
19,099,530
5,779,560
6,438,180

201408152219(201408152219)
5,154,150
11,416,560
19,099,530
5,790,180
6,438,180

201408152220(201408152220)
5,154,540
11,416,560
19,099,530
5,797,170
6,438,180

201408152221(201408152221)
5,154,540
11,416,560
19,099,530
5,801,130
6,438,180

201408152224(201408152224)
5,154,540
11,416,560
19,099,530
5,801,130
6,438,180

201408152225(201408152225)
5,158,620
11,418,120
19,099,530
5,814,720
6,438,180

201408152226(201408152226)
5,158,620
11,418,120
19,099,530
5,814,720
6,438,180

201408152229(201408152229)
5,158,620
11,421,120
19,099,530
5,814,720
6,438,180

201408152230(201408152230)
5,158,620
11,426,910
19,099,530
5,814,720
6,463,650

201408152231(201408152231)
5,158,620
11,426,910
19,099,530
5,814,720
6,463,650

201408152234(201408152234)
5,158,620
11,426,910
19,099,530
5,814,720
6,463,650

201408152235(201408152235)
5,158,620
11,426,910
19,099,530
5,814,720
6,476,520

201408152236(201408152236)
5,158,620
11,426,910
19,099,530
5,814,720
6,476,520

201408152239(201408152239)
5,158,620
11,426,910
19,099,530
5,814,720
6,476,520

201408152240(201408152240)
5,158,620
11,442,600
19,099,530
5,814,720
6,476,520

201408152241(201408152241)
5,158,620
11,442,600
19,099,530
5,814,720
6,505,350

201408152244(201408152244)
5,158,620
11,442,600
19,099,530
5,827,500
6,505,350

201408152245(201408152245)
5,180,490
11,442,600
19,099,530
5,829,030
6,511,860

201408152246(201408152246)
5,185,170
11,442,600
19,099,530
5,830,950
6,511,860

201408152249(201408152249)
5,185,170
11,442,600
19,099,530
5,830,950
6,511,860

201408152250(201408152250)
5,187,930
11,442,600
19,099,530
5,830,950
6,515,790

201408152251(201408152251)
5,187,930
11,442,600
19,099,530
5,830,950
6,515,790

201408152254(201408152254)
5,187,930
11,442,600
19,123,290
5,830,950
6,515,790

201408152255(201408152255)
5,187,930
11,445,510
19,156,470
5,830,950
6,534,450

201408152256(201408152256)
5,187,930
11,445,900
19,156,470
5,830,950
6,534,450

201408152259(201408152259)
5,187,930
11,455,530
19,156,470
5,830,950
6,534,450

201408152300(201408152300)
5,187,930
11,476,230
19,156,470
5,830,950
6,534,450

201408152301(201408152301)
5,187,930
11,476,230
19,156,470
5,830,950
6,534,450

201408152304(201408152304)
5,187,930
11,476,230
19,156,470
5,830,950
6,534,450

201408152305(201408152305)
5,191,230
11,499,120
19,156,470
5,830,950
6,534,450

201408152306(201408152306)
5,191,230
11,499,120
19,156,470
5,830,950
6,534,450

201408152309(201408152309)
5,191,230
11,499,120
19,264,860
5,830,950
6,534,450

201408152310(201408152310)
5,191,230
11,499,120
19,348,710
5,830,950
6,534,450

201408152311(201408152311)
5,191,230
11,499,120
19,348,710
5,830,950
6,534,450

201408152314(201408152314)
5,191,230
11,499,120
19,348,710
5,830,950
6,534,450

201408152315(201408152315)
5,191,800
11,499,120
19,348,710
5,830,950
6,534,450

201408152316(201408152316)
5,191,800
11,499,120
19,348,710
5,830,950
6,534,450

201408152319(201408152319)
5,191,800
11,499,120
19,348,710
5,830,950
6,534,450

201408152320(201408152320)
5,191,800
11,499,120
19,390,410
5,832,930
6,534,450

201408152321(201408152321)
5,191,800
11,499,120
19,390,410
5,832,930
6,534,450

201408152324(201408152324)
5,203,230
11,499,120
19,390,410
5,832,930
6,534,450

201408152325(201408152325)
5,203,230
11,504,130
19,390,410
5,832,930
6,539,760

201408152326(201408152326)
5,203,230
11,504,130
19,390,410
5,832,930
6,539,760

201408152329(201408152329)
5,203,230
11,504,130
19,390,410
5,832,930
6,539,760

201408152330(201408152330)
5,209,410
11,504,130
19,390,410
5,844,390
6,546,480

201408152331(201408152331)
5,209,410
11,504,130
19,390,410
5,858,790
6,551,280

201408152334(201408152334)
5,209,410
11,504,130
19,390,410
5,858,790
6,558,390

201408152335(201408152335)
5,209,410
11,504,130
19,390,410
5,858,790
6,573,300

201408152336(201408152336)
5,209,410
11,504,130
19,390,410
5,858,790
6,573,300

201408152339(201408152339)
5,209,410
11,523,420
19,390,410
5,858,790
6,578,490

201408152340(201408152340)
5,215,320
11,523,420
19,390,410
5,858,790
6,578,490

201408152341(201408152341)
5,215,320
11,523,420
19,390,410
5,865,000
6,588,780

201408152344(201408152344)
5,215,320
11,523,420
19,390,410
5,870,700
6,588,780

201408152345(201408152345)
5,215,320
11,523,420
19,390,410
5,873,610
6,590,160

201408152346(201408152346)
5,215,320
11,523,420
19,390,410
5,880,150
6,590,160

201408152349(201408152349)
5,215,320
11,523,420
19,390,410
5,880,150
6,590,160

201408152350(201408152350)
5,215,320
11,523,420
19,390,410
5,880,150
6,591,000

201408152351(201408152351)
5,215,320
11,523,420
19,390,410
5,880,150
6,591,000

201408152354(201408152354)
5,215,320
11,523,420
19,390,410
5,880,150
6,591,000

201408152355(201408152355)
5,217,360
11,523,420
19,390,410
5,903,970
6,598,410

201408152356(201408152356)
5,218,200
11,523,420
19,390,410
5,903,970
6,600,420

201408152359(201408152359)
5,218,200
11,523,420
19,390,410
5,903,970
6,600,420

201408160000(201408160000)
5,219,940
11,523,420
19,390,410
5,903,970
6,600,420

201408160001(201408160001)
5,219,940
11,523,420
19,390,410
5,903,970
6,600,420

201408160004(201408160004)
5,219,940
11,523,420
19,390,410
5,903,970
6,600,420

201408160005(201408160005)
5,219,940
11,523,420
19,390,410
5,907,210
6,600,420

201408160006(201408160006)
5,219,940
11,523,420
19,390,410
5,907,210
6,600,480

201408160009(201408160009)
5,224,110
11,523,420
19,390,410
5,912,100
6,600,480

201408160010(201408160010)
5,224,110
11,523,420
19,390,410
5,912,100
6,600,480

201408160011(201408160011)
5,224,110
11,523,420
19,390,410
5,912,100
6,600,480

201408160014(201408160014)
5,224,110
11,523,420
19,542,360
5,922,480
6,600,480

201408160015(201408160015)
5,224,110
11,523,420
19,542,360
5,922,480
6,600,480

201408160016(201408160016)
5,224,110
11,523,420
19,542,360
5,922,480
6,600,480

201408160019(201408160019)
5,224,110
11,523,420
19,542,360
5,922,480
6,600,480

201408160020(201408160020)
5,225,880
11,547,990
19,542,360
5,925,570
6,608,430

201408160021(201408160021)
5,225,880
11,547,990
19,542,360
5,925,570
6,608,430

201408160024(201408160024)
5,225,880
11,547,990
19,542,360
5,936,880
6,608,430

201408160025(201408160025)
5,236,890
11,547,990
19,542,360
5,966,970
6,608,430

201408160026(201408160026)
5,236,890
11,547,990
19,542,360
5,966,970
6,610,500

201408160029(201408160029)
5,240,430
11,551,290
19,542,360
5,968,110
6,627,900

201408160030(201408160030)
5,246,310
11,579,880
19,542,360
5,968,110
6,639,900

201408160031(201408160031)
5,246,310
11,590,980
19,542,360
5,968,110
6,639,900

201408160034(201408160034)
5,246,310
11,590,980
19,542,360
5,968,110
6,639,900

201408160035(201408160035)
5,251,230
11,590,980
19,542,360
5,968,110
6,640,920

201408160036(201408160036)
5,251,230
11,590,980
19,542,360
5,968,110
6,640,920

201408160039(201408160039)
5,251,230
11,590,980
19,542,360
5,968,110
6,640,920

201408160040(201408160040)
5,251,230
11,590,980
19,542,360
5,968,110
6,661,800

201408160041(201408160041)
5,251,230
11,590,980
19,542,360
5,971,560
6,661,800

201408160044(201408160044)
5,251,230
11,590,980
19,542,360
5,971,560
6,661,800

201408160045(201408160045)
5,266,470
11,593,410
19,542,360
5,971,560
6,661,800

201408160046(201408160046)
5,266,470
11,593,410
19,542,360
5,971,560
6,666,810

201408160049(201408160049)
5,266,470
11,593,410
19,542,360
5,971,560
6,666,810

201408160050(201408160050)
5,306,430
11,593,410
19,542,360
5,971,560
6,671,280

201408160051(201408160051)
5,306,430
11,593,410
19,542,360
5,971,560
6,671,280

201408160054(201408160054)
5,306,430
11,593,410
19,542,360
5,971,560
6,671,280

201408160055(201408160055)
5,306,430
11,593,410
19,542,360
5,973,720
6,678,060

201408160056(201408160056)
5,306,430
11,593,410
19,542,360
5,973,720
6,678,810

201408160059(201408160059)
5,306,430
11,593,410
19,542,360
5,981,370
6,678,810

201408160100(201408160100)
5,306,430
11,593,410
19,542,360
5,984,850
6,678,810

201408160101(201408160101)
5,306,430
11,593,410
19,542,360
5,984,850
6,678,810

201408160104(201408160104)
5,306,430
11,593,410
19,542,360
5,984,850
6,678,810

201408160105(201408160105)
5,306,430
11,593,410
19,542,360
5,986,650
6,702,570

201408160106(201408160106)
5,306,430
11,593,410
19,542,360
5,986,650
6,710,040

201408160109(201408160109)
5,306,430
11,593,410
19,542,360
5,986,650
6,710,040

201408160110(201408160110)
5,307,810
11,593,410
19,542,360
5,986,650
6,710,040

201408160111(201408160111)
5,307,810
11,593,410
19,542,360
5,986,650
6,710,040

201408160114(201408160114)
5,307,810
11,593,410
19,542,360
5,986,650
6,710,040

201408160115(201408160115)
5,307,810
11,593,410
19,542,360
5,986,650
6,718,500

201408160116(201408160116)
5,307,810
11,593,410
19,542,360
5,986,650
6,718,500

201408160119(201408160119)
5,307,810
11,593,410
19,542,360
5,986,650
6,718,500

201408160120(201408160120)
5,307,810
11,601,360
19,542,360
5,986,650
6,718,500

201408160121(201408160121)
5,318,940
11,601,360
19,542,360
5,986,650
6,718,500

201408160124(201408160124)
5,318,940
11,601,360
19,542,360
5,986,650
6,718,500

201408160125(201408160125)
5,319,030
11,601,360
19,542,360
5,986,650
6,718,500

201408160126(201408160126)
5,319,030
11,601,360
19,542,360
5,986,650
6,718,500

201408160129(201408160129)
5,319,030
11,601,360
19,542,360
5,986,650
6,718,500

201408160130(201408160130)
5,319,030
11,611,200
19,542,360
5,990,250
6,718,500

201408160131(201408160131)
5,319,030
11,611,200
19,542,360
5,990,250
6,724,500

201408160134(201408160134)
5,319,030
11,611,200
19,542,360
5,990,250
6,724,500

201408160135(201408160135)
5,319,030
11,611,200
19,542,360
5,999,700
6,724,500

201408160136(201408160136)
5,319,030
11,611,200
19,542,360
5,999,700
6,724,500

201408160139(201408160139)
5,319,030
11,611,200
19,542,360
5,999,700
6,724,500

201408160140(201408160140)
5,319,030
11,611,200
19,542,360
5,999,700
6,725,760

201408160141(201408160141)
5,319,030
11,611,200
19,542,360
5,999,700
6,725,760

201408160144(201408160144)
5,319,030
11,611,200
19,542,360
5,999,700
6,725,760

201408160145(201408160145)
5,319,030
11,620,440
19,542,360
6,001,200
6,742,620

201408160146(201408160146)
5,319,030
11,620,440
19,542,360
6,001,200
6,759,390

201408160149(201408160149)
5,331,990
11,625,630
19,542,360
6,001,200
6,759,390

201408160150(201408160150)
5,342,040
11,625,630
19,542,360
6,001,200
6,759,390

201408160151(201408160151)
5,342,040
11,625,630
19,542,360
6,001,200
6,759,390

201408160154(201408160154)
5,342,040
11,625,630
19,542,360
6,001,500
6,759,390

201408160155(201408160155)
5,342,040
11,625,630
19,542,360
6,001,500
6,759,390

201408160156(201408160156)
5,342,040
11,625,630
19,542,360
6,001,500
6,759,390

201408160159(201408160159)
5,342,040
11,625,630
19,542,360
6,001,500
6,759,390

201408160200(201408160200)
5,348,730
11,625,630
19,542,360
6,001,500
6,759,390

201408160201(201408160201)
5,348,730
11,625,630
19,542,360
6,001,500
6,759,390

201408160204(201408160204)
5,348,730
11,625,630
19,542,360
6,001,500
6,759,390

201408160205(201408160205)
5,356,980
11,625,630
19,542,360
6,001,500
6,759,390

201408160206(201408160206)
5,356,980
11,625,630
19,542,360
6,004,170
6,759,390

201408160209(201408160209)
5,356,980
11,627,220
19,542,360
6,004,170
6,759,390

201408160210(201408160210)
5,356,980
11,628,270
19,542,360
6,006,900
6,759,390

201408160211(201408160211)
5,356,980
11,628,270
19,542,360
6,006,900
6,759,390

201408160214(201408160214)
5,356,980
11,628,540
19,542,360
6,006,900
6,759,390

201408160215(201408160215)
5,356,980
11,631,930
19,542,360
6,006,900
6,765,600

201408160216(201408160216)
5,356,980
11,631,930
19,542,360
6,006,900
6,765,600

201408160219(201408160219)
5,356,980
11,631,930
19,542,360
6,006,900
6,771,720

201408160220(201408160220)
5,356,980
11,631,930
19,542,360
6,036,630
6,775,110

201408160221(201408160221)
5,356,980
11,631,930
19,542,360
6,036,630
6,775,110

201408160224(201408160224)
5,356,980
11,631,930
19,542,360
6,047,610
6,775,110

201408160225(201408160225)
5,362,230
11,631,930
19,542,360
6,047,610
6,775,110

201408160226(201408160226)
5,362,230
11,631,930
19,542,360
6,047,610
6,775,110

201408160229(201408160229)
5,362,230
11,631,930
19,542,360
6,047,610
6,775,110

201408160230(201408160230)
5,362,230
11,631,930
19,542,360
6,048,180
6,798,120

201408160231(201408160231)
5,362,230
11,631,930
19,542,360
6,048,180
6,798,780

201408160234(201408160234)
5,362,230
11,631,930
19,542,360
6,048,180
6,798,780

201408160235(201408160235)
5,362,230
11,631,930
19,542,360
6,048,180
6,811,800

201408160236(201408160236)
5,367,810
11,631,930
19,542,360
6,048,180
6,811,800

201408160239(201408160239)
5,367,810
11,631,930
19,542,360
6,048,180
6,811,800

201408160240(201408160240)
5,373,270
11,631,930
19,542,360
6,074,910
6,811,800

201408160241(201408160241)
5,373,270
11,631,930
19,542,360
6,074,910
6,811,800

201408160244(201408160244)
5,373,270
11,631,930
19,542,360
6,074,910
6,811,800

201408160245(201408160245)
5,373,270
11,631,930
19,542,360
6,074,910
6,811,800

201408160246(201408160246)
5,373,270
11,631,930
19,542,360
6,074,910
6,811,800

201408160249(201408160249)
5,373,270
11,631,930
19,542,360
6,074,910
6,811,800

201408160250(201408160250)
5,373,270
11,631,930
19,542,360
6,074,910
6,811,800

201408160251(201408160251)
5,379,090
11,631,930
19,542,360
6,074,910
6,811,800

201408160254(201408160254)
5,379,090
11,631,930
19,542,360
6,074,910
6,811,800

201408160255(201408160255)
5,379,090
11,697,720
19,542,360
6,081,300
6,811,800

201408160256(201408160256)
5,379,090
11,697,720
19,542,360
6,081,300
6,811,800

201408160259(201408160259)
5,379,090
11,697,720
19,542,360
6,081,300
6,811,800

201408160300(201408160300)
5,379,090
11,697,720
19,542,360
6,081,300
6,811,800

201408160301(201408160301)
5,379,090
11,697,720
19,542,360
6,081,300
6,811,800

201408160304(201408160304)
5,379,090
11,697,720
19,542,360
6,081,300
6,811,800

201408160305(201408160305)
5,379,090
11,697,720
19,542,360
6,081,300
6,811,800

201408160306(201408160306)
5,379,090
11,697,720
19,542,360
6,081,300
6,811,800

201408160309(201408160309)
5,379,090
11,697,720
19,542,360
6,081,300
6,811,800

201408160310(201408160310)
5,379,090
11,710,650
19,542,360
6,081,300
6,811,800

201408160311(201408160311)
5,379,090
11,710,650
19,542,360
6,081,300
6,811,800

201408160314(201408160314)
5,379,090
11,710,650
19,542,360
6,081,300
6,811,800

201408160315(201408160315)
5,379,090
11,710,650
19,542,360
6,081,300
6,811,800

201408160316(201408160316)
5,379,090
11,712,960
19,542,360
6,090,900
6,811,800

201408160319(201408160319)
5,379,090
11,712,960
19,542,360
6,090,900
6,811,800

201408160320(201408160320)
5,379,090
11,712,960
19,542,360
6,090,900
6,811,800

201408160321(201408160321)
5,383,290
11,712,960
19,542,360
6,090,900
6,811,800

201408160324(201408160324)
5,384,040
11,712,960
19,542,360
6,090,900
6,813,000

201408160325(201408160325)
5,384,040
11,712,960
19,542,360
6,090,900
6,813,000

201408160326(201408160326)
5,384,040
11,712,960
19,542,360
6,090,900
6,813,000

201408160329(201408160329)
5,384,040
11,712,960
19,542,360
6,090,900
6,813,000

201408160330(201408160330)
5,384,040
11,712,960
19,542,360
6,090,900
6,813,000

201408160331(201408160331)
5,386,320
11,712,960
19,542,360
6,090,900
6,813,000

201408160334(201408160334)
5,386,320
11,712,960
19,542,360
6,090,900
6,813,000

201408160335(201408160335)
5,386,320
11,712,960
19,542,360
6,090,900
6,813,000

201408160336(201408160336)
5,386,320
11,712,960
19,542,360
6,090,900
6,813,000

201408160339(201408160339)
5,386,320
11,712,960
19,542,360
6,090,900
6,813,000

201408160340(201408160340)
5,386,320
11,712,960
19,542,360
6,090,900
6,813,000

201408160341(201408160341)
5,386,320
11,712,960
19,542,360
6,090,900
6,813,000

201408160344(201408160344)
5,386,320
11,712,960
19,542,360
6,090,900
6,813,000

201408160345(201408160345)
5,386,320
11,712,960
19,542,360
6,090,900
6,813,000

201408160346(201408160346)
5,386,320
11,712,960
19,542,360
6,110,700
6,813,000

201408160349(201408160349)
5,386,320
11,712,960
19,542,360
6,120,540
6,813,000

201408160350(201408160350)
5,386,320
11,712,960
19,542,360
6,120,540
6,813,750

201408160351(201408160351)
5,386,320
11,712,960
19,542,360
6,120,540
6,813,750

201408160354(201408160354)
5,386,320
11,712,960
19,542,360
6,120,540
6,813,750

201408160355(201408160355)
5,386,320
11,719,470
19,542,360
6,120,540
6,813,750

201408160356(201408160356)
5,386,320
11,719,470
19,542,360
6,120,540
6,813,750

201408160359(201408160359)
5,386,320
11,719,470
19,542,360
6,120,540
6,813,750

201408160400(201408160400)
5,386,320
11,720,220
19,542,360
6,120,540
6,813,750

201408160401(201408160401)
5,386,320
11,720,220
19,558,110
6,120,540
6,813,750

201408160404(201408160404)
5,386,320
11,720,220
19,558,110
6,120,540
6,813,750

201408160405(201408160405)
5,386,320
11,722,770
19,558,110
6,120,540
6,813,750

201408160406(201408160406)
5,386,320
11,728,350
19,558,110
6,120,540
6,813,750

201408160409(201408160409)
5,386,320
11,728,350
19,558,110
6,120,540
6,813,750

201408160410(201408160410)
5,386,320
11,728,350
19,558,110
6,120,540
6,813,750

201408160411(201408160411)
5,396,190
11,728,350
19,558,110
6,120,540
6,813,750

201408160414(201408160414)
5,396,190
11,728,350
19,558,110
6,120,540
6,813,750

201408160415(201408160415)
5,396,190
11,728,350
19,558,110
6,120,540
6,813,750

201408160416(201408160416)
5,396,190
11,728,350
19,558,110
6,120,540
6,813,750

201408160419(201408160419)
5,396,190
11,728,350
19,558,110
6,120,540
6,813,750

201408160420(201408160420)
5,396,190
11,728,350
19,558,110
6,120,540
6,813,750

201408160421(201408160421)
5,396,190
11,728,350
19,558,110
6,120,540
6,813,750

201408160424(201408160424)
5,396,190
11,728,350
19,558,110
6,120,540
6,813,750

201408160425(201408160425)
5,396,190
11,728,350
19,558,110
6,120,540
6,813,750

201408160426(201408160426)
5,396,190
11,728,350
19,558,110
6,120,540
6,813,750

201408160429(201408160429)
5,412,330
11,728,350
19,558,110
6,120,540
6,813,750

201408160430(201408160430)
5,414,460
11,728,350
19,558,110
6,120,540
6,813,750

201408160431(201408160431)
5,418,510
11,728,350
19,558,110
6,120,540
6,813,750

201408160434(201408160434)
5,418,510
11,728,350
19,558,110
6,120,540
6,813,750

201408160435(201408160435)
5,418,510
11,728,350
19,597,410
6,120,540
6,813,750

201408160436(201408160436)
5,418,510
11,728,350
19,599,810
6,120,540
6,813,750

201408160439(201408160439)
5,418,510
11,728,350
19,599,810
6,120,540
6,813,750

201408160440(201408160440)
5,418,510
11,728,350
19,599,810
6,130,890
6,813,750

201408160441(201408160441)
5,418,510
11,728,350
19,599,810
6,135,780
6,813,750

201408160444(201408160444)
5,418,510
11,728,350
19,599,810
6,135,780
6,813,750

201408160445(201408160445)
5,418,510
11,728,350
19,599,810
6,135,780
6,814,710

201408160446(201408160446)
5,418,510
11,728,350
19,599,810
6,135,780
6,814,710

201408160449(201408160449)
5,418,510
11,728,350
19,599,810
6,135,780
6,814,710

201408160450(201408160450)
5,418,510
11,728,350
19,599,810
6,135,780
6,817,710

201408160451(201408160451)
5,418,510
11,728,350
19,599,810
6,135,780
6,817,710

201408160454(201408160454)
5,418,510
11,728,350
19,599,810
6,135,780
6,817,710

201408160455(201408160455)
5,430,600
11,728,350
19,599,810
6,135,780
6,820,950

201408160456(201408160456)
5,430,600
11,728,350
19,599,810
6,135,780
6,820,950

201408160459(201408160459)
5,430,600
11,728,350
19,599,810
6,135,780
6,820,950

201408160500(201408160500)
5,430,600
11,728,350
19,599,810
6,135,780
6,820,950

201408160501(201408160501)
5,430,600
11,728,350
19,599,810
6,135,780
6,820,950

201408160504(201408160504)
5,430,600
11,728,350
19,599,810
6,135,780
6,820,950

201408160505(201408160505)
5,430,600
11,728,350
19,599,810
6,135,780
6,820,950

201408160506(201408160506)
5,430,600
11,728,350
19,599,810
6,135,780
6,820,950

201408160509(201408160509)
5,430,600
11,728,350
19,599,810
6,135,780
6,820,950

201408160510(201408160510)
5,430,600
11,728,350
19,599,810
6,135,780
6,820,950

201408160511(201408160511)
5,437,590
11,728,350
19,599,810
6,135,780
6,820,950

201408160514(201408160514)
5,437,590
11,728,350
19,599,810
6,135,780
6,820,950

201408160515(201408160515)
5,437,590
11,728,350
19,599,810
6,151,560
6,820,950

201408160516(201408160516)
5,437,590
11,728,350
19,599,810
6,151,560
6,820,950

201408160519(201408160519)
5,437,590
11,728,350
19,599,810
6,151,560
6,822,090

201408160520(201408160520)
5,437,590
11,728,350
19,599,810
6,151,560
6,822,090

201408160521(201408160521)
5,437,590
11,728,350
19,599,810
6,151,560
6,822,090

201408160524(201408160524)
5,437,590
11,728,350
19,599,810
6,151,560
6,822,090

201408160525(201408160525)
5,437,590
11,728,350
19,599,810
6,151,560
6,822,090

201408160526(201408160526)
5,437,590
11,728,350
19,599,810
6,151,560
6,822,090

201408160529(201408160529)
5,437,590
11,728,350
19,599,810
6,151,560
6,822,090

201408160530(201408160530)
5,437,590
11,728,350
19,599,810
6,151,560
6,822,090

201408160531(201408160531)
5,437,590
11,728,350
19,599,810
6,151,560
6,822,090

201408160534(201408160534)
5,437,590
11,728,350
19,599,810
6,151,560
6,822,660

201408160535(201408160535)
5,437,590
11,728,350
19,599,810
6,151,560
6,822,660

201408160536(201408160536)
5,437,590
11,728,350
19,599,810
6,151,560
6,822,660

201408160539(201408160539)
5,437,590
11,729,220
19,599,810
6,151,560
6,822,660

201408160540(201408160540)
5,437,590
11,729,220
19,599,810
6,155,640
6,822,660

201408160541(201408160541)
5,437,590
11,729,220
19,599,810
6,155,640
6,822,660

201408160544(201408160544)
5,437,590
11,729,220
19,599,810
6,155,640
6,822,660

201408160545(201408160545)
5,437,590
11,729,220
19,599,810
6,155,640
6,822,660

201408160546(201408160546)
5,437,590
11,729,220
19,599,810
6,161,880
6,822,660

201408160549(201408160549)
5,437,590
11,729,220
19,599,810
6,161,880
6,822,660

201408160550(201408160550)
5,451,690
11,729,220
19,599,810
6,161,880
6,822,660

201408160551(201408160551)
5,451,690
11,729,220
19,599,810
6,161,880
6,822,660

201408160554(201408160554)
5,451,690
11,729,220
19,599,810
6,162,030
6,822,660

201408160555(201408160555)
5,459,400
11,755,620
19,599,810
6,162,030
6,823,170

201408160556(201408160556)
5,459,400
11,755,620
19,599,810
6,162,030
6,823,170

201408160559(201408160559)
5,459,400
11,755,620
19,599,810
6,162,030
6,823,170

201408160600(201408160600)
5,459,400
11,755,620
19,599,810
6,162,030
6,823,170

201408160601(201408160601)
5,459,400
11,755,620
19,599,810
6,162,030
6,823,170

201408160604(201408160604)
5,459,400
11,755,620
19,599,810
6,162,030
6,823,170

201408160605(201408160605)
5,459,400
11,755,620
19,599,810
6,172,830
6,823,170

201408160606(201408160606)
5,459,400
11,755,620
19,599,810
6,172,830
6,834,300

201408160609(201408160609)
5,459,400
11,755,620
19,599,810
6,172,830
6,834,300

201408160610(201408160610)
5,459,400
11,755,620
19,599,810
6,172,830
6,834,300

201408160611(201408160611)
5,459,400
11,755,620
19,599,810
6,172,830
6,834,300

201408160614(201408160614)
5,459,400
11,755,620
19,599,810
6,172,830
6,834,300

201408160615(201408160615)
5,459,400
11,755,620
19,599,810
6,182,490
6,834,300

201408160616(201408160616)
5,459,400
11,755,620
19,599,810
6,184,920
6,834,300

201408160619(201408160619)
5,459,400
11,755,620
19,599,810
6,184,920
6,834,300

201408160620(201408160620)
5,459,400
11,755,620
19,599,810
6,184,920
6,834,300

201408160621(201408160621)
5,459,400
11,755,620
19,599,810
6,184,920
6,845,520

201408160624(201408160624)
5,459,400
11,755,620
19,599,810
6,184,920
6,853,470

201408160625(201408160625)
5,459,400
11,755,620
19,599,810
6,184,920
6,853,470

201408160626(201408160626)
5,459,400
11,755,620
19,599,810
6,184,920
6,853,470

201408160629(201408160629)
5,459,400
11,755,620
19,599,810
6,184,920
6,853,470

201408160630(201408160630)
5,459,400
11,755,620
19,599,810
6,184,920
6,865,080

201408160631(201408160631)
5,463,180
11,755,620
19,599,810
6,184,920
6,865,080

201408160634(201408160634)
5,464,710
11,755,620
19,599,810
6,184,920
6,865,080

201408160635(201408160635)
5,464,710
11,755,620
19,599,810
6,184,920
6,865,080

201408160636(201408160636)
5,464,710
11,755,620
19,599,810
6,184,920
6,865,080

201408160639(201408160639)
5,464,710
11,755,620
19,599,810
6,184,920
6,865,080

201408160640(201408160640)
5,464,710
11,755,620
19,599,810
6,184,920
6,865,080

201408160641(201408160641)
5,468,340
11,755,620
19,599,810
6,184,920
6,880,290

201408160644(201408160644)
5,468,340
11,755,620
19,599,810
6,184,920
6,880,290

201408160645(201408160645)
5,468,340
11,755,620
19,599,810
6,184,920
6,880,290

201408160646(201408160646)
5,468,340
11,755,620
19,599,810
6,207,870
6,880,290

201408160649(201408160649)
5,468,340
11,755,620
19,599,810
6,207,870
6,880,290

201408160650(201408160650)
5,468,340
11,755,620
19,599,810
6,207,870
6,880,290

201408160651(201408160651)
5,468,340
11,755,620
19,599,810
6,207,870
6,880,290

201408160654(201408160654)
5,468,340
11,755,620
19,599,810
6,214,260
6,880,290

201408160655(201408160655)
5,468,340
11,755,620
19,599,810
6,214,260
6,880,290

201408160656(201408160656)
5,468,340
11,755,620
19,599,810
6,214,260
6,885,150

201408160659(201408160659)
5,468,340
11,755,620
19,599,810
6,214,260
6,885,150

201408160700(201408160700)
5,468,340
11,755,620
19,599,810
6,214,260
6,885,150

201408160701(201408160701)
5,468,340
11,755,620
19,599,810
6,214,260
6,885,150

201408160704(201408160704)
5,468,340
11,755,620
19,599,810
6,218,520
6,885,150

201408160705(201408160705)
5,468,340
11,755,620
19,599,810
6,218,520
6,885,150

201408160706(201408160706)
5,468,340
11,755,620
19,599,810
6,218,520
6,885,150

201408160709(201408160709)
5,468,340
11,755,620
19,599,810
6,219,180
6,885,150

201408160710(201408160710)
5,468,340
11,755,620
19,599,810
6,219,180
6,885,150

201408160711(201408160711)
5,468,340
11,755,620
19,599,810
6,219,180
6,885,150

201408160714(201408160714)
5,468,340
11,755,620
19,599,810
6,219,180
6,885,150

201408160715(201408160715)
5,468,340
11,755,620
19,599,810
6,219,180
6,885,150

201408160716(201408160716)
5,468,340
11,755,620
19,599,810
6,219,180
6,885,150

201408160719(201408160719)
5,472,420
11,755,620
19,599,810
6,219,180
6,885,150

201408160720(201408160720)
5,472,420
11,755,620
19,599,810
6,219,180
6,885,150

201408160721(201408160721)
5,472,420
11,755,620
19,599,810
6,219,180
6,885,150

201408160724(201408160724)
5,472,420
11,755,620
19,599,810
6,219,180
6,885,150

201408160725(201408160725)
5,472,420
11,755,620
19,599,810
6,219,180
6,885,150

201408160726(201408160726)
5,472,420
11,755,620
19,599,810
6,219,180
6,885,150

201408160729(201408160729)
5,472,420
11,755,620
19,599,810
6,219,180
6,885,150

201408160730(201408160730)
5,472,420
11,755,620
19,599,810
6,219,180
6,894,030

201408160731(201408160731)
5,472,420
11,755,620
19,599,810
6,219,180
6,902,820

201408160734(201408160734)
5,480,130
11,755,620
19,599,810
6,219,180
6,902,820

201408160735(201408160735)
5,480,130
11,755,620
19,599,810
6,219,180
6,902,820

201408160736(201408160736)
5,480,130
11,755,620
19,599,810
6,224,280
6,902,820

201408160739(201408160739)
5,480,130
11,755,620
19,599,810
6,228,330
6,902,820

201408160740(201408160740)
5,487,960
11,755,620
19,599,810
6,229,230
6,902,820

201408160741(201408160741)
5,487,960
11,755,620
19,599,810
6,229,230
6,902,820

201408160744(201408160744)
5,487,960
11,755,620
19,599,810
6,229,230
6,902,820

201408160745(201408160745)
5,487,960
11,755,620
19,599,810
6,229,230
6,902,820

201408160746(201408160746)
5,487,960
11,755,620
19,599,810
6,229,230
6,904,710

201408160749(201408160749)
5,487,960
11,755,620
19,599,810
6,229,230
6,904,710

201408160750(201408160750)
5,487,960
11,755,620
19,599,810
6,229,230
6,904,860

201408160751(201408160751)
5,489,970
11,755,620
19,599,810
6,229,230
6,904,860

201408160754(201408160754)
5,489,970
11,755,620
19,599,810
6,229,230
6,904,860

201408160755(201408160755)
5,489,970
11,755,620
19,599,810
6,229,230
6,904,860

201408160756(201408160756)
5,489,970
11,756,400
19,599,810
6,229,230
6,904,860

201408160759(201408160759)
5,489,970
11,756,400
19,599,810
6,229,230
6,904,860

201408160800(201408160800)
5,489,970
11,759,940
19,599,810
6,229,740
6,904,860

201408160801(201408160801)
5,489,970
11,759,940
19,599,810
6,229,740
6,904,860

201408160804(201408160804)
5,489,970
11,759,940
19,599,810
6,233,040
6,904,860

201408160805(201408160805)
5,500,980
11,760,660
19,599,810
6,233,040
6,904,860

201408160806(201408160806)
5,500,980
11,760,660
19,599,810
6,233,040
6,904,860

201408160809(201408160809)
5,508,810
11,760,660
19,599,810
6,233,040
6,926,700

201408160810(201408160810)
5,517,390
11,760,660
19,599,810
6,240,840
6,926,700

201408160811(201408160811)
5,520,060
11,760,660
19,599,810
6,240,840
6,926,700

201408160814(201408160814)
5,520,060
11,760,660
19,599,810
6,240,840
6,940,770

201408160815(201408160815)
5,520,060
11,760,660
19,599,810
6,247,530
6,954,180

201408160816(201408160816)
5,520,060
11,760,660
19,599,810
6,247,530
6,954,180

201408160819(201408160819)
5,520,060
11,760,660
19,599,810
6,247,530
6,954,180

201408160820(201408160820)
5,520,060
11,765,250
19,599,810
6,247,530
6,955,890

201408160821(201408160821)
5,520,060
11,765,250
19,599,810
6,247,530
6,955,890

201408160824(201408160824)
5,520,060
11,765,820
19,599,810
6,247,530
6,955,890

201408160825(201408160825)
5,520,060
11,765,820
19,599,810
6,257,940
6,963,060

201408160826(201408160826)
5,520,060
11,765,820
19,599,810
6,257,940
6,963,060

201408160829(201408160829)
5,520,060
11,765,820
19,599,810
6,257,940
6,963,060

201408160830(201408160830)
5,520,060
11,765,820
19,599,810
6,257,940
6,963,060

201408160831(201408160831)
5,520,060
11,765,820
19,599,810
6,257,940
6,963,060

201408160834(201408160834)
5,520,060
11,765,820
19,599,810
6,257,940
6,963,060

201408160835(201408160835)
5,520,060
11,765,820
19,599,810
6,257,940
6,963,060

201408160836(201408160836)
5,520,060
11,765,820
19,599,810
6,257,940
6,963,060

201408160839(201408160839)
5,530,590
11,765,820
19,599,810
6,257,940
6,963,060

201408160840(201408160840)
5,538,780
11,765,820
19,599,810
6,257,940
6,963,060

201408160841(201408160841)
5,538,780
11,765,820
19,599,810
6,257,940
6,963,060

201408160844(201408160844)
5,538,780
11,765,820
19,599,810
6,257,940
6,963,060

201408160845(201408160845)
5,538,780
11,765,820
19,599,810
6,265,110
6,963,060

201408160846(201408160846)
5,538,780
11,765,820
19,599,810
6,265,110
6,965,910

201408160849(201408160849)
5,538,780
11,765,820
19,599,810
6,265,110
6,965,910

201408160850(201408160850)
5,538,780
11,765,820
19,599,810
6,265,110
6,983,730

201408160851(201408160851)
5,538,780
11,765,820
19,599,810
6,268,380
6,983,730

201408160854(201408160854)
5,538,780
11,765,820
19,599,810
6,268,380
6,983,730

201408160855(201408160855)
5,538,780
11,765,820
19,599,810
6,279,360
6,983,730

201408160856(201408160856)
5,538,780
11,765,820
19,599,810
6,279,360
6,983,730

