201604250013(201604250013	ジュリア	1,230,844	1,225,719	1,217,013	1,201,803	1,199,839	1,180,461	1,175,119	1,165,968	1,161,051	1,121,703	
201604250013(201604250013	周防桃子	1,965,037	1,915,319	1,896,158	1,882,592	1,852,002	1,849,955	1,839,841	1,837,973	1,836,586	1,829,209	
201604250013(201604250013	北上麗花	1,144,183	1,104,200	1,102,597	1,098,150	1,095,441	1,091,608	1,087,509	1,070,702	1,069,788	1,057,916	
201604250013(201604250013	永吉昴	1,094,587	1,078,383	1,075,912	1,069,367	1,067,876	1,063,341	1,055,483	1,049,987	1,047,776	1,047,258	
201604250013(201604250013	百瀬莉緒	1,232,370	1,232,123	1,214,635	1,201,556	1,192,955	1,190,889	1,185,834	1,174,047	1,172,807	1,129,772	
201604250013(201604250013	篠宮可憐	1,130,211	1,125,241	1,116,959	1,114,808	1,098,933	1,084,973	1,084,793	1,080,235	1,072,287	1,067,979	
201604250012(201604250012	真壁瑞希	1,508,518	1,506,215	1,489,673	1,484,256	1,472,214	1,469,268	1,467,720	1,467,631	1,463,865	1,458,422	
201604250012(201604250012	福田のり子	783,236	780,779	780,042	767,929	752,657	750,062	746,328	736,890	735,918	733,522	
201604250012(201604250012	宮尾美也	1,252,744	1,245,533	1,241,798	1,216,711	1,213,897	1,193,408	1,178,191	1,165,366	1,156,828	1,154,812	
201604250012(201604250012	豊川風花	1,114,230	1,100,456	1,099,260	1,051,040	1,044,602	1,043,513	1,032,261	1,021,201	1,016,530	1,006,864	
201604250012(201604250012	大神環	1,243,938	1,240,836	1,237,612	1,195,792	1,192,967	1,182,685	1,178,751	1,166,982	1,160,547	1,153,746	
201604250012(201604250012	馬場このみ	1,577,475	1,564,890	1,558,423	1,552,056	1,550,056	1,548,708	1,546,497	1,544,887	1,544,651	1,542,992	
201604250012(201604250012	二階堂千鶴	1,192,970	1,190,826	1,172,520	1,166,239	1,159,248	1,157,296	1,156,373	1,145,060	1,143,494	1,142,928	
201604250012(201604250012	横山奈緒	1,253,077	1,247,461	1,242,463	1,235,052	1,234,010	1,223,502	1,222,425	1,222,384	1,219,493	1,215,638	
201604250012(201604250012	矢吹可奈	1,403,429	1,397,218	1,390,349	1,377,239	1,375,937	1,375,427	1,363,323	1,359,494	1,359,157	1,314,739	
201604250012(201604250012	木下ひなた	826,581	812,079	809,917	807,750	804,024	784,706	781,415	770,179	766,551	763,563	
201604250012(201604250012	舞浜歩	561,995	549,211	544,203	543,336	542,990	536,331	533,216	522,875	518,126	516,114	
201604250012(201604250012	北沢志保	1,895,759	1,881,980	1,825,861	1,816,969	1,807,744	1,796,137	1,786,144	1,744,603	1,738,333	1,736,318	
201604250012(201604250012	エミリー	1,259,605	1,252,999	1,249,580	1,222,432	1,203,277	1,185,629	1,184,762	1,184,051	1,182,975	1,180,853	
201604250011(201604250011	天空橋朋花	1,404,202	1,400,672	1,372,737	1,326,939	1,313,659	1,308,536	1,302,764	1,301,403	1,301,378	1,288,246	
201604250011(201604250011	中谷育	758,108	748,212	717,231	714,884	712,338	708,449	701,388	699,030	685,269	677,456	
201604250011(201604250011	高坂海美	1,472,051	1,465,767	1,442,823	1,433,619	1,417,458	1,416,017	1,397,196	1,391,608	1,374,434	1,367,085	
201604250011(201604250011	松田亜利沙	1,294,480	1,274,432	1,244,582	1,222,840	1,208,338	1,202,483	1,189,566	1,188,755	1,162,098	1,160,012	
201604250011(201604250011	高山紗代子	1,367,234	1,360,104	1,323,656	1,296,911	1,281,587	1,281,017	1,280,093	1,268,888	1,254,927	1,250,710	
201604250011(201604250011	七尾百合子	2,280,383	2,265,968	2,265,573	2,264,213	2,258,875	2,257,837	2,255,009	2,254,305	2,242,920	2,222,725	
201604250011(201604250011	ロコ	1,537,141	1,531,906	1,530,923	1,522,025	1,516,427	1,516,326	1,512,617	1,502,940	1,501,005	1,477,559	
201604250011(201604250011	望月杏奈	2,346,081	2,335,384	2,333,660	2,332,099	2,324,659	2,276,763	2,246,394	2,245,136	2,215,424	2,213,090	
201604250011(201604250011	野々原茜	1,008,037	1,004,644	1,004,373	1,001,123	993,841	993,071	989,982	988,386	979,881	955,230	
201604250011(201604250011	箱崎星梨花	1,541,860	1,534,209	1,531,693	1,531,619	1,526,005	1,518,816	1,517,551	1,515,899	1,508,229	1,506,862	
201604250011(201604250011	徳川まつり	1,645,555	1,640,326	1,635,397	1,630,186	1,613,163	1,602,890	1,595,288	1,579,826	1,573,067	1,541,102	
201604250011(201604250011	所恵美	1,721,271	1,714,569	1,697,568	1,693,460	1,690,887	1,686,976	1,680,969	1,668,236	1,661,581	1,659,202	
201604250011(201604250011	佐竹美奈子	1,677,234	1,665,332	1,663,605	1,654,992	1,633,899	1,627,808	1,611,739	1,603,686	1,596,944	1,594,635	
201604250011(201604250011	島原エレナ	1,000,369	995,059	994,096	981,687	979,884	978,148	952,617	952,058	939,678	939,563	
201604250010(201604250010	田中琴葉	2,153,422	2,150,236	2,144,116	2,142,901	2,139,259	2,138,338	2,125,558	2,105,614	2,105,193	2,100,325	
201604250010(201604250010	伊吹翼	2,042,060	2,032,710	2,029,167	2,009,038	2,002,723	1,992,058	1,976,076	1,967,329	1,949,156	1,945,773	
201604250010(201604250010	最上静香	1,800,812	1,798,816	1,790,048	1,776,998	1,767,073	1,759,034	1,757,370	1,738,757	1,720,030	1,704,799	
201604250010(201604250010	春日未来	1,584,712	1,579,034	1,576,986	1,575,058	1,571,652	1,571,288	1,562,727	1,558,358	1,556,942	1,556,765	
201604250003(201604250003	ジュリア	1,222,302	1,221,943	1,216,494	1,201,803	1,199,839	1,180,174	1,175,119	1,165,968	1,121,703	1,112,697	
201604250003(201604250003	周防桃子	1,915,319	1,895,949	1,879,160	1,849,955	1,839,841	1,836,586	1,831,031	1,829,209	1,829,196	1,816,546	
201604250003(201604250003	北上麗花	1,104,200	1,102,597	1,091,608	1,087,509	1,077,543	1,069,788	1,065,851	1,057,916	1,057,616	1,055,048	
201604250003(201604250003	永吉昴	1,075,912	1,069,367	1,063,341	1,055,565	1,055,483	1,049,987	1,047,776	1,045,749	1,036,035	1,029,816	
201604250003(201604250003	百瀬莉緒	1,214,635	1,201,556	1,192,955	1,190,889	1,174,043	1,172,807	1,161,393	1,116,348	1,103,283	1,101,774	
201604250003(201604250003	篠宮可憐	1,129,824	1,125,241	1,116,959	1,109,164	1,098,933	1,084,973	1,084,793	1,080,235	1,072,287	1,063,667	
201604250003(201604250003	真壁瑞希	1,479,169	1,472,214	1,470,736	1,467,720	1,460,078	1,458,422	1,456,103	1,438,006	1,435,667	1,427,004	
201604250002(201604250002	福田のり子	780,779	780,042	767,929	762,568	750,062	746,723	746,328	736,890	735,918	733,522	
201604250002(201604250002	宮尾美也	1,245,533	1,241,798	1,216,711	1,213,897	1,166,392	1,165,366	1,156,828	1,154,812	1,150,990	1,147,657	
201604250002(201604250002	豊川風花	1,093,389	1,092,212	1,067,262	1,051,040	1,044,602	1,041,166	1,032,261	1,021,149	1,016,530	1,006,864	
201604250002(201604250002	大神環	1,221,198	1,195,792	1,192,967	1,178,751	1,172,510	1,166,982	1,160,547	1,153,746	1,139,372	1,137,986	
201604250002(201604250002	馬場このみ	1,557,297	1,552,056	1,550,054	1,546,497	1,544,651	1,541,797	1,511,015	1,505,529	1,496,853	1,490,798	
201604250002(201604250002	二階堂千鶴	1,190,820	1,170,350	1,166,239	1,159,248	1,157,296	1,156,369	1,145,060	1,143,494	1,142,928	1,135,509	
201604250002(201604250002	横山奈緒	1,247,461	1,242,463	1,229,749	1,223,502	1,222,128	1,218,641	1,215,638	1,212,267	1,209,238	1,208,842	
201604250002(201604250002	矢吹可奈	1,403,023	1,397,218	1,387,661	1,375,937	1,375,427	1,374,430	1,363,323	1,359,494	1,359,157	1,314,739	
201604250002(201604250002	木下ひなた	824,748	812,079	809,917	792,035	781,415	770,179	760,665	758,303	758,109	757,620	
201604250002(201604250002	舞浜歩	543,336	542,990	542,595	538,860	532,287	527,237	522,192	518,126	516,046	510,306	
201604250002(201604250002	北沢志保	1,881,980	1,825,861	1,816,969	1,807,744	1,795,246	1,785,021	1,744,603	1,739,129	1,738,333	1,736,318	
201604250002(201604250002	エミリー	1,258,984	1,252,999	1,249,580	1,222,432	1,203,277	1,184,762	1,184,498	1,184,051	1,182,975	1,174,541	
201604250001(201604250001	天空橋朋花	1,400,672	1,372,011	1,326,939	1,302,764	1,301,378	1,292,194	1,289,042	1,288,246	1,284,706	1,266,078	
201604250001(201604250001	中谷育	734,575	717,231	712,338	708,449	701,388	693,308	685,269	675,298	648,592	627,835	
201604250001(201604250001	高坂海美	1,465,739	1,442,823	1,433,619	1,417,458	1,397,196	1,391,608	1,374,434	1,360,307	1,356,029	1,355,388	
201604250001(201604250001	松田亜利沙	1,274,432	1,244,582	1,222,840	1,208,338	1,202,483	1,189,566	1,188,755	1,147,384	1,139,220	1,134,481	
201604250001(201604250001	高山紗代子	1,360,104	1,322,249	1,281,207	1,279,407	1,268,888	1,254,927	1,251,507	1,250,710	1,250,484	1,202,107	
201604250001(201604250001	七尾百合子	2,264,004	2,258,875	2,254,305	2,246,197	2,227,785	2,225,706	2,218,988	2,217,516	2,215,740	2,215,195	
201604250001(201604250001	ロコ	1,530,923	1,522,025	1,516,427	1,512,617	1,511,632	1,502,715	1,501,005	1,477,155	1,465,024	1,464,753	
201604250001(201604250001	望月杏奈	2,338,275	2,333,660	2,330,551	2,327,636	2,276,763	2,266,116	2,245,120	2,215,424	2,207,218	2,204,544	
201604250001(201604250001	野々原茜	1,004,644	1,004,373	993,841	993,071	989,982	988,386	979,881	955,230	951,894	927,319	
201604250001(201604250001	箱崎星梨花	1,534,191	1,531,693	1,531,619	1,528,486	1,526,005	1,517,551	1,511,857	1,508,229	1,491,955	1,485,261	
201604250001(201604250001	徳川まつり	1,613,163	1,602,890	1,595,288	1,579,826	1,536,603	1,531,969	1,530,108	1,507,608	1,497,638	1,493,024	
201604250001(201604250001	所恵美	1,705,829	1,697,169	1,693,065	1,690,887	1,686,976	1,681,001	1,680,969	1,668,236	1,661,581	1,659,202	
201604250001(201604250001	佐竹美奈子	1,654,992	1,633,899	1,627,808	1,611,739	1,603,686	1,602,049	1,596,944	1,594,635	1,592,581	1,575,998	
201604250001(201604250001	島原エレナ	994,096	981,687	978,148	966,932	966,768	954,651	952,617	952,058	939,678	939,563	
201604250000(201604250000	田中琴葉	2,152,431	2,139,383	2,136,445	2,125,558	2,105,960	2,105,193	2,100,325	2,099,665	2,090,183	2,082,802	
201604250000(201604250000	伊吹翼	2,042,060	2,032,710	2,028,485	2,009,038	2,002,723	1,976,076	1,967,329	1,945,755	1,944,067	1,918,577	
201604250000(201604250000	最上静香	1,800,812	1,798,816	1,784,624	1,775,216	1,767,073	1,752,942	1,738,501	1,720,030	1,704,799	1,702,997	
201604250000(201604250000	春日未来	1,584,712	1,579,034	1,575,058	1,571,652	1,571,288	1,558,358	1,556,942	1,556,765	1,553,341	1,553,007	
201604242353(201604242353	ジュリア	1,201,803	1,199,839	1,180,174	1,175,119	1,165,968	1,154,609	1,121,137	1,106,396	1,103,586	1,094,813	
201604242353(201604242353	周防桃子	1,890,482	1,849,955	1,842,712	1,836,586	1,834,553	1,829,209	1,829,196	1,810,967	1,789,647	1,777,850	
201604242353(201604242353	北上麗花	1,104,200	1,102,597	1,091,608	1,087,509	1,069,788	1,058,688	1,057,916	1,057,913	1,050,552	1,044,542	
201604242353(201604242353	永吉昴	1,075,912	1,069,367	1,063,341	1,055,483	1,049,987	1,047,776	1,045,749	1,042,565	1,031,353	1,029,816	
201604242353(201604242353	百瀬莉緒	1,201,556	1,190,889	1,174,043	1,172,296	1,169,659	1,161,393	1,116,348	1,106,908	1,103,283	1,093,547	
201604242353(201604242353	篠宮可憐	1,125,241	1,114,639	1,104,601	1,098,933	1,084,973	1,084,793	1,080,235	1,070,183	1,063,667	1,058,456	
201604242353(201604242353	真壁瑞希	1,479,169	1,472,210	1,470,327	1,467,720	1,458,422	1,456,103	1,449,613	1,435,667	1,427,004	1,426,969	
201604242352(201604242352	福田のり子	780,042	767,929	762,320	750,062	746,714	746,180	741,428	736,890	735,918	733,522	
201604242352(201604242352	宮尾美也	1,231,452	1,216,711	1,213,897	1,166,392	1,156,828	1,154,812	1,150,990	1,147,220	1,147,146	1,141,395	
201604242352(201604242352	豊川風花	1,089,054	1,067,262	1,066,843	1,051,040	1,044,602	1,041,166	1,032,261	1,021,149	1,016,530	1,006,864	
201604242352(201604242352	大神環	1,195,792	1,179,912	1,178,751	1,166,982	1,160,547	1,153,746	1,149,908	1,139,054	1,137,986	1,136,335	
201604242352(201604242352	馬場このみ	1,552,056	1,547,572	1,546,497	1,544,651	1,541,797	1,505,529	1,496,853	1,490,798	1,486,405	1,471,262	
201604242352(201604242352	二階堂千鶴	1,190,818	1,166,239	1,159,248	1,157,296	1,157,123	1,156,363	1,145,060	1,143,494	1,142,928	1,101,735	
201604242352(201604242352	横山奈緒	1,229,749	1,223,502	1,223,181	1,222,128	1,218,641	1,215,638	1,209,238	1,208,842	1,205,219	1,198,307	
201604242352(201604242352	矢吹可奈	1,403,007	1,397,218	1,384,934	1,375,937	1,375,427	1,374,430	1,363,323	1,359,494	1,359,157	1,314,739	
201604242352(201604242352	木下ひなた	812,079	809,917	784,158	770,179	765,069	760,665	757,620	754,682	750,271	750,232	
201604242352(201604242352	舞浜歩	542,595	538,860	533,296	532,287	518,126	516,046	514,259	510,306	497,573	496,429	
201604242352(201604242352	北沢志保	1,881,374	1,825,861	1,816,969	1,807,744	1,792,340	1,785,021	1,744,603	1,738,333	1,736,318	1,734,540	
201604242352(201604242352	エミリー	1,252,999	1,223,210	1,222,432	1,220,772	1,203,277	1,184,762	1,184,498	1,182,975	1,171,897	1,171,755	
201604242351(201604242351	天空橋朋花	1,372,011	1,327,904	1,326,939	1,302,764	1,301,378	1,292,194	1,288,246	1,284,706	1,263,902	1,261,858	
201604242351(201604242351	中谷育	712,338	708,449	701,388	685,269	672,421	642,010	641,800	632,110	627,835	626,224	
201604242351(201604242351	高坂海美	1,447,452	1,433,619	1,417,458	1,396,855	1,391,608	1,374,434	1,356,029	1,355,388	1,327,365	1,324,186	
201604242351(201604242351	松田亜利沙	1,274,432	1,244,582	1,222,840	1,208,338	1,202,483	1,189,562	1,188,755	1,138,414	1,137,393	1,134,481	
201604242351(201604242351	高山紗代子	1,360,104	1,322,249	1,281,207	1,268,888	1,254,927	1,250,710	1,250,484	1,227,066	1,204,818	1,202,107	
201604242351(201604242351	七尾百合子	2,262,570	2,258,875	2,254,305	2,218,988	2,217,516	2,213,856	2,196,154	2,193,786	2,192,785	2,183,945	
201604242351(201604242351	ロコ	1,516,427	1,512,854	1,512,617	1,511,322	1,502,715	1,501,005	1,468,152	1,464,753	1,458,015	1,449,558	
201604242351(201604242351	望月杏奈	2,336,008	2,333,660	2,290,449	2,276,763	2,266,116	2,253,833	2,215,424	2,207,218	2,204,544	2,199,324	
201604242351(201604242351	野々原茜	993,841	993,071	989,982	988,386	984,007	979,339	955,230	938,340	926,877	919,530	
201604242351(201604242351	箱崎星梨花	1,508,229	1,507,325	1,501,892	1,501,821	1,491,955	1,485,964	1,483,759	1,480,629	1,473,319	1,469,626	
201604242351(201604242351	徳川まつり	1,602,890	1,599,089	1,595,288	1,579,826	1,536,603	1,531,969	1,530,108	1,507,608	1,497,638	1,489,480	
201604242351(201604242351	所恵美	1,686,976	1,680,969	1,678,153	1,670,341	1,668,236	1,668,023	1,661,581	1,659,202	1,640,000	1,634,420	
201604242351(201604242351	佐竹美奈子	1,633,899	1,627,808	1,611,739	1,603,686	1,602,049	1,596,944	1,594,635	1,575,114	1,564,502	1,538,607	
201604242351(201604242351	島原エレナ	981,687	978,148	966,768	954,961	952,617	952,058	947,907	939,678	939,563	914,202	
201604242350(201604242350	田中琴葉	2,131,201	2,125,558	2,105,193	2,100,325	2,090,183	2,075,055	2,067,269	2,064,686	2,062,892	2,056,010	
201604242350(201604242350	最上静香	1,773,484	1,767,073	1,766,420	1,752,942	1,738,501	1,704,799	1,702,997	1,696,991	1,696,070	1,689,420	
201604242350(201604242350	最上静香	1,773,484	1,767,073	1,766,420	1,752,942	1,738,501	1,704,799	1,702,997	1,696,991	1,696,070	1,689,420	
201604242350(201604242350	春日未来	1,579,034	1,575,058	1,571,652	1,571,288	1,558,358	1,556,942	1,552,068	1,549,183	1,548,420	1,543,787	
201604242343(201604242343	ジュリア	1,199,839	1,180,174	1,175,119	1,165,968	1,142,826	1,121,137	1,094,813	1,091,950	1,081,499	1,070,587	
201604242343(201604242343	周防桃子	1,849,955	1,836,586	1,833,325	1,831,586	1,829,209	1,810,967	1,809,521	1,789,647	1,776,107	1,770,817	
201604242343(201604242343	北上麗花	1,099,083	1,093,197	1,091,608	1,087,509	1,069,788	1,057,981	1,057,916	1,057,867	1,042,040	1,035,173	
201604242343(201604242343	永吉昴	1,075,912	1,069,367	1,063,341	1,055,483	1,049,987	1,047,776	1,045,749	1,032,144	1,029,816	1,017,998	
201604242343(201604242343	百瀬莉緒	1,190,889	1,174,043	1,170,368	1,169,847	1,161,393	1,139,613	1,116,348	1,103,283	1,093,547	1,079,665	
201604242343(201604242343	篠宮可憐	1,125,241	1,098,270	1,097,902	1,092,504	1,084,793	1,084,245	1,080,235	1,069,873	1,063,667	1,058,456	
201604242343(201604242343	真壁瑞希	1,469,627	1,467,720	1,458,422	1,457,353	1,456,103	1,435,667	1,427,004	1,426,969	1,422,827	1,419,142	
201604242342(201604242342	福田のり子	780,042	766,148	762,320	750,062	746,714	746,180	735,918	733,815	733,522	723,666	
201604242342(201604242342	宮尾美也	1,219,574	1,216,711	1,213,897	1,166,392	1,156,828	1,154,812	1,150,734	1,146,438	1,141,395	1,128,365	
201604242342(201604242342	豊川風花	1,067,262	1,066,843	1,061,177	1,051,040	1,044,602	1,041,166	1,032,261	1,021,149	1,016,530	1,006,864	
201604242342(201604242342	大神環	1,178,751	1,166,982	1,160,547	1,153,746	1,145,179	1,144,136	1,138,923	1,137,968	1,132,222	1,120,136	
201604242342(201604242342	馬場このみ	1,544,651	1,542,699	1,541,111	1,541,006	1,509,036	1,505,529	1,496,853	1,490,798	1,482,952	1,456,377	
201604242342(201604242342	二階堂千鶴	1,164,952	1,162,549	1,159,248	1,157,296	1,157,117	1,155,278	1,145,060	1,143,494	1,142,928	1,101,735	
201604242342(201604242342	横山奈緒	1,222,128	1,218,641	1,215,638	1,209,238	1,208,840	1,205,219	1,198,307	1,180,288	1,179,656	1,178,250	
201604242342(201604242342	矢吹可奈	1,403,007	1,397,218	1,384,934	1,375,937	1,375,427	1,374,430	1,363,323	1,359,494	1,359,157	1,314,739	
201604242342(201604242342	木下ひなた	811,664	809,917	772,613	770,179	757,620	756,960	752,890	752,281	750,271	750,232	
201604242342(201604242342	舞浜歩	542,595	538,860	533,296	532,287	518,126	516,046	510,306	507,783	497,573	496,429	
201604242342(201604242342	北沢志保	1,850,510	1,825,861	1,816,969	1,807,093	1,787,265	1,782,611	1,744,603	1,735,150	1,734,540	1,722,281	
201604242342(201604242342	エミリー	1,252,999	1,222,432	1,197,039	1,184,762	1,184,250	1,182,971	1,177,103	1,171,755	1,171,153	1,169,326	
201604242341(201604242341	天空橋朋花	1,326,939	1,326,035	1,302,764	1,301,378	1,300,861	1,290,720	1,288,246	1,284,706	1,261,850	1,257,491	
201604242341(201604242341	中谷育	701,388	685,269	670,549	654,505	630,154	627,835	625,236	618,871	617,776	609,332	
201604242341(201604242341	高坂海美	1,420,185	1,417,458	1,396,646	1,391,608	1,384,977	1,356,029	1,355,388	1,327,365	1,324,186	1,321,601	
201604242341(201604242341	松田亜利沙	1,274,432	1,244,582	1,222,840	1,208,338	1,202,483	1,189,562	1,188,755	1,138,414	1,134,467	1,124,816	
201604242341(201604242341	高山紗代子	1,351,743	1,322,249	1,279,265	1,268,888	1,254,927	1,250,710	1,250,484	1,210,933	1,201,608	1,195,781	
201604242341(201604242341	七尾百合子	2,258,875	2,254,305	2,218,988	2,217,516	2,212,454	2,200,188	2,196,154	2,182,356	2,177,840	2,167,584	
201604242341(201604242341	ロコ	1,516,427	1,512,617	1,503,975	1,502,503	1,498,251	1,464,753	1,453,875	1,413,919	1,410,284	1,402,325	
201604242341(201604242341	望月杏奈	2,270,924	2,266,314	2,266,116	2,215,424	2,210,566	2,207,218	2,204,179	2,194,937	2,190,031	2,147,101	
201604242341(201604242341	野々原茜	989,982	983,314	981,132	979,339	955,230	949,159	926,877	919,530	903,749	901,904	
201604242341(201604242341	箱崎星梨花	1,500,474	1,499,139	1,491,955	1,483,759	1,477,351	1,473,319	1,468,184	1,464,211	1,457,650	1,453,490	
201604242341(201604242341	徳川まつり	1,595,288	1,579,826	1,536,603	1,531,969	1,530,108	1,507,608	1,497,638	1,489,480	1,487,738	1,486,127	
201604242341(201604242341	所恵美	1,670,341	1,668,236	1,668,023	1,663,485	1,661,581	1,659,202	1,658,634	1,656,465	1,640,000	1,634,420	
201604242341(201604242341	佐竹美奈子	1,631,336	1,627,808	1,611,739	1,596,944	1,594,635	1,575,114	1,566,377	1,538,607	1,530,747	1,524,407	
201604242341(201604242341	島原エレナ	955,865	952,617	952,058	949,567	939,678	935,422	917,505	914,202	907,983	904,056	
201604242340(201604242340	田中琴葉	2,100,325	2,090,183	2,074,203	2,067,269	2,064,686	2,062,892	2,051,866	2,042,854	2,008,546	2,005,981	
201604242340(201604242340	伊吹翼	2,022,353	2,009,038	2,002,723	1,979,872	1,976,076	1,944,810	1,921,481	1,911,343	1,897,846	1,892,871	
201604242340(201604242340	最上静香	1,754,549	1,752,942	1,752,188	1,738,501	1,704,799	1,702,360	1,696,070	1,689,420	1,688,771	1,654,802	
201604242340(201604242340	春日未来	1,575,058	1,573,636	1,571,652	1,560,842	1,558,358	1,556,942	1,552,068	1,549,183	1,543,787	1,542,053	
201604242333(201604242333	ジュリア	1,175,119	1,165,968	1,127,535	1,120,881	1,094,813	1,091,950	1,081,499	1,068,816	1,065,687	1,059,878	
201604242333(201604242333	周防桃子	1,836,586	1,831,586	1,829,209	1,822,954	1,810,965	1,809,521	1,761,475	1,750,431	1,748,748	1,724,109	
201604242333(201604242333	北上麗花	1,093,197	1,091,608	1,075,230	1,069,788	1,057,981	1,057,916	1,030,470	1,024,666	1,024,285	1,021,637	
201604242333(201604242333	永吉昴	1,063,341	1,055,483	1,049,987	1,047,776	1,045,749	1,043,613	1,029,816	1,021,204	1,017,998	1,017,267	
201604242333(201604242333	百瀬莉緒	1,174,043	1,166,773	1,161,393	1,155,713	1,139,055	1,116,348	1,093,547	1,077,279	1,063,750	1,061,237	
201604242333(201604242333	篠宮可憐	1,091,820	1,080,235	1,071,386	1,068,901	1,068,176	1,063,667	1,063,011	1,058,456	1,051,605	1,050,605	
201604242332(201604242332	真壁瑞希	1,463,253	1,458,422	1,456,103	1,440,984	1,435,667	1,427,004	1,424,218	1,422,825	1,417,200	1,408,546	
201604242332(201604242332	福田のり子	765,296	762,320	750,062	746,714	746,180	735,918	733,566	733,522	727,464	723,666	
201604242332(201604242332	宮尾美也	1,216,711	1,213,897	1,209,292	1,166,392	1,156,828	1,154,812	1,150,377	1,146,438	1,141,395	1,128,365	
201604242332(201604242332	豊川風花	1,053,423	1,051,040	1,050,759	1,044,602	1,041,166	1,032,261	1,024,081	1,021,149	1,016,530	1,006,864	
201604242332(201604242332	大神環	1,166,982	1,160,547	1,153,746	1,148,334	1,145,179	1,138,923	1,138,202	1,137,853	1,132,222	1,119,986	
201604242332(201604242332	馬場このみ	1,540,638	1,539,184	1,528,183	1,526,239	1,496,558	1,490,798	1,482,952	1,477,257	1,455,904	1,439,510	
201604242332(201604242332	二階堂千鶴	1,159,042	1,157,296	1,157,111	1,155,278	1,145,060	1,143,494	1,142,928	1,140,979	1,121,332	1,101,735	
201604242332(201604242332	横山奈緒	1,222,128	1,215,638	1,209,238	1,208,840	1,205,861	1,205,219	1,198,307	1,179,656	1,172,236	1,133,636	
201604242332(201604242332	矢吹可奈	1,403,007	1,397,218	1,384,934	1,375,427	1,374,430	1,365,468	1,363,323	1,359,494	1,359,157	1,314,739	
201604242332(201604242332	木下ひなた	809,917	793,157	770,179	765,330	757,620	754,366	751,580	750,271	750,232	747,763	
201604242332(201604242332	舞浜歩	542,440	538,860	533,296	531,513	518,126	516,046	510,306	500,876	497,573	496,429	
201604242332(201604242332	北沢志保	1,825,861	1,816,969	1,807,093	1,786,358	1,781,604	1,772,077	1,744,603	1,734,540	1,723,228	1,722,281	
201604242332(201604242332	エミリー	1,222,432	1,196,518	1,184,762	1,184,250	1,172,128	1,171,755	1,171,153	1,169,326	1,164,617	1,152,116	
201604242331(201604242331	天空橋朋花	1,326,939	1,308,477	1,302,764	1,301,378	1,290,720	1,288,246	1,284,706	1,261,850	1,257,491	1,255,283	
201604242331(201604242331	中谷育	701,388	685,269	627,835	624,756	618,863	617,621	609,332	602,591	597,823	595,778	
201604242331(201604242331	高坂海美	1,417,458	1,399,277	1,391,608	1,377,573	1,356,029	1,351,774	1,327,365	1,324,186	1,321,601	1,311,674	
201604242331(201604242331	松田亜利沙	1,274,432	1,222,840	1,208,338	1,202,483	1,190,631	1,189,562	1,188,755	1,137,748	1,134,467	1,124,816	
201604242331(201604242331	高山紗代子	1,348,360	1,314,735	1,268,888	1,254,927	1,250,710	1,250,484	1,201,608	1,197,335	1,195,781	1,160,403	
201604242331(201604242331	七尾百合子	2,252,039	2,242,218	2,218,988	2,217,516	2,211,067	2,196,154	2,182,193	2,177,840	2,142,853	2,141,581	
201604242331(201604242331	ロコ	1,502,499	1,501,601	1,500,469	1,494,193	1,488,044	1,464,753	1,448,185	1,413,919	1,410,282	1,402,325	
201604242331(201604242331	望月杏奈	2,266,114	2,215,424	2,207,218	2,204,179	2,192,779	2,190,031	2,187,103	2,180,463	2,144,697	2,137,929	
201604242331(201604242331	野々原茜	989,980	979,339	955,230	948,748	941,024	930,567	926,877	919,530	903,749	897,086	
201604242331(201604242331	箱崎星梨花	1,499,139	1,491,955	1,484,073	1,467,898	1,464,211	1,457,650	1,442,151	1,440,555	1,432,967	1,416,753	
201604242331(201604242331	徳川まつり	1,579,826	1,579,763	1,536,603	1,531,969	1,530,108	1,497,638	1,489,480	1,486,127	1,484,758	1,480,307	
201604242331(201604242331	所恵美	1,661,581	1,661,464	1,659,200	1,656,999	1,640,000	1,634,420	1,633,335	1,632,943	1,624,317	1,604,359	
201604242331(201604242331	佐竹美奈子	1,594,635	1,589,226	1,575,114	1,571,345	1,545,938	1,538,607	1,530,747	1,528,343	1,524,407	1,522,035	
201604242331(201604242331	島原エレナ	949,567	946,292	939,678	933,150	914,202	912,153	904,448	903,311	902,155	897,564	
201604242330(201604242330	田中琴葉	2,100,325	2,090,183	2,071,559	2,064,686	2,062,892	2,058,929	2,049,804	2,042,854	2,008,546	2,005,981	
201604242330(201604242330	伊吹翼	2,002,723	1,976,076	1,973,477	1,968,823	1,944,267	1,941,262	1,921,481	1,906,050	1,897,846	1,892,871	
201604242330(201604242330	最上静香	1,745,755	1,738,501	1,737,509	1,704,799	1,696,070	1,693,036	1,689,420	1,688,771	1,663,141	1,638,411	
201604242330(201604242330	春日未来	1,571,652	1,567,781	1,558,358	1,556,942	1,556,491	1,552,068	1,549,183	1,543,787	1,542,053	1,533,297	
201604242323(201604242323	ジュリア	1,163,122	1,157,230	1,126,669	1,120,881	1,092,655	1,091,950	1,081,499	1,065,687	1,059,878	1,056,924	
201604242323(201604242323	周防桃子	1,836,586	1,829,209	1,828,781	1,810,965	1,809,521	1,796,239	1,750,431	1,722,469	1,718,625	1,714,506	
201604242323(201604242323	北上麗花	1,091,608	1,069,788	1,060,269	1,057,981	1,057,916	1,039,414	1,030,470	1,021,637	1,018,115	1,016,631	
201604242323(201604242323	永吉昴	1,063,270	1,055,483	1,049,987	1,047,776	1,045,749	1,033,492	1,029,816	1,021,204	1,017,998	1,017,267	
201604242323(201604242323	百瀬莉緒	1,174,043	1,166,773	1,161,393	1,139,055	1,116,348	1,091,389	1,087,214	1,063,750	1,047,004	1,033,776	
201604242323(201604242323	篠宮可憐	1,071,386	1,063,667	1,062,344	1,060,853	1,058,456	1,050,605	1,046,694	1,045,919	1,042,581	1,038,933	
201604242322(201604242322	真壁瑞希	1,427,004	1,424,241	1,424,218	1,422,825	1,421,767	1,417,200	1,408,546	1,407,030	1,405,802	1,363,621	
201604242322(201604242322	福田のり子	762,320	750,844	745,528	735,918	733,522	731,266	723,666	712,755	710,028	698,354	
201604242322(201604242322	宮尾美也	1,213,897	1,209,288	1,206,317	1,156,239	1,154,486	1,150,377	1,146,438	1,141,395	1,128,365	1,117,618	
201604242322(201604242322	豊川風花	1,051,040	1,050,759	1,042,580	1,035,082	1,032,261	1,026,904	1,021,149	1,016,530	1,006,864	1,000,285	
201604242322(201604242322	大神環	1,153,746	1,139,708	1,138,923	1,138,202	1,137,853	1,132,222	1,129,674	1,121,504	1,119,986	1,119,295	
201604242322(201604242322	馬場このみ	1,539,184	1,524,210	1,518,463	1,501,528	1,491,557	1,477,249	1,456,277	1,455,904	1,449,689	1,439,510	
201604242322(201604242322	二階堂千鶴	1,157,111	1,154,829	1,151,800	1,147,689	1,145,060	1,143,494	1,142,928	1,101,735	1,086,946	1,086,577	
201604242322(201604242322	横山奈緒	1,215,638	1,209,238	1,208,840	1,203,671	1,193,628	1,179,656	1,172,236	1,133,636	1,132,022	1,121,101	
201604242322(201604242322	矢吹可奈	1,384,934	1,380,607	1,375,427	1,374,430	1,363,323	1,359,494	1,359,429	1,359,157	1,324,000	1,314,739	
201604242322(201604242322	木下ひなた	808,723	782,369	770,179	757,620	754,366	750,232	749,487	748,834	747,763	746,501	
201604242322(201604242322	舞浜歩	541,835	538,860	533,296	529,965	518,126	516,046	510,306	497,573	496,429	493,154	
201604242322(201604242322	北沢志保	1,825,861	1,816,969	1,786,358	1,779,939	1,768,742	1,763,444	1,744,603	1,734,540	1,722,281	1,710,844	
201604242322(201604242322	エミリー	1,222,432	1,185,165	1,184,762	1,182,962	1,172,128	1,171,755	1,171,153	1,169,314	1,164,617	1,130,948	
201604242321(201604242321	天空橋朋花	1,326,939	1,302,764	1,301,378	1,290,720	1,288,460	1,288,246	1,284,706	1,261,850	1,257,491	1,255,283	
201604242321(201604242321	中谷育	685,269	658,327	627,835	623,834	618,863	609,332	606,831	595,770	592,466	577,007	
201604242321(201604242321	高坂海美	1,391,580	1,386,599	1,377,573	1,368,031	1,351,774	1,327,365	1,321,601	1,315,824	1,311,668	1,300,778	
201604242321(201604242321	松田亜利沙	1,274,432	1,222,840	1,207,649	1,202,483	1,190,617	1,189,562	1,188,755	1,134,242	1,132,685	1,124,816	
201604242321(201604242321	高山紗代子	1,302,346	1,299,961	1,268,888	1,254,927	1,250,710	1,250,484	1,201,608	1,195,781	1,183,629	1,160,403	
201604242321(201604242321	七尾百合子	2,235,270	2,226,292	2,218,988	2,217,516	2,196,154	2,182,193	2,177,840	2,142,853	2,141,978	2,132,451	
201604242321(201604242321	ロコ	1,494,161	1,487,786	1,469,512	1,464,753	1,447,673	1,426,653	1,419,762	1,413,919	1,410,282	1,402,325	
201604242321(201604242321	望月杏奈	2,238,086	2,215,424	2,207,216	2,204,179	2,192,779	2,190,031	2,144,697	2,117,506	2,112,000	2,103,464	
201604242321(201604242321	野々原茜	979,339	955,230	948,405	926,877	919,530	903,749	897,086	892,229	883,673	868,850	
201604242321(201604242321	箱崎星梨花	1,493,681	1,491,955	1,484,073	1,464,211	1,462,304	1,457,650	1,442,133	1,432,967	1,416,753	1,413,818	
201604242321(201604242321	徳川まつり	1,579,763	1,576,146	1,536,603	1,531,969	1,530,108	1,489,480	1,486,127	1,484,487	1,480,307	1,472,993	
201604242321(201604242321	所恵美	1,640,000	1,639,068	1,634,420	1,632,943	1,627,904	1,624,317	1,619,888	1,578,364	1,565,598	1,553,624	
201604242321(201604242321	佐竹美奈子	1,594,635	1,575,114	1,538,607	1,530,747	1,524,407	1,520,630	1,514,912	1,514,288	1,508,273	1,495,121	
201604242321(201604242321	島原エレナ	948,978	939,678	925,888	914,202	912,139	904,448	901,369	890,952	881,161	843,631	
201604242320(201604242320	田中琴葉	2,071,559	2,064,686	2,062,892	2,047,847	2,045,099	2,042,854	2,033,109	2,008,546	2,005,981	1,990,863	
201604242320(201604242320	伊吹翼	1,976,076	1,944,019	1,931,931	1,908,138	1,897,846	1,892,871	1,892,622	1,878,774	1,839,201	1,809,365	
201604242320(201604242320	最上静香	1,738,149	1,733,840	1,723,690	1,704,799	1,696,068	1,689,420	1,688,771	1,638,411	1,630,202	1,628,636	
201604242320(201604242320	春日未来	1,558,358	1,556,942	1,552,068	1,549,183	1,546,742	1,545,824	1,543,787	1,542,053	1,533,297	1,518,562	
201604242313(201604242313	ジュリア	1,128,799	1,126,669	1,122,412	1,120,881	1,091,950	1,081,499	1,065,687	1,064,953	1,059,878	1,056,013	
201604242313(201604242313	周防桃子	1,836,586	1,829,209	1,809,521	1,793,837	1,776,507	1,759,701	1,750,431	1,722,469	1,718,621	1,709,696	
201604242313(201604242313	北上麗花	1,069,788	1,057,981	1,053,901	1,053,139	1,038,807	1,030,470	1,021,637	1,018,115	1,016,631	1,003,846	
201604242313(201604242313	永吉昴	1,049,987	1,047,776	1,046,983	1,045,749	1,029,816	1,021,204	1,017,998	1,017,267	1,013,648	1,006,045	
201604242313(201604242313	百瀬莉緒	1,156,026	1,138,279	1,116,348	1,091,389	1,086,811	1,079,954	1,041,438	1,028,812	1,015,477	1,008,167	
201604242313(201604242313	篠宮可憐	1,058,456	1,058,274	1,052,545	1,050,605	1,045,909	1,045,369	1,042,581	1,038,933	1,034,041	1,031,110	
201604242312(201604242312	真壁瑞希	1,417,200	1,408,544	1,405,802	1,391,236	1,388,945	1,387,780	1,375,612	1,371,845	1,363,107	1,355,963	
201604242312(201604242312	福田のり子	754,716	744,279	735,918	734,646	733,522	723,666	714,209	712,755	710,028	698,354	
201604242312(201604242312	宮尾美也	1,209,126	1,190,840	1,156,239	1,154,486	1,146,438	1,141,395	1,128,752	1,128,363	1,117,618	1,089,882	
201604242312(201604242312	豊川風花	1,048,315	1,041,231	1,032,261	1,031,898	1,026,144	1,016,530	1,016,246	1,006,864	1,000,285	990,943	
201604242312(201604242312	大神環	1,138,923	1,137,651	1,137,621	1,132,222	1,129,674	1,119,986	1,113,219	1,112,019	1,104,501	1,094,850	
201604242312(201604242312	馬場このみ	1,518,463	1,503,304	1,490,728	1,485,988	1,459,983	1,452,128	1,439,510	1,438,089	1,431,296	1,425,477	
201604242312(201604242312	二階堂千鶴	1,154,829	1,153,376	1,145,060	1,143,494	1,142,928	1,141,593	1,097,041	1,089,757	1,086,946	1,075,938	
201604242312(201604242312	横山奈緒	1,209,238	1,208,840	1,203,671	1,189,991	1,188,644	1,172,236	1,133,636	1,132,022	1,121,101	1,115,134	
201604242312(201604242312	矢吹可奈	1,374,430	1,363,323	1,359,494	1,359,429	1,338,745	1,326,734	1,290,496	1,277,947	1,273,746	1,263,257	
201604242312(201604242312	木下ひなた	775,851	774,144	770,179	757,620	750,971	750,232	748,314	747,763	737,712	728,543	
201604242312(201604242312	舞浜歩	541,532	538,860	529,965	518,126	510,740	510,050	503,716	497,573	487,897	485,279	
201604242312(201604242312	北沢志保	1,816,969	1,786,358	1,744,603	1,734,540	1,722,281	1,715,415	1,710,844	1,710,186	1,700,980	1,698,009	
201604242312(201604242312	エミリー	1,222,432	1,184,762	1,182,962	1,173,782	1,172,128	1,171,755	1,171,153	1,169,314	1,164,579	1,130,948	
201604242311(201604242311	天空橋朋花	1,302,764	1,301,378	1,290,720	1,288,246	1,284,706	1,281,176	1,261,850	1,257,491	1,255,283	1,247,834	
201604242311(201604242311	中谷育	661,964	627,835	623,834	611,469	609,332	606,831	595,770	577,007	574,832	566,378	
201604242311(201604242311	高坂海美	1,375,738	1,374,338	1,362,643	1,361,353	1,345,300	1,326,970	1,321,601	1,311,668	1,302,222	1,300,778	
201604242311(201604242311	松田亜利沙	1,222,840	1,208,934	1,207,649	1,202,483	1,190,617	1,189,562	1,188,755	1,134,242	1,132,685	1,124,816	
201604242311(201604242311	高山紗代子	1,277,959	1,268,888	1,254,927	1,250,710	1,208,653	1,201,608	1,195,713	1,193,407	1,160,403	1,155,090	
201604242311(201604242311	七尾百合子	2,229,645	2,218,988	2,217,516	2,216,096	2,196,154	2,182,193	2,166,620	2,142,853	2,140,718	2,130,057	
201604242311(201604242311	望月杏奈	2,207,216	2,206,403	2,205,232	2,192,779	2,190,031	2,185,857	2,144,697	2,095,460	2,092,010	2,084,266	
201604242311(201604242311	望月杏奈	2,207,216	2,206,403	2,205,232	2,192,779	2,190,031	2,185,857	2,144,697	2,095,460	2,092,010	2,084,266	
201604242311(201604242311	野々原茜	926,877	919,530	903,749	897,086	892,229	887,189	873,045	872,125	868,850	839,425	
201604242311(201604242311	箱崎星梨花	1,484,073	1,464,211	1,457,650	1,434,785	1,431,012	1,416,753	1,392,345	1,384,109	1,384,088	1,373,757	
201604242311(201604242311	徳川まつり	1,536,603	1,531,969	1,530,108	1,523,690	1,489,480	1,486,127	1,484,169	1,480,307	1,446,263	1,437,571	
201604242311(201604242311	所恵美	1,634,420	1,632,943	1,630,329	1,594,128	1,591,813	1,578,364	1,564,824	1,549,248	1,547,311	1,539,536	
201604242311(201604242311	佐竹美奈子	1,530,747	1,521,062	1,520,630	1,508,269	1,497,636	1,495,087	1,483,365	1,482,346	1,474,916	1,460,147	
201604242311(201604242311	島原エレナ	939,678	932,796	923,384	914,202	912,127	904,448	901,369	843,631	843,005	823,188	
201604242310(201604242310	田中琴葉	2,064,686	2,062,892	2,032,418	2,026,778	2,020,552	2,008,546	2,005,981	1,999,020	1,990,863	1,981,558	
201604242310(201604242310	伊吹翼	1,906,353	1,899,667	1,892,871	1,878,774	1,868,726	1,841,938	1,839,201	1,809,365	1,784,879	1,779,291	
201604242310(201604242310	最上静香	1,733,840	1,723,690	1,718,080	1,704,799	1,695,874	1,689,420	1,688,771	1,638,411	1,627,862	1,625,599	
201604242310(201604242310	春日未来	1,552,068	1,549,183	1,548,308	1,543,787	1,542,150	1,538,653	1,533,297	1,529,748	1,518,562	1,510,775	
201604242303(201604242303	ジュリア	1,119,731	1,111,817	1,091,950	1,090,927	1,065,687	1,059,878	1,056,013	1,053,396	1,052,021	1,050,616	
201604242303(201604242303	周防桃子	1,800,965	1,790,464	1,774,549	1,752,389	1,750,431	1,724,824	1,722,469	1,718,621	1,706,995	1,703,048	
201604242303(201604242303	北上麗花	1,056,804	1,053,901	1,030,470	1,021,637	1,015,857	1,014,073	1,008,815	1,003,846	992,747	976,391	
201604242303(201604242303	永吉昴	1,040,927	1,029,816	1,021,204	1,017,998	1,017,267	1,014,419	1,013,648	1,006,045	991,519	972,592	
201604242303(201604242303	百瀬莉緒	1,138,263	1,116,348	1,113,892	1,091,389	1,086,811	1,046,858	1,038,810	1,028,812	1,008,167	980,520	
201604242303(201604242303	篠宮可憐	1,058,274	1,050,605	1,045,909	1,045,369	1,042,581	1,038,933	1,034,902	1,028,466	1,021,740	1,013,951	
201604242303(201604242303	真壁瑞希	1,369,546	1,350,297	1,345,178	1,341,286	1,337,621	1,337,128	1,332,076	1,330,606	1,326,880	1,317,341	
201604242302(201604242302	福田のり子	742,597	735,918	734,646	733,522	728,603	723,666	712,755	710,028	698,354	695,239	
201604242302(201604242302	宮尾美也	1,186,190	1,156,239	1,146,438	1,141,395	1,128,363	1,125,126	1,123,303	1,117,618	1,089,882	1,084,923	
201604242302(201604242302	豊川風花	1,048,315	1,036,807	1,031,898	1,025,523	1,018,161	1,016,530	1,010,798	1,006,864	1,000,285	990,943	
201604242302(201604242302	大神環	1,136,946	1,136,424	1,129,674	1,119,986	1,112,940	1,112,019	1,105,252	1,092,910	1,091,105	1,081,397	
201604242302(201604242302	馬場このみ	1,491,498	1,489,078	1,463,487	1,451,511	1,449,959	1,439,510	1,438,089	1,431,543	1,425,477	1,425,318	
201604242302(201604242302	二階堂千鶴	1,143,494	1,142,928	1,139,296	1,118,634	1,086,946	1,073,834	1,073,692	1,066,189	1,061,884	1,054,420	
201604242302(201604242302	横山奈緒	1,208,840	1,203,671	1,189,991	1,179,038	1,172,236	1,133,636	1,132,022	1,121,101	1,068,476	1,060,829	
201604242302(201604242302	矢吹可奈	1,363,323	1,359,494	1,359,429	1,326,734	1,326,696	1,293,809	1,277,941	1,267,834	1,263,257	1,256,571	
201604242302(201604242302	木下ひなた	750,232	748,314	747,763	735,706	730,224	728,543	725,979	713,847	713,431	709,962	
201604242302(201604242302	舞浜歩	538,860	529,965	522,708	518,126	510,740	497,573	486,581	480,044	459,306	441,587	
201604242302(201604242302	北沢志保	1,786,358	1,759,643	1,744,603	1,731,386	1,720,064	1,710,838	1,709,817	1,700,980	1,684,390	1,679,940	
201604242302(201604242302	エミリー	1,173,245	1,173,122	1,172,128	1,171,755	1,171,153	1,169,314	1,164,531	1,130,948	1,116,807	1,109,223	
201604242301(201604242301	天空橋朋花	1,301,378	1,290,720	1,288,246	1,284,706	1,274,997	1,270,922	1,261,850	1,257,491	1,255,283	1,247,834	
201604242301(201604242301	中谷育	627,835	623,834	611,461	609,332	606,831	595,770	577,007	574,832	566,207	544,424	
201604242301(201604242301	高坂海美	1,368,944	1,361,353	1,345,300	1,326,968	1,321,601	1,311,668	1,310,032	1,308,741	1,302,222	1,300,778	
201604242301(201604242301	松田亜利沙	1,222,840	1,207,649	1,202,483	1,190,613	1,189,562	1,188,755	1,132,685	1,128,700	1,124,816	1,084,993	
201604242301(201604242301	高山紗代子	1,259,440	1,254,731	1,250,710	1,239,816	1,201,608	1,195,713	1,172,533	1,160,403	1,134,922	1,128,959	
201604242301(201604242301	七尾百合子	2,217,516	2,196,154	2,191,505	2,190,356	2,182,193	2,181,536	2,142,853	2,140,718	2,130,029	2,103,215	
201604242301(201604242301	ロコ	1,412,031	1,410,282	1,409,276	1,402,325	1,398,194	1,396,764	1,369,800	1,369,244	1,368,599	1,367,502	
201604242301(201604242301	望月杏奈	2,167,004	2,162,932	2,144,697	2,113,184	2,095,460	2,084,262	2,066,341	2,060,590	2,050,389	2,038,573	
201604242301(201604242301	野々原茜	926,877	919,530	903,749	896,465	892,229	873,045	868,850	827,025	809,961	792,175	
201604242301(201604242301	箱崎星梨花	1,453,083	1,450,913	1,426,789	1,416,753	1,384,109	1,373,757	1,365,531	1,357,563	1,353,094	1,352,715	
201604242301(201604242301	徳川まつり	1,513,230	1,489,480	1,486,127	1,480,307	1,479,475	1,446,058	1,437,571	1,433,598	1,413,377	1,408,531	
201604242301(201604242301	所恵美	1,632,943	1,630,329	1,625,020	1,585,057	1,551,638	1,549,248	1,547,311	1,544,088	1,530,248	1,513,702	
201604242301(201604242301	佐竹美奈子	1,530,747	1,521,062	1,520,630	1,508,269	1,483,365	1,482,346	1,482,258	1,482,085	1,474,916	1,452,298	
201604242301(201604242301	島原エレナ	914,834	914,202	912,127	904,448	901,369	874,902	843,631	823,188	822,589	817,758	
201604242300(201604242300	田中琴葉	2,062,892	2,061,030	2,010,914	2,008,546	2,005,981	1,999,018	1,990,863	1,981,789	1,976,055	1,961,849	
201604242300(201604242300	伊吹翼	1,878,774	1,857,334	1,848,384	1,825,760	1,821,266	1,817,462	1,809,365	1,790,130	1,784,879	1,765,157	
201604242300(201604242300	最上静香	1,704,799	1,694,775	1,689,420	1,688,771	1,684,112	1,661,529	1,638,411	1,625,599	1,624,245	1,623,765	
201604242300(201604242300	春日未来	1,545,179	1,540,636	1,537,142	1,533,297	1,531,431	1,526,655	1,518,562	1,510,087	1,508,083	1,506,584	
201604242253(201604242253	ジュリア	1,091,950	1,090,336	1,079,959	1,065,687	1,059,878	1,056,013	1,053,396	1,052,021	1,048,473	1,036,655	
201604242253(201604242253	周防桃子	1,765,553	1,765,267	1,757,421	1,750,431	1,732,034	1,722,469	1,718,621	1,703,406	1,701,104	1,696,449	
201604242253(201604242253	北上麗花	1,056,804	1,027,476	1,021,637	1,021,613	1,015,857	1,008,041	996,496	976,172	975,321	961,721	
201604242253(201604242253	永吉昴	1,029,816	1,021,204	1,017,998	1,017,267	1,013,648	1,008,071	1,006,045	994,622	972,592	969,165	
201604242253(201604242253	百瀬莉緒	1,116,348	1,113,892	1,086,811	1,074,224	1,046,858	1,034,406	1,028,812	1,010,923	1,008,167	980,520	
201604242253(201604242253	篠宮可憐	1,045,909	1,045,369	1,042,581	1,038,933	1,033,870	1,028,590	1,028,466	1,014,170	1,013,951	992,830	
201604242253(201604242253	真壁瑞希	1,366,471	1,345,178	1,342,182	1,337,621	1,337,365	1,337,128	1,332,076	1,330,606	1,326,880	1,317,341	
201604242252(201604242252	福田のり子	740,496	735,918	734,646	733,522	723,666	712,755	710,028	709,114	698,354	666,284	
201604242252(201604242252	宮尾美也	1,146,438	1,146,364	1,141,395	1,125,126	1,122,411	1,117,618	1,089,882	1,083,520	1,082,797	1,059,860	
201604242252(201604242252	豊川風花	1,022,634	1,021,971	1,018,149	1,016,530	1,010,248	1,006,864	990,943	987,115	984,088	956,424	
201604242252(201604242252	大神環	1,136,946	1,129,674	1,119,986	1,112,938	1,111,500	1,091,105	1,087,874	1,085,942	1,081,397	1,069,328	
201604242252(201604242252	馬場このみ	1,453,876	1,439,510	1,438,089	1,431,543	1,425,477	1,424,214	1,424,032	1,420,033	1,414,130	1,413,695	
201604242252(201604242252	二階堂千鶴	1,143,494	1,142,928	1,137,690	1,086,946	1,072,539	1,066,185	1,061,884	1,054,420	1,050,603	1,045,427	
201604242252(201604242252	横山奈緒	1,201,016	1,187,726	1,179,036	1,172,236	1,132,022	1,129,374	1,125,906	1,121,101	1,068,476	1,060,829	
201604242252(201604242252	矢吹可奈	1,363,323	1,359,494	1,356,459	1,326,734	1,326,696	1,277,941	1,263,257	1,257,341	1,256,571	1,242,987	
201604242252(201604242252	木下ひなた	739,489	735,706	730,200	728,543	725,979	723,175	709,962	701,779	698,965	694,281	
201604242252(201604242252	舞浜歩	529,965	518,126	510,740	505,580	497,573	489,261	484,668	473,028	459,306	441,587	
201604242252(201604242252	北沢志保	1,744,603	1,731,386	1,710,838	1,700,980	1,698,897	1,684,390	1,679,940	1,668,602	1,625,035	1,624,160	
201604242252(201604242252	エミリー	1,172,128	1,171,755	1,171,153	1,169,314	1,164,509	1,152,924	1,130,746	1,116,807	1,100,699	1,091,716	
201604242251(201604242251	天空橋朋花	1,288,246	1,284,706	1,272,414	1,261,710	1,258,891	1,257,491	1,255,283	1,249,596	1,247,834	1,227,466	
201604242251(201604242251	中谷育	627,835	623,834	611,461	606,829	603,505	595,770	577,007	574,832	566,207	544,424	
201604242251(201604242251	高坂海美	1,345,300	1,335,803	1,326,968	1,321,601	1,313,644	1,311,668	1,300,778	1,299,244	1,286,038	1,271,487	
201604242251(201604242251	松田亜利沙	1,207,742	1,207,649	1,202,483	1,190,613	1,189,560	1,188,755	1,132,685	1,124,816	1,109,656	1,084,993	
201604242251(201604242251	高山紗代子	1,231,630	1,218,379	1,212,386	1,212,381	1,201,608	1,160,403	1,118,038	1,109,805	1,108,348	1,096,589	
201604242251(201604242251	七尾百合子	2,187,551	2,182,193	2,149,321	2,146,624	2,142,853	2,137,112	2,123,742	2,105,811	2,103,215	2,092,914	
201604242251(201604242251	ロコ	1,402,325	1,401,936	1,400,799	1,398,194	1,396,764	1,373,078	1,369,244	1,367,500	1,349,667	1,340,486	
201604242251(201604242251	望月杏奈	2,144,697	2,134,314	2,107,250	2,084,262	2,066,341	2,060,590	2,050,389	2,038,573	2,029,473	2,002,518	
201604242251(201604242251	野々原茜	919,530	903,749	896,451	892,229	876,106	873,045	868,850	809,006	792,175	777,754	
201604242251(201604242251	箱崎星梨花	1,444,977	1,436,667	1,426,789	1,416,719	1,383,954	1,373,757	1,365,291	1,352,715	1,344,825	1,325,148	
201604242251(201604242251	徳川まつり	1,489,480	1,483,162	1,480,307	1,479,475	1,443,466	1,437,571	1,415,884	1,413,199	1,408,531	1,401,075	
201604242251(201604242251	所恵美	1,586,265	1,566,985	1,551,638	1,547,311	1,522,144	1,513,702	1,506,360	1,503,249	1,489,043	1,485,498	
201604242251(201604242251	佐竹美奈子	1,521,556	1,520,630	1,515,334	1,508,269	1,483,365	1,482,346	1,477,643	1,474,916	1,452,294	1,451,284	
201604242251(201604242251	島原エレナ	914,202	912,127	911,747	904,448	901,369	850,374	843,631	823,188	821,566	817,758	
201604242250(201604242250	田中琴葉	2,062,892	2,061,010	2,008,546	2,007,265	2,005,981	1,998,499	1,990,863	1,976,055	1,956,455	1,920,492	
201604242250(201604242250	伊吹翼	1,847,656	1,821,470	1,816,353	1,809,630	1,809,365	1,784,879	1,784,712	1,755,285	1,748,059	1,733,422	
201604242250(201604242250	最上静香	1,689,141	1,688,771	1,676,379	1,660,987	1,656,666	1,638,411	1,625,599	1,623,765	1,622,351	1,600,350	
201604242250(201604242250	春日未来	1,533,297	1,525,937	1,525,629	1,518,562	1,510,087	1,509,668	1,508,083	1,507,084	1,506,216	1,494,176	
201604242243(201604242243	ジュリア	1,065,687	1,059,878	1,053,396	1,052,021	1,048,072	1,022,772	1,006,283	998,372	995,629	989,666	
201604242243(201604242243	周防桃子	1,750,431	1,735,313	1,722,469	1,718,621	1,714,896	1,708,815	1,703,406	1,701,102	1,688,448	1,687,563	
201604242243(201604242243	北上麗花	1,050,957	1,026,615	1,021,637	1,021,611	1,007,856	1,005,281	986,669	975,540	975,321	950,009	
201604242243(201604242243	永吉昴	1,017,998	1,017,267	1,006,045	1,005,978	990,806	983,685	980,240	977,021	967,506	965,956	
201604242243(201604242243	百瀬莉緒	1,113,892	1,102,023	1,086,811	1,073,405	1,046,858	1,028,812	1,010,923	1,008,167	979,753	969,939	
201604242243(201604242243	篠宮可憐	1,042,581	1,038,933	1,036,365	1,028,466	1,025,172	1,013,951	1,013,628	1,012,480	996,045	992,830	
201604242242(201604242242	真壁瑞希	1,343,897	1,339,174	1,338,495	1,337,621	1,337,365	1,337,128	1,332,076	1,330,606	1,326,880	1,317,341	
201604242242(201604242242	福田のり子	735,918	734,646	733,514	722,814	712,755	709,244	708,765	698,354	696,966	666,284	
201604242242(201604242242	宮尾美也	1,141,395	1,137,331	1,136,126	1,125,126	1,117,618	1,110,967	1,089,882	1,083,520	1,082,146	1,059,488	
201604242242(201604242242	豊川風花	1,015,181	1,006,864	1,002,874	990,943	987,115	986,435	984,088	956,424	946,325	945,682	
201604242242(201604242242	大神環	1,129,674	1,123,779	1,117,772	1,110,764	1,091,105	1,081,397	1,079,599	1,071,225	1,069,328	1,064,594	
201604242242(201604242242	馬場このみ	1,449,929	1,439,510	1,438,089	1,431,543	1,425,477	1,424,032	1,420,033	1,414,130	1,410,775	1,410,704	
201604242242(201604242242	二階堂千鶴	1,143,494	1,142,928	1,135,170	1,066,185	1,063,638	1,061,884	1,061,749	1,054,420	1,050,601	1,025,911	
201604242242(201604242242	横山奈緒	1,179,036	1,172,236	1,169,644	1,142,458	1,132,022	1,125,902	1,123,080	1,121,101	1,068,476	1,060,829	
201604242242(201604242242	矢吹可奈	1,363,323	1,359,494	1,356,459	1,326,734	1,326,696	1,277,941	1,263,257	1,256,571	1,242,987	1,227,901	
201604242242(201604242242	木下ひなた	732,041	730,200	728,543	725,979	709,962	698,965	697,712	694,281	694,150	689,911	
201604242242(201604242242	舞浜歩	529,965	518,126	510,740	497,573	480,052	470,042	461,012	459,047	451,426	441,587	
201604242242(201604242242	北沢志保	1,744,603	1,729,781	1,710,838	1,700,980	1,684,390	1,679,940	1,668,602	1,623,240	1,621,486	1,602,004	
201604242242(201604242242	エミリー	1,171,755	1,171,153	1,169,314	1,164,183	1,137,649	1,130,482	1,129,042	1,116,807	1,100,687	1,088,641	
201604242241(201604242241	天空橋朋花	1,288,246	1,284,706	1,261,710	1,257,491	1,255,283	1,247,834	1,247,438	1,227,466	1,224,481	1,219,621	
201604242241(201604242241	中谷育	623,834	618,979	606,825	603,505	599,383	595,770	577,007	574,458	565,861	544,424	
201604242241(201604242241	高坂海美	1,313,415	1,311,668	1,308,941	1,307,698	1,300,778	1,299,542	1,287,588	1,258,341	1,256,211	1,208,480	
201604242241(201604242241	松田亜利沙	1,207,649	1,201,847	1,189,560	1,188,755	1,139,961	1,132,685	1,124,816	1,103,757	1,087,213	1,084,993	
201604242241(201604242241	高山紗代子	1,214,683	1,212,148	1,201,608	1,160,403	1,159,008	1,158,772	1,118,038	1,109,805	1,091,255	1,087,252	
201604242241(201604242241	七尾百合子	2,182,193	2,174,819	2,142,853	2,137,237	2,137,112	2,103,215	2,092,914	2,089,427	2,083,847	2,076,792	
201604242241(201604242241	ロコ	1,402,325	1,398,194	1,396,764	1,396,294	1,369,244	1,367,500	1,361,055	1,356,561	1,348,613	1,319,806	
201604242241(201604242241	望月杏奈	2,104,060	2,100,959	2,087,166	2,084,262	2,066,341	2,055,410	2,050,389	2,038,573	2,029,473	2,002,518	
201604242241(201604242241	野々原茜	903,749	896,451	892,229	880,016	870,941	868,850	792,175	777,740	766,173	765,146	
201604242241(201604242241	箱崎星梨花	1,426,789	1,418,968	1,416,447	1,411,303	1,374,903	1,373,757	1,365,291	1,325,956	1,324,391	1,317,788	
201604242241(201604242241	徳川まつり	1,489,480	1,479,610	1,479,475	1,463,139	1,434,927	1,413,199	1,408,531	1,393,629	1,386,048	1,383,001	
201604242241(201604242241	所恵美	1,563,722	1,551,638	1,547,311	1,537,623	1,513,702	1,505,825	1,503,249	1,480,885	1,477,664	1,460,619	
201604242241(201604242241	佐竹美奈子	1,515,070	1,508,269	1,501,886	1,483,365	1,481,796	1,477,605	1,474,916	1,452,983	1,452,288	1,451,284	
201604242241(201604242241	島原エレナ	912,127	909,117	904,448	863,209	850,374	843,631	823,188	818,332	817,758	802,660	
201604242240(201604242240	田中琴葉	2,045,012	2,034,486	2,008,546	2,007,265	2,005,981	1,990,863	1,976,055	1,956,455	1,904,704	1,891,279	
201604242240(201604242240	伊吹翼	1,814,549	1,813,641	1,809,365	1,797,545	1,784,879	1,755,285	1,721,307	1,718,128	1,708,677	1,662,736	
201604242240(201604242240	最上静香	1,688,771	1,652,156	1,650,774	1,642,828	1,638,411	1,625,599	1,623,765	1,600,350	1,592,174	1,568,926	
201604242240(201604242240	春日未来	1,518,562	1,518,275	1,510,087	1,509,668	1,508,083	1,506,216	1,494,176	1,488,236	1,473,423	1,461,118	
201604242233(201604242233	ジュリア	1,053,396	1,052,021	1,045,435	998,372	995,629	982,540	981,674	977,064	975,567	974,231	
201604242233(201604242233	周防桃子	1,734,519	1,722,469	1,718,621	1,708,917	1,703,406	1,698,832	1,687,563	1,677,810	1,672,870	1,655,982	
201604242233(201604242233	北上麗花	1,026,607	1,021,637	1,003,972	989,508	986,058	975,540	975,321	967,672	949,637	945,691	
201604242233(201604242233	永吉昴	1,006,045	995,103	985,824	977,632	967,506	966,798	960,559	957,141	951,820	948,816	
201604242233(201604242233	百瀬莉緒	1,110,655	1,100,968	1,086,811	1,071,745	1,046,858	1,028,812	1,008,167	979,753	947,543	936,471	
201604242233(201604242233	篠宮可憐	1,042,581	1,038,933	1,028,466	1,013,951	1,013,628	1,012,480	1,006,047	999,381	992,830	971,502	
201604242232(201604242232	真壁瑞希	1,337,365	1,337,128	1,332,076	1,330,606	1,327,947	1,326,880	1,322,911	1,317,339	1,308,972	1,307,236	
201604242232(201604242232	福田のり子	734,646	733,514	722,814	717,362	712,755	709,232	705,848	698,354	681,926	666,284	
201604242232(201604242232	宮尾美也	1,137,331	1,136,126	1,125,126	1,117,618	1,110,967	1,089,882	1,083,520	1,062,554	1,057,474	1,037,510	
201604242232(201604242232	豊川風花	1,012,342	1,006,864	994,907	990,943	987,115	986,429	984,088	956,424	945,682	939,149	
201604242232(201604242232	大神環	1,107,494	1,103,273	1,091,105	1,081,397	1,078,628	1,069,328	1,064,594	1,063,081	1,061,609	1,044,694	
201604242232(201604242232	馬場このみ	1,431,736	1,425,477	1,424,032	1,423,291	1,420,033	1,418,757	1,414,130	1,410,775	1,410,704	1,410,591	
201604242232(201604242232	二階堂千鶴	1,143,494	1,142,928	1,133,620	1,066,185	1,063,291	1,061,884	1,056,907	1,054,420	1,025,843	1,025,595	
201604242232(201604242232	横山奈緒	1,172,236	1,144,333	1,132,022	1,129,398	1,123,080	1,121,101	1,096,985	1,095,789	1,068,476	1,060,829	
201604242232(201604242232	矢吹可奈	1,356,459	1,346,921	1,326,734	1,319,844	1,305,724	1,277,941	1,263,257	1,256,571	1,242,987	1,227,901	
201604242232(201604242232	木下ひなた	709,962	698,965	693,335	688,863	687,798	686,027	676,848	671,168	669,755	658,351	
201604242232(201604242232	舞浜歩	529,965	518,126	510,740	497,573	476,272	470,042	457,277	441,587	422,650	420,499	
201604242232(201604242232	北沢志保	1,744,603	1,729,781	1,710,838	1,700,976	1,684,390	1,679,940	1,668,602	1,622,728	1,621,450	1,602,004	
201604242232(201604242232	エミリー	1,171,755	1,171,153	1,169,314	1,164,183	1,130,296	1,126,740	1,116,807	1,088,641	1,058,950	1,056,754	
201604242231(201604242231	天空橋朋花	1,274,814	1,261,710	1,257,491	1,255,283	1,247,834	1,247,438	1,227,466	1,224,481	1,219,621	1,208,199	
201604242231(201604242231	中谷育	603,468	599,371	599,287	595,770	590,170	574,458	565,861	562,836	548,900	544,424	
201604242231(201604242231	高坂海美	1,300,778	1,299,007	1,283,888	1,280,345	1,251,733	1,250,023	1,236,111	1,235,129	1,228,951	1,208,480	
201604242231(201604242231	松田亜利沙	1,189,560	1,188,755	1,175,602	1,165,701	1,139,442	1,132,685	1,124,816	1,103,751	1,084,993	1,060,993	
201604242231(201604242231	高山紗代子	1,166,265	1,160,403	1,155,535	1,149,639	1,129,919	1,109,805	1,107,976	1,091,255	1,072,372	1,072,139	
201604242231(201604242231	七尾百合子	2,160,222	2,142,853	2,141,585	2,137,112	2,120,563	2,102,734	2,092,914	2,089,427	2,083,847	2,052,707	
201604242231(201604242231	ロコ	1,396,764	1,391,745	1,383,386	1,367,571	1,367,500	1,361,055	1,348,613	1,329,692	1,312,660	1,258,404	
201604242231(201604242231	望月杏奈	2,065,667	2,050,389	2,038,657	2,038,573	2,029,473	2,009,463	2,002,518	2,001,248	1,995,033	1,991,978	
201604242231(201604242231	野々原茜	892,229	870,941	868,850	867,884	859,602	802,580	792,175	777,736	765,146	738,778	
201604242231(201604242231	箱崎星梨花	1,424,114	1,418,966	1,410,187	1,373,757	1,372,745	1,319,324	1,315,655	1,314,107	1,308,817	1,280,995	
201604242231(201604242231	徳川まつり	1,489,480	1,479,610	1,434,927	1,429,908	1,413,199	1,408,531	1,396,821	1,386,507	1,375,727	1,374,149	
201604242231(201604242231	所恵美	1,551,101	1,547,311	1,546,776	1,534,631	1,513,702	1,504,066	1,503,249	1,473,810	1,460,619	1,449,825	
201604242231(201604242231	佐竹美奈子	1,508,269	1,483,365	1,481,796	1,475,828	1,475,425	1,474,916	1,460,426	1,452,288	1,451,284	1,436,343	
201604242231(201604242231	島原エレナ	909,117	904,448	899,443	850,374	848,696	843,317	823,188	818,332	817,758	802,660	
201604242230(201604242230	田中琴葉	2,011,802	2,008,546	2,007,265	2,005,981	1,990,863	1,976,055	1,945,667	1,904,448	1,891,279	1,813,860	
201604242230(201604242230	伊吹翼	1,789,732	1,789,506	1,788,543	1,784,879	1,769,061	1,755,285	1,708,677	1,662,736	1,661,474	1,651,838	
201604242230(201604242230	最上静香	1,688,771	1,638,411	1,635,581	1,625,599	1,623,765	1,616,335	1,613,925	1,600,350	1,590,400	1,568,926	
201604242230(201604242230	春日未来	1,508,083	1,506,216	1,503,647	1,495,115	1,494,176	1,488,236	1,473,423	1,460,534	1,455,238	1,444,789	
201604242223(201604242223	ジュリア	1,052,021	1,041,600	1,038,195	995,629	981,116	977,064	963,848	960,125	938,600	937,976	
201604242223(201604242223	周防桃子	1,722,469	1,718,450	1,711,669	1,705,679	1,703,233	1,697,427	1,687,563	1,661,019	1,647,933	1,640,514	
201604242223(201604242223	北上麗花	1,026,162	1,021,637	996,307	989,508	985,061	975,321	974,650	964,543	915,505	909,001	
201604242223(201604242223	永吉昴	1,001,548	995,093	982,156	973,391	967,506	960,559	951,820	948,816	933,699	928,831	
201604242223(201604242223	百瀬莉緒	1,096,187	1,086,811	1,082,064	1,046,858	1,036,850	1,026,752	1,008,167	979,753	947,543	929,618	
201604242223(201604242223	篠宮可憐	1,038,933	1,028,466	1,013,951	1,013,628	1,012,480	999,283	992,830	982,775	959,724	948,937	
201604242222(201604242222	真壁瑞希	1,337,128	1,332,076	1,330,606	1,326,880	1,317,339	1,308,972	1,292,010	1,290,073	1,284,667	1,266,677	
201604242222(201604242222	福田のり子	734,191	733,514	722,814	712,755	709,228	698,693	698,354	679,062	666,284	648,138	
201604242222(201604242222	宮尾美也	1,117,618	1,110,965	1,094,949	1,089,882	1,083,520	1,071,965	1,066,776	1,057,474	1,037,510	1,024,962	
201604242222(201604242222	豊川風花	1,006,860	1,003,764	990,548	989,513	987,115	986,429	984,088	956,424	945,682	918,448	
201604242222(201604242222	大神環	1,098,672	1,091,105	1,081,397	1,076,113	1,069,328	1,064,592	1,061,609	1,044,694	1,024,323	1,020,470	
201604242222(201604242222	馬場このみ	1,425,477	1,424,032	1,420,033	1,413,356	1,410,704	1,410,591	1,410,496	1,401,183	1,397,714	1,396,806	
201604242222(201604242222	二階堂千鶴	1,142,928	1,132,792	1,117,892	1,066,185	1,061,884	1,061,558	1,056,634	1,054,420	1,025,833	1,024,739	
201604242222(201604242222	横山奈緒	1,132,022	1,127,154	1,123,080	1,121,101	1,102,757	1,074,544	1,068,476	1,065,407	1,060,829	1,055,034	
201604242222(201604242222	矢吹可奈	1,316,939	1,315,139	1,296,678	1,283,496	1,277,941	1,271,308	1,263,257	1,256,571	1,242,987	1,212,266	
201604242222(201604242222	木下ひなた	698,965	693,335	688,881	688,863	676,848	671,168	669,059	668,732	658,351	648,516	
201604242222(201604242222	舞浜歩	510,532	498,614	497,573	476,272	471,466	468,585	456,045	441,587	422,650	412,579	
201604242222(201604242222	北沢志保	1,744,603	1,729,781	1,710,838	1,700,976	1,684,390	1,643,389	1,621,402	1,620,301	1,602,004	1,583,898	
201604242222(201604242222	エミリー	1,171,755	1,169,314	1,164,183	1,130,296	1,116,807	1,111,814	1,088,641	1,056,094	1,051,021	1,042,446	
201604242221(201604242221	天空橋朋花	1,255,283	1,251,159	1,249,037	1,247,834	1,247,438	1,246,700	1,227,466	1,224,481	1,219,621	1,208,199	
201604242221(201604242221	中谷育	599,287	597,413	595,770	590,170	565,861	557,625	555,660	555,195	544,424	540,557	
201604242221(201604242221	高坂海美	1,280,345	1,272,808	1,251,694	1,250,816	1,236,111	1,228,951	1,210,218	1,209,282	1,188,026	1,182,961	
201604242221(201604242221	松田亜利沙	1,175,602	1,154,749	1,152,024	1,139,440	1,132,876	1,132,685	1,124,816	1,101,150	1,047,728	1,025,090	
201604242221(201604242221	高山紗代子	1,166,265	1,160,403	1,155,535	1,149,639	1,109,805	1,103,310	1,091,255	1,063,704	1,062,660	1,061,617	
201604242221(201604242221	七尾百合子	2,142,853	2,108,081	2,102,734	2,099,199	2,092,914	2,089,427	2,083,847	2,059,577	2,052,707	2,020,435	
201604242221(201604242221	ロコ	1,389,644	1,376,426	1,360,846	1,347,839	1,339,776	1,327,093	1,312,660	1,304,105	1,297,965	1,258,404	
201604242221(201604242221	望月杏奈	2,050,389	2,038,573	2,029,473	2,020,499	2,002,518	2,000,814	1,991,162	1,975,153	1,973,884	1,962,372	
201604242221(201604242221	野々原茜	868,850	868,783	842,781	837,299	802,572	792,175	778,168	777,736	765,146	738,778	
201604242221(201604242221	箱崎星梨花	1,398,053	1,373,757	1,372,745	1,372,356	1,330,263	1,315,655	1,312,285	1,301,851	1,270,579	1,244,554	
201604242221(201604242221	徳川まつり	1,453,468	1,434,927	1,425,168	1,413,199	1,408,531	1,396,201	1,389,662	1,375,727	1,374,149	1,371,993	
201604242221(201604242221	所恵美	1,534,596	1,516,338	1,513,702	1,503,249	1,502,841	1,498,564	1,496,355	1,460,619	1,449,825	1,444,501	
201604242221(201604242221	佐竹美奈子	1,508,269	1,483,365	1,475,425	1,474,916	1,454,626	1,452,288	1,451,284	1,444,244	1,436,343	1,430,449	
201604242221(201604242221	島原エレナ	909,117	904,448	899,443	850,374	848,539	843,317	823,188	818,332	817,758	802,660	
201604242220(201604242220	田中琴葉	2,007,265	2,005,981	1,990,863	1,988,850	1,976,055	1,940,273	1,915,123	1,902,370	1,891,279	1,795,086	
201604242220(201604242220	伊吹翼	1,784,879	1,780,819	1,772,132	1,766,793	1,755,285	1,708,677	1,692,021	1,662,736	1,651,838	1,637,310	
201604242220(201604242220	最上静香	1,688,637	1,638,411	1,625,599	1,623,765	1,600,350	1,568,926	1,565,831	1,563,994	1,556,056	1,533,611	
201604242220(201604242220	春日未来	1,505,380	1,504,563	1,503,645	1,494,176	1,488,236	1,473,423	1,463,329	1,450,814	1,450,499	1,444,454	
201604242213(201604242213	ジュリア	1,052,021	1,040,724	995,629	978,227	977,064	963,848	938,600	937,955	921,874	916,416	
201604242213(201604242213	周防桃子	1,703,233	1,697,425	1,697,076	1,697,044	1,687,563	1,675,075	1,660,604	1,647,933	1,644,164	1,640,514	
201604242213(201604242213	北上麗花	1,021,637	1,013,847	989,508	980,341	977,885	975,321	973,335	964,543	915,505	899,141	
201604242213(201604242213	永吉昴	995,093	975,844	967,506	960,559	959,223	954,097	951,820	948,816	932,598	916,224	
201604242213(201604242213	百瀬莉緒	1,083,155	1,049,682	1,048,240	1,046,858	1,036,850	1,021,501	1,008,167	979,753	947,543	927,629	
201604242213(201604242213	篠宮可憐	1,036,105	1,028,466	1,013,951	1,013,628	1,012,480	976,311	966,910	953,826	947,678	937,270	
201604242212(201604242212	真壁瑞希	1,326,880	1,326,476	1,317,329	1,316,788	1,300,693	1,292,010	1,290,073	1,284,667	1,275,573	1,266,677	
201604242212(201604242212	福田のり子	722,814	717,154	712,755	708,452	698,354	685,211	680,727	672,607	666,284	624,530	
201604242212(201604242212	宮尾美也	1,110,965	1,089,882	1,083,520	1,080,266	1,057,474	1,053,029	1,037,510	1,028,975	1,008,639	972,088	
201604242212(201604242212	豊川風花	990,043	989,513	987,115	984,088	982,557	982,167	956,424	949,462	945,527	918,448	
201604242212(201604242212	大神環	1,091,105	1,081,180	1,069,328	1,064,592	1,061,609	1,044,694	1,037,963	1,025,908	1,024,323	1,008,084	
201604242212(201604242212	馬場このみ	1,424,032	1,420,033	1,412,582	1,410,704	1,410,591	1,410,496	1,401,183	1,374,513	1,365,838	1,363,801	
201604242212(201604242212	二階堂千鶴	1,131,966	1,116,090	1,066,185	1,061,884	1,056,632	1,054,420	1,041,109	1,018,695	1,015,390	1,010,894	
201604242212(201604242212	横山奈緒	1,127,154	1,123,080	1,121,101	1,087,464	1,074,544	1,068,476	1,060,829	1,055,034	1,043,683	1,041,895	
201604242212(201604242212	矢吹可奈	1,315,139	1,293,657	1,277,941	1,271,729	1,264,516	1,263,257	1,260,896	1,256,571	1,242,987	1,212,262	
201604242212(201604242212	木下ひなた	688,863	685,391	673,102	671,168	667,609	665,305	658,351	655,289	653,307	648,516	
201604242212(201604242212	舞浜歩	497,573	476,272	472,332	471,466	468,583	455,688	441,587	431,994	422,650	412,579	
201604242212(201604242212	北沢志保	1,730,237	1,729,781	1,710,838	1,700,976	1,684,390	1,621,372	1,620,018	1,602,004	1,583,898	1,571,338	
201604242212(201604242212	エミリー	1,159,092	1,144,861	1,127,980	1,116,807	1,090,951	1,088,641	1,054,386	1,051,021	1,042,446	1,027,095	
201604242211(201604242211	天空橋朋花	1,255,283	1,247,834	1,247,438	1,230,152	1,227,466	1,224,481	1,219,621	1,217,947	1,208,199	1,207,847	
201604242211(201604242211	中谷育	599,287	595,770	590,170	586,926	565,861	557,253	548,375	544,424	543,516	540,557	
201604242211(201604242211	高坂海美	1,251,690	1,236,111	1,229,687	1,221,991	1,207,413	1,202,639	1,188,026	1,177,295	1,174,685	1,173,042	
201604242211(201604242211	松田亜利沙	1,159,365	1,148,707	1,139,440	1,132,685	1,124,816	1,118,685	1,101,150	1,057,721	1,047,728	995,343	
201604242211(201604242211	高山紗代子	1,166,009	1,155,535	1,142,169	1,142,031	1,109,805	1,103,300	1,091,255	1,060,760	1,054,369	1,054,092	
201604242211(201604242211	七尾百合子	2,142,853	2,108,081	2,102,734	2,092,914	2,091,861	2,083,847	2,058,856	2,052,707	2,030,140	2,013,082	
201604242211(201604242211	ロコ	1,376,426	1,360,389	1,347,513	1,324,020	1,319,003	1,312,660	1,297,792	1,292,057	1,258,404	1,256,253	
201604242211(201604242211	望月杏奈	2,038,573	2,029,473	2,006,177	2,005,467	2,002,518	1,996,143	1,991,162	1,975,153	1,962,372	1,931,333	
201604242211(201604242211	野々原茜	868,850	868,783	837,299	822,040	802,566	792,175	777,736	770,507	765,146	738,576	
201604242211(201604242211	箱崎星梨花	1,390,764	1,373,757	1,372,745	1,330,259	1,315,655	1,312,098	1,296,638	1,294,853	1,268,386	1,244,554	
201604242211(201604242211	徳川まつり	1,434,927	1,412,835	1,408,531	1,395,427	1,380,229	1,375,727	1,374,149	1,362,748	1,359,367	1,348,219	
201604242211(201604242211	所恵美	1,513,702	1,507,848	1,503,249	1,502,430	1,465,067	1,460,619	1,449,825	1,435,677	1,424,106	1,423,345	
201604242211(201604242211	佐竹美奈子	1,484,730	1,483,365	1,474,916	1,469,059	1,452,288	1,451,284	1,444,244	1,436,343	1,430,445	1,421,339	
201604242211(201604242211	島原エレナ	899,855	899,443	877,324	850,374	848,539	843,313	823,188	818,332	817,758	802,660	
201604242210(201604242210	田中琴葉	2,007,265	2,005,981	1,990,863	1,976,055	1,948,112	1,918,697	1,902,091	1,891,279	1,884,583	1,793,351	
201604242210(201604242210	最上静香	1,660,601	1,638,411	1,625,599	1,623,765	1,600,350	1,568,926	1,556,032	1,547,701	1,528,428	1,515,776	
201604242210(201604242210	最上静香	1,660,601	1,638,411	1,625,599	1,623,765	1,600,350	1,568,926	1,556,032	1,547,701	1,528,428	1,515,776	
201604242210(201604242210	春日未来	1,495,039	1,494,176	1,488,236	1,473,423	1,451,561	1,444,454	1,441,586	1,428,532	1,420,394	1,419,666	
201604242203(201604242203	ジュリア	1,040,724	995,629	968,135	964,648	963,848	938,600	927,981	917,734	913,164	904,058	
201604242203(201604242203	周防桃子	1,679,336	1,675,075	1,660,762	1,660,604	1,650,795	1,647,933	1,645,413	1,640,514	1,633,702	1,609,264	
201604242203(201604242203	北上麗花	1,016,219	1,011,276	975,321	973,335	969,414	964,543	915,505	899,141	869,097	855,148	
201604242203(201604242203	永吉昴	970,502	967,506	960,559	951,820	948,816	911,768	910,725	906,580	901,849	900,573	
201604242203(201604242203	百瀬莉緒	1,046,858	1,036,850	1,031,681	1,021,501	1,008,167	997,801	981,437	979,753	947,543	927,629	
201604242203(201604242203	篠宮可憐	1,028,466	1,028,112	1,013,951	1,013,430	1,012,480	947,678	946,024	942,395	935,183	915,797	
201604242202(201604242202	真壁瑞希	1,318,308	1,317,319	1,300,693	1,292,010	1,290,073	1,284,667	1,272,790	1,266,677	1,251,277	1,244,713	
201604242202(201604242202	福田のり子	722,814	715,587	712,755	707,674	698,354	672,607	666,284	664,762	605,369	601,185	
201604242202(201604242202	宮尾美也	1,089,882	1,083,520	1,077,798	1,057,474	1,057,068	1,037,510	1,031,833	1,028,963	1,008,639	962,638	
201604242202(201604242202	豊川風花	989,513	987,115	984,088	982,163	961,196	956,424	918,448	906,329	900,187	878,428	
201604242202(201604242202	大神環	1,081,180	1,069,328	1,064,592	1,059,613	1,044,694	1,024,323	1,008,084	1,001,368	990,643	965,468	
201604242202(201604242202	馬場このみ	1,411,808	1,410,704	1,410,591	1,410,496	1,401,183	1,388,599	1,363,799	1,361,386	1,354,026	1,340,619	
201604242202(201604242202	二階堂千鶴	1,115,857	1,113,328	1,066,185	1,061,884	1,056,630	1,054,420	1,041,109	1,018,695	1,015,390	1,010,894	
201604242202(201604242202	横山奈緒	1,127,154	1,123,080	1,121,101	1,071,954	1,068,476	1,060,829	1,055,034	1,041,895	1,037,112	1,029,125	
201604242202(201604242202	矢吹可奈	1,277,073	1,263,257	1,259,637	1,257,441	1,256,571	1,247,021	1,242,987	1,236,516	1,212,262	1,198,605	
201604242202(201604242202	木下ひなた	688,863	671,168	670,135	667,609	663,815	658,351	648,689	648,516	644,729	639,107	
201604242202(201604242202	舞浜歩	497,573	476,272	472,180	471,462	468,583	455,688	441,587	426,329	422,650	412,579	
201604242202(201604242202	北沢志保	1,728,864	1,725,230	1,710,838	1,700,976	1,684,390	1,621,362	1,620,018	1,602,004	1,583,898	1,571,338	
201604242202(201604242202	エミリー	1,141,624	1,137,213	1,127,980	1,116,807	1,088,641	1,068,483	1,051,021	1,042,446	1,027,095	1,016,205	
201604242201(201604242201	天空橋朋花	1,247,834	1,247,438	1,227,466	1,224,481	1,219,621	1,217,947	1,216,718	1,208,199	1,207,847	1,182,616	
201604242201(201604242201	中谷育	595,770	590,170	578,857	565,861	544,424	542,563	540,557	537,959	511,415	507,258	
201604242201(201604242201	高坂海美	1,251,690	1,233,953	1,222,526	1,219,671	1,188,026	1,174,685	1,173,042	1,172,170	1,162,854	1,162,524	
201604242201(201604242201	松田亜利沙	1,148,707	1,139,438	1,132,685	1,124,816	1,102,122	1,101,150	1,047,728	1,033,661	970,970	959,142	
201604242201(201604242201	高山紗代子	1,141,944	1,123,966	1,109,805	1,103,300	1,091,255	1,070,202	1,058,505	1,054,369	1,054,092	1,052,708	
201604242201(201604242201	七尾百合子	2,108,081	2,102,734	2,092,914	2,083,847	2,057,565	2,052,707	2,030,000	2,013,082	2,003,890	1,998,019	
201604242201(201604242201	ロコ	1,347,847	1,344,455	1,328,863	1,312,660	1,308,823	1,297,788	1,273,833	1,271,600	1,258,404	1,256,253	
201604242201(201604242201	望月杏奈	2,029,473	2,005,467	2,002,518	1,991,162	1,988,424	1,975,153	1,962,372	1,947,132	1,940,724	1,931,333	
201604242201(201604242201	野々原茜	868,783	804,277	802,562	792,175	782,076	777,736	765,146	748,164	732,911	719,399	
201604242201(201604242201	箱崎星梨花	1,373,757	1,372,745	1,315,655	1,312,098	1,272,206	1,268,161	1,244,554	1,223,752	1,209,962	1,197,761	
201604242201(201604242201	徳川まつり	1,434,927	1,411,695	1,408,531	1,395,427	1,375,727	1,374,149	1,362,748	1,361,023	1,346,331	1,341,001	
201604242201(201604242201	所恵美	1,501,964	1,494,765	1,460,619	1,449,825	1,443,754	1,435,677	1,428,690	1,423,345	1,420,069	1,396,819	
201604242201(201604242201	佐竹美奈子	1,483,365	1,481,114	1,452,288	1,451,284	1,448,343	1,438,148	1,436,343	1,430,445	1,415,066	1,409,097	
201604242200(201604242200	島原エレナ	894,244	856,282	850,374	848,539	843,311	823,188	818,006	817,758	802,660	781,958	
201604242200(201604242200	田中琴葉	2,005,981	1,990,863	1,977,059	1,976,053	1,928,385	1,907,909	1,901,874	1,891,279	1,832,177	1,793,351	
201604242200(201604242200	伊吹翼	1,743,599	1,711,161	1,708,677	1,708,464	1,694,006	1,662,736	1,659,960	1,655,271	1,636,264	1,610,398	
201604242200(201604242200	最上静香	1,660,601	1,638,411	1,625,599	1,623,765	1,600,350	1,568,926	1,556,022	1,547,701	1,528,428	1,506,213	
201604242200(201604242200	春日未来	1,488,236	1,486,892	1,473,423	1,471,672	1,451,561	1,444,454	1,439,212	1,419,666	1,414,353	1,393,634	
