201409121705(201409121705)
1,539,321
3,373,904
7,885,265
1,691,458
1,902,856

201409121706(201409121706)
1,539,459
3,373,904
7,885,265
1,691,458
1,902,856

201409121707(201409121707)
1,539,459
3,373,904
7,885,265
1,691,596
1,902,856

201409121709(201409121709)
1,539,459
3,373,904
7,885,265
1,691,596
1,902,856

201409121710(201409121710)
1,539,459
3,373,904
7,885,265
1,691,596
1,902,856

201409121711(201409121711)
1,539,459
3,373,904
7,885,265
1,691,596
1,902,856

201409121712(201409121712)
1,539,459
3,373,904
7,885,265
1,691,596
1,902,856

201409121713(201409121713)
1,539,459
3,373,904
7,885,265
1,691,596
1,902,856

201409121714(201409121714)
1,539,459
3,373,904
7,885,265
1,692,306
1,908,886

201409121715(201409121715)
1,539,459
3,373,904
7,885,265
1,692,306
1,909,033

201409121716(201409121716)
1,539,459
3,373,904
7,885,265
1,692,306
1,909,033

201409121717(201409121717)
1,539,459
3,373,904
7,885,265
1,692,306
1,909,033

201409121719(201409121719)
1,539,459
3,373,904
7,885,265
1,692,306
1,909,033

201409121720(201409121720)
1,539,459
3,378,236
7,885,265
1,692,306
1,909,033

201409121721(201409121721)
1,539,459
3,378,236
7,885,265
1,692,306
1,909,033

201409121722(201409121722)
1,539,459
3,378,236
7,885,265
1,692,306
1,909,033

201409121723(201409121723)
1,539,459
3,378,236
7,885,265
1,692,306
1,909,033

201409121724(201409121724)
1,539,459
3,378,236
7,885,265
1,692,306
1,909,033

201409121725(201409121725)
1,539,459
3,378,236
7,885,265
1,692,306
1,909,033

201409121726(201409121726)
1,539,459
3,378,236
7,885,265
1,692,306
1,909,033

201409121727(201409121727)
1,539,459
3,378,236
7,885,265
1,692,306
1,909,033

201409121729(201409121729)
1,539,459
3,378,236
7,885,265
1,692,306
1,909,033

201409121730(201409121730)
1,539,459
3,378,236
7,885,265
1,692,306
1,909,033

201409121731(201409121731)
1,539,529
3,378,236
7,885,265
1,692,306
1,909,033

201409121732(201409121732)
1,540,082
3,378,236
7,885,265
1,692,785
1,909,033

201409121733(201409121733)
1,540,082
3,378,236
7,885,265
1,692,785
1,909,157

201409121734(201409121734)
1,540,082
3,378,236
7,885,265
1,692,785
1,909,157

201409121735(201409121735)
1,540,155
3,378,236
7,885,265
1,692,785
1,909,157

201409121736(201409121736)
1,544,753
3,378,236
7,885,265
1,692,785
1,909,157

201409121737(201409121737)
1,544,753
3,378,236
7,885,265
1,692,785
1,909,157

201409121739(201409121739)
1,544,753
3,378,334
7,885,265
1,692,785
1,909,157

201409121740(201409121740)
1,544,753
3,378,334
7,885,265
1,692,785
1,909,157

201409121741(201409121741)
1,544,753
3,378,334
7,885,265
1,692,785
1,909,157

201409121742(201409121742)
1,544,753
3,378,334
7,885,265
1,692,785
1,909,157

201409121743(201409121743)
1,544,753
3,378,334
7,885,265
1,692,785
1,909,157

201409121744(201409121744)
1,544,753
3,378,334
7,885,265
1,692,785
1,909,157

201409121745(201409121745)
1,544,753
3,378,334
7,885,265
1,692,785
1,909,157

201409121746(201409121746)
1,544,753
3,378,334
7,885,265
1,693,607
1,909,157

201409121747(201409121747)
1,544,753
3,378,334
7,885,265
1,693,607
1,909,157

201409121749(201409121749)
1,544,753
3,378,334
7,885,265
1,693,607
1,909,157

201409121750(201409121750)
1,544,753
3,378,334
7,885,265
1,693,607
1,909,157

201409121751(201409121751)
1,544,753
3,378,334
7,885,265
1,693,607
1,909,157

201409121752(201409121752)
1,545,934
3,378,334
7,885,265
1,693,607
1,909,157

201409121753(201409121753)
1,548,348
3,378,334
7,885,265
1,693,607
1,909,157

201409121754(201409121754)
1,548,348
3,378,334
7,885,265
1,693,607
1,909,157

201409121755(201409121755)
1,550,035
3,378,334
7,885,265
1,693,607
1,909,157

201409121756(201409121756)
1,550,035
3,378,334
7,885,265
1,693,607
1,909,157

201409121757(201409121757)
1,550,035
3,378,334
7,885,265
1,693,607
1,909,157

201409121759(201409121759)
1,551,771
3,378,334
7,885,265
1,693,607
1,909,157

201409121800(201409121800)
1,552,294
3,378,334
7,885,265
1,693,607
1,909,157

201409121801(201409121801)
1,552,294
3,378,334
7,885,265
1,693,607
1,909,157

201409121802(201409121802)
1,552,294
3,378,334
7,885,265
1,693,607
1,909,157

201409121803(201409121803)
1,552,294
3,378,334
7,885,265
1,693,607
1,909,157

201409121804(201409121804)
1,552,294
3,378,334
7,885,265
1,693,607
1,909,157

201409121805(201409121805)
1,552,294
3,378,334
7,885,265
1,693,607
1,909,157

201409121806(201409121806)
1,552,294
3,378,334
7,885,265
1,693,607
1,909,157

201409121807(201409121807)
1,553,786
3,378,334
7,885,265
1,693,607
1,909,157

201409121809(201409121809)
1,553,786
3,378,334
7,885,265
1,693,607
1,909,157

201409121810(201409121810)
1,553,786
3,378,334
7,885,265
1,693,674
1,909,157

201409121811(201409121811)
1,553,786
3,378,742
7,885,265
1,693,674
1,909,157

201409121812(201409121812)
1,553,786
3,378,742
7,885,265
1,693,674
1,909,157

201409121813(201409121813)
1,553,786
3,378,742
7,885,265
1,693,911
1,909,157

201409121814(201409121814)
1,553,786
3,378,742
7,885,265
1,693,911
1,909,157

201409121815(201409121815)
1,553,786
3,378,742
7,885,265
1,693,911
1,909,157

201409121816(201409121816)
1,553,786
3,378,742
7,885,265
1,693,942
1,909,157

201409121817(201409121817)
1,553,786
3,378,742
7,885,265
1,693,942
1,909,157

201409121819(201409121819)
1,554,316
3,378,742
7,885,265
1,693,942
1,909,157

201409121820(201409121820)
1,554,316
3,378,742
7,885,265
1,694,191
1,909,157

201409121821(201409121821)
1,554,436
3,378,742
7,885,265
1,694,843
1,909,157

201409121822(201409121822)
1,554,436
3,378,742
7,885,265
1,694,843
1,909,157

201409121823(201409121823)
1,554,436
3,378,742
7,885,265
1,694,843
1,909,157

201409121824(201409121824)
1,554,436
3,378,742
7,885,265
1,694,843
1,909,157

201409121825(201409121825)
1,554,436
3,378,742
7,885,265
1,694,843
1,909,333

201409121826(201409121826)
1,554,998
3,378,742
7,885,265
1,694,843
1,909,393

201409121827(201409121827)
1,555,917
3,378,742
7,885,265
1,694,843
1,910,157

201409121829(201409121829)
1,555,917
3,378,742
7,885,265
1,694,843
1,920,050

201409121830(201409121830)
1,555,917
3,378,742
7,885,265
1,694,843
1,920,050

201409121831(201409121831)
1,555,917
3,378,742
7,885,265
1,694,843
1,920,050

201409121832(201409121832)
1,555,917
3,378,742
7,885,265
1,694,843
1,920,050

201409121833(201409121833)
1,555,917
3,378,742
7,885,265
1,694,843
1,920,050

201409121834(201409121834)
1,555,917
3,378,742
7,885,265
1,694,843
1,920,050

201409121835(201409121835)
1,555,917
3,378,742
7,885,265
1,694,843
1,920,050

201409121836(201409121836)
1,555,917
3,378,742
7,885,265
1,694,843
1,921,797

201409121837(201409121837)
1,559,002
3,378,742
7,885,265
1,694,843
1,925,426

201409121839(201409121839)
1,559,002
3,378,742
7,885,265
1,694,843
1,926,570

201409121840(201409121840)
1,559,002
3,378,742
7,885,265
1,694,843
1,926,570

201409121841(201409121841)
1,559,002
3,378,742
7,885,265
1,694,843
1,926,570

201409121842(201409121842)
1,559,002
3,378,742
7,885,265
1,694,843
1,926,570

201409121843(201409121843)
1,559,002
3,378,742
7,885,265
1,698,957
1,926,570

201409121844(201409121844)
1,559,002
3,378,742
7,885,265
1,698,957
1,929,346

201409121845(201409121845)
1,559,002
3,378,742
7,885,265
1,698,957
1,929,564

201409121846(201409121846)
1,559,002
3,378,742
7,885,265
1,698,957
1,929,564

201409121847(201409121847)
1,559,002
3,378,742
7,885,265
1,698,957
1,929,564

201409121849(201409121849)
1,559,158
3,378,742
7,885,265
1,698,957
1,929,564

201409121850(201409121850)
1,559,158
3,378,742
7,885,265
1,698,957
1,929,564

201409121851(201409121851)
1,559,254
3,378,742
7,885,265
1,698,957
1,929,564

201409121852(201409121852)
1,559,254
3,379,345
7,885,265
1,698,957
1,929,620

201409121853(201409121853)
1,559,254
3,379,345
7,885,265
1,698,957
1,929,620

201409121854(201409121854)
1,559,254
3,379,345
7,885,265
1,698,957
1,931,695

201409121855(201409121855)
1,559,254
3,379,345
7,885,265
1,698,957
1,931,695

201409121856(201409121856)
1,559,254
3,379,345
7,885,265
1,698,957
1,932,162

201409121857(201409121857)
1,559,254
3,379,345
7,885,265
1,698,957
1,932,162

201409121859(201409121859)
1,559,317
3,379,345
7,885,265
1,698,957
1,932,535

201409121900(201409121900)
1,559,317
3,379,382
7,885,265
1,698,957
1,932,535

201409121901(201409121901)
1,559,317
3,380,378
7,885,265
1,702,021
1,932,535

201409121902(201409121902)
1,559,317
3,380,378
7,885,265
1,702,021
1,932,535

201409121903(201409121903)
1,559,317
3,380,378
7,885,265
1,708,751
1,932,535

201409121904(201409121904)
1,559,317
3,380,378
7,885,265
1,708,814
1,933,159

201409121905(201409121905)
1,559,317
3,380,378
7,885,265
1,708,814
1,933,159

201409121906(201409121906)
1,559,317
3,380,378
7,885,442
1,708,814
1,933,159

201409121907(201409121907)
1,559,317
3,380,378
7,885,501
1,708,814
1,933,159

201409122042(201409122042)
1,574,160
3,443,901
7,908,674
1,726,078
1,943,210

201409122043(201409122043)
1,576,382
3,443,901
7,908,674
1,726,078
1,943,210

201409122044(201409122044)
1,576,382
3,443,901
7,908,674
1,726,955
1,943,210

201409122045(201409122045)
1,576,382
3,443,901
7,908,674
1,726,955
1,947,407

201409122046(201409122046)
1,576,382
3,443,901
7,908,674
1,726,955
1,947,407

201409122047(201409122047)
1,576,382
3,443,901
7,908,674
1,726,955
1,947,407

201409122049(201409122049)
1,576,382
3,443,901
7,908,674
1,730,099
1,949,916

201409122050(201409122050)
1,576,382
3,443,901
7,908,674
1,730,099
1,949,916

201409122051(201409122051)
1,576,394
3,443,901
7,908,674
1,730,099
1,949,916

201409122052(201409122052)
1,576,394
3,443,901
7,908,674
1,730,099
1,949,916

201409122053(201409122053)
1,576,394
3,443,901
7,908,674
1,736,746
1,949,916

201409122054(201409122054)
1,576,394
3,443,901
7,908,674
1,737,366
1,949,916

201409122055(201409122055)
1,576,394
3,443,901
7,908,674
1,737,366
1,949,916

201409122056(201409122056)
1,576,394
3,443,901
7,908,674
1,737,366
1,949,916

201409122057(201409122057)
1,576,394
3,443,901
7,908,674
1,737,366
1,949,916

201409122059(201409122059)
1,576,394
3,443,901
7,908,674
1,737,366
1,949,916

201409122100(201409122100)
1,576,394
3,443,901
7,908,674
1,737,366
1,949,916

201409122101(201409122101)
1,576,394
3,443,901
7,908,674
1,737,366
1,949,916

201409122102(201409122102)
1,576,394
3,443,901
7,908,674
1,737,366
1,949,916

201409122103(201409122103)
1,576,394
3,443,901
7,908,674
1,737,366
1,949,916

201409122104(201409122104)
1,577,202
3,443,901
7,908,674
1,737,366
1,949,916

201409122105(201409122105)
1,577,202
3,443,901
7,908,674
1,737,366
1,949,916

201409122106(201409122106)
1,577,202
3,443,901
7,908,674
1,737,366
1,949,916

201409122107(201409122107)
1,577,202
3,450,694
7,908,674
1,737,366
1,949,916

201409122109(201409122109)
1,577,202
3,450,694
7,908,674
1,737,366
1,949,916

201409122110(201409122110)
1,577,202
3,452,877
7,908,674
1,737,366
1,949,916

201409122111(201409122111)
1,577,202
3,452,877
7,908,674
1,737,366
1,949,916

201409122112(201409122112)
1,577,202
3,452,877
7,908,674
1,737,366
1,951,881

201409122113(201409122113)
1,577,202
3,452,877
7,908,674
1,737,366
1,951,881

201409122114(201409122114)
1,577,202
3,452,877
7,908,674
1,737,366
1,951,881

201409122115(201409122115)
1,577,202
3,452,877
7,908,674
1,742,381
1,953,041

201409122116(201409122116)
1,577,202
3,452,877
7,908,674
1,742,381
1,953,041

201409122117(201409122117)
1,577,202
3,452,877
7,908,674
1,742,381
1,953,517

201409122119(201409122119)
1,577,202
3,452,877
7,908,674
1,742,381
1,953,517

201409122120(201409122120)
1,577,202
3,452,877
7,908,674
1,742,381
1,953,517

201409122121(201409122121)
1,577,202
3,452,877
7,908,674
1,742,381
1,954,223

201409122122(201409122122)
1,581,128
3,452,877
7,908,674
1,742,381
1,954,223

201409122123(201409122123)
1,581,128
3,452,972
7,908,674
1,742,381
1,954,223

201409122124(201409122124)
1,581,128
3,452,972
7,908,674
1,742,381
1,954,223

201409122125(201409122125)
1,581,128
3,452,972
7,908,674
1,742,381
1,954,223

201409122126(201409122126)
1,581,128
3,452,972
7,908,674
1,742,381
1,954,223

201409122127(201409122127)
1,581,128
3,452,972
7,908,674
1,742,381
1,954,223

201409122129(201409122129)
1,581,128
3,452,972
7,908,674
1,744,180
1,954,223

201409122130(201409122130)
1,581,128
3,452,972
7,908,674
1,744,180
1,954,223

201409122131(201409122131)
1,581,128
3,454,300
7,908,674
1,744,180
1,954,223

201409122132(201409122132)
1,581,128
3,455,210
7,908,674
1,744,180
1,954,223

201409122133(201409122133)
1,581,128
3,455,210
7,908,674
1,744,180
1,954,223

201409122134(201409122134)
1,581,128
3,455,210
7,908,674
1,744,180
1,954,223

201409122135(201409122135)
1,583,127
3,455,210
7,908,674
1,744,180
1,956,051

201409122136(201409122136)
1,583,127
3,455,210
7,908,674
1,744,180
1,956,424

201409122137(201409122137)
1,583,127
3,455,210
7,908,674
1,744,180
1,956,424

201409122139(201409122139)
1,584,603
3,455,210
7,908,674
1,744,180
1,956,424

201409122140(201409122140)
1,584,603
3,455,210
7,908,674
1,745,857
1,957,387

201409122141(201409122141)
1,584,603
3,455,210
7,908,674
1,745,857
1,957,387

201409122142(201409122142)
1,584,603
3,455,210
7,908,674
1,750,963
1,957,387

201409122143(201409122143)
1,584,603
3,455,210
7,908,674
1,750,963
1,957,387

201409122144(201409122144)
1,584,603
3,455,210
7,908,674
1,750,963
1,957,387

201409122145(201409122145)
1,584,603
3,455,210
7,908,674
1,750,963
1,957,387

201409122146(201409122146)
1,584,603
3,455,210
7,908,674
1,750,963
1,957,387

201409122147(201409122147)
1,584,603
3,455,210
7,908,674
1,750,963
1,957,387

201409122149(201409122149)
1,588,623
3,455,210
7,908,674
1,751,244
1,962,569

201409122150(201409122150)
1,588,623
3,455,210
7,908,674
1,751,244
1,969,501

201409122151(201409122151)
1,588,623
3,455,210
7,908,674
1,751,244
1,969,501

201409122152(201409122152)
1,588,623
3,455,210
7,908,674
1,751,244
1,969,501

201409122153(201409122153)
1,588,623
3,455,210
7,908,674
1,751,244
1,973,530

201409122154(201409122154)
1,588,623
3,458,564
7,908,674
1,751,244
1,973,530

201409122155(201409122155)
1,588,623
3,458,564
7,908,674
1,751,244
1,973,530

201409122156(201409122156)
1,588,623
3,458,564
7,908,674
1,751,244
1,973,530

201409122157(201409122157)
1,588,623
3,458,564
7,908,674
1,751,244
1,973,530

201409122159(201409122159)
1,588,623
3,458,564
7,908,674
1,754,043
1,973,530

201409122200(201409122200)
1,588,623
3,458,564
7,908,674
1,754,043
1,973,530

201409122201(201409122201)
1,588,623
3,458,564
7,908,674
1,754,043
1,973,530

201409122202(201409122202)
1,588,623
3,458,564
7,908,674
1,754,043
1,973,530

201409122203(201409122203)
1,588,880
3,460,424
7,908,674
1,754,043
1,973,530

201409122204(201409122204)
1,589,120
3,460,424
7,908,674
1,754,489
1,973,530

201409122205(201409122205)
1,592,505
3,460,924
7,908,674
1,754,489
1,973,530

201409122206(201409122206)
1,592,505
3,460,924
7,908,674
1,754,489
1,973,530

201409122207(201409122207)
1,592,572
3,460,924
7,908,674
1,754,489
1,976,430

201409122209(201409122209)
1,592,572
3,460,924
7,908,674
1,754,489
1,978,373

201409122210(201409122210)
1,592,572
3,464,472
7,908,674
1,754,489
1,978,373

201409122211(201409122211)
1,592,572
3,464,472
7,908,674
1,754,489
1,978,373

201409122212(201409122212)
1,592,572
3,464,472
7,908,674
1,754,489
1,978,373

201409122213(201409122213)
1,592,572
3,464,472
7,908,674
1,754,489
1,978,373

201409122214(201409122214)
1,592,572
3,464,472
7,908,674
1,754,489
1,978,373

201409122215(201409122215)
1,592,572
3,466,026
7,908,674
1,754,489
1,979,941

201409122216(201409122216)
1,592,572
3,466,026
7,908,674
1,757,831
1,979,941

201409122217(201409122217)
1,592,925
3,466,026
7,908,674
1,757,831
1,979,941

201409122219(201409122219)
1,592,925
3,466,026
7,908,674
1,757,831
1,987,086

201409122220(201409122220)
1,592,925
3,466,026
7,908,674
1,757,831
1,987,086

201409122221(201409122221)
1,592,925
3,467,724
7,908,674
1,757,831
1,987,086

201409122222(201409122222)
1,592,925
3,470,994
7,908,674
1,759,045
1,987,468

201409122223(201409122223)
1,592,925
3,470,994
7,908,674
1,759,045
1,987,468

201409122224(201409122224)
1,592,925
3,482,097
7,908,674
1,759,480
1,987,468

201409122225(201409122225)
1,592,925
3,482,097
7,908,674
1,759,480
1,987,468

201409122226(201409122226)
1,592,925
3,486,181
7,908,674
1,759,480
1,987,468

201409122227(201409122227)
1,592,925
3,490,068
7,908,674
1,759,480
1,987,468

201409122229(201409122229)
1,597,152
3,490,068
7,908,674
1,759,480
1,987,468

201409122230(201409122230)
1,598,578
3,490,068
7,908,674
1,759,480
1,987,468

201409122231(201409122231)
1,598,578
3,490,068
7,908,674
1,759,480
1,987,468

201409122232(201409122232)
1,598,578
3,490,068
7,908,674
1,759,480
1,987,468

201409122233(201409122233)
1,598,578
3,490,068
7,908,674
1,759,480
1,987,468

201409122234(201409122234)
1,598,578
3,490,068
7,908,674
1,759,480
1,987,468

201409122235(201409122235)
1,602,018
3,490,068
7,911,855
1,759,480
1,987,468

201409122236(201409122236)
1,604,424
3,490,068
7,912,380
1,759,958
1,987,468

201409122237(201409122237)
1,604,424
3,491,308
7,912,755
1,763,559
1,987,468

201409122239(201409122239)
1,604,424
3,491,308
7,912,755
1,763,559
1,989,173

201409122240(201409122240)
1,604,424
3,491,308
7,912,755
1,763,559
1,989,173

201409122241(201409122241)
1,604,424
3,491,308
7,912,755
1,763,559
1,989,173

201409122242(201409122242)
1,604,424
3,491,308
7,913,184
1,763,559
1,989,173

201409122243(201409122243)
1,604,424
3,491,308
7,914,598
1,763,559
1,989,173

201409122244(201409122244)
1,604,424
3,491,308
7,914,598
1,763,617
1,989,173

201409122245(201409122245)
1,604,424
3,491,308
7,914,598
1,763,733
1,989,173

201409122246(201409122246)
1,605,663
3,491,308
7,914,598
1,763,733
1,989,173

201409122247(201409122247)
1,605,663
3,491,308
7,914,598
1,763,849
1,989,173

201409122249(201409122249)
1,605,663
3,491,308
7,936,238
1,763,907
1,989,173

201409122250(201409122250)
1,605,663
3,491,308
7,944,191
1,765,111
1,998,012

201409122251(201409122251)
1,605,663
3,504,859
7,948,355
1,765,111
1,998,012

201409122252(201409122252)
1,605,663
3,504,859
7,952,670
1,765,111
1,998,645

201409122253(201409122253)
1,605,663
3,505,027
7,953,195
1,765,111
1,998,645

201409122254(201409122254)
1,605,663
3,505,475
7,957,814
1,765,111
1,998,645

201409122255(201409122255)
1,605,663
3,506,978
7,962,358
1,765,111
1,998,645

201409122256(201409122256)
1,605,663
3,509,857
7,981,290
1,765,111
1,998,645

201409122257(201409122257)
1,605,663
3,515,992
7,981,290
1,767,539
1,998,645

201409122259(201409122259)
1,608,354
3,516,971
7,981,290
1,771,245
1,998,645

201409122300(201409122300)
1,609,125
3,516,971
7,981,290
1,771,245
1,998,645

201409122301(201409122301)
1,609,933
3,516,971
7,981,290
1,771,245
1,998,645

201409122302(201409122302)
1,612,500
3,516,971
7,981,290
1,773,907
2,002,405

201409122303(201409122303)
1,613,420
3,516,971
7,981,290
1,773,907
2,002,405

201409122304(201409122304)
1,615,057
3,516,971
7,981,290
1,773,907
2,008,447

201409122305(201409122305)
1,617,284
3,525,359
7,981,290
1,773,907
2,008,447

201409122306(201409122306)
1,617,284
3,525,440
7,981,290
1,776,599
2,008,447

201409122307(201409122307)
1,617,284
3,528,448
7,981,290
1,776,599
2,008,447

201409122309(201409122309)
1,621,972
3,535,107
7,981,290
1,776,599
2,008,447

201409122310(201409122310)
1,621,972
3,535,107
7,981,290
1,776,599
2,008,447

201409122311(201409122311)
1,625,501
3,535,107
7,981,290
1,776,599
2,008,447

201409122312(201409122312)
1,625,501
3,535,107
7,981,290
1,776,599
2,008,447

201409122313(201409122313)
1,625,501
3,535,107
7,981,290
1,776,599
2,009,057

201409122314(201409122314)
1,625,501
3,535,107
8,044,884
1,776,599
2,014,640

201409122315(201409122315)
1,625,501
3,535,107
8,099,426
1,777,752
2,014,811

201409122316(201409122316)
1,625,501
3,535,107
8,107,473
1,780,191
2,016,892

201409122317(201409122317)
1,625,501
3,545,289
8,107,923
1,780,191
2,016,892

201409122319(201409122319)
1,625,501
3,545,289
8,116,881
1,784,355
2,016,892

201409122320(201409122320)
1,626,327
3,545,289
8,121,289
1,784,355
2,016,892

201409122321(201409122321)
1,626,327
3,545,289
8,129,345
1,784,355
2,016,892

201409122322(201409122322)
1,627,188
3,545,289
8,143,925
1,784,355
2,016,892

201409122323(201409122323)
1,627,188
3,545,289
8,148,289
1,784,355
2,016,892

201409122324(201409122324)
1,627,188
3,545,289
8,148,505
1,784,355
2,016,892

201409122325(201409122325)
1,627,188
3,545,289
8,148,577
1,790,769
2,016,892

201409122326(201409122326)
1,627,188
3,545,289
8,148,577
1,790,769
2,016,892

201409122327(201409122327)
1,628,588
3,553,023
8,148,577
1,792,583
2,019,522

201409122329(201409122329)
1,628,588
3,553,023
8,148,577
1,792,583
2,019,522

201409122330(201409122330)
1,628,588
3,553,023
8,148,577
1,792,583
2,019,522

201409122331(201409122331)
1,628,693
3,553,023
8,152,579
1,792,583
2,019,522

201409122332(201409122332)
1,628,693
3,553,023
8,160,659
1,793,979
2,019,522

201409122333(201409122333)
1,628,693
3,553,023
8,160,803
1,793,979
2,019,522

201409122334(201409122334)
1,628,693
3,553,023
8,164,878
1,794,726
2,019,522

201409122335(201409122335)
1,628,730
3,553,023
8,165,310
1,794,726
2,020,164

201409122336(201409122336)
1,628,730
3,553,023
8,173,465
1,794,726
2,020,164

201409122337(201409122337)
1,630,211
3,553,023
8,173,829
1,794,923
2,020,164

201409122339(201409122339)
1,630,211
3,554,113
8,178,413
1,799,421
2,020,164

201409122340(201409122340)
1,630,211
3,554,113
8,182,418
1,799,421
2,020,164

201409122341(201409122341)
1,632,736
3,554,113
8,212,822
1,799,421
2,020,164

201409122342(201409122342)
1,632,736
3,554,113
8,213,398
1,799,421
2,020,164

201409122343(201409122343)
1,632,736
3,554,241
8,217,477
1,799,421
2,020,164

201409122344(201409122344)
1,632,736
3,554,241
8,228,850
1,802,999
2,020,164

201409122345(201409122345)
1,632,736
3,554,560
8,233,366
1,802,999
2,021,526

201409122346(201409122346)
1,632,736
3,554,560
8,241,387
1,802,999
2,021,526

201409122347(201409122347)
1,632,736
3,554,560
8,241,963
1,802,999
2,021,526

201409122349(201409122349)
1,633,605
3,554,560
8,254,154
1,803,141
2,021,526

201409122350(201409122350)
1,635,406
3,554,560
8,258,680
1,803,141
2,021,526

201409122351(201409122351)
1,635,630
3,554,560
8,260,982
1,803,141
2,022,270

201409122352(201409122352)
1,639,509
3,554,560
8,260,982
1,804,106
2,022,270

201409122353(201409122353)
1,639,509
3,554,560
8,260,982
1,804,106
2,022,270

201409122354(201409122354)
1,639,509
3,554,560
8,260,982
1,804,106
2,022,270

201409122355(201409122355)
1,639,509
3,554,560
8,260,982
1,804,106
2,022,270

201409122356(201409122356)
1,639,509
3,554,560
8,260,982
1,804,106
2,022,270

201409122357(201409122357)
1,639,509
3,554,560
8,260,982
1,805,434
2,022,270

201409122359(201409122359)
1,639,656
3,554,560
8,260,982
1,805,434
2,022,270

201409130000(201409130000)
1,639,656
3,554,560
8,260,982
1,805,434
2,022,270

201409130001(201409130001)
1,639,656
3,554,560
8,260,982
1,805,434
2,022,270

201409130002(201409130002)
1,639,656
3,554,560
8,260,982
1,805,434
2,025,317

201409130003(201409130003)
1,639,656
3,554,560
8,260,982
1,805,434
2,025,800

201409130004(201409130004)
1,639,656
3,569,472
8,260,982
1,805,434
2,025,800

201409130005(201409130005)
1,639,656
3,569,472
8,260,982
1,805,434
2,027,123

201409130006(201409130006)
1,639,656
3,569,472
8,260,982
1,805,434
2,027,123

201409130007(201409130007)
1,639,656
3,569,472
8,260,982
1,805,434
2,027,123

201409130009(201409130009)
1,639,656
3,569,472
8,260,982
1,805,434
2,027,123

201409130010(201409130010)
1,641,034
3,569,472
8,260,982
1,805,434
2,027,123

201409130011(201409130011)
1,642,711
3,569,472
8,260,982
1,805,434
2,027,123

201409130012(201409130012)
1,642,711
3,569,472
8,260,982
1,808,217
2,027,123

201409130013(201409130013)
1,642,711
3,569,472
8,260,982
1,808,217
2,027,123

201409130014(201409130014)
1,642,711
3,569,472
8,260,982
1,808,217
2,027,123

201409130015(201409130015)
1,642,711
3,569,472
8,260,982
1,808,217
2,027,123

201409130016(201409130016)
1,642,711
3,570,170
8,260,982
1,808,217
2,027,123

201409130017(201409130017)
1,642,711
3,570,170
8,260,982
1,808,217
2,027,123

201409130019(201409130019)
1,642,711
3,570,170
8,260,982
1,808,874
2,027,123

201409130020(201409130020)
1,642,711
3,570,170
8,260,982
1,808,874
2,027,123

201409130021(201409130021)
1,644,457
3,570,170
8,260,982
1,812,053
2,027,123

201409130022(201409130022)
1,644,457
3,570,170
8,260,982
1,812,053
2,027,123

201409130023(201409130023)
1,644,457
3,570,170
8,260,982
1,812,053
2,027,123

201409130024(201409130024)
1,644,457
3,570,170
8,260,982
1,812,053
2,027,123

201409130025(201409130025)
1,644,828
3,570,170
8,260,982
1,812,053
2,028,910

201409130026(201409130026)
1,644,828
3,570,170
8,260,982
1,815,361
2,028,910

201409130027(201409130027)
1,644,828
3,570,170
8,260,982
1,815,361
2,028,910

201409130029(201409130029)
1,644,828
3,570,170
8,260,982
1,815,361
2,034,013

201409130030(201409130030)
1,644,828
3,570,170
8,260,982
1,815,361
2,035,143

201409130031(201409130031)
1,644,828
3,570,170
8,260,982
1,815,757
2,035,143

201409130032(201409130032)
1,644,828
3,570,170
8,260,982
1,815,757
2,035,143

201409130033(201409130033)
1,644,828
3,578,270
8,260,982
1,818,202
2,035,746

201409130034(201409130034)
1,644,828
3,578,270
8,260,982
1,818,202
2,035,746

201409130035(201409130035)
1,644,828
3,578,270
8,260,982
1,818,202
2,037,990

201409130036(201409130036)
1,644,828
3,578,270
8,260,982
1,818,202
2,037,990

201409130037(201409130037)
1,644,828
3,578,270
8,260,982
1,818,202
2,037,990

201409130039(201409130039)
1,644,828
3,578,270
8,260,982
1,818,202
2,037,990

201409130040(201409130040)
1,644,828
3,580,950
8,260,982
1,818,202
2,037,990

201409130041(201409130041)
1,644,828
3,580,950
8,260,982
1,818,202
2,037,990

201409130042(201409130042)
1,644,828
3,580,950
8,260,982
1,818,202
2,037,990

201409130043(201409130043)
1,644,828
3,580,950
8,260,982
1,818,812
2,037,990

201409130044(201409130044)
1,644,828
3,580,950
8,260,982
1,820,863
2,037,990

201409130045(201409130045)
1,644,828
3,580,950
8,260,982
1,824,082
2,037,990

201409130046(201409130046)
1,644,828
3,583,106
8,260,982
1,827,618
2,037,990

201409130047(201409130047)
1,644,828
3,583,106
8,260,982
1,827,946
2,037,990

201409130049(201409130049)
1,644,828
3,583,106
8,261,312
1,827,946
2,037,990

201409130050(201409130050)
1,644,828
3,583,106
8,261,312
1,827,946
2,037,990

201409130051(201409130051)
1,644,828
3,583,106
8,261,312
1,829,625
2,040,010

201409130052(201409130052)
1,644,828
3,583,106
8,261,312
1,831,404
2,040,010

201409130053(201409130053)
1,644,828
3,583,106
8,261,312
1,831,414
2,040,010

201409130054(201409130054)
1,644,828
3,583,106
8,261,312
1,831,414
2,040,010

201409130055(201409130055)
1,645,407
3,583,106
8,261,312
1,831,414
2,044,795

201409130056(201409130056)
1,645,407
3,583,106
8,261,312
1,831,414
2,044,795

201409130057(201409130057)
1,645,407
3,583,106
8,261,312
1,831,414
2,044,795

201409130059(201409130059)
1,645,407
3,583,106
8,261,312
1,831,414
2,044,795

201409130100(201409130100)
1,645,407
3,583,106
8,261,312
1,831,414
2,046,735

201409130101(201409130101)
1,645,407
3,583,106
8,261,312
1,831,414
2,046,735

201409130102(201409130102)
1,645,407
3,583,106
8,261,312
1,831,414
2,046,735

201409130103(201409130103)
1,649,145
3,583,106
8,261,312
1,831,414
2,046,735

201409130104(201409130104)
1,649,145
3,586,048
8,261,312
1,832,728
2,046,735

201409130105(201409130105)
1,649,145
3,586,048
8,261,312
1,832,728
2,046,735

201409130106(201409130106)
1,649,145
3,586,048
8,261,312
1,832,728
2,046,735

201409130107(201409130107)
1,649,145
3,586,048
8,261,312
1,832,728
2,046,735

201409130109(201409130109)
1,649,630
3,586,048
8,261,312
1,832,728
2,048,920

201409130110(201409130110)
1,649,630
3,586,048
8,261,312
1,832,728
2,049,154

201409130111(201409130111)
1,649,630
3,586,048
8,261,312
1,832,728
2,049,154

201409130112(201409130112)
1,650,557
3,586,048
8,261,312
1,832,728
2,049,154

201409130113(201409130113)
1,650,557
3,586,048
8,261,312
1,832,728
2,049,154

201409130114(201409130114)
1,650,557
3,586,048
8,261,312
1,832,728
2,049,154

201409130115(201409130115)
1,650,557
3,586,048
8,261,312
1,833,375
2,049,154

201409130116(201409130116)
1,650,557
3,586,048
8,261,312
1,833,375
2,049,154

201409130117(201409130117)
1,650,557
3,586,048
8,261,312
1,833,375
2,049,154

201409130119(201409130119)
1,651,119
3,586,048
8,261,312
1,833,375
2,049,154

201409130120(201409130120)
1,651,299
3,586,048
8,261,312
1,833,375
2,049,154

201409130121(201409130121)
1,651,299
3,587,734
8,261,312
1,834,751
2,049,600

201409130122(201409130122)
1,652,107
3,587,734
8,261,312
1,835,558
2,049,600

201409130123(201409130123)
1,652,107
3,587,734
8,261,312
1,837,228
2,049,600

201409130124(201409130124)
1,652,107
3,587,734
8,261,312
1,837,475
2,049,600

201409130125(201409130125)
1,652,166
3,587,734
8,261,312
1,837,475
2,049,600

201409130126(201409130126)
1,652,166
3,587,734
8,261,312
1,838,032
2,049,600

201409130127(201409130127)
1,652,166
3,587,734
8,261,312
1,838,032
2,049,600

201409130129(201409130129)
1,652,166
3,587,734
8,261,312
1,838,032
2,051,651

201409130130(201409130130)
1,652,166
3,587,734
8,261,312
1,838,032
2,051,651

201409130131(201409130131)
1,658,075
3,587,734
8,261,312
1,838,032
2,051,651

201409130132(201409130132)
1,658,075
3,587,734
8,261,312
1,838,032
2,051,651

201409130133(201409130133)
1,658,075
3,587,734
8,261,312
1,838,032
2,051,651

201409130134(201409130134)
1,658,075
3,587,734
8,261,312
1,838,656
2,051,651

201409130135(201409130135)
1,658,075
3,587,734
8,261,312
1,838,901
2,051,651

201409130136(201409130136)
1,658,075
3,587,734
8,261,312
1,838,901
2,051,651

201409130137(201409130137)
1,658,075
3,587,734
8,261,312
1,838,901
2,051,651

201409130139(201409130139)
1,659,861
3,587,734
8,261,312
1,838,901
2,051,771

201409130140(201409130140)
1,659,861
3,587,734
8,261,312
1,838,901
2,051,771

201409130141(201409130141)
1,659,861
3,587,734
8,261,312
1,838,901
2,051,771

201409130142(201409130142)
1,659,861
3,587,734
8,261,312
1,838,901
2,051,771

201409130143(201409130143)
1,659,861
3,587,734
8,261,312
1,838,901
2,051,771

201409130144(201409130144)
1,659,861
3,587,734
8,261,312
1,838,901
2,051,771

201409130145(201409130145)
1,659,861
3,587,734
8,261,312
1,838,901
2,051,771

201409130146(201409130146)
1,660,113
3,587,734
8,261,312
1,839,896
2,052,364

201409130147(201409130147)
1,660,113
3,589,440
8,261,312
1,842,746
2,052,364

201409130149(201409130149)
1,660,113
3,592,086
8,261,312
1,842,746
2,056,805

201409130150(201409130150)
1,660,113
3,593,987
8,261,312
1,844,504
2,056,805

201409130151(201409130151)
1,660,113
3,593,987
8,261,312
1,845,810
2,056,805

201409130152(201409130152)
1,660,113
3,593,987
8,261,312
1,845,810
2,056,805

201409130153(201409130153)
1,660,113
3,593,987
8,261,312
1,845,810
2,056,805

201409130154(201409130154)
1,660,113
3,593,987
8,261,312
1,845,810
2,056,805

201409130155(201409130155)
1,660,113
3,593,987
8,261,312
1,845,810
2,056,805

201409130156(201409130156)
1,660,113
3,593,987
8,261,312
1,845,810
2,056,805

201409130157(201409130157)
1,660,113
3,593,987
8,261,312
1,845,810
2,056,805

201409130159(201409130159)
1,660,113
3,593,987
8,261,312
1,845,810
2,056,805

201409130200(201409130200)
1,660,113
3,593,987
8,261,312
1,845,810
2,056,805

201409130201(201409130201)
1,660,113
3,593,987
8,261,312
1,845,810
2,056,805

201409130202(201409130202)
1,660,113
3,598,944
8,261,312
1,845,810
2,056,805

201409130203(201409130203)
1,660,113
3,598,944
8,261,312
1,845,810
2,056,805

201409130204(201409130204)
1,660,113
3,598,944
8,261,312
1,845,810
2,056,805

201409130205(201409130205)
1,660,113
3,598,944
8,261,312
1,845,810
2,056,805

201409130206(201409130206)
1,660,113
3,598,944
8,261,312
1,845,810
2,056,805

201409130207(201409130207)
1,660,113
3,598,944
8,261,312
1,845,868
2,056,805

201409130209(201409130209)
1,660,113
3,598,944
8,261,312
1,845,868
2,056,991

201409130210(201409130210)
1,660,113
3,598,944
8,261,312
1,845,868
2,056,991

201409130211(201409130211)
1,660,113
3,598,944
8,261,312
1,845,868
2,056,991

201409130212(201409130212)
1,660,113
3,598,944
8,261,312
1,845,868
2,056,991

201409130213(201409130213)
1,660,113
3,598,944
8,261,312
1,845,868
2,056,991

201409130214(201409130214)
1,660,113
3,598,944
8,261,312
1,845,868
2,056,991

201409130215(201409130215)
1,660,113
3,598,944
8,261,312
1,845,868
2,056,991

201409130216(201409130216)
1,660,113
3,598,944
8,261,312
1,845,868
2,056,991

201409130217(201409130217)
1,660,113
3,598,944
8,261,312
1,845,868
2,056,991

201409130219(201409130219)
1,660,113
3,598,944
8,261,312
1,845,868
2,056,991

201409130220(201409130220)
1,664,310
3,598,944
8,261,312
1,847,917
2,059,278

201409130221(201409130221)
1,664,310
3,598,944
8,261,312
1,847,917
2,059,278

201409130222(201409130222)
1,664,310
3,598,944
8,261,312
1,847,917
2,059,278

201409130223(201409130223)
1,664,310
3,598,944
8,261,312
1,847,917
2,060,429

201409130224(201409130224)
1,664,341
3,598,944
8,261,312
1,847,917
2,060,429

201409130225(201409130225)
1,665,439
3,598,944
8,261,312
1,847,917
2,060,429

201409130226(201409130226)
1,665,439
3,598,944
8,261,312
1,847,917
2,060,429

201409130227(201409130227)
1,665,439
3,598,944
8,261,312
1,847,917
2,060,429

201409130229(201409130229)
1,665,439
3,609,851
8,261,312
1,848,950
2,060,429

201409130230(201409130230)
1,665,439
3,609,851
8,261,312
1,851,627
2,060,429

201409130231(201409130231)
1,665,439
3,609,851
8,261,312
1,852,019
2,060,429

201409130232(201409130232)
1,666,187
3,609,851
8,261,312
1,853,299
2,060,429

201409130233(201409130233)
1,666,187
3,609,851
8,261,312
1,853,851
2,062,157

201409130234(201409130234)
1,666,187
3,609,851
8,261,312
1,857,986
2,062,157

201409130235(201409130235)
1,666,187
3,609,851
8,261,312
1,857,986
2,062,157

201409130236(201409130236)
1,669,049
3,609,851
8,261,312
1,857,986
2,062,157

201409130237(201409130237)
1,669,049
3,610,880
8,261,312
1,858,391
2,062,157

201409130239(201409130239)
1,669,049
3,610,880
8,261,312
1,858,847
2,066,938

201409130240(201409130240)
1,669,049
3,610,880
8,261,312
1,859,030
2,066,938

201409130241(201409130241)
1,669,049
3,610,880
8,261,312
1,860,294
2,066,938

201409130242(201409130242)
1,669,049
3,610,880
8,261,312
1,860,294
2,066,938

201409130243(201409130243)
1,669,049
3,610,880
8,261,312
1,860,294
2,066,938

201409130244(201409130244)
1,669,049
3,610,880
8,261,312
1,860,294
2,066,938

201409130245(201409130245)
1,669,049
3,610,880
8,261,312
1,860,294
2,067,735

201409130246(201409130246)
1,669,049
3,610,880
8,261,312
1,860,294
2,067,735

201409130247(201409130247)
1,669,049
3,610,880
8,261,312
1,861,433
2,067,735

201409130249(201409130249)
1,669,049
3,610,880
8,261,312
1,861,433
2,067,735

201409130250(201409130250)
1,669,049
3,610,880
8,261,312
1,861,433
2,067,735

201409130251(201409130251)
1,669,049
3,610,880
8,261,312
1,861,433
2,067,735

201409130252(201409130252)
1,674,893
3,610,880
8,261,587
1,861,433
2,067,735

201409130253(201409130253)
1,674,896
3,610,880
8,321,028
1,861,433
2,067,735

201409130254(201409130254)
1,674,896
3,610,880
8,321,028
1,861,433
2,067,735

201409130255(201409130255)
1,674,896
3,610,880
8,321,028
1,862,752
2,067,735

201409130256(201409130256)
1,675,496
3,611,368
8,321,028
1,862,752
2,067,735

201409130257(201409130257)
1,675,496
3,611,368
8,321,028
1,862,752
2,067,735

201409130259(201409130259)
1,675,496
3,612,494
8,321,028
1,862,752
2,067,735

201409130300(201409130300)
1,677,921
3,612,494
8,321,028
1,862,752
2,067,735

201409130301(201409130301)
1,677,921
3,612,494
8,321,028
1,862,752
2,067,735

201409130302(201409130302)
1,677,921
3,612,494
8,321,028
1,862,752
2,067,735

201409130303(201409130303)
1,677,921
3,612,494
8,321,028
1,865,316
2,067,735

201409130304(201409130304)
1,677,921
3,613,850
8,321,028
1,865,316
2,067,735

201409130305(201409130305)
1,679,193
3,613,850
8,321,028
1,865,316
2,067,735

201409130306(201409130306)
1,679,193
3,613,850
8,321,028
1,865,316
2,067,735

201409130307(201409130307)
1,679,682
3,625,260
8,321,028
1,865,316
2,072,269

201409130309(201409130309)
1,679,682
3,625,260
8,321,028
1,865,316
2,072,269

201409130310(201409130310)
1,679,682
3,625,260
8,321,028
1,865,818
2,072,269

201409130311(201409130311)
1,679,682
3,625,260
8,321,028
1,865,818
2,072,269

201409130312(201409130312)
1,679,682
3,625,515
8,321,028
1,865,818
2,072,269

201409130313(201409130313)
1,679,682
3,633,093
8,321,028
1,865,818
2,072,269

201409130314(201409130314)
1,679,682
3,633,093
8,321,028
1,865,818
2,072,269

201409130315(201409130315)
1,683,466
3,633,093
8,321,028
1,865,818
2,072,269

201409130316(201409130316)
1,683,466
3,633,093
8,321,028
1,865,818
2,072,269

201409130317(201409130317)
1,683,466
3,633,093
8,321,028
1,865,818
2,072,269

201409130319(201409130319)
1,687,315
3,633,093
8,321,028
1,865,818
2,072,269

201409130320(201409130320)
1,689,517
3,633,093
8,321,028
1,865,818
2,072,269

201409130321(201409130321)
1,689,517
3,633,093
8,321,028
1,865,818
2,072,269

201409130322(201409130322)
1,689,517
3,633,093
8,321,028
1,865,818
2,072,631

201409130323(201409130323)
1,690,442
3,633,093
8,321,028
1,865,818
2,073,184

201409130324(201409130324)
1,690,442
3,633,093
8,321,028
1,867,183
2,073,184

201409130325(201409130325)
1,690,442
3,633,093
8,321,028
1,867,183
2,076,986

201409130326(201409130326)
1,690,442
3,633,093
8,321,028
1,867,183
2,076,986

201409130327(201409130327)
1,690,442
3,633,093
8,321,028
1,867,183
2,076,986

201409130329(201409130329)
1,690,442
3,633,093
8,321,028
1,867,183
2,076,986

201409130330(201409130330)
1,690,442
3,633,093
8,321,028
1,867,183
2,076,986

201409130331(201409130331)
1,690,442
3,633,093
8,321,028
1,867,183
2,076,986

201409130332(201409130332)
1,691,782
3,633,093
8,321,028
1,867,183
2,076,986

201409130333(201409130333)
1,691,782
3,633,093
8,321,028
1,867,183
2,076,986

201409130334(201409130334)
1,691,782
3,633,093
8,321,028
1,867,183
2,076,986

201409130335(201409130335)
1,691,889
3,635,007
8,321,028
1,867,183
2,077,456

201409130336(201409130336)
1,695,284
3,635,007
8,321,028
1,867,183
2,077,456

201409130337(201409130337)
1,695,284
3,635,007
8,321,028
1,867,183
2,077,456

201409130339(201409130339)
1,695,284
3,635,007
8,321,028
1,867,183
2,077,456

201409130340(201409130340)
1,695,284
3,635,007
8,321,028
1,867,183
2,077,456

201409130341(201409130341)
1,695,284
3,635,007
8,321,028
1,867,183
2,077,456

201409130342(201409130342)
1,695,284
3,635,007
8,321,028
1,867,183
2,077,456

201409130343(201409130343)
1,695,284
3,636,174
8,321,028
1,870,350
2,077,456

201409130344(201409130344)
1,695,284
3,636,174
8,321,028
1,870,350
2,077,886

201409130345(201409130345)
1,695,284
3,636,174
8,321,028
1,870,350
2,077,886

201409130346(201409130346)
1,695,284
3,636,174
8,321,028
1,870,350
2,077,886

201409130347(201409130347)
1,695,284
3,636,174
8,321,028
1,870,350
2,077,886

201409130349(201409130349)
1,695,284
3,636,174
8,321,028
1,870,350
2,077,886

201409130350(201409130350)
1,695,284
3,636,174
8,321,028
1,870,350
2,077,886

201409130351(201409130351)
1,695,284
3,636,174
8,321,028
1,870,350
2,077,886

201409130352(201409130352)
1,695,284
3,636,174
8,321,028
1,870,350
2,077,886

201409130353(201409130353)
1,696,146
3,636,174
8,321,028
1,871,060
2,077,886

201409130354(201409130354)
1,696,146
3,636,174
8,321,028
1,871,060
2,080,077

201409130355(201409130355)
1,696,146
3,636,174
8,321,028
1,871,060
2,080,575

201409130356(201409130356)
1,696,146
3,636,174
8,321,028
1,871,060
2,080,575

201409130357(201409130357)
1,696,146
3,636,174
8,321,028
1,871,060
2,080,575

201409130359(201409130359)
1,696,146
3,636,174
8,321,028
1,871,060
2,080,575

201409130400(201409130400)
1,696,146
3,636,174
8,321,028
1,871,060
2,080,575

201409130401(201409130401)
1,696,146
3,636,174
8,321,028
1,871,060
2,083,722

201409130402(201409130402)
1,696,146
3,636,174
8,321,028
1,874,196
2,084,036

201409130403(201409130403)
1,696,146
3,636,174
8,321,028
1,874,196
2,084,036

201409130404(201409130404)
1,696,146
3,636,174
8,321,028
1,874,196
2,084,036

201409130405(201409130405)
1,696,146
3,636,174
8,321,028
1,874,196
2,084,036

201409130406(201409130406)
1,696,146
3,636,174
8,321,028
1,874,196
2,084,036

201409130407(201409130407)
1,696,146
3,636,174
8,321,028
1,874,196
2,084,036

201409130409(201409130409)
1,696,146
3,636,174
8,321,028
1,874,196
2,084,036

201409130410(201409130410)
1,696,146
3,636,174
8,321,028
1,874,196
2,084,036

201409130411(201409130411)
1,696,146
3,636,174
8,321,028
1,874,196
2,084,036

201409130412(201409130412)
1,696,146
3,636,174
8,321,028
1,874,196
2,085,220

201409130413(201409130413)
1,696,146
3,636,174
8,321,028
1,874,196
2,085,220

201409130414(201409130414)
1,696,146
3,636,174
8,321,028
1,874,196
2,085,220

201409130415(201409130415)
1,696,146
3,636,174
8,321,028
1,874,196
2,085,220

201409130416(201409130416)
1,696,146
3,636,174
8,321,028
1,874,196
2,085,220

201409130417(201409130417)
1,696,146
3,636,174
8,321,028
1,874,196
2,085,220

201409130419(201409130419)
1,696,146
3,636,174
8,334,001
1,874,196
2,085,220

201409130420(201409130420)
1,696,146
3,636,174
8,334,001
1,874,196
2,085,220

201409130421(201409130421)
1,696,146
3,636,174
8,334,001
1,874,196
2,085,220

201409130422(201409130422)
1,696,146
3,636,174
8,334,001
1,874,196
2,085,220

201409130423(201409130423)
1,696,146
3,640,132
8,334,001
1,874,196
2,085,220

201409130424(201409130424)
1,697,557
3,640,132
8,334,001
1,874,196
2,085,220

201409130425(201409130425)
1,697,557
3,640,132
8,334,001
1,874,196
2,085,220

201409130426(201409130426)
1,697,557
3,640,132
8,334,001
1,874,196
2,085,220

201409130427(201409130427)
1,697,557
3,640,132
8,334,001
1,874,196
2,085,220

201409130429(201409130429)
1,697,557
3,640,132
8,334,001
1,874,196
2,085,220

201409130430(201409130430)
1,697,557
3,640,132
8,334,001
1,874,196
2,085,220

201409130431(201409130431)
1,697,557
3,640,132
8,334,001
1,874,196
2,085,220

201409130432(201409130432)
1,697,557
3,640,132
8,334,001
1,874,196
2,085,220

201409130433(201409130433)
1,697,557
3,640,132
8,334,001
1,874,196
2,085,220

201409130434(201409130434)
1,697,557
3,640,132
8,334,001
1,874,196
2,085,220

201409130435(201409130435)
1,697,557
3,640,132
8,334,001
1,874,196
2,085,220

201409130436(201409130436)
1,697,557
3,640,132
8,334,001
1,874,196
2,085,220

201409130437(201409130437)
1,697,557
3,640,132
8,334,001
1,874,196
2,085,220

201409130439(201409130439)
1,697,747
3,640,132
8,334,001
1,874,196
2,085,220

201409130440(201409130440)
1,697,844
3,640,132
8,334,001
1,874,196
2,085,220

201409130441(201409130441)
1,697,844
3,640,132
8,334,001
1,881,534
2,085,220

201409130442(201409130442)
1,697,844
3,640,132
8,334,001
1,881,534
2,085,220

201409130443(201409130443)
1,697,844
3,640,132
8,334,001
1,881,534
2,085,220

201409130444(201409130444)
1,697,844
3,640,132
8,334,001
1,881,534
2,085,220

201409130445(201409130445)
1,697,844
3,640,132
8,334,001
1,881,534
2,085,220

201409130446(201409130446)
1,697,844
3,640,132
8,334,001
1,881,534
2,085,220

201409130447(201409130447)
1,697,844
3,640,132
8,334,001
1,881,534
2,085,220

201409130449(201409130449)
1,697,844
3,640,132
8,334,001
1,881,534
2,085,220

201409130450(201409130450)
1,697,844
3,640,132
8,334,361
1,881,534
2,085,220

201409130451(201409130451)
1,698,309
3,640,132
8,334,601
1,881,534
2,085,220

201409130452(201409130452)
1,698,309
3,640,132
8,358,813
1,881,534
2,085,220

201409130453(201409130453)
1,698,309
3,640,132
8,358,813
1,881,534
2,085,220

201409130454(201409130454)
1,698,309
3,640,132
8,358,813
1,881,534
2,085,220

201409130455(201409130455)
1,698,309
3,640,132
8,358,813
1,881,534
2,085,220

201409130456(201409130456)
1,698,309
3,640,132
8,358,813
1,881,534
2,085,220

201409130457(201409130457)
1,698,309
3,640,132
8,358,813
1,881,534
2,086,408

201409130459(201409130459)
1,698,309
3,640,132
8,358,813
1,881,798
2,086,408

201409130500(201409130500)
1,698,309
3,640,132
8,358,813
1,882,323
2,086,408

201409130501(201409130501)
1,698,309
3,640,132
8,358,813
1,882,323
2,086,408

201409130502(201409130502)
1,698,309
3,640,132
8,358,813
1,882,323
2,086,408

201409130503(201409130503)
1,698,369
3,640,132
8,358,813
1,882,323
2,086,408

201409130504(201409130504)
1,698,609
3,640,132
8,358,813
1,882,323
2,086,408

201409130505(201409130505)
1,698,650
3,640,132
8,358,813
1,882,323
2,086,408

201409130506(201409130506)
1,698,650
3,640,132
8,358,813
1,882,323
2,086,408

201409130507(201409130507)
1,698,650
3,640,132
8,358,813
1,882,323
2,086,408

201409130509(201409130509)
1,698,650
3,640,132
8,358,813
1,882,323
2,086,408

201409130510(201409130510)
1,698,650
3,640,569
8,358,813
1,882,323
2,086,408

201409130511(201409130511)
1,698,650
3,640,703
8,358,813
1,882,323
2,086,408

201409130512(201409130512)
1,698,650
3,640,703
8,358,813
1,882,323
2,086,408

201409130513(201409130513)
1,698,650
3,640,703
8,358,813
1,882,323
2,086,408

201409130514(201409130514)
1,698,650
3,644,363
8,358,813
1,882,323
2,086,408

201409130515(201409130515)
1,698,650
3,644,363
8,358,813
1,882,323
2,086,408

201409130516(201409130516)
1,698,650
3,644,363
8,358,813
1,882,323
2,086,408

201409130517(201409130517)
1,698,650
3,644,363
8,358,813
1,882,323
2,086,408

201409130519(201409130519)
1,698,650
3,644,363
8,358,813
1,882,323
2,086,408

201409130520(201409130520)
1,698,650
3,644,363
8,358,813
1,882,323
2,086,408

201409130521(201409130521)
1,698,650
3,644,363
8,358,813
1,882,323
2,086,408

201409130522(201409130522)
1,698,650
3,644,363
8,358,813
1,882,323
2,087,559

201409130523(201409130523)
1,698,650
3,644,363
8,358,813
1,883,723
2,087,559

201409130524(201409130524)
1,698,650
3,644,363
8,358,813
1,883,723
2,087,559

201409130525(201409130525)
1,698,650
3,644,363
8,358,813
1,883,723
2,087,559

201409130526(201409130526)
1,698,650
3,644,363
8,358,813
1,883,723
2,087,559

201409130527(201409130527)
1,698,650
3,644,363
8,358,813
1,883,723
2,087,559

201409130529(201409130529)
1,698,650
3,644,363
8,358,813
1,885,855
2,087,559

201409130530(201409130530)
1,698,650
3,644,363
8,358,813
1,885,855
2,087,559

201409130531(201409130531)
1,699,335
3,644,363
8,358,813
1,885,855
2,087,559

201409130532(201409130532)
1,699,335
3,644,363
8,358,813
1,885,855
2,087,559

201409130533(201409130533)
1,699,335
3,644,363
8,358,813
1,885,855
2,087,559

201409130534(201409130534)
1,699,335
3,651,459
8,358,813
1,885,855
2,087,559

201409130535(201409130535)
1,699,335
3,656,242
8,358,813
1,885,855
2,087,559

201409130536(201409130536)
1,702,140
3,656,242
8,358,813
1,885,855
2,087,559

201409130537(201409130537)
1,702,140
3,656,242
8,358,813
1,885,855
2,087,559

201409130539(201409130539)
1,702,140
3,656,242
8,358,813
1,889,877
2,087,559

201409130540(201409130540)
1,702,140
3,656,242
8,358,813
1,889,877
2,087,559

201409130541(201409130541)
1,702,140
3,656,242
8,358,813
1,889,877
2,087,559

201409130542(201409130542)
1,702,703
3,656,242
8,358,813
1,889,877
2,087,559

201409130543(201409130543)
1,704,396
3,656,242
8,358,813
1,889,877
2,087,559

201409130544(201409130544)
1,704,396
3,656,242
8,358,813
1,889,877
2,087,559

201409130545(201409130545)
1,704,396
3,656,242
8,358,813
1,889,877
2,087,559

201409130546(201409130546)
1,704,396
3,656,242
8,358,813
1,889,877
2,087,559

201409130547(201409130547)
1,704,396
3,656,242
8,358,813
1,889,877
2,087,559

201409130549(201409130549)
1,704,396
3,674,201
8,358,813
1,889,877
2,087,559

201409130550(201409130550)
1,704,396
3,674,201
8,358,813
1,889,877
2,087,559

201409130551(201409130551)
1,704,396
3,674,201
8,358,813
1,889,877
2,087,559

201409130552(201409130552)
1,704,396
3,674,201
8,358,813
1,889,877
2,087,559

201409130553(201409130553)
1,704,396
3,674,201
8,358,813
1,889,877
2,087,559

201409130554(201409130554)
1,704,396
3,674,201
8,358,813
1,889,877
2,087,559

201409130555(201409130555)
1,704,396
3,674,201
8,358,813
1,889,877
2,087,559

201409130556(201409130556)
1,704,396
3,674,201
8,358,813
1,889,877
2,093,480

201409130557(201409130557)
1,704,396
3,674,201
8,358,813
1,889,877
2,093,480

201409130559(201409130559)
1,704,396
3,674,201
8,358,813
1,889,877
2,093,480

201409130600(201409130600)
1,704,396
3,674,201
8,358,813
1,889,877
2,093,480

201409130601(201409130601)
1,704,396
3,674,201
8,358,813
1,889,877
2,093,480

201409130602(201409130602)
1,704,396
3,674,201
8,358,813
1,889,877
2,093,480

201409130603(201409130603)
1,704,396
3,674,201
8,358,813
1,889,877
2,093,480

201409130604(201409130604)
1,704,396
3,674,201
8,358,813
1,889,877
2,093,480

201409130605(201409130605)
1,704,396
3,674,201
8,358,813
1,889,877
2,093,480

201409130606(201409130606)
1,704,396
3,674,201
8,358,813
1,889,877
2,093,480

201409130607(201409130607)
1,704,396
3,674,201
8,358,813
1,889,877
2,093,480

201409130609(201409130609)
1,704,396
3,674,201
8,358,813
1,889,877
2,093,480

201409130610(201409130610)
1,704,396
3,674,201
8,358,813
1,889,877
2,093,480

201409130611(201409130611)
1,704,396
3,674,201
8,358,813
1,889,877
2,093,480

201409130612(201409130612)
1,704,396
3,674,201
8,358,813
1,889,877
2,093,480

201409130613(201409130613)
1,704,396
3,674,201
8,358,813
1,889,877
2,093,480

201409130614(201409130614)
1,704,396
3,674,201
8,358,813
1,889,877
2,093,480

201409130615(201409130615)
1,704,396
3,674,201
8,358,813
1,889,877
2,093,480

201409130616(201409130616)
1,704,396
3,674,201
8,358,813
1,889,877
2,093,480

201409130617(201409130617)
1,704,396
3,674,201
8,358,813
1,889,877
2,093,480

201409130619(201409130619)
1,704,396
3,674,201
8,358,813
1,890,584
2,093,480

201409130620(201409130620)
1,704,396
3,679,276
8,358,813
1,890,584
2,093,700

201409130621(201409130621)
1,704,396
3,679,679
8,358,813
1,890,584
2,093,700

201409130622(201409130622)
1,704,396
3,679,679
8,358,813
1,890,584
2,093,700

201409130623(201409130623)
1,704,396
3,679,679
8,358,813
1,890,584
2,093,700

201409130624(201409130624)
1,704,396
3,679,679
8,358,813
1,890,584
2,093,700

201409130625(201409130625)
1,704,396
3,679,679
8,358,813
1,890,584
2,093,700

201409130626(201409130626)
1,704,396
3,679,679
8,358,813
1,890,584
2,093,700

201409130627(201409130627)
1,706,976
3,679,679
8,358,813
1,890,584
2,093,700

201409130629(201409130629)
1,706,976
3,679,679
8,358,813
1,890,584
2,094,967

201409130630(201409130630)
1,706,976
3,679,679
8,358,813
1,890,584
2,094,967

201409130631(201409130631)
1,706,976
3,679,679
8,358,813
1,891,231
2,094,967

201409130632(201409130632)
1,706,976
3,679,679
8,358,813
1,891,231
2,094,967

201409130633(201409130633)
1,706,976
3,679,679
8,358,813
1,891,231
2,094,967

201409130634(201409130634)
1,706,976
3,679,679
8,358,813
1,891,231
2,094,967

201409130635(201409130635)
1,706,976
3,679,679
8,358,813
1,891,231
2,094,967

201409130636(201409130636)
1,706,976
3,679,679
8,358,813
1,891,231
2,094,967

201409130637(201409130637)
1,706,976
3,679,679
8,358,813
1,891,231
2,094,975

201409130639(201409130639)
1,706,976
3,696,312
8,358,813
1,891,231
2,096,030

201409130640(201409130640)
1,706,976
3,696,312
8,358,813
1,891,231
2,096,030

201409130641(201409130641)
1,710,343
3,696,312
8,358,813
1,891,231
2,096,030

201409130642(201409130642)
1,711,456
3,696,312
8,358,813
1,891,231
2,096,030

201409130643(201409130643)
1,711,456
3,696,312
8,358,813
1,891,231
2,096,030

201409130644(201409130644)
1,711,456
3,696,312
8,358,813
1,891,231
2,096,030

201409130645(201409130645)
1,711,456
3,696,312
8,358,813
1,891,231
2,096,030

201409130646(201409130646)
1,711,456
3,696,312
8,358,813
1,891,708
2,096,030

201409130647(201409130647)
1,711,615
3,697,626
8,358,813
1,891,708
2,096,030

201409130649(201409130649)
1,711,615
3,697,626
8,358,813
1,891,708
2,096,030

201409130650(201409130650)
1,711,615
3,697,626
8,358,813
1,891,708
2,096,030

201409130651(201409130651)
1,711,615
3,698,764
8,358,813
1,891,708
2,096,030

201409130652(201409130652)
1,711,615
3,698,764
8,358,813
1,891,708
2,096,030

201409130653(201409130653)
1,712,527
3,698,764
8,358,813
1,891,708
2,096,030

201409130654(201409130654)
1,712,527
3,698,764
8,358,813
1,892,098
2,096,030

201409130655(201409130655)
1,712,527
3,698,764
8,358,813
1,892,823
2,096,030

201409130656(201409130656)
1,712,527
3,698,764
8,358,813
1,892,823
2,096,030

201409130657(201409130657)
1,712,527
3,698,764
8,358,813
1,892,823
2,096,416

201409130659(201409130659)
1,712,527
3,698,764
8,358,813
1,892,823
2,096,416

201409130700(201409130700)
1,712,527
3,698,764
8,358,813
1,895,746
2,096,926

201409130701(201409130701)
1,712,527
3,698,764
8,358,813
1,898,070
2,096,926

201409130702(201409130702)
1,721,938
3,698,764
8,358,813
1,898,070
2,096,926

201409130703(201409130703)
1,721,938
3,698,764
8,358,813
1,898,070
2,096,926

201409130704(201409130704)
1,721,938
3,698,764
8,358,813
1,902,410
2,096,926

201409130705(201409130705)
1,721,938
3,698,764
8,358,813
1,902,410
2,096,926

201409130706(201409130706)
1,721,938
3,698,764
8,358,813
1,902,410
2,096,926

201409130707(201409130707)
1,721,938
3,698,764
8,358,813
1,902,410
2,104,266

201409130709(201409130709)
1,721,938
3,706,079
8,358,813
1,902,410
2,104,266

201409130710(201409130710)
1,721,938
3,706,079
8,358,813
1,902,410
2,104,266

201409130711(201409130711)
1,721,938
3,706,079
8,358,813
1,902,410
2,104,266

201409130712(201409130712)
1,721,938
3,706,079
8,358,813
1,902,410
2,104,266

201409130713(201409130713)
1,721,938
3,706,079
8,358,813
1,903,328
2,104,266

201409130714(201409130714)
1,721,938
3,706,079
8,358,813
1,903,328
2,104,266

201409130715(201409130715)
1,722,476
3,706,079
8,358,813
1,903,328
2,104,266

201409130716(201409130716)
1,722,476
3,706,079
8,358,813
1,903,328
2,104,326

201409130717(201409130717)
1,722,476
3,706,079
8,358,813
1,903,328
2,105,114

201409130719(201409130719)
1,722,476
3,706,079
8,358,813
1,903,328
2,105,114

201409130720(201409130720)
1,722,476
3,706,079
8,358,813
1,903,328
2,105,114

201409130721(201409130721)
1,722,975
3,706,079
8,358,813
1,903,328
2,105,114

201409130722(201409130722)
1,722,975
3,706,079
8,404,405
1,903,328
2,105,114

201409130723(201409130723)
1,722,975
3,706,079
8,404,405
1,903,328
2,105,114

201409130724(201409130724)
1,722,975
3,706,079
8,404,405
1,903,328
2,105,114

201409130725(201409130725)
1,722,975
3,706,079
8,404,405
1,903,328
2,105,114

201409130726(201409130726)
1,722,975
3,706,079
8,404,405
1,903,328
2,105,114

201409130727(201409130727)
1,722,975
3,706,079
8,404,405
1,903,328
2,105,114

201409130729(201409130729)
1,722,975
3,706,079
8,404,405
1,903,328
2,105,114

201409130730(201409130730)
1,722,975
3,706,079
8,404,405
1,903,328
2,105,114

201409130731(201409130731)
1,722,975
3,706,338
8,404,405
1,903,328
2,105,114

201409130732(201409130732)
1,723,058
3,706,338
8,404,405
1,903,328
2,105,114

201409130733(201409130733)
1,723,058
3,706,338
8,404,405
1,910,681
2,107,705

201409130734(201409130734)
1,723,058
3,706,338
8,404,405
1,910,681
2,107,705

201409130735(201409130735)
1,723,058
3,706,338
8,404,405
1,910,681
2,107,705

201409130736(201409130736)
1,723,058
3,706,338
8,404,405
1,910,681
2,107,705

201409130737(201409130737)
1,723,058
3,706,338
8,404,405
1,910,681
2,107,705

201409130739(201409130739)
1,723,058
3,706,338
8,404,405
1,910,681
2,109,144

201409130740(201409130740)
1,723,058
3,706,338
8,404,405
1,910,681
2,109,144

201409130741(201409130741)
1,723,058
3,706,338
8,404,405
1,910,681
2,109,144

201409130742(201409130742)
1,723,058
3,706,338
8,404,405
1,910,681
2,109,144

201409130743(201409130743)
1,723,058
3,706,338
8,404,405
1,910,681
2,109,144

201409130744(201409130744)
1,723,058
3,706,338
8,404,405
1,910,681
2,109,144

201409130745(201409130745)
1,723,058
3,706,338
8,404,405
1,910,681
2,109,840

201409130746(201409130746)
1,727,782
3,706,338
8,404,405
1,911,052
2,109,840

201409130747(201409130747)
1,727,782
3,706,338
8,404,405
1,911,683
2,109,840

201409130749(201409130749)
1,727,782
3,706,338
8,404,405
1,911,683
2,109,840

201409130750(201409130750)
1,727,782
3,706,338
8,404,405
1,911,683
2,109,840

201409130751(201409130751)
1,727,782
3,706,338
8,404,405
1,911,683
2,109,840

201409130752(201409130752)
1,727,782
3,706,338
8,404,405
1,911,683
2,109,840

201409130753(201409130753)
1,727,782
3,706,338
8,404,405
1,911,683
2,109,840

201409130754(201409130754)
1,727,782
3,706,338
8,404,405
1,911,683
2,109,840

201409130755(201409130755)
1,727,782
3,706,338
8,404,405
1,911,683
2,109,840

201409130756(201409130756)
1,727,782
3,724,015
8,404,405
1,911,683
2,109,840

201409130757(201409130757)
1,727,782
3,724,015
8,404,735
1,911,683
2,109,840

201409130759(201409130759)
1,727,782
3,724,015
8,404,955
1,911,683
2,109,840

201409130800(201409130800)
1,727,782
3,724,015
8,404,955
1,911,683
2,109,840

201409130801(201409130801)
1,727,782
3,724,015
8,404,955
1,911,683
2,109,840

201409130802(201409130802)
1,727,782
3,732,520
8,404,955
1,911,683
2,109,840

201409130803(201409130803)
1,727,782
3,732,980
8,404,955
1,911,683
2,109,840

201409130804(201409130804)
1,727,782
3,732,980
8,404,955
1,911,683
2,109,840

201409130805(201409130805)
1,727,782
3,732,980
8,404,955
1,911,683
2,109,840

201409130806(201409130806)
1,727,782
3,732,980
8,404,955
1,911,683
2,109,840

201409130807(201409130807)
1,727,782
3,732,980
8,404,955
1,911,683
2,109,840

201409130809(201409130809)
1,727,782
3,732,980
8,404,955
1,911,683
2,109,840

201409130810(201409130810)
1,727,782
3,732,980
8,404,955
1,911,683
2,109,840

201409130811(201409130811)
1,727,782
3,732,980
8,404,955
1,911,683
2,109,840

201409130812(201409130812)
1,727,782
3,732,980
8,404,955
1,912,536
2,109,840

201409130813(201409130813)
1,727,782
3,732,980
8,404,955
1,912,536
2,109,840

201409130814(201409130814)
1,727,782
3,732,980
8,404,955
1,912,536
2,109,840

201409130815(201409130815)
1,727,782
3,732,980
8,404,955
1,912,536
2,109,840

201409130816(201409130816)
1,727,782
3,732,980
8,404,955
1,912,536
2,109,840

201409130817(201409130817)
1,727,782
3,732,980
8,404,955
1,912,536
2,109,840

201409130819(201409130819)
1,727,782
3,732,980
8,404,955
1,913,690
2,109,840

201409130820(201409130820)
1,727,782
3,732,980
8,404,955
1,914,318
2,109,840

201409130821(201409130821)
1,727,782
3,732,980
8,404,955
1,914,318
2,109,840

201409130822(201409130822)
1,729,806
3,732,980
8,404,955
1,914,318
2,109,840

201409130823(201409130823)
1,729,806
3,732,980
8,404,955
1,914,318
2,109,840

201409130824(201409130824)
1,729,806
3,732,980
8,404,955
1,914,318
2,109,840

201409130825(201409130825)
1,729,806
3,732,980
8,404,955
1,915,083
2,113,752

201409130826(201409130826)
1,731,809
3,732,980
8,404,955
1,918,846
2,113,950

201409130827(201409130827)
1,731,809
3,732,980
8,404,955
1,921,832
2,113,950

201409130829(201409130829)
1,731,809
3,733,114
8,404,955
1,921,832
2,115,991

201409130830(201409130830)
1,731,809
3,737,838
8,404,955
1,921,832
2,119,367

201409130831(201409130831)
1,731,809
3,738,502
8,404,955
1,921,832
2,119,421

201409130832(201409130832)
1,732,063
3,739,362
8,404,955
1,921,832
2,119,421

201409130833(201409130833)
1,735,561
3,739,362
8,404,955
1,921,832
2,122,191

201409130834(201409130834)
1,738,382
3,739,362
8,404,955
1,921,832
2,122,191

201409130835(201409130835)
1,738,382
3,739,362
8,404,955
1,921,832
2,122,191

201409130836(201409130836)
1,738,382
3,739,746
8,404,955
1,921,832
2,122,191

201409130837(201409130837)
1,738,382
3,739,746
8,404,955
1,921,832
2,122,191

201409130839(201409130839)
1,738,382
3,739,746
8,404,955
1,924,657
2,128,768

201409130840(201409130840)
1,738,382
3,739,746
8,404,955
1,924,657
2,128,768

201409130841(201409130841)
1,738,382
3,739,746
8,404,955
1,924,657
2,128,768

201409130842(201409130842)
1,738,382
3,739,746
8,404,955
1,924,657
2,128,768

201409130843(201409130843)
1,738,382
3,739,746
8,404,955
1,924,657
2,128,768

201409130844(201409130844)
1,738,382
3,739,746
8,404,955
1,924,657
2,128,768

201409130845(201409130845)
1,738,628
3,739,746
8,404,955
1,924,657
2,128,768

201409130846(201409130846)
1,738,628
3,739,746
8,404,955
1,924,657
2,128,768

201409130847(201409130847)
1,738,628
3,739,746
8,404,955
1,924,657
2,128,768

201409130849(201409130849)
1,738,628
3,739,746
8,404,955
1,924,657
2,128,768

201409130850(201409130850)
1,738,628
3,739,746
8,404,955
1,926,391
2,128,768

201409130851(201409130851)
1,738,628
3,739,746
8,404,955
1,926,391
2,128,768

201409130852(201409130852)
1,738,628
3,739,746
8,404,955
1,926,391
2,128,768

201409130853(201409130853)
1,738,628
3,739,746
8,404,955
1,926,391
2,128,768

201409130854(201409130854)
1,738,628
3,739,746
8,404,955
1,926,391
2,128,768

201409130855(201409130855)
1,738,628
3,739,746
8,404,955
1,926,391
2,128,768

201409130856(201409130856)
1,739,060
3,739,746
8,404,955
1,930,865
2,128,768

201409130857(201409130857)
1,739,060
3,739,746
8,404,955
1,930,865
2,128,768

201409130859(201409130859)
1,739,060
3,739,746
8,404,955
1,930,865
2,128,914

201409130900(201409130900)
1,740,800
3,739,746
8,404,955
1,930,865
2,129,623

201409130901(201409130901)
1,740,800
3,739,746
8,404,955
1,931,695
2,129,623

201409130902(201409130902)
1,740,800
3,739,746
8,404,955
1,931,695
2,129,623

201409130903(201409130903)
1,740,800
3,739,746
8,404,955
1,931,695
2,129,623

201409130904(201409130904)
1,740,800
3,739,746
8,404,955
1,931,695
2,129,623

201409130905(201409130905)
1,740,800
3,739,746
8,404,955
1,931,695
2,129,623

201409130906(201409130906)
1,740,800
3,739,746
8,404,955
1,931,695
2,129,623

201409130907(201409130907)
1,740,800
3,739,746
8,404,955
1,931,695
2,129,623

201409130909(201409130909)
1,741,981
3,739,746
8,404,955
1,933,225
2,129,623

201409130910(201409130910)
1,741,981
3,741,050
8,404,955
1,933,225
2,129,623

201409130911(201409130911)
1,741,981
3,741,050
8,404,955
1,933,225
2,129,623

201409130912(201409130912)
1,741,981
3,741,050
8,404,955
1,933,225
2,129,623

201409130913(201409130913)
1,741,981
3,741,050
8,404,955
1,933,225
2,129,623

201409130914(201409130914)
1,741,981
3,741,050
8,404,955
1,933,225
2,129,623

201409130915(201409130915)
1,741,981
3,741,050
8,404,955
1,933,225
2,129,623

201409130916(201409130916)
1,742,840
3,741,050
8,404,955
1,933,225
2,129,623

201409130917(201409130917)
1,742,840
3,741,050
8,404,955
1,933,225
2,129,623

201409130919(201409130919)
1,744,180
3,741,050
8,404,955
1,936,378
2,133,650

201409130920(201409130920)
1,744,180
3,741,050
8,404,955
1,938,100
2,134,507

201409130921(201409130921)
1,744,791
3,741,183
8,404,955
1,938,100
2,134,507

201409130922(201409130922)
1,744,791
3,741,183
8,404,955
1,938,100
2,134,507

201409130923(201409130923)
1,744,791
3,741,183
8,404,955
1,938,100
2,134,507

201409130924(201409130924)
1,744,791
3,741,183
8,404,955
1,938,100
2,134,507

201409130925(201409130925)
1,744,791
3,741,183
8,404,955
1,938,214
2,134,507

201409130926(201409130926)
1,744,791
3,741,183
8,404,955
1,942,846
2,134,507

201409130927(201409130927)
1,744,791
3,741,183
8,404,955
1,942,846
2,134,507

201409130929(201409130929)
1,744,791
3,741,183
8,404,955
1,942,846
2,134,507

201409130930(201409130930)
1,744,791
3,741,183
8,404,955
1,947,221
2,134,507

201409130931(201409130931)
1,744,791
3,741,183
8,404,955
1,947,221
2,134,507

201409130932(201409130932)
1,744,791
3,741,183
8,404,955
1,947,221
2,134,507

201409130933(201409130933)
1,744,791
3,741,183
8,404,955
1,947,221
2,134,507

201409130934(201409130934)
1,744,791
3,741,183
8,404,955
1,947,221
2,134,507

201409130935(201409130935)
1,744,791
3,741,183
8,404,955
1,947,221
2,134,507

201409130936(201409130936)
1,744,791
3,741,183
8,404,955
1,947,221
2,134,507

201409130937(201409130937)
1,744,791
3,741,183
8,404,955
1,947,221
2,134,507

201409130939(201409130939)
1,744,791
3,741,183
8,404,955
1,947,221
2,134,507

201409130940(201409130940)
1,744,791
3,741,183
8,404,955
1,947,221
2,134,507

201409130941(201409130941)
1,747,533
3,741,183
8,404,955
1,947,221
2,135,412

201409130942(201409130942)
1,748,998
3,741,183
8,404,955
1,947,221
2,135,412

201409130943(201409130943)
1,748,998
3,751,414
8,404,955
1,947,221
2,135,412

201409130944(201409130944)
1,748,998
3,751,414
8,404,955
1,950,355
2,137,270

201409130945(201409130945)
1,748,998
3,751,414
8,404,955
1,952,263
2,140,410

201409130946(201409130946)
1,751,742
3,751,414
8,404,955
1,952,263
2,144,112

201409130947(201409130947)
1,752,582
3,751,414
8,404,955
1,952,263
2,145,981

201409130949(201409130949)
1,752,729
3,751,414
8,404,955
1,956,051
2,145,981

201409130950(201409130950)
1,752,729
3,751,414
8,404,955
1,956,051
2,145,981

201409130951(201409130951)
1,752,729
3,751,414
8,404,955
1,956,051
2,145,981

201409130952(201409130952)
1,752,729
3,751,414
8,404,955
1,956,051
2,148,984

201409130953(201409130953)
1,752,729
3,751,414
8,404,955
1,956,051
2,148,984

201409130954(201409130954)
1,752,729
3,751,414
8,404,955
1,956,051
2,148,984

201409130955(201409130955)
1,752,729
3,751,414
8,404,955
1,956,051
2,148,984

201409130956(201409130956)
1,754,929
3,751,414
8,404,955
1,956,051
2,148,984

201409130957(201409130957)
1,754,929
3,751,414
8,404,955
1,956,051
2,148,984

201409130959(201409130959)
1,754,929
3,751,992
8,404,955
1,956,148
2,148,984

201409131000(201409131000)
1,754,929
3,751,992
8,404,955
1,956,148
2,148,984

201409131001(201409131001)
1,754,929
3,751,992
8,404,955
1,956,322
2,148,984

201409131002(201409131002)
1,754,929
3,751,992
8,404,955
1,956,322
2,148,984

201409131003(201409131003)
1,754,929
3,751,992
8,404,955
1,956,424
2,149,514

201409131004(201409131004)
1,754,929
3,751,992
8,404,955
1,956,424
2,149,514

201409131005(201409131005)
1,754,929
3,751,992
8,404,955
1,956,424
2,149,514

201409131006(201409131006)
1,754,929
3,751,992
8,404,955
1,956,424
2,149,514

201409131007(201409131007)
1,754,929
3,751,992
8,404,955
1,956,424
2,149,514

201409131009(201409131009)
1,754,929
3,751,992
8,404,955
1,956,424
2,149,543

201409131010(201409131010)
1,754,929
3,751,992
8,404,955
1,956,424
2,149,543

201409131011(201409131011)
1,757,243
3,751,992
8,404,955
1,956,424
2,149,543

201409131012(201409131012)
1,757,243
3,751,992
8,404,955
1,956,424
2,149,994

201409131013(201409131013)
1,759,533
3,752,523
8,404,955
1,958,270
2,149,994

201409131014(201409131014)
1,759,958
3,752,963
8,404,955
1,960,330
2,149,994

201409131015(201409131015)
1,759,958
3,753,348
8,404,955
1,960,330
2,149,994

201409131016(201409131016)
1,759,958
3,753,403
8,404,955
1,960,330
2,149,994

201409131017(201409131017)
1,759,958
3,753,403
8,404,955
1,960,330
2,149,994

201409131019(201409131019)
1,759,958
3,753,403
8,404,955
1,960,330
2,149,994

201409131020(201409131020)
1,759,958
3,753,403
8,404,955
1,960,330
2,149,994

201409131021(201409131021)
1,759,958
3,753,403
8,404,955
1,960,330
2,151,983

201409131022(201409131022)
1,759,958
3,753,403
8,404,955
1,960,330
2,151,983

201409131023(201409131023)
1,759,958
3,756,755
8,443,826
1,960,330
2,151,983

201409131024(201409131024)
1,759,958
3,756,893
8,443,826
1,960,330
2,152,984

201409131025(201409131025)
1,759,958
3,757,280
8,443,826
1,960,330
2,152,984

201409131026(201409131026)
1,759,958
3,757,280
8,443,826
1,960,565
2,152,984

201409131027(201409131027)
1,759,958
3,757,280
8,443,826
1,960,565
2,152,984

201409131029(201409131029)
1,760,499
3,757,280
8,443,826
1,960,565
2,153,159

201409131030(201409131030)
1,760,499
3,757,280
8,443,826
1,960,565
2,153,159

201409131031(201409131031)
1,760,499
3,757,280
8,443,826
1,962,826
2,156,044

201409131032(201409131032)
1,760,499
3,757,280
8,443,826
1,962,826
2,156,044

201409131033(201409131033)
1,760,499
3,757,280
8,443,826
1,962,826
2,156,044

201409131034(201409131034)
1,760,499
3,757,280
8,443,826
1,962,826
2,156,044

201409131035(201409131035)
1,760,499
3,757,280
8,443,826
1,962,826
2,156,044

201409131036(201409131036)
1,760,499
3,757,280
8,443,826
1,962,826
2,156,044

201409131037(201409131037)
1,760,499
3,757,280
8,443,826
1,962,826
2,157,157

201409131039(201409131039)
1,760,499
3,762,402
8,443,826
1,962,826
2,157,157

201409131040(201409131040)
1,760,499
3,766,784
8,443,826
1,962,826
2,157,157

201409131041(201409131041)
1,760,499
3,769,701
8,443,826
1,962,826
2,157,157

201409131042(201409131042)
1,760,499
3,769,701
8,443,826
1,963,247
2,157,157

201409131043(201409131043)
1,761,318
3,769,701
8,443,826
1,963,897
2,157,157

201409131044(201409131044)
1,761,318
3,769,701
8,443,826
1,963,897
2,157,157

201409131045(201409131045)
1,768,878
3,769,701
8,443,826
1,963,897
2,157,157

201409131046(201409131046)
1,768,892
3,769,701
8,443,826
1,964,739
2,157,157

201409131047(201409131047)
1,768,892
3,771,783
8,443,826
1,964,739
2,157,157

201409131049(201409131049)
1,768,892
3,775,340
8,443,826
1,964,739
2,157,157

201409131050(201409131050)
1,768,892
3,775,340
8,443,826
1,964,739
2,157,157

201409131051(201409131051)
1,768,892
3,775,340
8,443,826
1,964,739
2,157,157

201409131052(201409131052)
1,768,892
3,775,340
8,443,826
1,964,739
2,157,157

201409131053(201409131053)
1,768,892
3,775,340
8,443,826
1,964,739
2,158,209

201409131054(201409131054)
1,768,892
3,775,340
8,443,826
1,964,739
2,158,457

201409131055(201409131055)
1,768,892
3,775,340
8,443,826
1,964,739
2,161,606

201409131056(201409131056)
1,768,892
3,777,563
8,443,826
1,964,739
2,161,606

201409131057(201409131057)
1,768,892
3,777,563
8,443,826
1,964,739
2,161,606

201409131059(201409131059)
1,768,892
3,777,563
8,443,826
1,964,739
2,161,606

201409131100(201409131100)
1,768,892
3,777,563
8,487,981
1,964,739
2,163,844

201409131101(201409131101)
1,768,892
3,777,563
8,487,981
1,964,853
2,168,542

201409131102(201409131102)
1,768,892
3,777,563
8,487,981
1,964,967
2,168,670

201409131103(201409131103)
1,768,892
3,777,563
8,487,981
1,965,138
2,168,862

201409131104(201409131104)
1,768,892
3,777,563
8,487,981
1,965,309
2,173,067

201409131105(201409131105)
1,768,892
3,777,563
8,487,981
1,965,480
2,173,067

201409131106(201409131106)
1,768,892
3,777,563
8,487,981
1,966,545
2,173,973

201409131107(201409131107)
1,768,892
3,777,563
8,487,981
1,966,545
2,176,325

201409131109(201409131109)
1,768,892
3,777,563
8,487,981
1,967,532
2,176,581

201409131110(201409131110)
1,768,892
3,777,563
8,487,981
1,967,532
2,176,581

201409131111(201409131111)
1,768,892
3,777,563
8,487,981
1,967,532
2,176,645

201409131112(201409131112)
1,768,892
3,777,563
8,487,981
1,967,532
2,176,709

201409131113(201409131113)
1,768,892
3,777,563
8,487,981
1,967,532
2,176,857

201409131114(201409131114)
1,768,892
3,777,563
8,487,981
1,967,532
2,176,857

201409131115(201409131115)
1,768,892
3,777,563
8,487,981
1,967,532
2,176,857

201409131116(201409131116)
1,768,892
3,777,563
8,487,981
1,967,532
2,176,857

201409131117(201409131117)
1,768,892
3,778,727
8,487,981
1,967,532
2,176,857

201409131119(201409131119)
1,768,892
3,780,272
8,487,981
1,967,532
2,176,857

201409131120(201409131120)
1,768,892
3,780,272
8,487,981
1,967,532
2,176,857

201409131121(201409131121)
1,768,892
3,780,272
8,487,981
1,967,532
2,176,857

201409131122(201409131122)
1,768,892
3,780,272
8,487,981
1,967,532
2,176,965

201409131123(201409131123)
1,771,504
3,780,272
8,487,981
1,967,532
2,179,191

201409131124(201409131124)
1,771,504
3,782,385
8,487,981
1,967,532
2,179,443

201409131125(201409131125)
1,771,504
3,782,385
8,487,981
1,968,628
2,180,568

201409131126(201409131126)
1,771,504
3,782,385
8,487,981
1,968,628
2,182,698

201409131127(201409131127)
1,774,775
3,782,385
8,487,981
1,968,736
2,182,698

201409131129(201409131129)
1,776,071
3,782,385
8,487,981
1,970,763
2,182,698

201409131130(201409131130)
1,776,071
3,782,385
8,487,981
1,975,940
2,183,298

201409131131(201409131131)
1,776,071
3,782,385
8,487,981
1,975,940
2,183,298

201409131132(201409131132)
1,776,071
3,782,385
8,487,981
1,975,940
2,185,774

201409131133(201409131133)
1,776,071
3,782,385
8,487,981
1,975,940
2,185,774

201409131134(201409131134)
1,776,071
3,782,385
8,487,981
1,975,940
2,185,774

201409131135(201409131135)
1,776,071
3,782,385
8,487,981
1,975,940
2,185,774

201409131136(201409131136)
1,776,071
3,782,385
8,487,981
1,975,940
2,185,774

201409131137(201409131137)
1,776,071
3,782,385
8,487,981
1,975,940
2,185,774

201409131139(201409131139)
1,777,752
3,782,385
8,487,981
1,975,940
2,185,774

201409131140(201409131140)
1,777,752
3,782,385
8,487,981
1,975,940
2,185,774

201409131141(201409131141)
1,777,752
3,782,385
8,487,981
1,975,940
2,185,774

201409131142(201409131142)
1,777,752
3,782,385
8,487,981
1,975,940
2,185,774

201409131143(201409131143)
1,777,752
3,782,385
8,487,981
1,975,940
2,185,774

201409131144(201409131144)
1,777,752
3,782,385
8,487,981
1,975,940
2,185,774

201409131145(201409131145)
1,777,752
3,785,534
8,487,981
1,975,940
2,185,774

201409131146(201409131146)
1,777,752
3,785,534
8,487,981
1,975,940
2,185,774

201409131147(201409131147)
1,777,752
3,785,534
8,487,981
1,975,940
2,185,774

201409131149(201409131149)
1,777,752
3,785,534
8,487,981
1,975,940
2,185,774

201409131150(201409131150)
1,777,752
3,785,534
8,487,981
1,975,940
2,185,774

201409131151(201409131151)
1,777,752
3,785,534
8,487,981
1,975,940
2,185,774

201409131152(201409131152)
1,777,752
3,785,534
8,487,981
1,975,940
2,185,774

201409131153(201409131153)
1,777,752
3,785,534
8,487,981
1,975,940
2,185,774

201409131154(201409131154)
1,778,681
3,785,948
8,487,981
1,977,349
2,185,774

201409131155(201409131155)
1,778,681
3,789,493
8,487,981
1,977,349
2,185,774

201409131156(201409131156)
1,778,681
3,789,493
8,487,981
1,977,349
2,185,774

201409131157(201409131157)
1,780,181
3,789,493
8,487,981
1,977,349
2,185,774

201409131159(201409131159)
1,780,181
3,789,493
8,487,981
1,986,022
2,191,027

201409131200(201409131200)
1,780,181
3,789,493
8,487,981
1,989,497
2,192,094

201409131201(201409131201)
1,780,181
3,789,493
8,487,981
1,989,605
2,192,094

201409131202(201409131202)
1,780,181
3,789,493
8,487,981
1,989,677
2,192,094

201409131203(201409131203)
1,780,181
3,789,493
8,487,981
1,989,875
2,192,094

201409131204(201409131204)
1,780,181
3,789,493
8,487,981
1,991,366
2,192,094

201409131205(201409131205)
1,780,181
3,789,493
8,487,981
1,991,831
2,192,094

201409131206(201409131206)
1,780,181
3,789,493
8,487,981
1,991,831
2,192,094

201409131207(201409131207)
1,780,181
3,789,493
8,487,981
1,992,938
2,192,094

201409131209(201409131209)
1,780,181
3,789,493
8,487,981
1,994,027
2,192,094

201409131210(201409131210)
1,780,181
3,789,493
8,487,981
1,994,027
2,194,055

201409131211(201409131211)
1,780,181
3,789,493
8,487,981
1,994,027
2,194,055

201409131212(201409131212)
1,780,181
3,789,493
8,487,981
1,994,027
2,194,055

201409131213(201409131213)
1,780,181
3,789,493
8,487,981
1,994,027
2,194,055

201409131214(201409131214)
1,780,181
3,789,493
8,487,981
1,994,027
2,194,055

201409131215(201409131215)
1,780,181
3,789,493
8,487,981
1,994,027
2,194,055

201409131216(201409131216)
1,780,181
3,789,493
8,487,981
1,994,027
2,194,055

201409131217(201409131217)
1,780,181
3,789,493
8,487,981
1,994,027
2,194,055

201409131219(201409131219)
1,780,181
3,789,493
8,487,981
1,994,027
2,194,055

201409131220(201409131220)
1,780,181
3,789,493
8,487,981
1,994,027
2,194,055

201409131221(201409131221)
1,780,181
3,789,493
8,487,981
1,994,027
2,194,055

201409131222(201409131222)
1,780,181
3,789,493
8,487,981
1,995,120
2,194,055

201409131223(201409131223)
1,780,181
3,789,493
8,487,981
2,004,884
2,194,055

201409131224(201409131224)
1,780,181
3,789,930
8,487,981
2,004,884
2,194,055

201409131225(201409131225)
1,780,181
3,789,930
8,487,981
2,004,884
2,194,055

201409131226(201409131226)
1,780,181
3,789,930
8,487,981
2,004,884
2,194,055

201409131227(201409131227)
1,780,181
3,789,930
8,487,981
2,004,884
2,195,495

201409131229(201409131229)
1,780,181
3,789,930
8,487,981
2,004,884
2,195,495

201409131230(201409131230)
1,780,181
3,789,930
8,487,981
2,004,884
2,195,495

201409131231(201409131231)
1,780,181
3,789,930
8,487,981
2,004,884
2,195,557

201409131232(201409131232)
1,780,565
3,789,930
8,487,981
2,004,884
2,199,147

201409131233(201409131233)
1,780,565
3,789,930
8,487,981
2,004,884
2,200,845

201409131234(201409131234)
1,780,565
3,789,930
8,487,981
2,004,884
2,200,845

201409131235(201409131235)
1,780,565
3,789,930
8,487,981
2,004,884
2,200,845

201409131236(201409131236)
1,780,565
3,789,930
8,487,981
2,004,884
2,200,845

201409131237(201409131237)
1,780,565
3,789,930
8,487,981
2,004,884
2,200,845

201409131239(201409131239)
1,780,565
3,789,930
8,487,981
2,004,884
2,200,845

201409131240(201409131240)
1,780,565
3,793,130
8,487,981
2,004,884
2,200,845

201409131241(201409131241)
1,780,565
3,793,130
8,487,981
2,004,884
2,200,845

201409131242(201409131242)
1,780,565
3,793,130
8,487,981
2,004,884
2,202,323

201409131243(201409131243)
1,780,662
3,793,130
8,487,981
2,004,884
2,202,323

201409131244(201409131244)
1,780,662
3,793,130
8,487,981
2,004,884
2,202,323

201409131245(201409131245)
1,780,662
3,793,130
8,487,981
2,005,372
2,202,471

201409131246(201409131246)
1,780,662
3,793,130
8,487,981
2,005,372
2,202,471

201409131247(201409131247)
1,780,662
3,793,130
8,487,981
2,005,372
2,202,471

201409131249(201409131249)
1,788,194
3,793,130
8,487,981
2,005,372
2,204,281

201409131250(201409131250)
1,788,194
3,793,130
8,487,981
2,005,372
2,204,281

201409131251(201409131251)
1,788,194
3,793,130
8,487,981
2,005,372
2,204,281

201409131252(201409131252)
1,788,194
3,793,130
8,487,981
2,005,372
2,204,281

201409131253(201409131253)
1,788,194
3,793,130
8,487,981
2,005,372
2,204,281

201409131254(201409131254)
1,788,194
3,793,130
8,487,981
2,005,372
2,204,281

201409131255(201409131255)
1,788,194
3,793,130
8,487,981
2,005,372
2,204,281

201409131256(201409131256)
1,788,194
3,793,130
8,487,981
2,005,372
2,204,281

201409131257(201409131257)
1,788,194
3,793,130
8,487,981
2,005,372
2,204,281

201409131259(201409131259)
1,788,194
3,793,130
8,487,981
2,005,372
2,204,281

201409131300(201409131300)
1,788,442
3,793,130
8,487,981
2,006,309
2,205,190

201409131301(201409131301)
1,788,442
3,793,130
8,487,981
2,006,309
2,205,190

201409131302(201409131302)
1,788,442
3,794,574
8,487,981
2,007,530
2,205,190

201409131303(201409131303)
1,788,442
3,794,574
8,487,981
2,008,205
2,205,190

201409131304(201409131304)
1,788,442
3,794,574
8,487,981
2,008,205
2,209,291

201409131305(201409131305)
1,788,442
3,794,574
8,487,981
2,008,205
2,214,795

201409131306(201409131306)
1,788,442
3,794,574
8,487,981
2,008,205
2,214,795

201409131307(201409131307)
1,788,442
3,794,574
8,487,981
2,008,205
2,214,795

201409131309(201409131309)
1,790,582
3,797,925
8,487,981
2,011,063
2,215,779

201409131310(201409131310)
1,790,582
3,797,925
8,487,981
2,011,063
2,219,391

201409131311(201409131311)
1,790,582
3,797,925
8,487,981
2,011,063
2,219,391

201409131312(201409131312)
1,795,915
3,797,925
8,487,981
2,011,063
2,219,391

201409131313(201409131313)
1,797,934
3,797,925
8,523,558
2,011,063
2,219,391

201409131314(201409131314)
1,797,934
3,797,925
8,523,558
2,011,175
2,219,391

201409131315(201409131315)
1,797,934
3,802,845
8,523,558
2,011,343
2,219,391

201409131316(201409131316)
1,797,934
3,802,845
8,523,558
2,011,567
2,219,391

201409131317(201409131317)
1,797,934
3,802,845
8,523,558
2,012,566
2,219,391

201409131319(201409131319)
1,797,934
3,802,845
8,523,558
2,012,566
2,219,391

201409131320(201409131320)
1,797,934
3,802,845
8,523,558
2,012,566
2,219,391

201409131321(201409131321)
1,797,934
3,802,845
8,523,558
2,012,566
2,219,391

201409131322(201409131322)
1,797,934
3,802,845
8,523,558
2,012,566
2,219,391

201409131323(201409131323)
1,798,054
3,802,845
8,523,558
2,012,566
2,219,391

201409131324(201409131324)
1,799,421
3,802,845
8,523,558
2,012,566
2,219,391

201409131325(201409131325)
1,799,421
3,802,845
8,523,558
2,012,566
2,219,391

201409131326(201409131326)
1,799,421
3,802,845
8,523,558
2,012,566
2,219,391

201409131327(201409131327)
1,799,421
3,802,845
8,523,558
2,012,566
2,219,391

201409131329(201409131329)
1,799,421
3,802,845
8,523,558
2,012,566
2,219,760

201409131330(201409131330)
1,799,421
3,802,845
8,523,558
2,012,566
2,219,760

201409131331(201409131331)
1,804,772
3,802,845
8,523,558
2,012,566
2,219,760

201409131332(201409131332)
1,804,772
3,802,845
8,523,558
2,012,566
2,219,760

201409131333(201409131333)
1,804,772
3,802,845
8,523,558
2,012,566
2,219,760

201409131334(201409131334)
1,804,772
3,802,845
8,523,558
2,012,566
2,219,760

201409131335(201409131335)
1,804,772
3,802,845
8,523,558
2,012,566
2,219,760

201409131336(201409131336)
1,804,772
3,802,845
8,523,558
2,012,566
2,219,760

201409131337(201409131337)
1,804,772
3,802,845
8,523,558
2,012,566
2,219,760

201409131339(201409131339)
1,804,772
3,802,845
8,523,558
2,012,566
2,219,760

201409131340(201409131340)
1,804,772
3,802,845
8,523,558
2,012,566
2,219,760

201409131341(201409131341)
1,804,772
3,802,845
8,523,558
2,012,566
2,219,760

201409131342(201409131342)
1,804,772
3,806,232
8,523,558
2,012,566
2,219,760

201409131343(201409131343)
1,806,103
3,806,232
8,523,558
2,012,566
2,219,760

201409131344(201409131344)
1,812,934
3,806,232
8,523,558
2,012,566
2,219,760

201409131345(201409131345)
1,812,934
3,806,232
8,523,558
2,012,566
2,219,760

201409131346(201409131346)
1,812,934
3,806,232
8,523,558
2,014,558
2,219,760

201409131347(201409131347)
1,812,934
3,806,232
8,523,558
2,014,558
2,219,760

201409131349(201409131349)
1,813,805
3,806,232
8,523,558
2,014,558
2,219,760

201409131350(201409131350)
1,813,805
3,806,232
8,523,558
2,014,558
2,219,760

201409131351(201409131351)
1,813,805
3,806,232
8,523,558
2,014,558
2,223,367

201409131352(201409131352)
1,813,805
3,806,232
8,523,558
2,019,062
2,223,367

201409131353(201409131353)
1,813,805
3,806,232
8,523,558
2,019,062
2,223,367

201409131354(201409131354)
1,813,805
3,806,232
8,523,558
2,022,715
2,223,367

201409131355(201409131355)
1,813,805
3,806,232
8,523,558
2,023,082
2,223,367

201409131356(201409131356)
1,813,805
3,806,232
8,523,558
2,023,082
2,223,367

201409131357(201409131357)
1,813,805
3,806,232
8,523,558
2,023,082
2,227,751

201409131359(201409131359)
1,813,805
3,806,232
8,523,558
2,023,402
2,230,659

201409131400(201409131400)
1,813,805
3,806,232
8,523,558
2,023,402
2,233,368

201409131401(201409131401)
1,813,805
3,806,232
8,523,558
2,023,402
2,233,368

201409131402(201409131402)
1,813,805
3,806,232
8,523,558
2,023,402
2,233,368

201409131403(201409131403)
1,813,805
3,806,232
8,523,558
2,023,402
2,233,368

201409131404(201409131404)
1,813,805
3,806,232
8,523,558
2,023,402
2,233,368

201409131405(201409131405)
1,813,805
3,806,232
8,523,558
2,023,402
2,233,368

201409131406(201409131406)
1,813,805
3,806,232
8,523,558
2,023,402
2,233,368

201409131407(201409131407)
1,813,805
3,806,232
8,523,558
2,024,914
2,233,368

201409131409(201409131409)
1,813,805
3,806,232
8,523,558
2,025,825
2,233,368

201409131410(201409131410)
1,813,805
3,806,232
8,523,558
2,026,552
2,233,468

201409131411(201409131411)
1,813,805
3,806,232
8,523,558
2,026,940
2,235,667

201409131412(201409131412)
1,814,042
3,806,232
8,523,558
2,026,940
2,235,667

201409131413(201409131413)
1,814,042
3,806,232
8,523,558
2,026,940
2,237,120

201409131414(201409131414)
1,814,042
3,806,232
8,523,558
2,026,940
2,237,120

201409131415(201409131415)
1,814,415
3,806,232
8,523,558
2,026,940
2,237,120

201409131416(201409131416)
1,814,787
3,807,963
8,523,558
2,026,940
2,237,120

201409131417(201409131417)
1,815,361
3,807,963
8,523,558
2,026,940
2,237,120

201409131419(201409131419)
1,815,361
3,807,963
8,523,558
2,026,940
2,237,778

201409131420(201409131420)
1,815,361
3,807,963
8,523,558
2,026,940
2,237,778

201409131421(201409131421)
1,815,361
3,811,979
8,523,558
2,026,940
2,237,837

201409131422(201409131422)
1,815,361
3,812,174
8,523,558
2,026,940
2,237,837

201409131423(201409131423)
1,815,361
3,817,573
8,523,558
2,026,940
2,238,567

201409131424(201409131424)
1,815,361
3,819,838
8,523,558
2,026,940
2,238,567

201409131425(201409131425)
1,815,361
3,819,838
8,523,558
2,026,940
2,238,567

201409131426(201409131426)
1,817,324
3,819,838
8,523,558
2,026,940
2,238,567

201409131427(201409131427)
1,817,324
3,819,838
8,523,558
2,026,940
2,238,567

201409131429(201409131429)
1,817,324
3,819,838
8,523,558
2,026,940
2,238,567

201409131430(201409131430)
1,817,324
3,819,838
8,523,558
2,026,940
2,240,159

201409131431(201409131431)
1,817,324
3,819,838
8,523,558
2,026,940
2,240,159

201409131432(201409131432)
1,817,324
3,819,838
8,523,558
2,026,940
2,240,159

201409131433(201409131433)
1,817,324
3,819,838
8,523,558
2,026,940
2,240,159

201409131434(201409131434)
1,817,324
3,819,838
8,523,558
2,026,940
2,240,159

201409131435(201409131435)
1,817,324
3,819,838
8,523,558
2,026,940
2,240,159

201409131436(201409131436)
1,817,324
3,819,838
8,523,558
2,026,940
2,240,159

201409131437(201409131437)
1,817,324
3,819,838
8,523,558
2,032,771
2,240,159

201409131439(201409131439)
1,817,324
3,819,838
8,523,558
2,032,771
2,240,159

201409131440(201409131440)
1,817,324
3,819,838
8,523,558
2,032,771
2,240,159

201409131441(201409131441)
1,817,324
3,819,838
8,523,558
2,032,771
2,240,159

201409131442(201409131442)
1,817,324
3,819,838
8,523,558
2,032,771
2,240,159

201409131443(201409131443)
1,817,324
3,819,838
8,523,558
2,032,771
2,240,159

201409131444(201409131444)
1,817,324
3,819,838
8,523,558
2,032,771
2,241,590

201409131445(201409131445)
1,817,324
3,830,836
8,523,558
2,032,771
2,241,590

201409131446(201409131446)
1,822,340
3,830,836
8,523,558
2,032,771
2,241,590

201409131447(201409131447)
1,822,340
3,830,836
8,523,558
2,032,771
2,241,590

201409131449(201409131449)
1,822,340
3,835,749
8,523,558
2,032,771
2,241,590

201409131450(201409131450)
1,822,340
3,835,749
8,523,558
2,032,771
2,241,590

201409131451(201409131451)
1,822,340
3,835,749
8,523,558
2,032,771
2,241,590

201409131452(201409131452)
1,822,340
3,835,749
8,523,558
2,032,771
2,241,590

201409131453(201409131453)
1,822,340
3,835,749
8,541,525
2,032,771
2,241,590

201409131454(201409131454)
1,822,340
3,835,749
8,541,749
2,032,771
2,241,590

201409131455(201409131455)
1,822,340
3,835,749
8,542,029
2,032,771
2,241,590

201409131456(201409131456)
1,822,340
3,835,749
8,542,197
2,032,771
2,241,590

201409131457(201409131457)
1,822,340
3,835,749
8,545,208
2,032,771
2,241,590

201409131459(201409131459)
1,822,466
3,835,749
8,551,626
2,035,746
2,241,590

201409131500(201409131500)
1,822,466
3,835,749
8,650,121
2,035,746
2,241,590

201409131501(201409131501)
1,822,466
3,835,749
8,650,121
2,035,746
2,241,590

201409131502(201409131502)
1,822,466
3,835,749
8,650,121
2,035,746
2,241,590

201409131503(201409131503)
1,822,466
3,835,749
8,650,121
2,035,746
2,241,590

201409131504(201409131504)
1,822,466
3,835,749
8,693,995
2,035,746
2,241,590

201409131505(201409131505)
1,822,466
3,835,749
8,693,995
2,035,746
2,241,590

201409131506(201409131506)
1,822,466
3,835,749
8,693,995
2,035,746
2,241,985

201409131507(201409131507)
1,823,655
3,835,950
8,693,995
2,036,164
2,241,985

201409131509(201409131509)
1,823,655
3,835,950
8,693,995
2,036,164
2,241,985

201409131510(201409131510)
1,823,655
3,835,950
8,693,995
2,036,164
2,246,044

201409131511(201409131511)
1,826,305
3,835,950
8,693,995
2,036,164
2,246,044

201409131512(201409131512)
1,826,305
3,835,950
8,693,995
2,036,164
2,246,044

201409131513(201409131513)
1,826,305
3,835,950
8,693,995
2,036,164
2,246,044

201409131514(201409131514)
1,828,727
3,835,950
8,693,995
2,036,164
2,247,032

201409131515(201409131515)
1,828,727
3,847,023
8,693,995
2,038,512
2,247,202

201409131516(201409131516)
1,828,727
3,847,023
8,693,995
2,039,747
2,248,867

201409131517(201409131517)
1,828,727
3,847,023
8,693,995
2,040,007
2,248,867

201409131519(201409131519)
1,828,727
3,847,023
8,693,995
2,040,456
2,250,758

201409131520(201409131520)
1,828,727
3,847,023
8,693,995
2,040,456
2,252,372

201409131521(201409131521)
1,828,727
3,847,023
8,693,995
2,040,456
2,252,372

201409131522(201409131522)
1,828,727
3,847,023
8,693,995
2,040,456
2,252,372

201409131523(201409131523)
1,828,727
3,847,023
8,713,094
2,040,456
2,252,372

201409131524(201409131524)
1,828,727
3,849,191
8,713,094
2,040,456
2,254,659

201409131525(201409131525)
1,828,727
3,849,191
8,713,094
2,040,456
2,254,659

201409131526(201409131526)
1,829,625
3,849,191
8,713,094
2,040,456
2,254,659

201409131527(201409131527)
1,829,625
3,849,191
8,713,094
2,040,456
2,254,659

201409131529(201409131529)
1,829,625
3,849,191
8,713,094
2,040,456
2,254,659

201409131530(201409131530)
1,829,625
3,850,915
8,713,094
2,040,456
2,254,659

201409131531(201409131531)
1,832,272
3,850,915
8,713,094
2,040,456
2,254,659

201409131532(201409131532)
1,832,272
3,850,915
8,713,094
2,040,456
2,255,320

201409131533(201409131533)
1,832,640
3,850,915
8,713,094
2,043,616
2,255,415

201409131534(201409131534)
1,832,640
3,850,915
8,713,094
2,043,616
2,255,415

201409131535(201409131535)
1,832,640
3,850,915
8,713,094
2,043,616
2,255,415

201409131536(201409131536)
1,832,640
3,850,915
8,713,094
2,046,411
2,255,415

201409131537(201409131537)
1,832,640
3,850,915
8,713,094
2,046,535
2,255,415

201409131539(201409131539)
1,832,640
3,850,915
8,713,094
2,046,570
2,255,415

201409131540(201409131540)
1,832,640
3,850,915
8,713,094
2,046,570
2,255,415

201409131541(201409131541)
1,832,640
3,850,915
8,713,094
2,046,570
2,256,089

201409131542(201409131542)
1,832,640
3,850,915
8,713,094
2,046,570
2,256,406

201409131543(201409131543)
1,832,640
3,850,915
8,713,094
2,046,570
2,256,406

201409131544(201409131544)
1,832,640
3,856,451
8,713,208
2,046,570
2,256,406

201409131545(201409131545)
1,833,668
3,856,451
8,713,265
2,046,570
2,256,406

201409131546(201409131546)
1,833,668
3,874,375
8,713,436
2,046,735
2,259,276

201409131547(201409131547)
1,833,668
3,877,467
8,828,180
2,046,735
2,261,899

201409131549(201409131549)
1,833,668
3,877,467
8,828,180
2,046,735
2,261,899

201409131550(201409131550)
1,833,668
3,877,467
8,828,180
2,046,735
2,261,899

201409131551(201409131551)
1,833,668
3,877,467
8,828,180
2,046,735
2,265,345

201409131552(201409131552)
1,833,668
3,877,467
8,828,180
2,046,735
2,266,581

201409131553(201409131553)
1,833,668
3,877,467
8,828,180
2,046,735
2,268,248

201409131554(201409131554)
1,833,668
3,877,467
8,828,180
2,046,735
2,268,248

201409131555(201409131555)
1,833,668
3,877,467
8,828,180
2,046,735
2,268,248

201409131556(201409131556)
1,833,668
3,877,467
8,828,180
2,046,735
2,268,248

201409131557(201409131557)
1,833,668
3,877,467
8,828,180
2,046,735
2,271,260

201409131559(201409131559)
1,833,668
3,877,467
8,828,180
2,046,735
2,271,260

201409131600(201409131600)
1,833,668
3,877,467
8,828,180
2,046,735
2,271,260

201409131601(201409131601)
1,833,668
3,877,691
8,828,180
2,046,735
2,271,260

201409131602(201409131602)
1,833,668
3,877,691
8,828,180
2,046,735
2,271,260

201409131603(201409131603)
1,833,668
3,877,691
8,828,180
2,046,735
2,273,569

201409131604(201409131604)
1,833,668
3,877,691
8,828,180
2,046,735
2,273,893

201409131605(201409131605)
1,833,668
3,877,691
8,828,180
2,046,735
2,273,893

201409131606(201409131606)
1,833,668
3,877,691
8,828,180
2,046,735
2,273,893

201409131607(201409131607)
1,833,668
3,877,691
8,828,180
2,046,735
2,273,893

201409131609(201409131609)
1,834,018
3,877,691
8,828,180
2,048,378
2,273,893

201409131610(201409131610)
1,834,018
3,877,691
8,828,180
2,048,378
2,273,893

201409131611(201409131611)
1,834,018
3,877,691
8,828,180
2,048,378
2,273,893

201409131612(201409131612)
1,834,018
3,877,691
8,828,180
2,048,378
2,273,893

201409131613(201409131613)
1,834,018
3,877,691
8,828,180
2,048,378
2,274,284

201409131614(201409131614)
1,834,018
3,877,691
8,828,180
2,048,378
2,277,760

201409131615(201409131615)
1,834,018
3,877,691
8,828,180
2,048,378
2,278,513

201409131616(201409131616)
1,834,018
3,877,691
8,828,180
2,048,378
2,278,513

201409131617(201409131617)
1,834,018
3,877,691
8,828,180
2,048,378
2,278,513

201409131619(201409131619)
1,834,018
3,877,691
8,828,180
2,048,378
2,282,903

201409131620(201409131620)
1,834,990
3,877,691
8,828,180
2,048,378
2,282,903

201409131621(201409131621)
1,834,990
3,877,691
8,828,180
2,052,477
2,282,903

201409131622(201409131622)
1,834,990
3,877,691
8,828,180
2,053,210
2,282,903

201409131623(201409131623)
1,834,990
3,877,691
8,828,180
2,053,210
2,282,903

201409131624(201409131624)
1,834,990
3,877,691
8,828,180
2,053,702
2,282,903

201409131625(201409131625)
1,834,990
3,877,691
8,828,180
2,053,702
2,282,903

201409131626(201409131626)
1,834,990
3,877,691
8,828,180
2,053,702
2,282,903

201409131627(201409131627)
1,834,990
3,877,691
8,828,180
2,053,702
2,282,903

201409131629(201409131629)
1,834,990
3,877,691
8,828,180
2,053,702
2,282,903

201409131630(201409131630)
1,837,228
3,877,691
8,828,180
2,053,702
2,282,903

201409131631(201409131631)
1,837,228
3,877,691
8,828,180
2,053,702
2,282,903

201409131632(201409131632)
1,837,228
3,882,643
8,828,180
2,053,702
2,282,903

201409131633(201409131633)
1,837,228
3,882,643
8,828,180
2,053,702
2,282,903

201409131634(201409131634)
1,837,228
3,882,643
8,828,180
2,053,702
2,282,903

201409131635(201409131635)
1,837,228
3,882,643
8,828,180
2,053,702
2,282,903

201409131636(201409131636)
1,837,228
3,882,643
8,828,180
2,053,702
2,282,903

201409131637(201409131637)
1,837,228
3,882,643
8,828,180
2,053,702
2,282,903

201409131639(201409131639)
1,837,228
3,887,993
8,828,180
2,053,702
2,282,903

201409131640(201409131640)
1,837,228
3,887,993
8,828,180
2,053,702
2,283,830

201409131641(201409131641)
1,837,228
3,887,993
8,828,180
2,054,152
2,286,161

201409131642(201409131642)
1,837,228
3,887,993
8,828,180
2,054,152
2,287,293

201409131643(201409131643)
1,837,228
3,887,993
8,828,180
2,054,152
2,287,293

201409131644(201409131644)
1,837,228
3,887,993
8,828,180
2,055,339
2,287,293

201409131645(201409131645)
1,837,228
3,887,993
8,828,180
2,055,339
2,287,293

201409131646(201409131646)
1,837,228
3,887,993
8,828,180
2,055,339
2,287,293

201409131647(201409131647)
1,842,207
3,887,993
8,828,180
2,055,339
2,287,293

201409131649(201409131649)
1,842,207
3,887,993
8,828,180
2,058,907
2,287,293

201409131650(201409131650)
1,842,207
3,887,993
8,828,180
2,058,907
2,287,293

201409131651(201409131651)
1,842,207
3,887,993
8,828,180
2,058,907
2,287,293

201409131652(201409131652)
1,842,207
3,887,993
8,828,180
2,059,078
2,287,293

201409131653(201409131653)
1,842,207
3,887,993
8,828,180
2,061,293
2,287,293

201409131654(201409131654)
1,842,207
3,887,993
8,828,180
2,061,293
2,292,624

201409131655(201409131655)
1,843,533
3,887,993
8,828,180
2,061,293
2,296,296

201409131656(201409131656)
1,843,533
3,888,096
8,828,180
2,061,975
2,296,485

201409131657(201409131657)
1,843,533
3,889,898
8,828,180
2,061,975
2,296,548

201409131659(201409131659)
1,843,533
3,889,898
8,828,180
2,061,975
2,296,548

201409131700(201409131700)
1,843,533
3,889,898
8,828,180
2,061,975
2,296,548

201409131701(201409131701)
1,843,533
3,889,898
8,828,180
2,061,975
2,296,548

201409131702(201409131702)
1,845,039
3,889,898
8,828,180
2,061,975
2,296,548

201409131703(201409131703)
1,845,039
3,891,623
8,828,180
2,061,975
2,296,548

