
201409091659(201409091659)
934,599
1,935,598
5,768,708
998,977
1,066,446

201409091700(201409091700)
934,599
1,935,598
5,769,835
998,977
1,066,446

201409091701(201409091701)
934,599
1,939,025
5,769,835
998,977
1,066,446

201409091702(201409091702)
934,599
1,939,025
5,769,835
998,977
1,066,446

201409091704(201409091704)
934,599
1,939,797
5,769,835
999,406
1,066,446

201409091705(201409091705)
934,599
1,939,797
5,769,835
999,406
1,066,446

201409091706(201409091706)
934,599
1,939,797
5,769,835
999,406
1,066,446

201409091707(201409091707)
934,599
1,939,797
5,769,835
999,406
1,066,446

201409091709(201409091709)
935,095
1,939,797
5,769,835
1,001,793
1,066,446

201409091710(201409091710)
935,599
1,939,797
5,769,835
1,001,793
1,066,446

201409091711(201409091711)
935,599
1,939,797
5,769,835
1,002,258
1,066,446

201409091712(201409091712)
935,599
1,939,797
5,769,835
1,002,258
1,066,446

201409091713(201409091713)
935,599
1,939,797
5,769,835
1,002,258
1,066,446

201409091714(201409091714)
935,722
1,939,797
5,769,835
1,002,258
1,066,446

201409091715(201409091715)
935,722
1,939,797
5,769,835
1,002,258
1,066,446

201409091716(201409091716)
935,722
1,939,797
5,769,835
1,002,258
1,066,446

201409091717(201409091717)
935,953
1,939,797
5,769,835
1,002,258
1,067,726

201409091719(201409091719)
936,525
1,939,815
5,769,835
1,002,258
1,067,726

201409091720(201409091720)
936,525
1,939,815
5,769,835
1,002,258
1,067,726

201409091721(201409091721)
936,525
1,939,815
5,769,835
1,002,258
1,067,726

201409091722(201409091722)
936,525
1,939,815
5,769,835
1,002,258
1,067,726

201409091723(201409091723)
936,525
1,939,815
5,769,835
1,002,258
1,067,726

201409091724(201409091724)
936,525
1,939,815
5,769,835
1,002,258
1,067,726

201409091725(201409091725)
936,676
1,939,815
5,769,835
1,002,258
1,068,122

201409091726(201409091726)
937,474
1,939,815
5,769,835
1,002,258
1,068,122

201409091727(201409091727)
937,474
1,939,815
5,769,835
1,003,091
1,068,723

201409091729(201409091729)
937,568
1,939,815
5,769,835
1,005,868
1,068,723

201409091730(201409091730)
937,568
1,939,815
5,769,835
1,005,868
1,069,469

201409091731(201409091731)
937,568
1,939,815
5,769,835
1,005,868
1,069,469

201409091732(201409091732)
937,568
1,939,815
5,769,835
1,006,968
1,069,469

201409091733(201409091733)
937,568
1,939,815
5,769,835
1,007,176
1,069,469

201409091734(201409091734)
937,568
1,939,815
5,769,835
1,007,176
1,069,469

201409091735(201409091735)
937,888
1,939,815
5,769,835
1,007,176
1,071,873

201409091736(201409091736)
937,888
1,939,815
5,769,835
1,007,176
1,072,500

201409091737(201409091737)
937,888
1,939,815
5,769,835
1,007,176
1,072,500

201409091739(201409091739)
937,888
1,939,815
5,769,835
1,007,176
1,072,500

201409091740(201409091740)
937,888
1,939,815
5,769,835
1,007,176
1,072,500

201409091741(201409091741)
937,888
1,939,815
5,769,835
1,007,176
1,072,500

201409091742(201409091742)
938,275
1,939,815
5,769,835
1,007,176
1,072,500

201409091743(201409091743)
938,275
1,943,301
5,769,835
1,007,176
1,072,908

201409091744(201409091744)
938,275
1,943,301
5,778,604
1,007,176
1,072,908

201409091745(201409091745)
938,275
1,943,301
5,778,604
1,007,341
1,072,908

201409091746(201409091746)
938,275
1,952,434
5,778,604
1,007,341
1,072,908

201409091747(201409091747)
938,275
1,952,434
5,778,604
1,007,341
1,072,908

201409091749(201409091749)
938,719
1,952,434
5,778,604
1,007,509
1,072,908

201409091750(201409091750)
938,719
1,952,434
5,778,604
1,007,509
1,072,908

201409091751(201409091751)
938,719
1,952,434
5,778,604
1,007,509
1,072,908

201409091752(201409091752)
938,719
1,952,434
5,778,604
1,007,726
1,072,908

201409091753(201409091753)
938,719
1,952,434
5,836,619
1,007,958
1,072,908

201409091754(201409091754)
938,719
1,952,434
5,836,619
1,007,958
1,072,908

201409091755(201409091755)
938,719
1,952,434
5,836,619
1,007,958
1,072,908

201409091756(201409091756)
938,719
1,952,434
5,836,619
1,007,958
1,074,852

201409091757(201409091757)
939,083
1,952,434
5,836,619
1,007,958
1,074,852

201409091759(201409091759)
939,083
1,952,434
5,836,619
1,007,958
1,075,231

201409091800(201409091800)
939,083
1,952,434
5,836,619
1,007,958
1,076,640

201409091801(201409091801)
939,083
1,952,434
5,836,619
1,008,491
1,076,640

201409091802(201409091802)
939,083
1,953,674
5,836,619
1,008,491
1,076,640

201409091803(201409091803)
939,555
1,953,674
5,836,619
1,011,911
1,076,640

201409091804(201409091804)
939,555
1,953,674
5,836,619
1,011,911
1,076,640

201409091805(201409091805)
939,555
1,953,674
5,836,619
1,011,911
1,076,640

201409091806(201409091806)
939,555
1,953,674
5,836,619
1,011,911
1,076,640

201409091807(201409091807)
939,555
1,953,674
5,836,619
1,011,911
1,076,640

201409091809(201409091809)
939,555
1,953,674
5,836,619
1,012,355
1,076,640

201409091810(201409091810)
939,555
1,953,674
5,836,619
1,012,355
1,079,268

201409091811(201409091811)
939,555
1,953,674
5,836,619
1,012,355
1,079,268

201409091812(201409091812)
939,555
1,953,674
5,836,619
1,012,355
1,079,268

201409091813(201409091813)
939,555
1,953,674
5,836,619
1,012,355
1,079,268

201409091814(201409091814)
939,555
1,953,674
5,836,619
1,012,355
1,079,268

201409091815(201409091815)
940,472
1,953,674
5,836,619
1,012,355
1,079,268

201409091816(201409091816)
940,472
1,953,674
5,836,619
1,012,355
1,079,268

201409091817(201409091817)
940,472
1,953,674
5,836,619
1,012,355
1,079,268

201409091819(201409091819)
941,358
1,956,262
5,836,619
1,012,404
1,079,303

201409091820(201409091820)
941,532
1,956,262
5,836,619
1,012,404
1,079,303

201409091821(201409091821)
941,764
1,956,262
5,836,619
1,012,404
1,079,303

201409091822(201409091822)
941,764
1,956,262
5,836,619
1,012,453
1,079,303

201409091823(201409091823)
941,938
1,956,262
5,836,619
1,013,842
1,079,303

201409091824(201409091824)
942,664
1,956,262
5,836,619
1,013,842
1,080,355

201409091825(201409091825)
942,872
1,956,262
5,836,619
1,013,842
1,080,355

201409091826(201409091826)
942,872
1,956,262
5,836,619
1,013,842
1,080,355

201409091827(201409091827)
943,301
1,956,262
5,836,619
1,013,842
1,080,355

201409091829(201409091829)
944,603
1,956,262
5,836,619
1,014,367
1,082,675

201409091830(201409091830)
944,603
1,956,262
5,836,619
1,014,367
1,082,887

201409091831(201409091831)
944,603
1,956,262
5,836,619
1,014,367
1,083,152

201409091832(201409091832)
944,603
1,956,262
5,836,619
1,014,367
1,083,364

201409091833(201409091833)
944,603
1,956,262
5,836,619
1,014,367
1,083,891

201409091834(201409091834)
944,603
1,964,963
5,836,619
1,014,421
1,083,891

201409091835(201409091835)
944,603
1,964,963
5,836,619
1,014,421
1,084,312

201409091836(201409091836)
944,961
1,964,963
5,836,619
1,014,421
1,084,312

201409091837(201409091837)
945,231
1,964,963
5,836,619
1,016,307
1,084,312

201409091839(201409091839)
1,964,963
5,836,619
1,016,307
1,084,312

201409091840(201409091840)
945,663
1,964,963
5,836,619
1,016,307
1,084,312

201409091841(201409091841)
945,663
1,964,963
5,836,619
1,017,097
1,084,677

201409091842(201409091842)
945,663
1,964,963
5,836,619
1,017,097
1,084,677

201409091843(201409091843)
945,663
1,964,963
5,836,619
1,017,097
1,084,677

201409091844(201409091844)
945,663
1,965,802
5,836,619
1,017,097
1,084,677

201409091845(201409091845)
945,663
1,965,802
5,836,619
1,017,097
1,084,677

201409091846(201409091846)
945,663
1,965,802
5,836,619
1,017,097
1,084,677

201409091847(201409091847)
945,663
1,965,802
5,836,619
1,017,097
1,084,677

201409091849(201409091849)
945,663
1,965,802
5,836,619
1,017,097
1,084,677

201409091850(201409091850)
945,663
1,968,893
5,836,619
1,017,797
1,084,994

201409091851(201409091851)
945,663
1,969,407
5,836,619
1,017,797
1,084,994

201409091852(201409091852)
945,663
1,969,407
5,836,619
1,017,797
1,086,377

201409091853(201409091853)
946,140
1,969,407
5,836,619
1,017,797
1,087,349

201409091854(201409091854)
946,739
1,969,407
5,836,619
1,017,797
1,087,349

201409091855(201409091855)
946,739
1,969,407
5,836,619
1,017,797
1,090,704

201409091856(201409091856)
946,739
1,969,407
5,836,619
1,017,797
1,090,704

201409091857(201409091857)
946,739
1,969,407
5,836,619
1,017,797
1,090,704

201409091859(201409091859)
946,739
1,969,407
5,836,619
1,018,218
1,090,704

201409091900(201409091900)
946,739
1,969,407
5,836,619
1,018,218
1,090,704

201409091901(201409091901)
946,739
1,969,407
5,836,619
1,018,218
1,090,704

201409091902(201409091902)
947,876
1,969,407
5,836,619
1,018,218
1,090,704

201409091903(201409091903)
948,834
1,969,407
5,836,619
1,018,279
1,090,704

201409091904(201409091904)
948,834
1,969,407
5,836,619
1,018,279
1,091,863

201409091905(201409091905)
948,834
1,969,407
5,836,619
1,018,279
1,091,863

201409091906(201409091906)
948,834
1,969,407
5,836,619
1,018,279
1,091,863

201409091907(201409091907)
949,221
1,969,407
5,836,619
1,018,279
1,092,625

201409091909(201409091909)
949,221
1,969,407
5,836,619
1,018,279
1,092,625

201409091910(201409091910)
949,221
1,969,619
5,836,619
1,018,279
1,092,625

201409091911(201409091911)
949,221
1,972,710
5,836,619
1,018,279
1,092,625

201409091912(201409091912)
949,221
1,975,861
5,836,619
1,018,279
1,092,625

201409091913(201409091913)
949,221
1,976,020
5,836,619
1,018,279
1,092,721

201409091914(201409091914)
949,225
1,976,668
5,836,619
1,018,279
1,092,721

201409091915(201409091915)
949,225
1,976,668
5,836,619
1,018,279
1,092,721

201409091916(201409091916)
949,225
1,976,668
5,836,619
1,018,279
1,092,810

201409091917(201409091917)
949,689
1,976,668
5,836,619
1,018,279
1,092,810

201409091919(201409091919)
949,689
1,976,668
5,836,619
1,018,279
1,093,338

201409091920(201409091920)
949,689
1,976,726
5,836,619
1,018,845
1,093,338

201409091921(201409091921)
949,689
1,979,065
5,836,619
1,018,845
1,093,338

201409091922(201409091922)
949,689
1,979,065
5,836,619
1,018,845
1,093,338

201409091923(201409091923)
949,689
1,979,890
5,836,619
1,018,845
1,093,338

201409091924(201409091924)
949,689
1,983,074
5,836,619
1,018,845
1,093,338

201409091925(201409091925)
949,689
1,983,074
5,836,619
1,018,845
1,093,338

201409091926(201409091926)
949,689
1,985,616
5,836,619
1,018,845
1,093,338

201409091927(201409091927)
950,817
1,986,878
5,836,619
1,018,845
1,093,338

201409091929(201409091929)
950,817
1,986,878
5,836,619
1,019,276
1,093,378

201409091930(201409091930)
950,817
1,986,878
5,836,619
1,019,276
1,093,378

201409091931(201409091931)
951,020
1,986,878
5,836,619
1,019,276
1,093,378

201409091932(201409091932)
951,020
1,986,878
5,836,619
1,019,276
1,093,482

201409091933(201409091933)
951,769
1,986,878
5,836,619
1,019,276
1,093,589

201409091934(201409091934)
951,769
1,986,878
5,836,619
1,019,276
1,093,589

201409091935(201409091935)
951,769
1,986,878
5,836,619
1,019,276
1,093,589

201409091936(201409091936)
951,769
1,986,878
5,836,619
1,019,276
1,093,589

201409091937(201409091937)
952,161
1,986,878
5,836,619
1,019,782
1,093,589

201409091939(201409091939)
952,161
1,995,799
5,836,619
1,019,782
1,094,380

201409091940(201409091940)
952,398
1,995,799
5,836,619
1,021,084
1,094,380

201409091941(201409091941)
952,398
1,995,799
5,836,619
1,022,145
1,094,380

201409091942(201409091942)
952,398
1,995,799
5,836,619
1,022,420
1,094,659

201409091943(201409091943)
952,398
1,995,799
5,836,619
1,022,911
1,094,659

201409091944(201409091944)
952,398
2,000,470
5,836,619
1,022,911
1,094,659

201409091945(201409091945)
952,398
2,000,470
5,836,619
1,023,000
1,094,659
201409091949(201409091949)
952,420
2,012,358
5,846,350
1,024,192
1,094,659

201409091950(201409091950)
952,811
2,013,082
5,846,350
1,024,330
1,094,659

201409091951(201409091951)
954,662
2,013,082
5,846,350
1,024,436
1,094,659

201409091952(201409091952)
954,662
2,013,082
5,846,350
1,025,732
1,094,659

201409091953(201409091953)
954,662
2,013,082
5,846,350
1,025,732
1,094,659

201409091954(201409091954)
954,662
2,013,082
5,846,350
1,025,732
1,094,659

201409091955(201409091955)
954,662
2,013,082
5,846,350
1,026,485
1,094,659

201409091956(201409091956)
956,613
2,013,082
5,846,350
1,026,866
1,094,659

201409091957(201409091957)
956,888
2,013,082
5,846,350
1,027,183
1,096,541

201409091959(201409091959)
956,993
2,013,082
5,846,350
1,027,183
1,097,137

201409092000(201409092000)
957,415
2,013,082
5,846,350
1,027,183
1,097,137

201409092001(201409092001)
957,415
2,015,504
5,846,350
1,027,183
1,097,137

201409092002(201409092002)
957,415
2,015,504
5,846,350
1,027,183
1,097,137

201409092003(201409092003)
957,415
2,015,504
5,846,350
1,027,183
1,097,137

201409092004(201409092004)
957,415
2,015,504
5,846,350
1,027,183
1,097,137

201409092005(201409092005)
958,227
2,015,504
5,846,350
1,027,617
1,097,137

201409092006(201409092006)
958,227
2,015,504
5,846,350
1,027,617
1,097,137

201409092007(201409092007)
958,227
2,015,504
5,846,350
1,027,617
1,097,259

201409092009(201409092009)
958,227
2,015,504
5,846,350
1,027,617
1,097,259

201409092010(201409092010)
958,227
2,015,504
5,846,350
1,027,617
1,097,259

201409092011(201409092011)
960,310
2,015,504
5,846,350
1,027,953
1,097,259

201409092012(201409092012)
960,310
2,015,504
5,846,350
1,027,953
1,097,259

201409092013(201409092013)
960,310
2,015,504
5,846,350
1,027,953
1,097,259

201409092014(201409092014)
960,310
2,015,504
5,846,350
1,027,953
1,098,032

201409092015(201409092015)
960,310
2,015,504
5,846,350
1,027,953
1,098,032

201409092016(201409092016)
961,289
2,015,504
5,846,350
1,028,771
1,098,187

201409092017(201409092017)
961,289
2,015,504
5,846,350
1,029,096
1,098,187

201409092019(201409092019)
961,289
2,015,504
5,846,350
1,029,096
1,098,187

201409092020(201409092020)
961,412
2,015,504
5,846,350
1,030,156
1,098,187

201409092021(201409092021)
961,412
2,015,504
5,846,350
1,030,156
1,098,187

201409092022(201409092022)
961,665
2,015,504
5,846,350
1,030,156
1,098,187

201409092023(201409092023)
961,665
2,015,504
5,846,350
1,030,156
1,098,187

201409092024(201409092024)
961,665
2,015,504
5,846,350
1,030,156
1,098,187

201409092025(201409092025)
961,665
2,015,504
5,846,350
1,030,156
1,099,290

201409092026(201409092026)
962,233
2,015,504
5,846,350
1,030,683
1,099,290

201409092027(201409092027)
962,233
2,015,504
5,846,350
1,030,683
1,099,442

201409092029(201409092029)
2,015,504
5,846,350
1,030,683
1,099,442

201409092030(201409092030)
962,233
2,015,504
5,846,350
1,030,683
1,099,442

201409092031(201409092031)
962,801
2,015,504
5,846,350
1,030,683
1,099,442

201409092032(201409092032)
963,011
2,015,504
5,846,350
1,030,683
1,099,442

201409092033(201409092033)
963,011
2,015,504
5,846,350
1,030,923
1,100,501

201409092034(201409092034)
963,011
2,019,982
5,846,350
1,030,923
1,100,501

201409092035(201409092035)
963,011
2,019,982
5,846,350
1,030,923
1,100,501

201409092036(201409092036)
963,011
2,019,982
5,846,350
1,030,923
1,100,501

201409092037(201409092037)
963,011
2,019,982
5,846,350
1,032,461
1,100,501

201409092039(201409092039)
963,011
2,019,982
5,846,350
1,032,461
1,100,501

201409092040(201409092040)
963,011
2,019,982
5,846,350
1,032,461
1,100,501

201409092041(201409092041)
964,224
2,019,982
5,846,350
1,032,461
1,100,501

201409092042(201409092042)
964,224
2,024,462
5,846,350
1,033,198
1,100,501

201409092043(201409092043)
964,591
2,024,462
5,846,350
1,033,837
1,100,501

201409092044(201409092044)
964,591
2,024,462
5,846,350
1,035,011
1,100,501

201409092045(201409092045)
965,553
2,024,462
5,846,350
1,035,011
1,101,919

201409092046(201409092046)
965,553
2,024,462
5,846,350
1,035,011
1,101,919

201409092047(201409092047)
965,553
2,024,462
5,846,350
1,035,011
1,101,919

201409092049(201409092049)
965,553
2,024,462
5,846,350
1,036,183
1,101,919

201409092050(201409092050)
965,553
2,024,462
5,846,350
1,036,183
1,102,569

201409092051(201409092051)
965,553
2,025,651
5,846,350
1,036,484
1,102,569

201409092052(201409092052)
965,553
2,025,651
5,846,350
1,036,484
1,104,011

201409092053(201409092053)
965,553
2,025,651
5,846,350
1,036,484
1,104,011

201409092054(201409092054)
965,553
2,025,651
5,846,350
1,036,484
1,104,011

201409092055(201409092055)
965,553
2,025,651
5,846,350
1,036,484
1,104,011

201409092056(201409092056)
965,553
2,025,651
5,846,350
1,036,484
1,104,011

201409092057(201409092057)
965,553
2,025,651
5,846,350
1,036,484
1,104,011

201409092059(201409092059)
2,025,651
5,890,356
1,036,484
1,104,011

201409092100(201409092100)
967,576
2,025,651
5,919,344
1,036,484
1,104,011

201409092101(201409092101)
967,576
2,025,651
5,919,344
1,036,484
1,104,011

201409092102(201409092102)
967,576
2,025,651
5,919,344
1,036,484
1,104,011

201409092103(201409092103)
967,576
2,025,651
5,919,344
1,036,484
1,104,011

201409092104(201409092104)
967,576
2,025,651
5,919,344
1,036,484
1,104,011

201409092105(201409092105)
967,576
2,025,651
5,919,344
1,036,604
1,104,371

201409092106(201409092106)
967,576
2,027,901
5,919,344
1,036,604
1,104,371

201409092107(201409092107)
967,576
2,031,503
5,919,344
1,036,604
1,104,371

201409092109(201409092109)
967,836
2,031,503
5,919,344
1,037,580
1,106,376

201409092110(201409092110)
969,270
2,035,590
5,919,344
1,037,580
1,106,376

201409092111(201409092111)
969,270
2,035,590
5,919,344
1,037,580
1,106,376

201409092112(201409092112)
969,270
2,035,590
5,919,344
1,037,580
1,106,687

201409092113(201409092113)
970,852
2,035,590
5,919,344
1,039,776
1,106,687

201409092114(201409092114)
970,852
2,035,590
5,919,344
1,039,776
1,107,149

201409092115(201409092115)
970,852
2,035,590
5,919,344
1,039,776
1,107,149

201409092116(201409092116)
970,852
2,035,590
5,919,344
1,039,828
1,107,149

201409092117(201409092117)
971,748
2,035,590
5,919,344
1,039,828
1,107,149

201409092119(201409092119)
972,037
2,035,590
5,919,344
1,039,869
1,107,149

201409092120(201409092120)
972,037
2,039,628
5,919,344
1,039,869
1,107,960

201409092121(201409092121)
972,037
2,039,628
5,919,344
1,039,869
1,108,015

201409092122(201409092122)
972,037
2,039,628
5,919,344
1,042,338
1,108,015

201409092123(201409092123)
973,415
2,039,628
5,919,344
1,042,338
1,108,015

201409092124(201409092124)
973,415
2,039,628
5,919,344
1,042,338
1,108,015

201409092125(201409092125)
973,415
2,043,369
5,919,344
1,042,338
1,108,015

201409092126(201409092126)
973,415
2,044,008
5,919,344
1,042,338
1,108,639

201409092127(201409092127)
973,415
2,044,008
5,919,344
1,042,338
1,109,434

201409092129(201409092129)
974,665
2,044,008
5,919,344
1,042,387
1,109,434

201409092130(201409092130)
974,849
2,044,008
5,919,344
1,042,387
1,109,434

201409092131(201409092131)
974,849
2,044,008
5,919,344
1,042,387
1,109,434

201409092132(201409092132)
974,849
2,044,008
5,919,344
1,042,387
1,109,434

201409092133(201409092133)
974,849
2,044,008
5,919,344
1,042,387
1,110,514

201409092134(201409092134)
975,629
2,044,008
5,919,344
1,042,387
1,110,514

201409092135(201409092135)
976,163
2,044,008
5,919,344
1,042,387
1,111,316

201409092136(201409092136)
976,163
2,044,008
5,919,344
1,042,496
1,111,316

201409092137(201409092137)
976,320
2,044,008
5,926,094
1,044,495
1,112,373

201409092139(201409092139)
2,044,008
5,926,094
1,044,495
1,116,229

201409092140(201409092140)
976,760
2,044,008
5,926,094
1,044,495
1,116,229

201409092141(201409092141)
976,760
2,044,008
5,926,094
1,044,495
1,116,229

201409092142(201409092142)
976,760
2,044,008
5,926,094
1,044,495
1,117,009

201409092143(201409092143)
976,760
2,044,008
5,926,094
1,044,495
1,117,738

201409092144(201409092144)
976,951
2,044,008
5,926,094
1,044,495
1,119,129

201409092145(201409092145)
978,009
2,044,008
5,926,094
1,044,610
1,119,129

201409092146(201409092146)
978,009
2,044,008
5,926,094
1,045,747
1,119,129

201409092147(201409092147)
979,446
2,044,008
5,926,094
1,045,884
1,119,648

201409092149(201409092149)
979,446
2,044,008
5,926,094
1,046,185
1,119,648

201409092150(201409092150)
979,525
2,044,008
5,926,094
1,046,185
1,119,648

201409092151(201409092151)
979,525
2,044,008
5,926,149
1,046,264
1,119,648

201409092152(201409092152)
979,525
2,044,727
5,926,479
1,046,264
1,119,648

201409092153(201409092153)
979,525
2,044,727
5,929,542
1,046,264
1,119,648

201409092154(201409092154)
979,525
2,044,727
5,932,552
1,046,264
1,119,648

201409092155(201409092155)
979,525
2,044,727
5,932,882
1,046,289
1,119,648

201409092156(201409092156)
979,525
2,044,727
5,935,952
1,046,289
1,119,648

201409092157(201409092157)
979,525
2,044,727
5,936,282
1,046,289
1,119,648

201409092159(201409092159)
979,525
2,044,727
6,000,413
1,046,289
1,119,648

201409092200(201409092200)
979,525
2,044,727
6,000,413
1,046,289
1,119,648

201409092201(201409092201)
979,525
2,044,727
6,000,413
1,046,289
1,119,648

201409092202(201409092202)
979,664
2,044,727
6,000,413
1,046,289
1,119,648

201409092203(201409092203)
979,925
2,044,727
6,000,413
1,046,289
1,119,648

201409092204(201409092204)
980,055
2,044,727
6,000,413
1,046,289
1,119,672

201409092205(201409092205)
980,055
2,044,727
6,000,413
1,046,289
1,120,782

201409092206(201409092206)
980,055
2,047,362
6,000,413
1,046,289
1,120,782

201409092207(201409092207)
980,112
2,051,157
6,000,413
1,047,747
1,120,782

201409092209(201409092209)
980,825
2,051,157
6,000,413
1,047,950
1,120,782

201409092210(201409092210)
981,069
2,051,157
6,000,413
1,047,950
1,120,782

201409092211(201409092211)
981,069
2,051,157
6,000,413
1,047,982
1,120,782

201409092212(201409092212)
981,069
2,051,157
6,000,413
1,047,982
1,120,782

201409092213(201409092213)
981,069
2,051,157
6,000,413
1,048,150
1,123,172

201409092214(201409092214)
981,317
2,052,354
6,000,413
1,048,150
1,123,172

201409092215(201409092215)
981,607
2,059,373
6,000,413
1,048,150
1,123,495

201409092216(201409092216)
981,763
2,059,373
6,000,413
1,050,258
1,123,701

201409092217(201409092217)
981,763
2,059,373
6,000,413
1,050,258
1,124,077

201409092219(201409092219)
981,763
2,059,373
6,000,413
1,050,258
1,124,252

201409092220(201409092220)
981,763
2,059,373
6,000,413
1,050,892
1,124,969

201409092221(201409092221)
983,252
2,059,373
6,000,413
1,050,892
1,127,614

201409092222(201409092222)
983,252
2,059,373
6,000,413
1,054,025
1,129,762

201409092223(201409092223)
983,252
2,059,373
6,000,413
1,054,866
1,129,762

201409092224(201409092224)
983,252
2,059,373
6,000,413
1,054,866
1,129,762

201409092225(201409092225)
984,482
2,059,373
6,000,413
1,054,866
1,129,762

201409092226(201409092226)
984,482
2,059,373
6,000,413
1,054,977
1,129,762

201409092227(201409092227)
986,372
2,059,373
6,000,413
1,054,977
1,129,762

201409092229(201409092229)
986,372
2,062,198
6,000,413
1,054,977
1,129,762

201409092230(201409092230)
986,372
2,062,198
6,017,688
1,054,977
1,129,762

201409092231(201409092231)
986,372
2,062,198
6,017,688
1,055,972
1,129,762

201409092232(201409092232)
986,460
2,062,198
6,017,688
1,055,972
1,129,762

201409092233(201409092233)
986,514
2,062,198
6,017,688
1,055,972
1,129,762

201409092234(201409092234)
986,514
2,062,198
6,017,688
1,055,972
1,131,214

201409092235(201409092235)
986,514
2,062,198
6,017,688
1,055,972
1,131,214

201409092236(201409092236)
986,514
2,062,198
6,017,688
1,055,972
1,131,214

201409092237(201409092237)
986,684
2,062,198
6,017,688
1,055,972
1,131,214

201409092239(201409092239)
988,513
2,062,198
6,017,688
1,055,972
1,132,628

201409092240(201409092240)
989,062
2,062,198
6,017,688
1,055,972
1,132,628

201409092241(201409092241)
989,212
2,062,198
6,017,688
1,055,972
1,132,628

201409092242(201409092242)
989,212
2,062,198
6,017,688
1,055,972
1,132,628

201409092243(201409092243)
990,484
2,062,198
6,017,688
1,059,253
1,133,698

201409092244(201409092244)
990,484
2,062,660
6,017,688
1,059,253
1,133,698

201409092245(201409092245)
990,484
2,062,660
6,017,688
1,059,253
1,134,352

201409092246(201409092246)
990,484
2,062,660
6,017,688
1,059,253
1,134,352

201409092247(201409092247)
990,553
2,062,660
6,017,688
1,059,253
1,134,352

201409092249(201409092249)
991,077
2,062,660
6,017,688
1,059,992
1,134,584

201409092250(201409092250)
991,077
2,062,660
6,017,688
1,059,992
1,136,039

201409092251(201409092251)
991,077
2,062,660
6,017,688
1,060,349
1,136,039

201409092252(201409092252)
991,077
2,062,660
6,017,688
1,060,349
1,136,123

201409092253(201409092253)
991,077
2,062,660
6,017,688
1,060,349
1,136,123

201409092254(201409092254)
991,077
2,062,660
6,017,688
1,060,349
1,136,123

201409092255(201409092255)
992,159
2,062,660
6,017,688
1,060,349
1,136,123

201409092256(201409092256)
993,218
2,070,260
6,017,688
1,060,923
1,136,225

201409092257(201409092257)
993,464
2,070,260
6,017,688
1,061,658
1,137,146

201409092259(201409092259)
993,464
2,070,260
6,017,688
1,062,143
1,139,645

201409092300(201409092300)
993,464
2,070,260
6,017,688
1,062,143
1,139,645

201409092301(201409092301)
993,560
2,070,260
6,017,688
1,062,143
1,139,645

201409092302(201409092302)
993,560
2,070,260
6,017,688
1,062,143
1,139,645

201409092303(201409092303)
993,560
2,070,260
6,017,688
1,062,255
1,139,645

201409092304(201409092304)
993,560
2,070,260
6,017,688
1,062,255
1,139,645

201409092305(201409092305)
994,429
2,070,260
6,017,688
1,062,255
1,139,645

201409092306(201409092306)
994,429
2,070,260
6,017,688
1,062,255
1,139,645

201409092307(201409092307)
995,290
2,070,260
6,017,688
1,064,167
1,139,753

201409092309(201409092309)
996,935
2,076,607
6,017,688
1,064,689
1,140,224

201409092310(201409092310)
996,935
2,076,607
6,017,688
1,064,689
1,140,224

201409092311(201409092311)
996,935
2,076,607
6,017,688
1,065,271
1,140,224

201409092312(201409092312)
997,603
2,076,607
6,017,688
1,065,271
1,140,224

201409092313(201409092313)
997,603
2,076,607
6,017,688
1,065,271
1,140,224

201409092314(201409092314)
997,603
2,076,631
6,017,688
1,065,714
1,141,032

201409092315(201409092315)
997,603
2,076,631
6,017,688
1,065,832
1,141,032

201409092316(201409092316)
997,603
2,076,787
6,017,688
1,065,832
1,141,032

201409092317(201409092317)
997,603
2,078,056
6,017,688
1,065,910
1,141,032

201409092319(201409092319)
997,603
2,078,056
6,017,688
1,065,910
1,141,032

201409092320(201409092320)
997,603
2,078,056
6,017,688
1,065,910
1,141,032

201409092321(201409092321)
997,603
2,078,056
6,017,688
1,066,412
1,141,032

201409092322(201409092322)
997,603
2,078,056
6,017,688
1,066,959
1,144,005

201409092323(201409092323)
997,603
2,080,142
6,017,688
1,066,959
1,144,005

201409092324(201409092324)
997,603
2,080,142
6,017,688
1,066,959
1,144,005

201409092325(201409092325)
997,603
2,080,142
6,017,688
1,066,959
1,144,005

201409092326(201409092326)
997,603
2,080,142
6,017,688
1,068,122
1,144,005

201409092327(201409092327)
997,603
2,080,142
6,023,738
1,068,122
1,147,377

201409092329(201409092329)
997,603
2,080,142
6,031,281
1,069,101
1,147,680

201409092330(201409092330)
997,603
2,080,142
6,031,281
1,069,469
1,147,680

201409092331(201409092331)
998,714
2,080,142
6,031,281
1,069,669
1,147,680

201409092332(201409092332)
998,714
2,080,142
6,031,281
1,069,669
1,147,680

201409092333(201409092333)
998,714
2,080,589
6,031,281
1,069,669
1,148,208

201409092334(201409092334)
999,421
2,080,589
6,031,281
1,069,698
1,148,208

201409092335(201409092335)
999,421
2,080,589
6,031,281
1,069,698
1,148,208

201409092336(201409092336)
999,763
2,080,589
6,031,281
1,069,698
1,149,383

201409092337(201409092337)
999,763
2,080,589
6,031,281
1,069,698
1,149,383

201409092339(201409092339)
1,000,516
2,080,589
6,031,281
1,069,698
1,149,585

201409092340(201409092340)
1,000,516
2,080,589
6,031,281
1,069,698
1,149,669

201409092341(201409092341)
1,001,294
2,080,825
6,031,281
1,072,217
1,149,669

201409092342(201409092342)
1,001,294
2,082,739
6,031,281
1,072,217
1,149,669

201409092343(201409092343)
1,001,294
2,082,739
6,031,281
1,072,217
1,150,517

201409092344(201409092344)
1,001,294
2,082,739
6,035,679
1,072,217
1,150,517

201409092345(201409092345)
1,001,294
2,082,739
6,035,679
1,072,217
1,150,517

201409092346(201409092346)
1,001,951
2,082,739
6,035,679
1,072,217
1,150,517

201409092347(201409092347)
1,001,951
2,082,739
6,035,679
1,072,217
1,150,517

201409092349(201409092349)
2,084,318
6,035,679
1,072,642
1,151,252

201409092350(201409092350)
1,002,461
2,084,318
6,035,679
1,072,650
1,151,252

201409092351(201409092351)
1,002,461
2,084,318
6,035,679
1,072,650
1,152,071

201409092352(201409092352)
1,002,461
2,084,318
6,035,679
1,074,016
1,152,071

201409092353(201409092353)
1,002,461
2,084,318
6,035,679
1,074,016
1,152,071

201409092354(201409092354)
1,007,341
2,084,318
6,035,679
1,074,016
1,152,071

201409092355(201409092355)
1,007,341
2,084,318
6,035,679
1,074,016
1,152,610

201409092356(201409092356)
1,007,965
2,084,318
6,035,679
1,076,317
1,152,610

201409092357(201409092357)
1,008,053
2,084,318
6,035,679
1,076,317
1,152,610

201409092359(201409092359)
1,008,165
2,084,318
6,035,679
1,076,317
1,152,610

201409100000(201409100000)
1,010,547
2,091,654
6,035,679
1,076,317
1,152,610

201409100001(201409100001)
1,011,027
2,091,654
6,035,679
1,076,317
1,152,610

201409100002(201409100002)
1,011,405
2,091,654
6,035,679
1,076,317
1,152,610

201409100003(201409100003)
1,011,932
2,091,654
6,035,679
1,076,317
1,152,610

201409100004(201409100004)
1,012,003
2,094,848
6,035,679
1,076,509
1,153,279

201409100005(201409100005)
1,012,786
2,099,774
6,035,679
1,076,551
1,153,882

201409100006(201409100006)
1,012,786
2,099,831
6,035,679
1,076,551
1,153,882

201409100007(201409100007)
1,013,842
2,099,888
6,035,679
1,077,975
1,153,882

201409100009(201409100009)
1,013,842
2,118,516
6,035,679
1,077,975
1,158,695

201409100010(201409100010)
1,013,842
2,118,516
6,035,679
1,077,975
1,158,695

201409100011(201409100011)
1,013,842
2,118,516
6,035,679
1,077,975
1,159,976

201409100012(201409100012)
1,014,473
2,118,516
6,035,679
1,078,464
1,161,736

201409100013(201409100013)
1,014,473
2,118,516
6,035,679
1,078,464
1,162,072

201409100014(201409100014)
1,014,473
2,118,516
6,035,679
1,078,464
1,168,135

201409100015(201409100015)
1,014,473
2,118,516
6,035,679
1,078,464
1,168,780

201409100016(201409100016)
1,015,777
2,118,516
6,035,679
1,078,578
1,168,780

201409100017(201409100017)
1,015,777
2,118,516
6,035,679
1,078,578
1,168,780

201409100019(201409100019)
1,018,256
2,118,516
6,035,679
1,078,649
1,168,780

201409100020(201409100020)
1,018,456
2,118,516
6,035,679
1,078,649
1,168,780

201409100021(201409100021)
1,018,769
2,118,516
6,035,679
1,080,570
1,168,780

201409100022(201409100022)
1,019,016
2,118,516
6,035,679
1,080,570
1,168,780

201409100023(201409100023)
1,019,016
2,118,516
6,035,679
1,080,570
1,171,191

201409100024(201409100024)
1,019,312
2,118,516
6,035,679
1,080,570
1,171,671

201409100025(201409100025)
1,019,312
2,118,516
6,035,679
1,080,625
1,173,246

201409100026(201409100026)
1,019,771
2,118,516
6,035,679
1,081,010
1,173,246

201409100027(201409100027)
1,021,084
2,118,516
6,035,679
1,081,744
1,173,266

201409100029(201409100029)
1,022,036
2,118,587
6,035,679
1,083,284
1,173,266

201409100030(201409100030)
1,022,036
2,118,587
6,035,679
1,086,287
1,173,266

201409100031(201409100031)
1,022,036
2,118,587
6,035,679
1,086,287
1,173,266

201409100032(201409100032)
1,022,911
2,118,587
6,035,679
1,086,377
1,173,266

201409100033(201409100033)
1,022,911
2,118,587
6,035,679
1,087,187
1,173,266

201409100034(201409100034)
1,022,911
2,127,309
6,035,758
1,087,468
1,173,763

201409100035(201409100035)
1,022,911
2,127,309
6,039,819
1,087,468
1,173,763

201409100036(201409100036)
1,023,048
2,127,309
6,044,023
1,088,096
1,174,524

201409100037(201409100037)
1,023,897
2,127,309
6,044,923
1,091,296
1,174,524

201409100039(201409100039)
1,023,897
2,127,309
6,044,923
1,091,296
1,174,524

201409100040(201409100040)
1,023,897
2,127,309
6,044,923
1,091,296
1,174,841

201409100041(201409100041)
1,023,897
2,127,309
6,044,923
1,091,296
1,174,915

201409100042(201409100042)
1,023,897
2,127,309
6,044,923
1,091,296
1,174,993

201409100043(201409100043)
1,023,897
2,127,309
6,044,923
1,091,296
1,174,993

201409100044(201409100044)
1,023,897
2,127,309
6,044,923
1,091,296
1,177,857

201409100045(201409100045)
1,024,415
2,129,633
6,044,923
1,091,471
1,177,857

201409100046(201409100046)
1,024,415
2,129,633
6,044,923
1,092,104
1,177,857

201409100047(201409100047)
1,025,732
2,132,673
6,044,923
1,092,104
1,177,857

201409100049(201409100049)
2,132,673
6,044,923
1,092,104
1,177,857

201409100050(201409100050)
1,025,732
2,132,673
6,044,923
1,092,104
1,177,857

201409100051(201409100051)
1,026,866
2,133,384
6,044,923
1,092,104
1,177,857

201409100052(201409100052)
1,026,866
2,133,384
6,044,923
1,092,104
1,177,857

201409100053(201409100053)
1,026,866
2,133,384
6,044,923
1,092,104
1,177,857

201409100054(201409100054)
1,027,128
2,133,384
6,044,923
1,092,217
1,177,857

201409100055(201409100055)
1,027,617
2,133,384
6,044,923
1,092,217
1,178,038

201409100056(201409100056)
1,029,214
2,133,384
6,044,923
1,094,028
1,178,038

201409100057(201409100057)
1,029,214
2,139,900
6,049,868
1,094,028
1,178,038

201409100059(201409100059)
1,030,170
2,139,900
6,049,868
1,094,193
1,179,192

201409100100(201409100100)
1,030,170
2,139,900
6,049,868
1,094,193
1,179,192

201409100101(201409100101)
1,030,170
2,139,900
6,049,868
1,094,617
1,179,192

201409100102(201409100102)
1,030,170
2,144,243
6,049,868
1,094,617
1,179,192

201409100103(201409100103)
1,030,170
2,144,243
6,049,868
1,094,617
1,179,192

201409100104(201409100104)
1,030,170
2,144,243
6,049,868
1,094,617
1,179,893

201409100105(201409100105)
1,030,170
2,144,243
6,049,868
1,094,617
1,183,541

201409100106(201409100106)
1,030,170
2,146,277
6,049,868
1,094,617
1,185,563

201409100107(201409100107)
1,030,170
2,146,277
6,049,868
1,094,617
1,185,563

201409100109(201409100109)
1,030,170
2,146,277
6,049,868
1,094,617
1,185,563

201409100110(201409100110)
1,030,217
2,146,277
6,049,868
1,094,617
1,185,563

201409100111(201409100111)
1,030,217
2,146,277
6,049,868
1,094,617
1,185,563

201409100112(201409100112)
1,030,217
2,146,277
6,049,868
1,094,659
1,185,563

201409100113(201409100113)
1,030,217
2,146,277
6,049,868
1,094,659
1,185,563

201409100114(201409100114)
1,030,217
2,148,754
6,064,604
1,095,507
1,185,563

201409100115(201409100115)
1,031,966
2,148,754
6,064,604
1,095,507
1,185,919

201409100116(201409100116)
1,032,881
2,148,754
6,064,604
1,095,507
1,185,919

201409100117(201409100117)
1,032,881
2,148,754
6,064,604
1,095,507
1,185,919

201409100119(201409100119)
2,148,754
6,064,604
1,095,868
1,185,919

201409100120(201409100120)
1,033,119
2,148,754
6,064,604
1,095,868
1,185,919

201409100121(201409100121)
1,033,119
2,148,754
6,064,604
1,095,868
1,185,919

201409100122(201409100122)
1,033,119
2,148,754
6,064,604
1,095,868
1,185,919

201409100123(201409100123)
1,033,119
2,148,754
6,064,604
1,095,868
1,185,919

201409100124(201409100124)
1,033,383
2,148,754
6,064,604
1,096,541
1,187,501

201409100125(201409100125)
1,033,383
2,148,754
6,064,604
1,096,541
1,187,501

201409100126(201409100126)
1,033,383
2,148,754
6,064,604
1,096,541
1,187,501

201409100127(201409100127)
1,033,383
2,148,806
6,064,604
1,096,541
1,187,501

201409100129(201409100129)
1,034,979
2,148,806
6,064,604
1,097,259
1,187,501

201409100130(201409100130)
1,035,011
2,151,642
6,064,604
1,097,259
1,187,501

201409100131(201409100131)
1,035,011
2,151,746
6,064,604
1,097,259
1,187,501

201409100132(201409100132)
1,035,487
2,151,746
6,064,604
1,097,340
1,187,526

201409100133(201409100133)
1,035,487
2,151,746
6,064,604
1,097,340
1,187,526

201409100134(201409100134)
1,035,487
2,151,746
6,064,604
1,097,340
1,187,526

201409100135(201409100135)
1,037,258
2,151,746
6,064,604
1,097,340
1,187,526

201409100136(201409100136)
1,037,258
2,151,746
6,064,604
1,097,340
1,187,526

201409100137(201409100137)
1,037,258
2,151,746
6,064,604
1,097,340
1,187,526

201409100139(201409100139)
1,037,258
2,151,746
6,064,604
1,097,340
1,187,526

201409100140(201409100140)
1,037,258
2,155,592
6,064,604
1,097,340
1,187,526

201409100141(201409100141)
1,037,317
2,155,592
6,064,604
1,098,368
1,187,526

201409100142(201409100142)
1,037,317
2,155,592
6,064,604
1,098,368
1,188,617

201409100143(201409100143)
1,037,317
2,155,592
6,064,604
1,098,368
1,188,617

201409100144(201409100144)
1,037,317
2,155,592
6,064,604
1,098,368
1,188,617

201409100145(201409100145)
1,038,286
2,155,592
6,064,604
1,098,368
1,188,617

201409100146(201409100146)
1,038,286
2,155,592
6,064,604
1,098,368
1,188,617

201409100147(201409100147)
1,038,286
2,155,592
6,064,604
1,098,368
1,188,617

201409100149(201409100149)
1,038,286
2,161,541
6,064,604
1,098,893
1,188,617

201409100150(201409100150)
1,038,286
2,161,541
6,064,604
1,098,893
1,188,620

201409100151(201409100151)
1,038,367
2,161,541
6,064,604
1,098,893
1,188,720

201409100152(201409100152)
1,038,367
2,161,541
6,064,604
1,098,893
1,188,770

201409100153(201409100153)
1,038,367
2,161,541
6,064,604
1,098,893
1,190,206

201409100154(201409100154)
1,038,367
2,161,541
6,064,604
1,098,893
1,190,206

201409100155(201409100155)
1,038,367
2,161,541
6,064,604
1,099,994
1,190,206

201409100156(201409100156)
1,038,367
2,161,541
6,064,604
1,099,994
1,190,206

201409100157(201409100157)
1,039,869
2,161,541
6,064,604
1,100,875
1,190,206

201409100159(201409100159)
1,039,869
2,161,541
6,064,604
1,100,875
1,190,206

201409100200(201409100200)
1,039,869
2,161,541
6,064,604
1,100,875
1,190,206

201409100201(201409100201)
1,039,869
2,161,541
6,064,604
1,100,875
1,190,206

201409100202(201409100202)
1,039,869
2,161,541
6,064,604
1,100,875
1,190,206

201409100203(201409100203)
1,039,869
2,161,541
6,064,604
1,100,875
1,190,206

201409100204(201409100204)
1,039,869
2,161,541
6,064,604
1,100,967
1,191,097

201409100205(201409100205)
1,039,887
2,161,541
6,064,604
1,100,967
1,191,097

201409100206(201409100206)
1,040,023
2,161,541
6,064,604
1,100,967
1,191,097

201409100207(201409100207)
1,040,023
2,161,541
6,064,604
1,101,706
1,191,097

201409100209(201409100209)
1,040,023
2,161,600
6,064,604
1,101,706
1,191,097

201409100210(201409100210)
1,040,023
2,161,659
6,064,604
1,101,706
1,191,116

201409100211(201409100211)
1,040,023
2,161,718
6,064,604
1,101,706
1,191,116

201409100212(201409100212)
1,040,023
2,161,718
6,064,604
1,101,706
1,191,116

201409100213(201409100213)
1,040,023
2,161,718
6,064,604
1,101,706
1,191,116

201409100214(201409100214)
1,040,578
2,161,718
6,064,604
1,101,784
1,191,116

201409100215(201409100215)
1,040,578
2,161,718
6,064,604
1,101,784
1,191,116

201409100216(201409100216)
1,041,284
2,166,600
6,064,604
1,102,139
1,193,534

201409100217(201409100217)
1,041,284
2,166,600
6,064,604
1,102,139
1,193,534

201409100219(201409100219)
1,041,284
2,166,600
6,064,604
1,102,139
1,193,534

201409100220(201409100220)
1,041,284
2,166,752
6,064,604
1,102,139
1,193,534

201409100221(201409100221)
1,041,284
2,173,223
6,064,604
1,102,139
1,193,534

201409100222(201409100222)
1,041,284
2,173,223
6,064,604
1,102,139
1,193,534

201409100223(201409100223)
1,041,284
2,173,223
6,064,604
1,102,139
1,193,534

201409100224(201409100224)
1,041,951
2,173,223
6,064,604
1,102,569
1,193,534

201409100225(201409100225)
1,041,951
2,173,223
6,064,604
1,102,569
1,193,534

201409100226(201409100226)
1,041,951
2,173,223
6,064,604
1,102,569
1,193,700

201409100227(201409100227)
1,041,951
2,173,223
6,064,604
1,102,569
1,193,700

201409100229(201409100229)
1,041,951
2,173,223
6,064,604
1,102,569
1,193,852

201409100230(201409100230)
1,041,951
2,173,223
6,064,604
1,102,569
1,193,852

201409100231(201409100231)
1,041,951
2,173,223
6,064,604
1,102,569
1,193,852

201409100232(201409100232)
1,041,951
2,173,223
6,064,604
1,106,707
1,194,669

201409100233(201409100233)
1,041,951
2,173,223
6,064,604
1,107,043
1,194,669

201409100234(201409100234)
1,041,951
2,173,223
6,064,604
1,107,211
1,194,865

201409100235(201409100235)
1,041,951
2,173,223
6,064,604
1,107,331
1,194,865

201409100236(201409100236)
1,041,951
2,173,223
6,064,604
1,107,331
1,194,865

201409100237(201409100237)
1,041,951
2,173,223
6,064,604
1,107,331
1,194,865

201409100239(201409100239)
1,042,874
2,173,223
6,064,604
1,107,331
1,194,865

201409100240(201409100240)
1,042,874
2,173,223
6,064,604
1,107,331
1,194,865

201409100241(201409100241)
1,042,874
2,173,223
6,064,604
1,107,331
1,194,865

201409100242(201409100242)
1,042,874
2,173,223
6,064,604
1,107,331
1,194,865

201409100243(201409100243)
1,042,874
2,173,223
6,064,604
1,107,331
1,194,865

201409100244(201409100244)
1,042,874
2,173,223
6,064,604
1,107,331
1,194,865

201409100245(201409100245)
1,042,874
2,173,223
6,064,604
1,107,331
1,194,865

201409100246(201409100246)
1,042,874
2,175,228
6,064,604
1,107,331
1,194,865

201409100247(201409100247)
1,042,874
2,175,228
6,064,604
1,107,331
1,194,865

201409100249(201409100249)
1,042,874
2,175,228
6,064,604
1,107,331
1,194,865

201409100250(201409100250)
1,042,874
2,175,228
6,064,604
1,107,331
1,197,591

201409100251(201409100251)
1,042,874
2,175,228
6,064,604
1,107,331
1,197,591

201409100252(201409100252)
1,042,874
2,175,228
6,064,828
1,107,331
1,197,591

201409100253(201409100253)
1,042,874
2,175,228
6,173,023
1,107,331
1,197,591

201409100254(201409100254)
1,042,874
2,175,228
6,173,023
1,107,331
1,197,591

201409100255(201409100255)
1,042,874
2,175,228
6,173,023
1,107,331
1,197,591

201409100256(201409100256)
1,042,874
2,175,228
6,173,023
1,107,454
1,197,591

201409100257(201409100257)
1,043,155
2,175,228
6,173,023
1,107,491
1,197,591

201409100259(201409100259)
1,043,155
2,175,228
6,173,023
1,107,491
1,197,591

201409100300(201409100300)
1,043,155
2,175,228
6,173,023
1,107,491
1,197,591

201409100301(201409100301)
1,043,155
2,175,228
6,173,023
1,107,491
1,197,591

201409100302(201409100302)
1,043,155
2,185,168
6,173,023
1,107,491
1,197,591

201409100303(201409100303)
1,043,155
2,185,168
6,173,023
1,107,491
1,197,591

201409100304(201409100304)
1,043,155
2,185,168
6,173,023
1,107,491
1,197,591

201409100305(201409100305)
1,043,155
2,185,168
6,173,023
1,107,491
1,197,591

201409100306(201409100306)
1,043,155
2,185,168
6,173,023
1,107,491
1,197,591

201409100307(201409100307)
1,043,155
2,185,168
6,173,023
1,107,491
1,197,591

201409100309(201409100309)
1,043,172
2,185,168
6,173,023
1,107,910
1,197,591

201409100310(201409100310)
1,043,172
2,187,436
6,173,023
1,107,910
1,197,591

201409100311(201409100311)
1,043,172
2,187,436
6,173,023
1,107,910
1,197,591

201409100312(201409100312)
1,043,172
2,187,436
6,173,023
1,107,910
1,197,591

201409100313(201409100313)
1,043,172
2,187,436
6,173,023
1,107,910
1,197,591

201409100314(201409100314)
1,043,172
2,187,436
6,173,023
1,107,910
1,197,591

201409100315(201409100315)
1,043,172
2,187,436
6,173,023
1,107,910
1,197,591

201409100316(201409100316)
1,043,654
2,187,436
6,173,023
1,107,910
1,197,591

201409100317(201409100317)
1,043,654
2,187,436
6,173,023
1,107,910
1,197,591

201409100319(201409100319)
2,187,548
6,173,023
1,107,910
1,197,591

201409100320(201409100320)
1,043,654
2,187,772
6,173,023
1,107,910
1,197,591

201409100321(201409100321)
1,043,654
2,187,940
6,173,023
1,107,910
1,197,977

201409100322(201409100322)
1,044,318
2,187,940
6,173,023
1,107,910
1,197,977

201409100323(201409100323)
1,044,426
2,187,940
6,173,023
1,107,910
1,197,977

201409100324(201409100324)
1,044,610
2,190,752
6,173,023
1,107,910
1,197,977

201409100325(201409100325)
1,044,610
2,190,976
6,173,023
1,107,910
1,197,977

201409100326(201409100326)
1,044,610
2,191,144
6,173,023
1,107,910
1,197,977

201409100327(201409100327)
1,044,610
2,193,958
6,173,023
1,107,910
1,198,091

201409100329(201409100329)
1,044,610
2,194,743
6,173,023
1,107,910
1,198,091

201409100330(201409100330)
1,044,610
2,196,021
6,173,023
1,107,910
1,198,091

201409100331(201409100331)
1,044,610
2,196,021
6,173,023
1,107,910
1,198,091

201409100332(201409100332)
1,044,610
2,196,021
6,173,023
1,107,910
1,198,091

201409100333(201409100333)
1,044,610
2,196,021
6,173,023
1,107,910
1,198,091

201409100334(201409100334)
1,044,610
2,196,021
6,173,023
1,107,910
1,198,091

201409100335(201409100335)
1,044,610
2,196,021
6,173,023
1,107,910
1,198,815

201409100336(201409100336)
1,044,610
2,196,021
6,173,023
1,107,910
1,198,815

201409100337(201409100337)
1,044,610
2,196,021
6,173,023
1,108,309
1,198,815

201409100339(201409100339)
6,173,023
1,108,826
1,198,815

201409100340(201409100340)
1,044,610
2,196,021
6,173,023
1,108,826
1,198,815

201409100341(201409100341)
1,044,610
2,196,021
6,173,023
1,108,826
1,198,815

201409100342(201409100342)
1,044,610
2,196,021
6,173,023
1,108,826
1,198,815

201409100343(201409100343)
1,044,610
2,196,021
6,173,023
1,108,826
1,198,815

201409100344(201409100344)
1,044,940
2,196,021
6,173,023
1,110,267
1,198,815

201409100345(201409100345)
1,044,940
2,196,021
6,173,023
1,110,267
1,198,815

201409100346(201409100346)
1,044,940
2,196,021
6,173,023
1,110,267
1,198,815

201409100347(201409100347)
1,044,940
2,196,021
6,173,023
1,110,267
1,198,815

201409100349(201409100349)
1,044,940
2,196,021
6,173,023
1,110,267
1,198,815

201409100350(201409100350)
1,044,940
2,196,021
6,173,023
1,110,267
1,198,815

201409100351(201409100351)
1,044,940
2,196,021
6,173,023
1,110,267
1,202,082

201409100352(201409100352)
1,044,940
2,196,021
6,173,023
1,110,267
1,202,082

201409100353(201409100353)
1,044,940
2,196,021
6,173,023
1,110,267
1,202,082

201409100354(201409100354)
1,044,940
2,196,021
6,173,023
1,110,267
1,202,082

201409100355(201409100355)
1,044,940
2,196,021
6,173,023
1,110,267
1,202,082

201409100356(201409100356)
1,044,940
2,196,021
6,173,023
1,110,267
1,202,082

201409100357(201409100357)
1,044,940
2,196,845
6,173,023
1,110,267
1,202,085

201409100359(201409100359)
1,044,940
2,196,845
6,173,023
1,110,267
1,202,085

201409100400(201409100400)
1,044,940
2,196,845
6,173,023
1,110,267
1,202,085

201409100401(201409100401)
1,045,907
2,196,845
6,173,023
1,110,514
1,202,085

201409100402(201409100402)
1,045,907
2,196,845
6,173,023
1,110,514
1,202,085

201409100403(201409100403)
1,045,907
2,196,845
6,173,023
1,110,514
1,202,085

201409100404(201409100404)
1,045,907
2,196,845
6,173,023
1,110,514
1,202,085

201409100405(201409100405)
1,045,907
2,196,845
6,173,023
1,110,514
1,202,085

201409100406(201409100406)
1,045,907
2,196,845
6,173,023
1,110,514
1,202,085

201409100407(201409100407)
1,045,907
2,196,845
6,173,023
1,110,514
1,202,085

201409100409(201409100409)
2,196,845
6,173,023
1,110,916
1,202,085

201409100410(201409100410)
1,046,185
2,196,845
6,173,023
1,110,916
1,202,085

201409100411(201409100411)
1,046,185
2,197,615
6,173,023
1,110,916
1,202,085

201409100412(201409100412)
1,046,185
2,197,615
6,173,023
1,111,516
1,202,085

201409100413(201409100413)
1,046,185
2,197,615
6,173,023
1,111,681
1,202,309

201409100414(201409100414)
1,046,185
2,197,615
6,173,023
1,112,228
1,202,309

201409100415(201409100415)
1,046,185
2,197,615
6,173,023
1,112,228
1,202,309

201409100416(201409100416)
1,046,185
2,197,615
6,173,023
1,112,228
1,202,309

201409100417(201409100417)
1,046,185
2,197,615
6,173,023
1,112,228
1,202,309

201409100419(201409100419)
1,046,185
2,197,615
6,173,023
1,112,228
1,202,309

201409100420(201409100420)
1,046,185
2,197,615
6,173,023
1,112,228
1,202,309

201409100421(201409100421)
1,046,185
2,197,615
6,173,023
1,112,228
1,202,309

201409100422(201409100422)
1,046,185
2,197,615
6,173,023
1,112,228
1,202,309

201409100423(201409100423)
1,046,185
2,197,615
6,173,023
1,112,228
1,202,309

201409100424(201409100424)
1,046,185
2,197,615
6,173,023
1,112,228
1,202,309

201409100425(201409100425)
1,046,185
2,199,442
6,173,023
1,112,228
1,202,309

201409100426(201409100426)
1,046,185
2,199,442
6,173,023
1,112,228
1,202,309

201409100427(201409100427)
1,046,185
2,199,442
6,173,023
1,112,228
1,202,309

201409100429(201409100429)
1,046,185
2,199,442
6,173,023
1,112,228
1,202,309

201409100430(201409100430)
1,046,185
2,199,442
6,173,023
1,112,228
1,202,309

201409100431(201409100431)
1,046,185
2,201,980
6,173,023
1,112,228
1,202,309

201409100432(201409100432)
1,046,185
2,201,980
6,173,023
1,112,228
1,202,309

201409100433(201409100433)
1,046,185
2,201,980
6,173,023
1,112,228
1,202,309

201409100434(201409100434)
1,046,185
2,201,980
6,173,023
1,112,228
1,202,309

201409100435(201409100435)
1,046,185
2,201,980
6,173,023
1,112,228
1,202,309

201409100436(201409100436)
1,046,185
2,201,980
6,173,023
1,112,228
1,202,309

201409100437(201409100437)
1,046,185
2,201,980
6,173,023
1,112,228
1,202,309

201409100439(201409100439)
1,112,228
1,112,228

201409100440(201409100440)
1,046,185
2,201,980
6,173,023
1,112,228
1,202,309

201409100441(201409100441)
1,046,185
2,201,980
6,173,023
1,112,228
1,202,309

201409100442(201409100442)
1,046,185
2,201,980
6,173,023
1,112,228
1,202,309

201409100443(201409100443)
1,046,289
2,201,980
6,207,213
1,113,402
1,202,309

201409100444(201409100444)
1,046,289
2,201,980
6,207,213
1,113,402
1,202,309

201409100445(201409100445)
1,046,289
2,201,980
6,207,213
1,113,402
1,202,309

201409100446(201409100446)
1,046,289
2,201,980
6,207,213
1,113,402
1,202,309

201409100447(201409100447)
1,046,301
2,201,980
6,243,478
1,113,402
1,202,309

201409100449(201409100449)
1,046,301
2,201,980
6,243,478
1,113,402
1,202,309

201409100450(201409100450)
1,046,301
2,201,980
6,243,478
1,113,402
1,202,309

201409100451(201409100451)
1,046,301
2,201,980
6,243,478
1,113,402
1,202,317

201409100452(201409100452)
1,046,301
2,201,980
6,243,478
1,113,402
1,202,317

201409100453(201409100453)
1,046,301
2,201,980
6,243,478
1,113,402
1,202,317

201409100454(201409100454)
1,046,301
2,201,980
6,243,478
1,113,402
1,202,317

201409100455(201409100455)
1,046,301
2,201,980
6,243,478
1,113,402
1,202,317

201409100456(201409100456)
1,046,301
2,201,980
6,243,478
1,113,402
1,202,317

201409100457(201409100457)
1,046,301
2,201,980
6,243,478
1,113,402
1,202,317

201409100459(201409100459)
1,046,301
2,201,980
6,243,478
1,113,402
1,202,317

201409100500(201409100500)
1,046,301
2,201,980
6,243,478
1,113,402
1,202,317

201409100501(201409100501)
1,046,301
2,201,980
6,243,478
1,113,402
1,202,317

201409100502(201409100502)
1,046,301
2,201,980
6,243,478
1,113,402
1,202,317

201409100503(201409100503)
1,046,301
2,201,980
6,243,478
1,113,402
1,202,317

201409100504(201409100504)
1,046,301
2,201,980
6,243,478
1,113,402
1,202,317

201409100505(201409100505)
1,046,301
2,201,980
6,243,478
1,113,402
1,202,317

201409100506(201409100506)
1,046,301
2,201,980
6,243,478
1,113,402
1,202,317

201409100507(201409100507)
1,046,301
2,201,980
6,243,478
1,113,402
1,202,317

201409100509(201409100509)
2,201,980
6,243,478
1,113,402
1,202,317

201409100510(201409100510)
1,046,301
2,201,980
6,243,478
1,113,402
1,202,317

201409100511(201409100511)
1,046,301
2,201,980
6,243,478
1,113,402
1,202,317

201409100512(201409100512)
1,046,301
2,201,980
6,243,478
1,113,402
1,202,317

201409100513(201409100513)
1,046,301
2,201,980
6,243,478
1,113,402
1,202,317

201409100514(201409100514)
1,046,301
2,201,980
6,243,478
1,113,402
1,202,317

201409100515(201409100515)
1,046,301
2,201,980
6,243,478
1,113,402
1,202,317

201409100516(201409100516)
1,046,301
2,202,357
6,243,478
1,113,402
1,202,317

201409100517(201409100517)
1,046,301
2,202,357
6,243,478
1,113,402
1,202,317

201409100519(201409100519)
1,202,317

201409100520(201409100520)
1,046,301
2,202,357
6,243,478
1,113,402
1,202,317

201409100521(201409100521)
1,046,301
2,202,648
6,243,478
1,113,402
1,202,317

201409100522(201409100522)
1,046,301
2,202,648
6,243,478
1,113,402
1,202,317

201409100523(201409100523)
1,046,301
2,202,648
6,243,478
1,113,402
1,202,317

201409100524(201409100524)
1,046,301
2,202,648
6,243,478
1,113,402
1,202,317

201409100525(201409100525)
1,046,798
2,202,648
6,243,478
1,113,402
1,202,317

201409100526(201409100526)
1,046,798
2,202,648
6,243,478
1,113,402
1,202,317

201409100527(201409100527)
1,046,798
2,202,648
6,243,478
1,113,402
1,202,317

201409100529(201409100529)
1,046,798
2,202,648
6,243,478
1,113,402
1,202,317

201409100530(201409100530)
1,046,798
2,202,648
6,243,478
1,113,402
1,202,317

201409100531(201409100531)
1,046,798
2,202,648
6,243,478
1,113,402
1,202,317

201409100532(201409100532)
1,046,871
2,202,648
6,243,478
1,114,752
1,202,317

201409100533(201409100533)
1,047,068
2,202,648
6,243,478
1,115,411
1,202,317

201409100534(201409100534)
1,047,068
2,202,648
6,243,478
1,115,411
1,203,994

201409100535(201409100535)
1,047,068
2,202,648
6,243,478
1,115,411
1,204,340

201409100536(201409100536)
1,047,068
2,202,648
6,243,478
1,115,411
1,204,340

201409100537(201409100537)
1,047,068
2,202,648
6,243,478
1,115,411
1,204,340

201409100539(201409100539)
1,047,068
2,202,648
6,243,478
1,115,411
1,204,340

201409100540(201409100540)
1,047,068
2,202,648
6,243,478
1,115,411
1,204,340

201409100541(201409100541)
1,047,068
2,202,648
6,243,478
1,115,411
1,204,340

201409100542(201409100542)
1,047,068
2,202,648
6,243,478
1,115,411
1,207,647

201409100543(201409100543)
1,047,068
2,203,775
6,243,478
1,115,411
1,207,647

201409100544(201409100544)
1,047,068
2,203,775
6,243,478
1,115,411
1,207,647

201409100545(201409100545)
1,047,068
2,203,775
6,243,478
1,115,411
1,207,647

201409100546(201409100546)
1,047,068
2,203,775
6,243,478
1,115,411
1,207,647

201409100547(201409100547)
1,047,068
2,203,775
6,243,478
1,115,411
1,207,647

201409100549(201409100549)
1,047,068
2,203,775
6,243,478
1,115,411
1,207,647

201409100550(201409100550)
1,047,068
2,203,775
6,243,478
1,115,411
1,207,647

201409100551(201409100551)
1,047,068
2,203,775
6,243,478
1,115,411
1,207,647

201409100552(201409100552)
1,047,182
2,203,775
6,243,478
1,116,588
1,207,647

201409100553(201409100553)
1,047,182
2,203,775
6,243,478
1,116,588
1,208,635

201409100554(201409100554)
1,047,182
2,203,775
6,243,478
1,116,588
1,208,635

201409100555(201409100555)
1,047,182
2,207,106
6,243,478
1,116,588
1,208,635

201409100556(201409100556)
1,047,182
2,207,746
6,243,478
1,116,588
1,208,635

201409100557(201409100557)
1,047,182
2,209,853
6,243,478
1,116,622
1,208,635

201409100559(201409100559)
1,047,182
2,209,853
6,243,478
1,116,622
1,208,635

201409100600(201409100600)
1,047,182
2,209,853
6,243,478
1,116,622
1,208,635

201409100601(201409100601)
1,047,182
2,209,853
6,243,478
1,117,932
1,208,635

201409100602(201409100602)
1,047,182
2,209,853
6,243,478
1,117,932
1,208,635

201409100603(201409100603)
1,047,182
2,209,853
6,243,478
1,117,932
1,208,635

201409100604(201409100604)
1,047,182
2,209,853
6,243,478
1,119,087
1,208,635

201409100605(201409100605)
1,047,182
2,209,853
6,243,478
1,119,087
1,208,635

201409100606(201409100606)
1,047,182
2,209,853
6,243,478
1,119,087
1,208,635

201409100607(201409100607)
1,047,182
2,209,853
6,243,478
1,119,087
1,208,635

201409100609(201409100609)
1,047,182
2,209,853
6,243,478
1,119,107
1,208,635

201409100610(201409100610)
1,047,182
2,209,853
6,243,478
1,119,107
1,213,140

201409100611(201409100611)
1,047,182
2,209,853
6,243,478
1,119,107
1,213,140

201409100612(201409100612)
1,047,182
2,209,853
6,243,478
1,119,107
1,213,140

201409100613(201409100613)
1,047,182
2,209,853
6,243,478
1,119,107
1,213,140

201409100614(201409100614)
1,047,182
2,209,853
6,243,478
1,119,107
1,213,140

201409100615(201409100615)
1,047,182
2,209,853
6,243,478
1,119,107
1,213,140

201409100616(201409100616)
1,047,182
2,211,092
6,243,478
1,119,107
1,213,140

201409100617(201409100617)
1,047,182
2,211,092
6,243,478
1,119,107
1,213,140

201409100619(201409100619)
1,047,182
2,211,092
6,243,478
1,119,107
1,213,140

201409100620(201409100620)
1,047,182
2,211,092
6,243,478
1,119,107
1,213,453

201409100621(201409100621)
1,047,182
2,211,092
6,243,478
1,119,107
1,213,453

201409100622(201409100622)
1,047,182
2,211,092
6,243,478
1,119,107
1,213,453

201409100623(201409100623)
1,047,182
2,211,092
6,243,478
1,119,107
1,213,453

201409100624(201409100624)
1,047,182
2,211,092
6,243,478
1,119,107
1,213,453

201409100625(201409100625)
1,047,182
2,211,092
6,243,478
1,119,107
1,213,453

201409100626(201409100626)
1,047,182
2,211,092
6,243,478
1,119,107
1,213,453

201409100627(201409100627)
1,048,150
2,211,092
6,243,478
1,119,107
1,213,453

201409100629(201409100629)
1,048,150
2,211,092
6,243,478
1,119,107
1,213,453

201409100630(201409100630)
1,049,046
2,211,146
6,243,478
1,120,671
1,214,323

201409100631(201409100631)
1,049,046
2,211,254
6,243,478
1,120,671
1,214,323

201409100632(201409100632)
1,049,337
2,211,254
6,243,478
1,120,671
1,214,323

201409100633(201409100633)
1,049,337
2,211,254
6,243,478
1,120,671
1,214,323

201409100634(201409100634)
1,049,337
2,213,814
6,243,478
1,120,671
1,214,323

201409100635(201409100635)
1,049,337
2,213,814
6,243,478
1,120,671
1,214,323

201409100636(201409100636)
1,050,399
2,213,814
6,243,478
1,120,671
1,214,323

201409100637(201409100637)
1,050,399
2,213,814
6,243,478
1,120,671
1,214,323

201409100639(201409100639)
1,050,399
2,213,814
6,243,478
1,120,671
1,214,323

201409100640(201409100640)
1,051,814
2,213,814
6,243,478
1,120,671
1,214,323

201409100641(201409100641)
1,051,814
2,213,814
6,243,478
1,120,671
1,214,323

201409100642(201409100642)
1,051,814
2,213,814
6,243,478
1,120,671
1,214,323

201409100643(201409100643)
1,052,395
2,213,814
6,243,478
1,120,671
1,214,323

201409100644(201409100644)
1,052,395
2,213,814
6,243,478
1,121,464
1,214,323

201409100645(201409100645)
1,052,395
2,213,814
6,243,478
1,121,464
1,214,572

201409100646(201409100646)
1,052,395
2,213,814
6,243,478
1,121,464
1,214,825

201409100647(201409100647)
1,052,395
2,213,814
6,243,478
1,121,464
1,214,825

201409100649(201409100649)
1,052,395
2,213,814
6,243,478
1,121,464
1,214,929

201409100650(201409100650)
1,054,961
2,213,814
6,243,478
1,122,077
1,214,929

201409100651(201409100651)
1,055,380
2,213,814
6,243,478
1,122,077
1,214,929

201409100652(201409100652)
1,055,380
2,213,814
6,243,478
1,122,077
1,216,895

201409100653(201409100653)
1,055,380
2,213,814
6,243,478
1,122,077
1,216,895

201409100654(201409100654)
1,055,972
2,213,814
6,243,478
1,123,350
1,217,058

201409100655(201409100655)
1,055,972
2,213,814
6,243,478
1,123,350
1,220,978

201409100656(201409100656)
1,055,972
2,213,814
6,243,478
1,123,350
1,220,978

201409100657(201409100657)
1,056,009
2,213,814
6,243,478
1,123,350
1,220,978

201409100659(201409100659)
1,056,009
2,213,814
6,243,478
1,123,350
1,220,978

201409100700(201409100700)
1,056,009
2,213,906
6,243,478
1,123,350
1,220,978

201409100701(201409100701)
1,056,009
2,213,906
6,243,478
1,123,350
1,222,285

201409100702(201409100702)
1,056,009
2,213,906
6,243,478
1,123,350
1,222,285

201409100703(201409100703)
1,056,009
2,213,906
6,243,478
1,123,350
1,222,285

201409100704(201409100704)
1,056,009
2,213,906
6,243,478
1,123,350
1,222,285

201409100705(201409100705)
1,056,225
2,213,906
6,243,478
1,123,526
1,222,285

201409100706(201409100706)
1,056,225
2,213,906
6,243,478
1,123,750
1,222,285

201409100707(201409100707)
1,056,248
2,213,906
6,243,478
1,125,481
1,222,285

201409100709(201409100709)
1,056,248
2,213,906
6,243,478
1,125,481
1,222,285

201409100710(201409100710)
1,056,248
2,215,055
6,243,478
1,125,481
1,222,285

201409100711(201409100711)
1,056,248
2,215,055
6,243,478
1,126,174
1,222,285

201409100712(201409100712)
1,056,248
2,215,055
6,243,478
1,126,174
1,222,285

201409100713(201409100713)
1,056,248
2,216,643
6,243,478
1,126,174
1,222,285

201409100714(201409100714)
1,056,248
2,216,643
6,243,478
1,126,517
1,222,285

201409100715(201409100715)
1,056,248
2,216,643
6,243,478
1,126,517
1,222,285

201409100716(201409100716)
1,057,994
2,216,643
6,243,478
1,126,555
1,222,285

201409100717(201409100717)
1,058,151
2,216,643
6,243,478
1,126,555
1,222,285

201409100719(201409100719)
1,058,798
2,216,643
6,243,478
1,127,152
1,222,285

201409100720(201409100720)
1,058,798
2,220,505
6,243,478
1,127,190
1,222,285

201409100721(201409100721)
1,058,798
2,220,505
6,243,478
1,127,190
1,222,285

201409100722(201409100722)
1,058,798
2,220,505
6,243,478
1,129,920
1,222,285

201409100723(201409100723)
1,058,798
2,220,505
6,243,478
1,129,920
1,222,285

201409100724(201409100724)
1,058,798
2,220,505
6,243,478
1,129,920
1,222,285

201409100725(201409100725)
1,058,798
2,220,505
6,243,478
1,129,920
1,222,330

201409100726(201409100726)
1,058,798
2,220,505
6,243,478
1,129,920
1,222,629

201409100727(201409100727)
1,058,798
2,220,505
6,243,478
1,129,920
1,222,629

201409100729(201409100729)
1,058,798
2,220,505
6,243,478
1,129,920
1,222,629

201409100730(201409100730)
1,058,938
2,220,505
6,243,478
1,129,920
1,222,629

201409100731(201409100731)
1,060,750
2,231,859
6,243,478
1,129,920
1,222,629

201409100732(201409100732)
1,060,923
2,231,859
6,243,478
1,129,920
1,222,629

201409100733(201409100733)
1,060,923
2,231,859
6,243,478
1,129,920
1,222,629

201409100734(201409100734)
1,060,923
2,231,859
6,243,478
1,129,920
1,222,629

201409100735(201409100735)
1,060,923
2,231,859
6,243,478
1,129,920
1,222,675

201409100736(201409100736)
1,061,153
2,231,859
6,243,478
1,129,920
1,222,675

201409100737(201409100737)
1,061,153
2,231,859
6,243,478
1,129,920
1,222,675

201409100739(201409100739)
1,061,153
2,231,859
6,243,478
1,130,138
1,222,810

201409100740(201409100740)
1,061,153
2,231,859
6,243,478
1,130,138
1,222,810

201409100741(201409100741)
1,061,153
2,231,859
6,243,478
1,130,138
1,222,810

201409100742(201409100742)
1,061,225
2,231,859
6,243,478
1,130,176
1,222,810

201409100743(201409100743)
1,061,225
2,231,859
6,243,478
1,130,486
1,222,810

201409100744(201409100744)
1,061,225
2,231,859
6,243,478
1,130,486
1,222,810

201409100745(201409100745)
1,061,225
2,231,859
6,243,478
1,130,486
1,222,810

201409100746(201409100746)
1,061,225
2,231,859
6,243,478
1,130,486
1,222,810

201409100747(201409100747)
1,061,225
2,231,859
6,243,478
1,130,486
1,224,707

201409100749(201409100749)
1,061,225
2,231,859
6,243,478
1,130,486
1,224,707

201409100750(201409100750)
1,063,351
2,231,859
6,251,174
1,130,486
1,228,563

201409100751(201409100751)
1,063,569
2,231,859
6,251,174
1,130,486
1,228,563

201409100752(201409100752)
1,063,569
2,231,859
6,251,174
1,132,513
1,230,148

201409100753(201409100753)
1,063,569
2,231,859
6,251,228
1,132,513
1,230,148

201409100754(201409100754)
1,063,569
2,232,498
6,251,228
1,132,513
1,230,148

201409100755(201409100755)
1,063,569
2,233,516
6,251,228
1,132,513
1,230,148

201409100756(201409100756)
1,063,569
2,233,516
6,251,228
1,132,513
1,230,148

201409100757(201409100757)
1,063,569
2,233,516
6,251,228
1,133,592
1,230,148

201409100759(201409100759)
1,063,907
2,233,516
6,251,228
1,133,592
1,230,148

201409100800(201409100800)
1,064,018
2,233,516
6,251,228
1,133,592
1,235,242

201409100801(201409100801)
1,064,122
2,233,516
6,251,228
1,133,592
1,235,242

201409100802(201409100802)
1,064,122
2,233,516
6,251,228
1,133,592
1,235,242

201409100803(201409100803)
1,064,122
2,233,516
6,251,228
1,133,592
1,235,242

201409100804(201409100804)
1,064,122
2,233,516
6,251,228
1,133,592
1,235,242

201409100805(201409100805)
1,064,122
2,233,516
6,251,228
1,133,670
1,235,242

201409100806(201409100806)
1,064,167
2,233,516
6,251,228
1,133,799
1,235,302

201409100807(201409100807)
1,064,167
2,233,516
6,251,228
1,133,799
1,235,302

201409100809(201409100809)
1,064,167
2,233,516
6,251,228
1,133,799
1,235,756

201409100810(201409100810)
1,064,167
2,236,646
6,251,228
1,133,799
1,235,756

201409100811(201409100811)
1,064,167
2,236,646
6,251,228
1,133,799
1,235,756

201409100812(201409100812)
1,064,167
2,236,646
6,251,228
1,133,799
1,235,756

201409100813(201409100813)
1,064,167
2,236,646
6,251,228
1,133,799
1,235,756

201409100814(201409100814)
1,064,167
2,236,646
6,251,228
1,133,799
1,235,756

201409100815(201409100815)
1,064,167
2,236,646
6,251,228
1,133,799
1,235,756

201409100816(201409100816)
1,064,167
2,236,646
6,251,228
1,133,799
1,235,888

201409100817(201409100817)
1,066,526
2,236,793
6,251,228
1,134,352
1,235,888

201409100819(201409100819)
1,066,771
2,243,047
6,251,228
1,136,461
1,236,986

201409100820(201409100820)
1,066,771
2,243,047
6,251,228
1,136,461
1,236,986

201409100821(201409100821)
1,066,771
2,243,047
6,251,228
1,136,461
1,236,986

201409100822(201409100822)
1,067,427
2,243,047
6,251,228
1,136,461
1,236,986

201409100823(201409100823)
1,067,427
2,243,047
6,251,228
1,136,461
1,236,986

201409100824(201409100824)
1,067,427
2,243,047
6,262,931
1,136,461
1,236,986

201409100825(201409100825)
1,067,427
2,243,047
6,262,931
1,136,461
1,236,986

201409100826(201409100826)
1,067,427
2,243,047
6,262,931
1,136,461
1,236,986

201409100827(201409100827)
1,067,427
2,243,047
6,262,931
1,137,955
1,236,986

201409100829(201409100829)
1,067,427
2,243,047
6,262,931
1,137,955
1,237,309

201409100830(201409100830)
1,067,427
2,243,047
6,262,931
1,137,955
1,237,309

201409100831(201409100831)
1,067,427
2,243,047
6,262,931
1,137,955
1,237,309

201409100832(201409100832)
1,067,427
2,243,047
6,262,931
1,137,955
1,237,309

201409100833(201409100833)
1,067,427
2,243,047
6,262,931
1,137,955
1,237,309

201409100834(201409100834)
1,067,427
2,243,047
6,262,931
1,137,955
1,237,309

201409100835(201409100835)
1,067,427
2,243,047
6,262,931
1,137,955
1,237,309

201409100836(201409100836)
1,067,427
2,243,047
6,262,931
1,137,955
1,237,309

201409100837(201409100837)
1,067,427
2,243,047
6,262,931
1,137,955
1,237,309

201409100839(201409100839)
1,068,678
2,243,047
6,262,931
1,137,955
1,237,309

201409100840(201409100840)
1,069,698
2,243,047
6,262,931
1,137,955
1,237,309

201409100841(201409100841)
1,069,698
2,243,047
6,262,931
1,137,955
1,237,309

201409100842(201409100842)
1,069,698
2,243,047
6,262,931
1,137,955
1,237,309

201409100843(201409100843)
1,069,698
2,243,047
6,262,931
1,137,955
1,237,309

201409100844(201409100844)
1,069,698
2,243,047
6,262,931
1,137,955
1,237,309

201409100845(201409100845)
1,069,698
2,243,047
6,262,931
1,137,955
1,237,309

201409100846(201409100846)
1,069,698
2,243,047
6,262,931
1,137,955
1,237,309

201409100847(201409100847)
1,069,698
2,243,047
6,262,931
1,138,719
1,237,309

201409100849(201409100849)
1,069,698
2,243,047
6,262,931
1,138,719
1,237,309

201409100850(201409100850)
1,069,698
2,243,047
6,262,931
1,138,719
1,237,309

201409100851(201409100851)
1,069,698
2,243,047
6,262,931
1,138,719
1,239,811

201409100852(201409100852)
1,069,698
2,243,047
6,262,931
1,138,719
1,239,811

201409100853(201409100853)
1,069,698
2,243,047
6,262,931
1,138,719
1,239,811

201409100854(201409100854)
1,070,195
2,243,047
6,262,931
1,138,719
1,239,811

201409100855(201409100855)
1,070,195
2,243,047
6,262,931
1,138,719
1,239,811

201409100856(201409100856)
1,070,195
2,243,047
6,262,931
1,138,719
1,239,811

201409100857(201409100857)
1,070,195
2,243,047
6,262,931
1,138,719
1,239,811

201409100859(201409100859)
1,070,195
2,243,047
6,262,931
1,138,719
1,239,811

201409100900(201409100900)
1,070,195
2,243,047
6,262,931
1,138,719
1,239,811

201409100901(201409100901)
1,070,195
2,243,047
6,262,931
1,138,719
1,239,811

201409100902(201409100902)
1,070,195
2,243,047
6,262,931
1,138,719
1,241,021

201409100903(201409100903)
1,070,195
2,243,047
6,262,931
1,138,719
1,241,021

201409100904(201409100904)
1,070,195
2,243,047
6,262,931
1,139,645
1,241,021

201409100905(201409100905)
1,070,195
2,243,047
6,262,931
1,139,645
1,241,021

201409100906(201409100906)
1,070,195
2,243,047
6,262,931
1,139,645
1,241,021

201409100907(201409100907)
1,070,195
2,243,047
6,262,931
1,139,645
1,241,021

201409100909(201409100909)
1,070,195
2,243,047
6,262,931
1,139,645
1,241,021

201409100910(201409100910)
1,070,897
2,243,047
6,262,931
1,139,645
1,242,843

201409100911(201409100911)
1,070,897
2,243,047
6,262,931
1,139,645
1,242,843

201409100912(201409100912)
1,070,897
2,243,047
6,262,931
1,139,645
1,242,843

201409100913(201409100913)
1,071,447
2,243,047
6,262,931
1,139,645
1,242,843

201409100914(201409100914)
1,071,447
2,243,047
6,262,931
1,139,645
1,242,843

201409100915(201409100915)
1,071,447
2,243,047
6,262,931
1,141,528
1,242,843

201409100916(201409100916)
1,071,447
2,243,047
6,262,931
1,141,528
1,242,843

201409100917(201409100917)
1,071,447
2,243,047
6,262,931
1,141,528
1,242,843

201409100919(201409100919)
1,071,447
2,243,047
6,262,931
1,141,528
1,242,843

201409100920(201409100920)
1,071,447
2,243,047
6,262,931
1,141,528
1,244,205

201409100921(201409100921)
1,071,447
2,243,047
6,262,931
1,141,528
1,244,205

201409100922(201409100922)
1,071,447
2,243,047
6,269,299
1,141,528
1,244,205

201409100923(201409100923)
1,071,593
2,243,047
6,269,299
1,141,528
1,244,205

201409100924(201409100924)
1,071,593
2,243,047
6,269,299
1,141,528
1,244,205

201409100925(201409100925)
1,071,593
2,243,047
6,269,299
1,141,528
1,244,205

201409100926(201409100926)
1,071,593
2,243,047
6,269,299
1,141,528
1,244,205

201409100927(201409100927)
1,071,593
2,243,047
6,269,299
1,141,528
1,244,205

201409100929(201409100929)
1,071,593
2,243,047
6,269,299
1,141,528
1,244,205

201409100930(201409100930)
1,071,593
2,243,047
6,269,299
1,141,528
1,244,205

201409100931(201409100931)
1,071,593
2,243,047
6,269,299
1,141,528
1,244,205

201409100932(201409100932)
1,071,593
2,243,047
6,269,299
1,141,528
1,244,205

201409100933(201409100933)
1,071,593
2,243,047
6,269,299
1,141,528
1,244,205

201409100934(201409100934)
1,071,593
2,243,047
6,269,299
1,141,528
1,244,205

201409100935(201409100935)
1,071,593
2,243,047
6,269,299
1,141,528
1,244,205

201409100936(201409100936)
1,071,593
2,243,047
6,269,299
1,141,528
1,244,205

201409100937(201409100937)
1,071,593
2,243,047
6,269,299
1,141,528
1,244,205

201409100939(201409100939)
1,071,661
2,243,047
6,269,299
1,141,528
1,244,205

201409100940(201409100940)
1,071,836
2,243,047
6,269,299
1,141,528
1,244,205

201409100941(201409100941)
1,071,836
2,243,047
6,269,299
1,141,528
1,244,205

201409100942(201409100942)
1,071,836
2,243,047
6,269,299
1,141,528
1,245,749

201409100943(201409100943)
1,071,836
2,243,047
6,269,299
1,141,528
1,245,749

201409100944(201409100944)
1,072,217
2,243,047
6,269,299
1,141,528
1,245,749

201409100945(201409100945)
1,072,217
2,243,047
6,269,299
1,142,396
1,245,749

201409100946(201409100946)
1,072,217
2,243,047
6,269,299
1,142,396
1,245,749

201409100947(201409100947)
1,072,217
2,243,047
6,269,299
1,142,396
1,245,749

201409100949(201409100949)
1,072,217
2,243,047
6,269,299
1,143,294
1,246,550

201409100950(201409100950)
1,072,720
2,243,047
6,269,299
1,143,437
1,246,550

201409100951(201409100951)
1,072,720
2,243,047
6,269,299
1,143,437
1,246,550

201409100952(201409100952)
1,072,720
2,243,047
6,269,299
1,143,437
1,246,550

201409100953(201409100953)
1,072,720
2,243,047
6,269,299
1,143,437
1,248,604

201409100954(201409100954)
1,072,720
2,243,047
6,269,299
1,143,437
1,248,604

201409100955(201409100955)
1,072,720
2,243,047
6,269,299
1,143,437
1,248,604

201409100956(201409100956)
1,072,720
2,243,047
6,269,299
1,143,437
1,248,604

201409100957(201409100957)
1,072,961
2,243,047
6,269,299
1,144,531
1,248,604

201409100959(201409100959)
1,073,666
2,243,047
6,269,299
1,144,531
1,248,604

201409101000(201409101000)
1,073,957
2,243,047
6,269,299
1,144,531
1,248,604

201409101001(201409101001)
1,073,957
2,243,047
6,269,299
1,144,531
1,248,604

201409101002(201409101002)
1,073,957
2,243,047
6,269,299
1,144,531
1,248,604

201409101003(201409101003)
1,073,957
2,243,047
6,269,299
1,144,531
1,248,604

201409101004(201409101004)
1,073,957
2,243,047
6,269,299
1,144,531
1,249,464

201409101005(201409101005)
1,073,957
2,243,047
6,269,299
1,144,531
1,249,464

201409101006(201409101006)
1,073,957
2,243,734
6,269,299
1,144,531
1,249,464

201409101007(201409101007)
1,073,957
2,243,734
6,269,299
1,144,531
1,249,464

201409101009(201409101009)
1,073,957
2,243,734
6,269,299
1,144,888
1,249,464

201409101010(201409101010)
1,073,957
2,243,734
6,269,299
1,144,888
1,249,464

201409101011(201409101011)
1,073,957
2,243,734
6,269,299
1,144,888
1,249,464

201409101012(201409101012)
1,073,957
2,243,734
6,269,299
1,144,888
1,251,181

201409101013(201409101013)
1,074,160
2,243,734
6,269,299
1,144,888
1,253,900

201409101014(201409101014)
1,074,160
2,243,734
6,269,299
1,144,888
1,253,900

201409101015(201409101015)
1,074,160
2,243,734
6,269,299
1,144,888
1,253,900

201409101016(201409101016)
1,074,160
2,243,820
6,269,299
1,144,888
1,253,900

201409101017(201409101017)
1,074,160
2,247,281
6,269,299
1,144,888
1,253,900

201409101019(201409101019)
1,074,160
2,248,739
6,269,299
1,144,888
1,253,900

201409101020(201409101020)
1,074,189
2,248,739
6,269,299
1,144,888
1,253,900

201409101021(201409101021)
1,074,189
2,248,739
6,269,299
1,144,888
1,253,900

201409101022(201409101022)
1,074,189
2,248,739
6,269,299
1,144,888
1,253,900

201409101023(201409101023)
1,074,189
2,248,739
6,269,299
1,144,888
1,253,900

201409101024(201409101024)
1,074,189
2,248,739
6,269,299
1,144,888
1,253,900

201409101025(201409101025)
1,074,189
2,248,739
6,269,299
1,145,493
1,254,411

201409101026(201409101026)
1,074,189
2,248,739
6,269,299
1,145,493
1,256,325

201409101027(201409101027)
1,074,189
2,248,739
6,269,299
1,145,493
1,256,325

201409101029(201409101029)
1,074,189
2,248,739
6,269,299
1,145,493
1,256,325

201409101030(201409101030)
1,075,785
2,249,938
6,269,299
1,145,493
1,256,325

201409101031(201409101031)
1,075,785
2,249,938
6,269,299
1,145,493
1,256,325

201409101032(201409101032)
1,075,785
2,249,938
6,269,299
1,145,493
1,256,865

201409101033(201409101033)
1,075,785
2,249,938
6,269,299
1,145,493
1,256,865

201409101034(201409101034)
1,075,785
2,249,938
6,269,299
1,145,493
1,256,865

201409101035(201409101035)
1,075,785
2,249,938
6,269,299
1,145,493
1,256,865

201409101036(201409101036)
1,075,785
2,249,938
6,269,299
1,145,493
1,256,865

201409101037(201409101037)
1,075,785
2,249,938
6,269,299
1,145,493
1,256,865

201409101039(201409101039)
1,075,785
2,249,938
6,269,299
1,146,183
1,256,865

201409101040(201409101040)
1,075,785
2,249,938
6,269,299
1,146,183
1,256,865

201409101041(201409101041)
1,075,785
2,249,938
6,269,299
1,146,183
1,256,865

201409101042(201409101042)
1,075,785
2,249,938
6,269,299
1,146,183
1,256,865

201409101043(201409101043)
1,075,785
2,249,938
6,269,299
1,146,183
1,256,865

201409101044(201409101044)
1,075,785
2,249,938
6,269,299
1,146,183
1,256,865

201409101045(201409101045)
1,075,785
2,249,938
6,269,299
1,146,183
1,256,865

201409101046(201409101046)
1,075,785
2,249,938
6,269,299
1,146,183
1,257,792

201409101047(201409101047)
1,075,785
2,249,938
6,269,299
1,146,183
1,257,792

201409101049(201409101049)
1,075,785
2,249,938
6,269,299
1,146,183
1,257,792

201409101050(201409101050)
1,075,785
2,249,938
6,269,299
1,146,229
1,257,846

201409101051(201409101051)
1,075,785
2,249,938
6,269,299
1,146,229
1,257,846

201409101052(201409101052)
1,075,785
2,249,938
6,269,299
1,147,779
1,257,846

201409101053(201409101053)
1,075,785
2,249,938
6,269,299
1,147,779
1,257,846

201409101054(201409101054)
1,076,551
2,251,090
6,269,299
1,147,779
1,257,846

201409101055(201409101055)
1,076,551
2,251,090
6,269,299
1,147,779
1,257,846

201409101056(201409101056)
1,076,551
2,251,090
6,269,299
1,147,779
1,257,846

201409101057(201409101057)
1,076,551
2,251,090
6,269,299
1,147,779
1,257,846

201409101059(201409101059)
1,076,551
2,251,090
6,269,299
1,147,779
1,257,846

201409101100(201409101100)
1,076,551
2,251,090
6,269,299
1,147,779
1,257,846

201409101101(201409101101)
1,076,551
2,251,090
6,269,299
1,147,779
1,257,846

201409101102(201409101102)
1,076,551
2,283,735
6,269,299
1,147,779
1,258,387

201409101103(201409101103)
1,076,551
2,283,735
6,269,299
1,147,779
1,258,387

201409101104(201409101104)
1,076,551
2,283,735
6,269,299
1,147,779
1,258,387

201409101105(201409101105)
1,076,551
2,283,735
6,269,299
1,147,779
1,258,387

201409101106(201409101106)
1,076,551
2,283,735
6,269,299
1,147,779
1,258,387

201409101107(201409101107)
1,076,551
2,283,735
6,269,299
1,147,779
1,258,387

201409101109(201409101109)
1,076,551
2,283,735
6,269,299
1,147,779
1,258,387

201409101110(201409101110)
1,076,551
2,286,599
6,269,299
1,147,779
1,258,387

201409101111(201409101111)
1,076,551
2,286,599
6,269,299
1,147,779
1,258,387

201409101112(201409101112)
1,076,776
2,286,599
6,269,299
1,147,779
1,258,443

201409101113(201409101113)
1,076,776
2,286,599
6,269,299
1,147,779
1,258,443

201409101114(201409101114)
1,077,636
2,289,396
6,269,299
1,148,640
1,260,145

201409101115(201409101115)
1,077,636
2,289,396
6,269,299
1,148,808
1,260,145

201409101116(201409101116)
1,077,636
2,289,396
6,269,299
1,149,032
1,260,145

201409101117(201409101117)
1,077,636
2,289,396
6,269,299
1,149,119
1,260,145

201409101119(201409101119)
1,077,636
2,289,396
6,269,299
1,149,119
1,260,145

201409101120(201409101120)
1,077,636
2,289,396
6,269,299
1,149,119
1,260,145

201409101121(201409101121)
1,077,636
2,289,396
6,269,299
1,149,119
1,260,145

201409101122(201409101122)
1,077,636
2,289,396
6,269,299
1,149,119
1,260,145

201409101123(201409101123)
1,077,636
2,289,396
6,269,299
1,149,165
1,260,145

201409101349(201409101349)
1,077,636
2,289,396
6,269,299
1,149,165
1,260,145


201409101351(201409101351)
1,284,306

201409101352(201409101352)
1,097,571
2,354,116
6,327,593
1,173,552
1,284,306

201409101353(201409101353)
1,097,571
2,354,116
6,327,593
1,173,552
1,284,306

201409101354(201409101354)
1,097,571
2,354,116
6,327,593
1,173,552
1,284,306

201409101355(201409101355)
1,097,571
2,355,858
6,327,593
1,173,552
1,284,306

201409101356(201409101356)
1,097,571
2,355,858
6,327,593
1,173,552
1,284,306

201409101357(201409101357)
1,097,571
2,355,858
6,327,593
1,173,552
1,284,306

201409101359(201409101359)
2,355,858
6,327,593
1,173,552
1,173,552

201409101400(201409101400)
2,355,858
6,327,593
1,173,552
1,173,552
2,355,858
6,327,593
1,173,552
1,284,306

201409101401(201409101401)
1,097,786
2,355,858
6,327,593
1,173,552
1,284,306

201409101402(201409101402)
1,097,786
2,355,858
6,327,593
1,173,552
1,284,306

201409101403(201409101403)
1,097,786
2,355,858
6,327,593
1,174,201
1,284,306

201409101404(201409101404)
1,097,786
2,355,858
6,327,593
1,174,201
1,284,306

201409101405(201409101405)
1,097,786
2,355,858
6,327,593
1,174,201
1,284,306

201409101406(201409101406)
1,097,786
2,355,858
6,327,593
1,174,201
1,284,306

201409101407(201409101407)
1,098,284
2,355,858
6,327,593
1,174,201
1,284,306

201409101409(201409101409)
1,098,284
2,355,858
6,327,593
1,174,201
1,284,306

201409101410(201409101410)
1,098,284
2,355,858
6,327,593
1,174,201
1,284,612

201409101411(201409101411)
1,098,472
2,355,858
6,327,593
1,174,201
1,284,612

201409101412(201409101412)
1,098,472
2,357,757
6,327,593
1,174,201
1,284,612

201409101413(201409101413)
1,098,472
2,357,757
6,327,593
1,174,201
1,284,612

201409101414(201409101414)
1,098,472
2,357,757
6,327,593
1,174,201
1,284,612

201409101415(201409101415)
1,099,555
2,357,757
6,327,593
1,174,201
1,284,612

201409101416(201409101416)
1,099,555
2,357,757
6,327,593
1,174,520
1,284,612

201409101417(201409101417)
1,099,555
2,360,930
6,327,593
1,174,528
1,284,612

201409101419(201409101419)
1,099,870
2,360,930
6,327,593
1,174,575
1,284,612

201409101420(201409101420)
1,099,870
2,360,930
6,327,593
1,174,575
1,284,612

201409101421(201409101421)
1,099,870
2,360,930
6,327,593
1,174,575
1,284,612

201409101422(201409101422)
1,099,870
2,360,930
6,327,593
1,174,575
1,284,612

201409101423(201409101423)
1,099,870
2,360,930
6,327,593
1,174,575
1,284,612

201409101424(201409101424)
1,099,870
2,360,930
6,327,593
1,174,575
1,284,612

201409101425(201409101425)
1,099,870
2,360,930
6,327,593
1,174,575
1,284,612

201409101426(201409101426)
1,099,870
2,360,930
6,327,593
1,174,575
1,284,744

201409101427(201409101427)
1,099,870
2,360,930
6,327,593
1,174,575
1,284,744

201409101429(201409101429)
1,100,219
1,100,219
6,327,593
6,327,593
1,284,744

201409101430(201409101430)
1,100,219
2,360,930
6,327,593
1,175,057
1,284,744

201409101431(201409101431)
1,100,444
2,360,930
6,327,593
1,175,057
1,284,744

201409101432(201409101432)
1,100,967
2,360,930
6,327,593
1,175,057
1,287,194

201409101433(201409101433)
1,100,967
2,360,930
6,327,593
1,175,057
1,287,194

201409101434(201409101434)
1,100,967
2,360,930
6,327,593
1,175,057
1,287,194

201409101435(201409101435)
1,100,967
2,360,930
6,327,593
1,175,057
1,287,194

201409101436(201409101436)
1,100,967
2,360,930
6,327,593
1,175,057
1,287,194

201409101437(201409101437)
1,100,967
2,360,930
6,327,593
1,175,057
1,287,194

201409101439(201409101439)
1,287,194

201409101440(201409101440)
1,100,967
2,362,481
6,351,116
1,177,033
1,287,194

201409101441(201409101441)
1,100,967
2,365,118
6,351,116
1,177,147
1,287,194

201409101442(201409101442)
1,100,967
2,365,118
6,351,116
1,178,176
1,287,194

201409101443(201409101443)
1,100,967
2,365,118
6,351,116
1,178,176
1,287,194

201409101444(201409101444)
1,100,967
2,365,118
6,351,116
1,178,176
1,287,194

201409101445(201409101445)
1,100,967
2,365,118
6,351,116
1,178,176
1,287,194

201409101446(201409101446)
1,100,967
2,365,118
6,351,116
1,178,822
1,287,194

201409101447(201409101447)
1,100,967
2,365,118
6,351,116
1,178,822
1,287,194

201409101449(201409101449)
1,100,967
2,365,118
6,351,116
1,178,822
1,287,194

201409101450(201409101450)
1,100,967
2,365,118
6,351,116
1,178,822
1,287,194

201409101451(201409101451)
1,100,967
2,365,118
6,351,116
1,178,822
1,287,194

201409101452(201409101452)
1,100,967
2,365,118
6,351,116
1,178,822
1,287,194

201409101453(201409101453)
1,100,967
2,365,118
6,351,116
1,178,822
1,287,194

201409101454(201409101454)
1,100,967
2,365,118
6,351,116
1,178,822
1,287,194

201409101455(201409101455)
1,100,967
2,365,118
6,351,116
1,178,822
1,287,194

201409101456(201409101456)
1,100,967
2,367,558
6,351,116
1,178,822
1,287,194

201409101457(201409101457)
1,100,967
2,367,558
6,351,116
1,178,822
1,287,194

201409101459(201409101459)
1,101,247
1,101,247
6,351,116
1,179,436
1,287,851

201409101500(201409101500)
1,101,776
2,367,558
6,351,116
1,179,436
1,287,851

201409101501(201409101501)
1,101,776
2,367,558
6,351,116
1,179,436
1,287,851

201409101502(201409101502)
1,101,776
2,367,558
6,351,116
1,179,546
1,287,851

201409101503(201409101503)
1,101,776
2,367,558
6,351,116
1,179,546
1,287,851

201409101504(201409101504)
1,101,776
2,367,558
6,351,116
1,179,546
1,287,851

201409101505(201409101505)
1,101,776
2,367,558
6,351,116
1,179,546
1,287,851

201409101506(201409101506)
1,101,776
2,367,558
6,351,116
1,179,761
1,287,851

201409101507(201409101507)
1,101,784
2,367,558
6,351,116
1,179,761
1,287,851

201409101509(201409101509)
1,101,784
2,367,558
6,351,116
1,179,761
1,287,851

201409101510(201409101510)
1,101,784
2,367,558
6,351,116
1,179,761
1,287,851

201409101511(201409101511)
1,101,784
2,367,558
6,351,116
1,179,761
1,287,851

201409101512(201409101512)
1,103,033
2,368,261
6,351,116
1,179,761
1,287,851

201409101513(201409101513)
1,103,033
2,368,261
6,351,116
1,179,761
1,287,851

201409101514(201409101514)
1,103,033
2,368,261
6,351,116
1,179,761
1,287,851

201409101515(201409101515)
1,103,033
2,368,261
6,351,116
1,179,761
1,287,851

201409101516(201409101516)
1,103,033
2,368,261
6,351,116
1,179,761
1,287,851

201409101517(201409101517)
1,103,033
2,368,261
6,351,116
1,179,761
1,287,851

201409101519(201409101519)
6,351,116
1,180,116
1,287,851

201409101520(201409101520)
1,103,193
2,368,261
6,351,116
1,180,116
1,287,851

201409101521(201409101521)
1,103,193
2,368,261
6,351,116
1,180,711
1,292,948

201409101522(201409101522)
1,103,581
2,368,261
6,351,116
1,180,711
1,292,948

201409101523(201409101523)
1,103,581
2,368,261
6,351,116
1,180,711
1,292,948

201409101524(201409101524)
1,103,581
2,368,261
6,351,116
1,180,711
1,292,948

201409101525(201409101525)
1,103,581
2,368,261
6,351,116
1,180,711
1,292,948

201409101526(201409101526)
1,103,581
2,368,261
6,351,116
1,180,711
1,292,948

201409101527(201409101527)
1,103,925
2,368,261
6,351,116
1,181,278
1,292,948

201409101529(201409101529)
1,103,925
2,368,261
6,351,116
1,181,278
1,292,948

201409101530(201409101530)
1,103,925
2,368,261
6,351,116
1,181,278
1,292,948

201409101531(201409101531)
1,103,925
2,368,261
6,351,116
1,181,278
1,292,948

201409101532(201409101532)
1,103,925
2,368,261
6,351,116
1,181,278
1,292,948

201409101533(201409101533)
1,103,925
2,368,261
6,351,116
1,181,278
1,292,948

201409101534(201409101534)
1,103,925
2,368,261
6,351,116
1,181,278
1,292,948

201409101535(201409101535)
1,103,925
2,368,261
6,351,116
1,181,278
1,292,948

201409101536(201409101536)
1,103,925
2,368,261
6,351,116
1,181,289
1,293,700

201409101537(201409101537)
1,103,925
2,368,261
6,351,116
1,181,289
1,293,700

201409101539(201409101539)
1,103,925
1,103,925
6,351,116
1,181,289
1,293,700

201409101540(201409101540)
1,103,925
2,368,261
6,351,116
1,181,289
1,293,700

201409101541(201409101541)
1,103,925
2,369,021
6,351,116
1,181,289
1,293,700

201409101542(201409101542)
1,103,925
2,369,183
6,351,116
1,181,289
1,293,700

201409101543(201409101543)
1,103,925
2,369,357
6,351,116
1,181,289
1,293,700

201409101544(201409101544)
1,103,925
2,369,589
6,351,116
1,181,324
1,293,700

201409101545(201409101545)
1,103,925
2,369,763
6,351,116
1,181,324
1,294,248

201409101546(201409101546)
1,103,925
2,369,763
6,351,116
1,181,324
1,297,502

201409101547(201409101547)
1,103,925
2,369,763
6,351,116
1,181,324
1,297,502

201409101549(201409101549)
6,351,116
1,181,324
1,297,502

201409101550(201409101550)
1,104,016
2,369,763
6,351,116
1,181,458
1,297,502

201409101551(201409101551)
1,104,016
2,369,763
6,351,116
1,181,458
1,297,502

201409101552(201409101552)
1,104,016
2,369,763
6,351,116
1,181,458
1,300,840

201409101553(201409101553)
1,104,016
2,369,763
6,351,116
1,181,458
1,300,840

201409101554(201409101554)
1,104,798
2,369,763
6,351,116
1,181,458
1,300,840

201409101555(201409101555)
1,104,798
2,369,763
6,351,116
1,181,458
1,300,840

201409101556(201409101556)
1,104,798
2,369,763
6,351,116
1,181,458
1,300,840

201409101557(201409101557)
1,104,798
2,369,763
6,351,116
1,181,458
1,300,840

201409101559(201409101559)
1,104,798
2,369,763
6,351,116
1,181,458
1,300,840

201409101600(201409101600)
1,107,136
2,369,763
6,351,116
1,181,458
1,300,840

201409101601(201409101601)
1,107,136
2,369,763
6,351,116
1,181,458
1,300,840

201409101602(201409101602)
1,107,136
2,369,763
6,351,116
1,181,458
1,300,840

201409101603(201409101603)
1,107,136
2,369,763
6,351,116
1,181,458
1,300,840

201409101604(201409101604)
1,107,136
2,369,763
6,351,116
1,181,458
1,301,285

201409101605(201409101605)
1,107,136
2,369,763
6,351,116
1,181,458
1,301,285

201409101606(201409101606)
1,107,136
2,369,763
6,351,116
1,181,458
1,301,285

201409101607(201409101607)
1,107,507
2,369,763
6,351,116
1,182,123
1,301,285

201409101609(201409101609)
1,107,507
2,371,726
6,351,116
1,182,123
1,302,243

201409101610(201409101610)
1,107,507
2,371,726
6,351,116
1,182,123
1,302,243

201409101611(201409101611)
1,107,537
2,371,726
6,351,116
1,182,123
1,302,243

201409101612(201409101612)
1,107,705
2,371,726
6,351,116
1,182,123
1,302,243

201409101613(201409101613)
1,107,788
2,371,726
6,351,116
1,182,123
1,302,243

201409101614(201409101614)
1,107,788
2,371,726
6,351,116
1,182,123
1,302,243

201409101615(201409101615)
1,107,788
2,371,726
6,351,116
1,182,123
1,302,243

201409101616(201409101616)
1,107,788
2,371,726
6,351,116
1,182,123
1,302,243

201409101617(201409101617)
1,107,788
2,371,726
6,351,116
1,182,123
1,302,243

201409101619(201409101619)
1,107,788
2,371,726
6,351,116
1,182,123
1,302,243

201409101620(201409101620)
1,108,721
2,371,726
6,351,116
1,182,123
1,302,243

201409101621(201409101621)
1,108,721
2,371,726
6,351,116
1,183,326
1,302,243

201409101622(201409101622)
1,108,721
2,371,726
6,351,116
1,183,657
1,302,243

201409101623(201409101623)
1,108,721
2,371,726
6,351,116
1,183,657
1,302,243

201409101624(201409101624)
1,108,721
2,371,726
6,351,116
1,183,657
1,302,243

201409101625(201409101625)
1,108,721
2,371,726
6,351,116
1,183,657
1,302,243

201409101626(201409101626)
1,108,789
2,371,726
6,351,116
1,183,657
1,302,243

201409101627(201409101627)
1,108,789
2,372,711
6,351,116
1,183,657
1,302,243


201409101630(201409101630)
1,108,789
2,372,711
6,351,116
1,183,657
1,302,854

201409101631(201409101631)
1,108,789
2,372,711
6,351,116
1,183,657
1,302,854
2,372,711
6,351,116
1,183,657
1,302,854

201409101632(201409101632)
1,108,789
2,372,711
6,351,116
1,183,657
1,302,854

201409101633(201409101633)
1,108,789
2,372,711
6,351,116
1,183,657
1,302,854

201409101634(201409101634)
1,108,789
2,372,711
6,368,721
1,183,657
1,302,854

201409101635(201409101635)
1,108,789
2,372,711
6,368,721
1,183,657
1,302,854

201409101636(201409101636)
1,109,213
2,372,711
6,368,721
1,184,774
1,302,854

201409101637(201409101637)
1,109,213
2,372,711
6,368,721
1,184,774
1,302,854

201409101639(201409101639)
1,109,213
2,372,711
6,368,721
1,184,774
1,302,854

201409101640(201409101640)
1,109,213
2,374,033
6,368,721
1,184,774
1,302,854

201409101641(201409101641)
1,109,213
2,374,033
6,368,721
1,184,774
1,302,854

201409101642(201409101642)
1,109,213
2,374,033
6,368,721
1,184,774
1,302,854

201409101643(201409101643)
1,109,213
2,374,033
6,368,721
1,184,774
1,302,854

201409101644(201409101644)
1,109,213
2,374,033
6,368,721
1,184,774
1,302,854

201409101645(201409101645)
1,109,213
2,374,033
6,368,721
1,184,774
1,302,854

201409101646(201409101646)
1,109,213
2,374,033
6,371,020
1,184,774
1,303,517

201409101647(201409101647)
1,110,114
2,374,033
6,371,020
1,187,526
1,303,517

201409101649(201409101649)
2,374,033
6,371,020
1,187,526
1,303,742

201409101650(201409101650)
1,110,267
2,374,033
6,371,020
1,187,526
1,303,742

201409101651(201409101651)
1,110,267
2,374,033
6,371,020
1,188,430
1,303,742

201409101652(201409101652)
1,110,267
2,374,033
6,371,020
1,188,430
1,303,742

201409101653(201409101653)
1,110,267
2,374,033
6,371,020
1,188,430
1,304,520

201409101654(201409101654)
1,110,267
2,374,033
6,371,020
1,188,430
1,306,306

201409101655(201409101655)
1,111,120
2,374,033
6,371,020
1,188,430
1,306,306

201409101656(201409101656)
1,111,120
2,374,033
6,371,020
1,188,430
1,306,306

201409101657(201409101657)
1,111,120
2,374,033
6,371,020
1,188,430
1,306,306

201409101659(201409101659)
1,111,120
2,374,033
6,371,020
1,188,430
1,306,306

201409101700(201409101700)
1,111,120
2,374,237
6,371,020
1,189,014
1,306,306

201409101701(201409101701)
1,111,120
2,374,237
6,371,020
1,189,014
1,306,306

201409101702(201409101702)
1,111,120
2,374,237
6,371,020
1,189,014
1,306,306

