201409141705(201409141705)
2,254,599
4,378,295
9,867,178
2,520,378
2,754,562

201409141706(201409141706)
2,254,599
4,378,295
9,867,178
2,520,378
2,754,562

201409141707(201409141707)
2,254,599
4,378,295
9,867,178
2,520,378
2,754,562

201409141709(201409141709)
2,254,599
4,378,295
9,867,178
2,520,378
2,754,562

201409141710(201409141710)
2,254,599
4,378,295
9,867,178
2,520,378
2,754,562

201409141711(201409141711)
2,254,599
4,378,295
9,867,178
2,520,378
2,754,562

201409141712(201409141712)
2,254,599
4,378,295
9,867,178
2,520,378
2,754,562

201409141713(201409141713)
2,254,599
4,378,295
9,867,178
2,520,378
2,756,130

201409141714(201409141714)
2,254,599
4,378,295
9,867,178
2,520,378
2,756,130

201409141715(201409141715)
2,254,599
4,378,295
9,867,178
2,520,378
2,756,130

201409141716(201409141716)
2,254,599
4,378,295
9,867,178
2,520,378
2,756,130

201409141717(201409141717)
2,254,599
4,378,295
9,867,178
2,520,378
2,756,130

201409141719(201409141719)
2,254,599
4,378,295
9,867,178
2,520,378
2,756,130

201409141720(201409141720)
2,254,599
4,378,295
9,867,178
2,520,378
2,756,130

201409141721(201409141721)
2,254,599
4,379,367
9,867,178
2,520,378
2,757,809

201409141722(201409141722)
2,257,224
4,379,367
9,867,178
2,520,378
2,757,809

201409141723(201409141723)
2,259,457
4,379,367
9,867,178
2,520,378
2,757,809

201409141724(201409141724)
2,259,457
4,379,367
9,867,178
2,520,378
2,757,809

201409141725(201409141725)
2,259,457
4,379,367
9,867,178
2,520,378
2,757,809

201409141726(201409141726)
2,259,457
4,379,367
9,867,178
2,520,378
2,757,809

201409141727(201409141727)
2,259,457
4,379,367
9,867,178
2,520,378
2,757,809

201409141729(201409141729)
2,259,457
4,379,367
9,867,178
2,522,020
2,757,809

201409141730(201409141730)
2,259,457
4,379,367
9,867,178
2,522,020
2,757,809

201409141731(201409141731)
2,259,457
4,379,367
9,867,178
2,522,020
2,759,843

201409141732(201409141732)
2,259,457
4,379,367
9,867,178
2,522,257
2,759,843

201409141733(201409141733)
2,259,457
4,379,367
9,867,178
2,522,257
2,759,843

201409141734(201409141734)
2,259,457
4,379,367
9,867,178
2,522,257
2,759,843

201409141735(201409141735)
2,259,457
4,379,367
9,867,178
2,522,257
2,759,843

201409141736(201409141736)
2,259,457
4,380,757
9,867,178
2,522,257
2,761,446

201409141737(201409141737)
2,259,457
4,380,757
9,867,178
2,522,257
2,761,513

201409141739(201409141739)
2,259,457
4,380,757
9,867,178
2,522,257
2,761,513

201409141740(201409141740)
2,259,457
4,380,757
9,867,178
2,522,336
2,761,513

201409141741(201409141741)
2,259,457
4,380,757
9,867,178
2,524,470
2,761,513

201409141742(201409141742)
2,259,457
4,380,757
9,867,178
2,524,470
2,761,513

201409141743(201409141743)
2,259,457
4,380,757
9,867,178
2,524,470
2,761,513

201409141744(201409141744)
2,259,707
4,380,757
9,867,178
2,524,470
2,761,513

201409141745(201409141745)
2,263,429
4,380,757
9,867,178
2,524,470
2,761,513

201409141746(201409141746)
2,263,429
4,380,757
9,867,178
2,524,470
2,761,513

201409141747(201409141747)
2,263,429
4,380,757
9,867,178
2,524,470
2,761,513

201409141749(201409141749)
2,274,010
4,387,748
9,867,178
2,524,470
2,761,513

201409141750(201409141750)
2,274,010
4,387,748
9,867,178
2,524,470
2,761,513

201409141751(201409141751)
2,274,295
4,387,748
9,867,178
2,528,497
2,761,513

201409141752(201409141752)
2,281,009
4,387,748
9,867,178
2,529,126
2,761,889

201409141753(201409141753)
2,281,009
4,396,580
9,867,178
2,534,054
2,766,496

201409141754(201409141754)
2,281,009
4,396,580
9,867,178
2,534,054
2,766,589

201409141755(201409141755)
2,281,009
4,406,432
9,867,178
2,534,054
2,767,747

201409141756(201409141756)
2,281,009
4,406,432
9,867,178
2,534,054
2,767,926

201409141757(201409141757)
2,281,785
4,406,432
9,867,178
2,534,054
2,772,829

201409141759(201409141759)
2,282,799
4,433,758
9,867,178
2,534,054
2,772,829

201409141800(201409141800)
2,282,799
4,433,758
9,867,178
2,534,054
2,772,829

201409141801(201409141801)
2,282,799
4,437,678
9,867,178
2,535,202
2,772,829

201409141802(201409141802)
2,284,215
4,437,678
9,867,178
2,535,869
2,772,829

201409141803(201409141803)
2,286,815
4,437,678
9,867,178
2,535,869
2,772,829

201409141804(201409141804)
2,286,815
4,437,678
9,867,178
2,535,869
2,773,066

201409141805(201409141805)
2,286,815
4,437,678
9,867,178
2,537,344
2,773,066

201409141806(201409141806)
2,289,589
4,438,271
9,867,178
2,537,344
2,774,415

201409141807(201409141807)
2,289,589
4,438,271
9,867,178
2,540,501
2,774,415

201409141809(201409141809)
2,289,589
4,438,271
9,867,178
2,540,501
2,774,415

201409141810(201409141810)
2,289,777
4,438,271
9,867,178
2,540,501
2,774,415

201409141811(201409141811)
2,290,135
4,438,271
9,867,178
2,540,501
2,774,415

201409141812(201409141812)
2,290,135
4,438,271
9,867,178
2,540,501
2,774,415

201409141813(201409141813)
2,290,135
4,438,271
9,867,178
2,540,501
2,774,415

201409141814(201409141814)
2,295,795
4,438,271
9,867,178
2,540,501
2,774,415

201409141815(201409141815)
2,295,795
4,438,271
9,867,178
2,540,501
2,774,912

201409141816(201409141816)
2,295,795
4,438,271
9,867,178
2,540,501
2,783,121

201409141817(201409141817)
2,295,795
4,438,271
9,867,178
2,544,258
2,783,121

201409141819(201409141819)
2,295,795
4,438,271
9,867,178
2,548,541
2,783,121

201409141820(201409141820)
2,295,795
4,438,271
9,867,520
2,548,541
2,783,398

201409141821(201409141821)
2,295,795
4,438,271
9,867,520
2,548,541
2,783,398

201409141822(201409141822)
2,295,795
4,438,271
9,867,520
2,550,721
2,783,398

201409141823(201409141823)
2,301,632
4,438,271
9,867,520
2,550,721
2,783,398

201409141824(201409141824)
2,301,632
4,438,271
9,867,520
2,550,721
2,783,398

201409141825(201409141825)
2,301,632
4,438,271
9,867,520
2,550,721
2,783,398

201409141826(201409141826)
2,301,632
4,438,271
9,867,520
2,550,721
2,784,955

201409141827(201409141827)
2,301,632
4,438,271
9,867,520
2,550,721
2,784,955

201409141829(201409141829)
2,301,632
4,438,271
9,867,520
2,556,764
2,784,955

201409141830(201409141830)
2,303,378
4,438,271
9,867,520
2,556,764
2,784,955

201409141831(201409141831)
2,303,378
4,438,271
9,867,520
2,556,764
2,786,243

201409141832(201409141832)
2,303,378
4,440,096
9,867,520
2,556,764
2,786,243

201409141833(201409141833)
2,303,542
4,440,096
9,867,520
2,556,764
2,789,098

201409141834(201409141834)
2,303,542
4,440,096
9,867,520
2,556,764
2,789,098

201409141835(201409141835)
2,303,542
4,440,096
9,867,520
2,556,764
2,789,098

201409141836(201409141836)
2,303,542
4,440,096
9,867,520
2,556,764
2,789,098

201409141837(201409141837)
2,303,542
4,440,096
9,867,520
2,556,764
2,790,437

201409141839(201409141839)
2,303,542
4,440,096
9,867,520
2,558,012
2,790,437

201409141840(201409141840)
2,304,532
4,440,096
9,867,520
2,558,411
2,790,437

201409141841(201409141841)
2,304,532
4,440,096
9,867,520
2,558,411
2,790,539

201409141842(201409141842)
2,305,011
4,440,096
9,867,520
2,561,216
2,790,539

201409141843(201409141843)
2,305,011
4,440,096
9,867,520
2,561,216
2,790,539

201409141844(201409141844)
2,305,011
4,440,096
9,929,992
2,561,216
2,791,171

201409141845(201409141845)
2,305,011
4,440,096
9,988,627
2,561,216
2,791,171

201409141846(201409141846)
2,305,011
4,440,096
9,988,627
2,561,216
2,791,171

201409141847(201409141847)
2,305,011
4,448,570
9,988,627
2,561,216
2,791,171

201409141849(201409141849)
2,305,011
4,448,570
10,073,569
2,561,216
2,791,171

201409141850(201409141850)
2,305,011
4,448,570
10,073,569
2,561,216
2,791,171

201409141851(201409141851)
2,305,011
4,448,570
10,073,569
2,561,216
2,791,171

201409141852(201409141852)
2,305,011
4,448,570
10,073,569
2,561,216
2,791,171

201409141853(201409141853)
2,305,011
4,448,570
10,073,569
2,561,216
2,791,171

201409141854(201409141854)
2,305,011
4,453,703
10,073,569
2,561,216
2,791,171

201409141855(201409141855)
2,305,011
4,459,729
10,073,569
2,561,216
2,797,112

201409141856(201409141856)
2,305,011
4,459,729
10,073,569
2,561,216
2,801,305

201409141857(201409141857)
2,305,011
4,459,729
10,073,569
2,561,216
2,807,198

201409141859(201409141859)
2,305,011
4,470,088
10,073,689
2,561,216
2,807,198

201409141900(201409141900)
2,305,011
4,470,088
10,077,255
2,561,216
2,807,198

201409141901(201409141901)
2,305,011
4,470,088
10,088,493
2,561,216
2,807,198

201409141902(201409141902)
2,305,011
4,470,088
10,088,493
2,561,216
2,807,198

201409141903(201409141903)
2,305,011
4,470,088
10,088,493
2,561,216
2,807,198

201409141904(201409141904)
2,305,011
4,470,088
10,088,493
2,561,216
2,807,198

201409141905(201409141905)
2,305,011
4,470,088
10,088,493
2,561,216
2,807,822

201409141906(201409141906)
2,305,011
4,470,088
10,088,493
2,561,216
2,807,822

201409141907(201409141907)
2,305,011
4,470,088
10,088,493
2,564,924
2,807,822

201409141909(201409141909)
2,309,201
4,470,088
10,088,493
2,564,924
2,809,237

201409141910(201409141910)
2,310,391
4,470,088
10,088,493
2,564,924
2,809,237

201409141911(201409141911)
2,310,391
4,470,088
10,088,493
2,564,924
2,809,237

201409141912(201409141912)
2,310,391
4,470,088
10,088,493
2,564,924
2,809,237

201409141913(201409141913)
2,310,956
4,470,088
10,088,493
2,564,924
2,809,237

201409141914(201409141914)
2,311,735
4,470,088
10,088,493
2,564,924
2,809,237

201409141915(201409141915)
2,311,738
4,470,088
10,088,493
2,564,924
2,809,237

201409141916(201409141916)
2,311,738
4,470,088
10,088,493
2,564,924
2,809,237

201409141917(201409141917)
2,315,965
4,470,088
10,088,493
2,568,368
2,811,570

201409141919(201409141919)
2,315,965
4,470,088
10,088,493
2,568,368
2,811,710

201409141920(201409141920)
2,315,965
4,470,088
10,088,493
2,570,162
2,811,710

201409141921(201409141921)
2,315,965
4,470,088
10,088,493
2,570,162
2,811,710

201409141922(201409141922)
2,317,994
4,470,088
10,088,493
2,570,162
2,811,710

201409141923(201409141923)
2,320,422
4,470,088
10,088,493
2,570,162
2,811,710

201409141924(201409141924)
2,322,102
4,470,088
10,088,493
2,570,162
2,811,710

201409141925(201409141925)
2,322,102
4,470,088
10,088,493
2,570,162
2,811,710

201409141926(201409141926)
2,322,102
4,470,088
10,088,493
2,570,162
2,811,739

201409141927(201409141927)
2,322,102
4,470,088
10,088,493
2,570,162
2,811,739

201409141929(201409141929)
2,322,423
4,470,088
10,088,493
2,570,162
2,811,739

201409141930(201409141930)
2,322,423
4,470,088
10,088,493
2,588,553
2,811,739

201409141931(201409141931)
2,322,423
4,470,088
10,088,493
2,589,794
2,811,739

201409141932(201409141932)
2,322,423
4,470,088
10,123,536
2,589,794
2,811,739

201409141933(201409141933)
2,322,423
4,470,088
10,123,536
2,591,599
2,814,811

201409141934(201409141934)
2,322,423
4,470,088
10,123,536
2,591,599
2,814,811

201409141935(201409141935)
2,322,423
4,470,088
10,123,536
2,591,599
2,814,811

201409141936(201409141936)
2,322,423
4,470,088
10,123,536
2,592,532
2,814,811

201409141937(201409141937)
2,322,423
4,470,088
10,123,536
2,592,532
2,814,811

201409141939(201409141939)
2,322,423
4,470,088
10,123,536
2,592,532
2,814,811

201409141940(201409141940)
2,322,423
4,470,088
10,123,536
2,592,532
2,814,811

201409141941(201409141941)
2,322,423
4,470,088
10,123,536
2,592,532
2,814,811

201409141942(201409141942)
2,322,423
4,470,088
10,123,536
2,592,532
2,814,811

201409141943(201409141943)
2,322,423
4,470,088
10,123,536
2,592,532
2,814,811

201409141944(201409141944)
2,322,423
4,470,088
10,123,536
2,592,532
2,814,811

201409141945(201409141945)
2,327,093
4,470,088
10,123,536
2,592,532
2,814,811

201409141946(201409141946)
2,327,093
4,476,964
10,123,536
2,592,532
2,814,811

201409141947(201409141947)
2,327,093
4,476,964
10,123,536
2,594,562
2,814,811

201409141949(201409141949)
2,327,093
4,477,056
10,123,536
2,599,766
2,817,764

201409141950(201409141950)
2,327,093
4,477,056
10,123,536
2,599,766
2,823,183

201409141951(201409141951)
2,329,249
4,477,056
10,123,536
2,599,766
2,823,183

201409141952(201409141952)
2,329,249
4,477,056
10,123,536
2,599,766
2,823,426

201409141953(201409141953)
2,329,249
4,477,056
10,123,536
2,599,766
2,823,426

201409141954(201409141954)
2,329,249
4,477,056
10,123,536
2,599,766
2,823,929

201409141955(201409141955)
2,329,249
4,477,056
10,123,536
2,599,766
2,823,929

201409141956(201409141956)
2,329,249
4,477,056
10,123,536
2,599,766
2,823,929

201409141957(201409141957)
2,329,249
4,477,056
10,123,536
2,599,766
2,828,520

201409141959(201409141959)
2,329,249
4,477,056
10,123,536
2,599,827
2,828,520

201409142000(201409142000)
2,329,249
4,477,056
10,123,536
2,603,225
2,835,027

201409142001(201409142001)
2,329,249
4,477,056
10,123,536
2,604,454
2,837,033

201409142002(201409142002)
2,329,249
4,477,056
10,123,536
2,604,454
2,838,276

201409142003(201409142003)
2,329,249
4,477,056
10,123,536
2,604,454
2,838,276

201409142004(201409142004)
2,329,249
4,477,056
10,123,536
2,604,454
2,838,276

201409142005(201409142005)
2,329,249
4,477,056
10,123,536
2,604,454
2,838,992

201409142006(201409142006)
2,329,249
4,477,056
10,123,536
2,604,454
2,838,992

201409142007(201409142007)
2,329,249
4,477,056
10,123,536
2,604,454
2,838,992

201409142009(201409142009)
2,329,249
4,478,819
10,123,536
2,604,454
2,838,992

201409142010(201409142010)
2,329,249
4,478,819
10,123,536
2,604,454
2,838,992

201409142011(201409142011)
2,329,249
4,478,819
10,123,536
2,604,454
2,838,992

201409142012(201409142012)
2,329,249
4,492,838
10,123,536
2,604,454
2,838,992

201409142013(201409142013)
2,329,249
4,492,838
10,123,536
2,604,454
2,838,992

201409142014(201409142014)
2,329,249
4,492,838
10,123,536
2,604,758
2,838,992

201409142015(201409142015)
2,329,249
4,492,838
10,123,536
2,604,758
2,839,516

201409142016(201409142016)
2,329,249
4,492,838
10,123,536
2,604,758
2,839,516

201409142017(201409142017)
2,334,141
4,492,838
10,123,536
2,604,758
2,842,458

201409142019(201409142019)
2,334,141
4,492,838
10,123,536
2,611,024
2,842,458

201409142020(201409142020)
2,334,687
4,492,838
10,123,536
2,611,024
2,842,458

201409142021(201409142021)
2,334,687
4,492,838
10,123,536
2,611,224
2,842,458

201409142022(201409142022)
2,334,687
4,492,838
10,123,536
2,611,224
2,842,458

201409142023(201409142023)
2,334,687
4,492,838
10,123,536
2,611,224
2,842,458

201409142024(201409142024)
2,334,687
4,492,838
10,123,536
2,611,224
2,842,458

201409142025(201409142025)
2,334,687
4,492,838
10,123,536
2,611,224
2,842,458

201409142026(201409142026)
2,334,687
4,493,457
10,123,536
2,611,224
2,842,458

201409142027(201409142027)
2,334,687
4,493,457
10,123,536
2,612,945
2,842,458

201409142029(201409142029)
2,340,963
4,493,457
10,123,536
2,614,849
2,842,458

201409142030(201409142030)
2,340,963
4,493,457
10,123,536
2,615,068
2,842,458

201409142031(201409142031)
2,340,963
4,493,457
10,123,536
2,615,068
2,842,458

201409142032(201409142032)
2,340,963
4,493,457
10,123,536
2,615,068
2,842,458

201409142033(201409142033)
2,340,963
4,493,457
10,123,536
2,615,068
2,842,458

201409142034(201409142034)
2,340,963
4,493,457
10,123,536
2,616,674
2,842,458

201409142035(201409142035)
2,340,963
4,493,457
10,123,536
2,616,735
2,842,458

201409142036(201409142036)
2,340,963
4,493,457
10,123,536
2,616,796
2,842,458

201409142037(201409142037)
2,340,963
4,493,457
10,123,536
2,618,078
2,842,458

201409142039(201409142039)
2,340,963
4,493,457
10,123,536
2,618,078
2,842,458

201409142040(201409142040)
2,340,963
4,493,457
10,123,536
2,619,096
2,842,458

201409142041(201409142041)
2,344,882
4,493,457
10,123,536
2,619,096
2,843,366

201409142042(201409142042)
2,344,882
4,493,457
10,123,536
2,619,096
2,843,366

201409142043(201409142043)
2,348,973
4,493,457
10,123,536
2,619,096
2,843,366

201409142044(201409142044)
2,348,973
4,493,457
10,123,536
2,619,096
2,843,366

201409142045(201409142045)
2,348,973
4,493,457
10,123,536
2,619,096
2,843,366

201409142046(201409142046)
2,348,973
4,493,457
10,123,536
2,619,096
2,843,366

201409142047(201409142047)
2,352,423
4,495,888
10,123,536
2,619,642
2,843,366

201409142049(201409142049)
2,352,423
4,495,888
10,123,536
2,619,642
2,843,366

201409142050(201409142050)
2,352,423
4,495,888
10,123,536
2,619,642
2,844,832

201409142051(201409142051)
2,352,423
4,497,889
10,123,536
2,619,642
2,844,832

201409142052(201409142052)
2,352,423
4,497,889
10,123,536
2,621,125
2,844,832

201409142053(201409142053)
2,352,423
4,497,889
10,123,536
2,621,125
2,851,721

201409142054(201409142054)
2,355,164
4,497,889
10,123,536
2,621,125
2,856,584

201409142055(201409142055)
2,355,164
4,497,889
10,123,536
2,621,125
2,859,073

201409142056(201409142056)
2,355,164
4,497,889
10,123,536
2,621,125
2,859,834

201409142057(201409142057)
2,355,164
4,497,889
10,123,536
2,621,125
2,860,581

201409142059(201409142059)
2,358,292
4,501,995
10,123,536
2,632,321
2,860,581

201409142100(201409142100)
2,358,292
4,501,995
10,145,402
2,632,321
2,860,581

201409142101(201409142101)
2,358,292
4,505,097
10,145,402
2,632,321
2,860,581

201409142102(201409142102)
2,358,292
4,505,097
10,145,402
2,636,476
2,860,581

201409142103(201409142103)
2,358,292
4,505,097
10,145,402
2,636,476
2,860,581

201409142104(201409142104)
2,358,292
4,505,097
10,145,402
2,636,476
2,868,946

201409142105(201409142105)
2,358,292
4,505,097
10,145,461
2,636,476
2,868,946

201409142106(201409142106)
2,358,292
4,505,097
10,145,461
2,636,476
2,868,946

201409142107(201409142107)
2,358,292
4,505,097
10,145,461
2,636,476
2,868,946

201409142109(201409142109)
2,358,292
4,505,097
10,145,461
2,636,476
2,868,946

201409142110(201409142110)
2,358,292
4,505,097
10,145,461
2,636,476
2,868,946

201409142111(201409142111)
2,358,292
4,505,097
10,145,461
2,636,476
2,869,446

201409142112(201409142112)
2,361,778
4,505,097
10,145,461
2,639,265
2,869,446

201409142113(201409142113)
2,361,778
4,505,097
10,145,461
2,639,265
2,869,446

201409142114(201409142114)
2,366,783
4,505,097
10,145,461
2,639,265
2,869,446

201409142115(201409142115)
2,366,783
4,505,097
10,145,461
2,640,483
2,869,446

201409142116(201409142116)
2,366,783
4,505,192
10,145,461
2,640,483
2,869,446

201409142117(201409142117)
2,366,783
4,505,192
10,145,461
2,640,483
2,875,151

201409142119(201409142119)
2,366,783
4,505,192
10,145,461
2,641,387
2,878,171

201409142120(201409142120)
2,366,783
4,505,192
10,145,461
2,641,387
2,878,171

201409142121(201409142121)
2,366,783
4,505,192
10,145,461
2,641,387
2,878,171

201409142122(201409142122)
2,370,811
4,505,192
10,145,461
2,641,387
2,878,171

201409142123(201409142123)
2,370,811
4,505,192
10,145,461
2,641,387
2,878,171

201409142124(201409142124)
2,370,960
4,505,192
10,145,461
2,641,387
2,878,171

201409142125(201409142125)
2,370,960
4,505,192
10,145,461
2,641,387
2,878,171

201409142126(201409142126)
2,370,960
4,505,192
10,145,461
2,641,387
2,887,931

201409142127(201409142127)
2,370,960
4,505,192
10,145,461
2,645,317
2,887,931

201409142129(201409142129)
2,372,092
4,505,192
10,145,461
2,647,207
2,887,931

201409142130(201409142130)
2,372,208
4,505,192
10,180,257
2,647,207
2,887,931

201409142131(201409142131)
2,372,382
4,505,192
10,180,257
2,647,207
2,887,931

201409142132(201409142132)
2,372,382
4,505,192
10,180,257
2,647,256
2,890,321

201409142133(201409142133)
2,372,382
4,505,192
10,180,257
2,647,256
2,890,541

201409142134(201409142134)
2,372,382
4,505,192
10,180,257
2,647,256
2,890,541

201409142135(201409142135)
2,372,382
4,505,192
10,180,257
2,647,256
2,890,541

201409142136(201409142136)
2,372,382
4,505,192
10,180,257
2,649,377
2,890,541

201409142137(201409142137)
2,372,912
4,509,193
10,180,257
2,649,377
2,890,541

201409142139(201409142139)
2,372,912
4,509,193
10,180,257
2,649,377
2,890,541

201409142140(201409142140)
2,377,642
4,509,193
10,180,257
2,649,377
2,890,541

201409142141(201409142141)
2,377,699
4,510,665
10,180,257
2,649,377
2,893,391

201409142142(201409142142)
2,377,699
4,516,797
10,180,257
2,649,377
2,893,391

201409142143(201409142143)
2,377,699
4,520,173
10,180,257
2,649,377
2,894,860

201409142144(201409142144)
2,377,699
4,524,144
10,180,257
2,649,377
2,895,140

201409142145(201409142145)
2,378,661
4,524,144
10,180,257
2,649,377
2,895,785

201409142146(201409142146)
2,378,661
4,524,144
10,180,257
2,649,377
2,895,785

201409142147(201409142147)
2,378,661
4,524,144
10,180,257
2,657,267
2,895,785

201409142149(201409142149)
2,378,661
4,528,885
10,180,257
2,657,267
2,895,785

201409142150(201409142150)
2,378,661
4,536,489
10,180,257
2,666,477
2,897,752

201409142151(201409142151)
2,378,661
4,536,489
10,180,257
2,666,477
2,897,752

201409142152(201409142152)
2,378,661
4,536,489
10,180,257
2,666,477
2,897,752

201409142153(201409142153)
2,378,661
4,536,489
10,180,257
2,666,477
2,899,060

201409142154(201409142154)
2,378,661
4,543,354
10,180,257
2,666,477
2,905,585

201409142155(201409142155)
2,378,661
4,543,354
10,180,257
2,666,477
2,905,585

201409142156(201409142156)
2,378,661
4,544,428
10,180,257
2,666,477
2,907,372

201409142157(201409142157)
2,380,160
4,544,428
10,180,257
2,666,477
2,907,372

201409142159(201409142159)
2,380,160
4,544,428
10,180,257
2,666,477
2,919,635

201409142200(201409142200)
2,380,160
4,544,428
10,180,257
2,666,477
2,919,635

201409142201(201409142201)
2,380,937
4,544,731
10,180,257
2,667,513
2,919,635

201409142202(201409142202)
2,380,937
4,544,731
10,180,257
2,667,513
2,928,155

201409142203(201409142203)
2,380,937
4,544,793
10,180,257
2,667,513
2,930,462

201409142204(201409142204)
2,381,057
4,544,793
10,180,257
2,668,102
2,930,462

201409142205(201409142205)
2,381,057
4,544,793
10,180,257
2,668,102
2,930,462

201409142206(201409142206)
2,381,057
4,551,288
10,180,257
2,668,102
2,930,462

201409142207(201409142207)
2,381,057
4,558,404
10,180,257
2,668,102
2,930,462

201409142209(201409142209)
2,381,057
4,558,738
10,180,257
2,668,102
2,930,462

201409142210(201409142210)
2,381,057
4,558,738
10,180,257
2,668,102
2,930,462

201409142211(201409142211)
2,381,057
4,562,783
10,180,257
2,668,102
2,930,462

201409142212(201409142212)
2,381,057
4,562,783
10,180,257
2,668,102
2,930,462

201409142213(201409142213)
2,381,057
4,562,783
10,180,257
2,669,582
2,930,462

201409142214(201409142214)
2,381,057
4,562,783
10,180,257
2,669,582
2,932,939

201409142215(201409142215)
2,381,057
4,562,783
10,189,115
2,670,161
2,932,939

201409142216(201409142216)
2,381,057
4,562,783
10,189,115
2,670,161
2,932,939

201409142217(201409142217)
2,381,057
4,570,213
10,189,174
2,670,161
2,932,939

201409142219(201409142219)
2,381,057
4,570,213
10,189,351
2,670,161
2,932,939

201409142220(201409142220)
2,381,057
4,570,213
10,189,469
2,670,161
2,932,939

201409142221(201409142221)
2,383,518
4,570,213
10,189,587
2,670,161
2,934,370

201409142222(201409142222)
2,383,518
4,570,213
10,189,705
2,670,161
2,934,370

201409142223(201409142223)
2,383,518
4,583,935
10,189,823
2,670,818
2,934,383

201409142224(201409142224)
2,383,518
4,583,935
10,189,823
2,670,879
2,934,383

201409142225(201409142225)
2,383,518
4,591,959
10,189,882
2,670,879
2,934,383

201409142226(201409142226)
2,383,518
4,591,959
10,238,676
2,670,879
2,934,383

201409142227(201409142227)
2,383,518
4,591,959
10,238,676
2,672,029
2,934,383

201409142229(201409142229)
2,383,518
4,605,863
10,238,676
2,674,959
2,934,610

201409142230(201409142230)
2,383,518
4,605,863
10,238,676
2,674,959
2,934,610

201409142231(201409142231)
2,383,518
4,609,483
10,238,676
2,674,959
2,934,610

201409142232(201409142232)
2,383,518
4,609,483
10,238,676
2,674,959
2,934,610

201409142233(201409142233)
2,383,518
4,609,483
10,238,676
2,674,959
2,934,610

201409142234(201409142234)
2,383,518
4,609,483
10,238,676
2,674,959
2,934,610

201409142235(201409142235)
2,383,518
4,609,483
10,238,676
2,674,959
2,940,387

201409142236(201409142236)
2,383,518
4,609,483
10,238,676
2,674,959
2,940,387

201409142237(201409142237)
2,388,578
4,609,483
10,238,676
2,680,062
2,940,387

201409142239(201409142239)
2,388,831
4,609,483
10,238,676
2,681,084
2,940,387

201409142240(201409142240)
2,388,831
4,609,898
10,238,676
2,681,129
2,944,530

201409142241(201409142241)
2,389,091
4,609,898
10,238,676
2,682,693
2,944,530

201409142242(201409142242)
2,389,091
4,609,898
10,238,676
2,682,693
2,944,530

201409142243(201409142243)
2,389,091
4,609,898
10,238,676
2,682,693
2,947,559

201409142244(201409142244)
2,389,091
4,609,898
10,238,676
2,682,693
2,947,559

201409142245(201409142245)
2,389,091
4,614,003
10,238,676
2,682,693
2,947,559

201409142246(201409142246)
2,389,091
4,614,003
10,238,676
2,685,476
2,947,559

201409142247(201409142247)
2,389,091
4,614,003
10,238,676
2,685,476
2,947,559

201409142249(201409142249)
2,389,091
4,614,003
10,238,676
2,685,476
2,947,559

201409142250(201409142250)
2,389,091
4,614,003
10,238,676
2,685,476
2,952,867

201409142251(201409142251)
2,389,091
4,619,807
10,238,676
2,685,476
2,952,867

201409142252(201409142252)
2,389,091
4,619,807
10,238,676
2,685,476
2,952,867

201409142253(201409142253)
2,389,091
4,619,807
10,238,676
2,685,476
2,952,867

201409142254(201409142254)
2,389,091
4,619,807
10,238,968
2,688,390
2,953,358

201409142255(201409142255)
2,389,091
4,622,746
10,239,224
2,690,680
2,953,358

201409142256(201409142256)
2,389,091
4,623,988
10,239,224
2,690,680
2,953,358

201409142257(201409142257)
2,389,091
4,625,549
10,239,224
2,690,680
2,953,358

201409142259(201409142259)
2,389,091
4,625,549
10,287,192
2,690,680
2,953,927

201409142300(201409142300)
2,394,582
4,625,549
10,287,192
2,690,680
2,953,944

201409142301(201409142301)
2,394,582
4,625,549
10,287,192
2,690,680
2,953,944

201409142302(201409142302)
2,394,582
4,625,549
10,287,192
2,691,525
2,953,944

201409142303(201409142303)
2,394,582
4,628,303
10,287,192
2,691,525
2,956,884

201409142304(201409142304)
2,394,582
4,629,480
10,287,192
2,693,378
2,956,884

201409142305(201409142305)
2,394,582
4,629,480
10,287,192
2,693,378
2,961,829

201409142306(201409142306)
2,394,582
4,629,480
10,287,192
2,693,708
2,961,829

201409142307(201409142307)
2,394,634
4,633,397
10,287,192
2,693,708
2,965,524

201409142309(201409142309)
2,396,084
4,633,397
10,287,192
2,695,288
2,968,208

201409142310(201409142310)
2,396,084
4,633,397
10,287,192
2,695,288
2,968,208

201409142311(201409142311)
2,399,128
4,634,220
10,287,192
2,695,288
2,968,730

201409142312(201409142312)
2,399,128
4,634,220
10,287,192
2,695,288
2,969,509

201409142313(201409142313)
2,399,128
4,634,220
10,287,192
2,695,288
2,969,509

201409142314(201409142314)
2,402,327
4,640,526
10,287,192
2,695,288
2,969,509

201409142315(201409142315)
2,405,932
4,641,298
10,287,192
2,695,288
2,969,509

201409142316(201409142316)
2,405,932
4,641,298
10,287,192
2,695,288
2,969,509

201409142317(201409142317)
2,405,932
4,641,298
10,287,192
2,696,230
2,969,509

201409142319(201409142319)
2,405,932
4,641,756
10,287,192
2,702,554
2,969,509

201409142320(201409142320)
2,405,932
4,641,756
10,287,192
2,702,554
2,969,509

201409142321(201409142321)
2,405,932
4,641,756
10,287,192
2,702,554
2,971,326

201409142322(201409142322)
2,405,932
4,641,756
10,287,192
2,702,554
2,971,326

201409142323(201409142323)
2,405,994
4,641,756
10,287,192
2,702,554
2,973,263

201409142324(201409142324)
2,409,101
4,641,816
10,287,192
2,706,123
2,976,527

201409142325(201409142325)
2,409,101
4,641,816
10,287,192
2,706,578
2,976,641

201409142326(201409142326)
2,409,101
4,641,816
10,287,192
2,706,578
2,976,869

201409142327(201409142327)
2,409,101
4,641,816
10,287,192
2,707,951
2,982,383

201409142329(201409142329)
2,410,960
4,642,466
10,287,192
2,707,951
2,982,383

201409142330(201409142330)
2,410,960
4,647,284
10,287,192
2,707,951
2,982,445

201409142331(201409142331)
2,412,422
4,657,535
10,287,192
2,708,813
2,982,445

201409142332(201409142332)
2,412,422
4,657,825
10,287,192
2,714,146
2,982,632

201409142333(201409142333)
2,412,422
4,660,669
10,287,192
2,715,706
2,989,309

201409142334(201409142334)
2,412,422
4,661,093
10,287,192
2,715,706
2,990,199

201409142335(201409142335)
2,416,499
4,661,093
10,287,192
2,717,491
2,990,199

201409142336(201409142336)
2,427,765
4,661,093
10,287,192
2,717,491
2,990,199

201409142337(201409142337)
2,427,765
4,662,402
10,287,192
2,717,491
2,990,199

201409142339(201409142339)
2,427,765
4,662,589
10,294,791
2,717,491
2,994,251

201409142340(201409142340)
2,427,765
4,662,589
10,294,791
2,717,726
2,994,251

201409142341(201409142341)
2,427,765
4,662,589
10,294,791
2,718,572
2,994,251

201409142342(201409142342)
2,427,765
4,662,589
10,294,791
2,718,572
2,994,251

201409142343(201409142343)
2,427,765
4,662,589
10,294,791
2,718,572
2,994,251

201409142344(201409142344)
2,427,765
4,662,589
10,294,791
2,718,572
2,994,251

201409142345(201409142345)
2,427,765
4,662,589
10,294,791
2,718,572
2,994,251

201409142346(201409142346)
2,427,765
4,662,589
10,294,791
2,718,572
2,994,251

201409142347(201409142347)
2,427,765
4,662,589
10,294,791
2,718,572
2,994,251

201409142349(201409142349)
2,427,765
4,666,656
10,294,791
2,718,572
2,999,600

201409142350(201409142350)
2,428,508
4,666,656
10,294,791
2,718,572
3,002,639

201409142351(201409142351)
2,428,508
4,668,491
10,294,791
2,718,572
3,002,639

201409142352(201409142352)
2,428,508
4,668,491
10,294,791
2,718,572
3,002,639

201409142353(201409142353)
2,428,508
4,668,491
10,294,791
2,718,572
3,002,639

201409142354(201409142354)
2,446,247
4,668,673
10,298,104
2,718,593
3,002,639

201409142355(201409142355)
2,446,247
4,673,094
10,298,104
2,723,494
3,006,610

201409142356(201409142356)
2,446,247
4,678,085
10,298,104
2,723,494
3,006,610

201409142357(201409142357)
2,446,247
4,678,085
10,298,104
2,723,494
3,006,719

201409142359(201409142359)
2,446,247
4,678,085
10,298,104
2,724,184
3,006,719

201409150000(201409150000)
2,446,247
4,678,085
10,298,104
2,724,184
3,006,719

201409150001(201409150001)
2,446,247
4,678,085
10,298,104
2,724,184
3,008,844

201409150002(201409150002)
2,446,247
4,678,085
10,298,104
2,724,184
3,014,758

201409150003(201409150003)
2,446,247
4,678,085
10,298,104
2,724,184
3,026,956

201409150004(201409150004)
2,446,247
4,678,085
10,298,104
2,724,184
3,026,956

201409150005(201409150005)
2,446,577
4,678,085
10,298,104
2,724,184
3,026,956

201409150006(201409150006)
2,446,577
4,678,085
10,298,104
2,724,184
3,026,956

201409150007(201409150007)
2,446,577
4,678,085
10,298,104
2,724,184
3,026,956

201409150009(201409150009)
2,446,577
4,678,085
10,298,104
2,724,184
3,026,956

201409150010(201409150010)
2,446,577
4,678,085
10,298,104
2,724,184
3,026,956

201409150011(201409150011)
2,446,577
4,681,407
10,298,104
2,726,291
3,026,956

201409150012(201409150012)
2,446,577
4,681,407
10,298,104
2,726,291
3,026,956

201409150013(201409150013)
2,446,577
4,681,407
10,298,104
2,726,291
3,026,956

201409150014(201409150014)
2,446,577
4,695,639
10,298,104
2,726,378
3,026,956

201409150015(201409150015)
2,446,577
4,695,639
10,298,104
2,726,378
3,026,956

201409150016(201409150016)
2,448,480
4,695,639
10,298,104
2,726,443
3,026,956

201409150017(201409150017)
2,448,480
4,695,782
10,298,104
2,726,508
3,027,846

201409150019(201409150019)
2,451,471
4,695,782
10,298,104
2,726,638
3,029,266

201409150020(201409150020)
2,451,471
4,695,782
10,298,104
2,726,638
3,029,266

201409150021(201409150021)
2,451,471
4,695,782
10,298,104
2,727,549
3,035,280

201409150022(201409150022)
2,451,471
4,695,782
10,298,104
2,728,000
3,035,280

201409150023(201409150023)
2,456,527
4,695,782
10,359,653
2,729,891
3,035,280

201409150024(201409150024)
2,456,527
4,695,782
10,359,653
2,731,618
3,039,038

201409150025(201409150025)
2,456,527
4,695,782
10,359,653
2,735,318
3,039,038

201409150026(201409150026)
2,456,527
4,695,782
10,359,653
2,737,727
3,039,038

201409150027(201409150027)
2,456,527
4,702,187
10,359,653
2,739,794
3,039,038

201409150029(201409150029)
2,456,527
4,702,582
10,359,653
2,740,502
3,039,038

201409150030(201409150030)
2,456,527
4,702,582
10,359,653
2,740,502
3,040,852

201409150031(201409150031)
2,456,527
4,702,582
10,359,653
2,740,502
3,040,852

201409150032(201409150032)
2,458,028
4,702,582
10,359,653
2,740,502
3,040,852

201409150033(201409150033)
2,458,028
4,702,582
10,359,653
2,740,502
3,042,492

201409150034(201409150034)
2,458,028
4,702,582
10,359,653
2,740,502
3,042,492

201409150035(201409150035)
2,458,028
4,702,582
10,359,653
2,740,502
3,042,492

201409150036(201409150036)
2,458,028
4,721,081
10,359,653
2,740,502
3,042,492

201409150037(201409150037)
2,458,028
4,721,081
10,359,653
2,740,502
3,042,492

201409150039(201409150039)
2,458,028
4,721,081
10,359,653
2,740,502
3,046,987

201409150040(201409150040)
2,458,028
4,721,081
10,359,653
2,740,502
3,046,987

201409150041(201409150041)
2,458,028
4,724,107
10,359,653
2,740,502
3,046,987

201409150042(201409150042)
2,458,374
4,724,107
10,359,653
2,749,066
3,047,014

201409150043(201409150043)
2,458,374
4,727,066
10,359,653
2,749,066
3,047,014

201409150044(201409150044)
2,458,374
4,727,066
10,359,653
2,750,459
3,047,014

201409150045(201409150045)
2,458,374
4,727,066
10,359,653
2,750,459
3,047,014

201409150046(201409150046)
2,458,374
4,727,066
10,359,653
2,750,459
3,047,014

201409150047(201409150047)
2,458,374
4,727,066
10,359,653
2,750,459
3,047,014

201409150049(201409150049)
2,465,003
4,727,066
10,359,653
2,758,530
3,047,640

201409150050(201409150050)
2,465,003
4,727,066
10,359,653
2,758,530
3,047,640

201409150051(201409150051)
2,465,003
4,727,066
10,359,653
2,758,530
3,048,816

201409150052(201409150052)
2,465,003
4,727,066
10,359,653
2,765,905
3,049,319

201409150053(201409150053)
2,465,003
4,727,066
10,359,653
2,765,905
3,049,319

201409150054(201409150054)
2,472,165
4,727,066
10,359,653
2,765,905
3,049,319

201409150055(201409150055)
2,484,185
4,728,228
10,359,653
2,765,905
3,049,319

201409150056(201409150056)
2,484,185
4,728,228
10,359,653
2,766,496
3,049,319

201409150057(201409150057)
2,484,185
4,728,228
10,359,653
2,766,496
3,049,319

201409150059(201409150059)
2,484,185
4,729,731
10,359,653
2,766,496
3,049,319

201409150100(201409150100)
2,484,185
4,729,731
10,359,653
2,767,747
3,055,007

201409150101(201409150101)
2,484,185
4,729,731
10,359,653
2,769,631
3,055,007

201409150102(201409150102)
2,484,185
4,729,731
10,359,653
2,769,631
3,055,007

201409150103(201409150103)
2,484,185
4,729,731
10,359,653
2,769,631
3,055,007

201409150104(201409150104)
2,484,196
4,729,731
10,359,653
2,769,631
3,055,007

201409150105(201409150105)
2,484,196
4,730,728
10,359,653
2,769,631
3,055,007

201409150106(201409150106)
2,484,196
4,730,728
10,359,653
2,769,631
3,055,007

201409150107(201409150107)
2,484,196
4,730,728
10,359,653
2,769,631
3,055,007

201409150109(201409150109)
2,484,196
4,730,728
10,359,653
2,773,185
3,055,596

201409150110(201409150110)
2,484,196
4,730,728
10,359,653
2,773,185
3,055,596

201409150111(201409150111)
2,484,196
4,730,728
10,359,653
2,773,185
3,055,596

201409150112(201409150112)
2,484,713
4,730,728
10,359,653
2,773,730
3,055,596

201409150113(201409150113)
2,484,713
4,730,728
10,359,653
2,773,730
3,055,596

201409150114(201409150114)
2,484,713
4,730,728
10,359,653
2,773,730
3,055,596

201409150115(201409150115)
2,484,713
4,730,728
10,359,653
2,773,730
3,055,596

201409150116(201409150116)
2,484,713
4,730,920
10,359,653
2,774,912
3,055,596

201409150117(201409150117)
2,484,713
4,730,920
10,359,653
2,774,912
3,055,596

201409150119(201409150119)
2,484,713
4,730,920
10,359,653
2,774,912
3,057,640

201409150120(201409150120)
2,484,713
4,738,771
10,359,653
2,774,912
3,057,640

201409150121(201409150121)
2,484,713
4,738,771
10,359,653
2,777,157
3,057,640

201409150122(201409150122)
2,484,713
4,740,756
10,359,653
2,777,157
3,058,618

201409150123(201409150123)
2,485,435
4,740,756
10,359,653
2,777,157
3,058,618

201409150124(201409150124)
2,485,435
4,740,756
10,359,653
2,777,157
3,058,618

201409150125(201409150125)
2,486,704
4,740,756
10,359,653
2,777,157
3,058,618

201409150126(201409150126)
2,486,704
4,740,756
10,359,653
2,777,157
3,058,618

201409150127(201409150127)
2,486,704
4,740,756
10,359,653
2,777,157
3,058,618

201409150129(201409150129)
2,486,704
4,740,756
10,359,653
2,777,157
3,058,618

201409150130(201409150130)
2,486,704
4,743,777
10,359,653
2,779,274
3,058,618

201409150131(201409150131)
2,491,742
4,743,777
10,359,653
2,779,274
3,058,618

201409150132(201409150132)
2,491,742
4,743,777
10,359,653
2,782,559
3,058,618

201409150133(201409150133)
2,491,742
4,743,777
10,359,653
2,782,559
3,058,618

201409150134(201409150134)
2,491,742
4,743,777
10,359,653
2,782,559
3,058,618

201409150135(201409150135)
2,491,742
4,743,777
10,359,653
2,784,922
3,061,137

201409150136(201409150136)
2,491,742
4,743,777
10,359,653
2,784,922
3,061,137

201409150137(201409150137)
2,491,742
4,745,313
10,359,653
2,784,922
3,068,884

201409150139(201409150139)
2,491,742
4,745,313
10,359,653
2,784,922
3,068,884

201409150140(201409150140)
2,491,742
4,745,313
10,359,653
2,784,922
3,068,884

201409150141(201409150141)
2,491,742
4,745,313
10,359,653
2,784,922
3,068,905

201409150142(201409150142)
2,491,742
4,745,313
10,359,653
2,784,922
3,069,604

201409150143(201409150143)
2,491,742
4,745,313
10,359,653
2,784,922
3,069,604

201409150144(201409150144)
2,491,742
4,745,313
10,359,653
2,784,922
3,069,604

201409150145(201409150145)
2,491,742
4,745,313
10,359,653
2,784,922
3,069,604

201409150146(201409150146)
2,491,742
4,745,313
10,359,653
2,784,922
3,069,604

201409150147(201409150147)
2,491,742
4,745,313
10,359,653
2,784,922
3,069,604

201409150149(201409150149)
2,491,742
4,745,429
10,359,653
2,784,922
3,069,604

201409150150(201409150150)
2,491,742
4,745,429
10,359,653
2,784,922
3,069,604

201409150151(201409150151)
2,491,742
4,745,429
10,359,653
2,784,922
3,069,604

201409150152(201409150152)
2,491,742
4,745,429
10,359,653
2,784,922
3,069,604

201409150153(201409150153)
2,491,742
4,745,429
10,359,653
2,785,349
3,069,604

201409150154(201409150154)
2,491,742
4,745,429
10,359,653
2,785,349
3,069,604

201409150155(201409150155)
2,491,742
4,745,429
10,359,653
2,785,811
3,069,604

201409150156(201409150156)
2,491,742
4,745,429
10,359,653
2,785,811
3,069,604

201409150157(201409150157)
2,491,742
4,745,429
10,359,653
2,785,811
3,069,604

201409150159(201409150159)
2,491,742
4,745,429
10,359,653
2,786,720
3,069,604

201409150200(201409150200)
2,495,408
4,745,429
10,359,653
2,786,720
3,069,604

201409150201(201409150201)
2,495,408
4,745,429
10,359,653
2,786,720
3,070,542

201409150202(201409150202)
2,495,408
4,745,429
10,359,653
2,795,533
3,070,542

201409150203(201409150203)
2,495,408
4,751,581
10,359,653
2,795,533
3,070,542

201409150204(201409150204)
2,495,408
4,764,100
10,359,653
2,795,533
3,071,242

201409150205(201409150205)
2,495,408
4,764,100
10,359,653
2,795,533
3,071,242

201409150206(201409150206)
2,497,494
4,764,100
10,359,653
2,795,533
3,071,242

201409150207(201409150207)
2,497,494
4,764,100
10,359,653
2,795,533
3,071,242

201409150209(201409150209)
2,497,494
4,764,100
10,359,653
2,795,533
3,073,031

201409150210(201409150210)
2,498,125
4,764,100
10,359,653
2,798,049
3,073,031

201409150211(201409150211)
2,498,125
4,767,648
10,359,653
2,798,049
3,073,031

201409150212(201409150212)
2,498,125
4,767,648
10,359,653
2,798,049
3,073,031

201409150213(201409150213)
2,498,125
4,767,648
10,359,653
2,798,049
3,073,031

201409150214(201409150214)
2,498,125
4,767,648
10,359,653
2,798,049
3,073,031

201409150215(201409150215)
2,498,125
4,767,648
10,359,653
2,798,049
3,073,785

201409150216(201409150216)
2,498,125
4,767,648
10,359,653
2,798,049
3,073,785

201409150217(201409150217)
2,498,125
4,767,648
10,359,653
2,798,049
3,073,785

201409150219(201409150219)
2,500,545
4,767,648
10,359,712
2,798,049
3,073,785

201409150220(201409150220)
2,500,545
4,767,648
10,359,712
2,798,049
3,073,785

201409150221(201409150221)
2,501,813
4,767,648
10,359,712
2,798,049
3,073,785

201409150222(201409150222)
2,501,813
4,767,648
10,359,712
2,798,049
3,073,785

201409150223(201409150223)
2,501,813
4,767,648
10,359,712
2,798,049
3,073,785

201409150224(201409150224)
2,501,813
4,767,648
10,359,712
2,798,049
3,073,785

201409150225(201409150225)
2,501,813
4,767,648
10,359,712
2,798,049
3,074,025

201409150226(201409150226)
2,501,813
4,767,648
10,359,712
2,798,049
3,074,025

201409150227(201409150227)
2,501,813
4,767,648
10,359,712
2,798,049
3,077,347

201409150229(201409150229)
2,501,813
4,767,648
10,359,712
2,798,049
3,077,347

201409150230(201409150230)
2,501,813
4,767,648
10,359,712
2,798,049
3,077,347

201409150231(201409150231)
2,501,813
4,767,648
10,359,712
2,798,049
3,077,347

201409150232(201409150232)
2,501,813
4,767,648
10,359,712
2,798,049
3,077,347

201409150233(201409150233)
2,501,813
4,767,648
10,359,712
2,798,049
3,077,347

201409150234(201409150234)
2,501,813
4,767,648
10,359,712
2,801,551
3,077,347

201409150235(201409150235)
2,501,813
4,767,648
10,359,712
2,801,551
3,077,347

201409150236(201409150236)
2,501,813
4,783,234
10,359,712
2,801,551
3,080,741

201409150237(201409150237)
2,501,813
4,783,234
10,359,712
2,801,551
3,080,741

201409150239(201409150239)
2,501,813
4,783,234
10,359,712
2,801,551
3,080,741

201409150240(201409150240)
2,501,813
4,783,234
10,359,712
2,801,551
3,080,741

201409150241(201409150241)
2,501,813
4,783,234
10,359,712
2,801,551
3,082,300

201409150242(201409150242)
2,501,813
4,783,234
10,359,712
2,801,551
3,082,300

201409150243(201409150243)
2,501,813
4,783,234
10,359,712
2,801,551
3,082,300

201409150244(201409150244)
2,501,813
4,783,234
10,359,712
2,801,551
3,082,300

201409150245(201409150245)
2,509,654
4,783,234
10,359,712
2,801,551
3,082,300

201409150246(201409150246)
2,509,654
4,783,234
10,359,712
2,801,551
3,082,300

201409150247(201409150247)
2,509,654
4,783,234
10,359,712
2,801,551
3,082,300

201409150249(201409150249)
2,509,654
4,783,234
10,359,712
2,801,551
3,082,300

201409150250(201409150250)
2,509,654
4,783,234
10,359,712
2,801,551
3,082,300

201409150251(201409150251)
2,509,654
4,783,234
10,359,712
2,801,551
3,082,300

201409150252(201409150252)
2,509,654
4,783,234
10,359,712
2,801,551
3,082,300

201409150253(201409150253)
2,509,654
4,783,234
10,359,712
2,801,551
3,082,300

201409150254(201409150254)
2,511,534
4,783,234
10,359,712
2,801,551
3,082,300

201409150255(201409150255)
2,515,140
4,783,234
10,359,712
2,801,551
3,082,300

201409150256(201409150256)
2,520,762
4,783,234
10,359,712
2,801,551
3,082,300

201409150257(201409150257)
2,520,762
4,783,234
10,359,712
2,807,628
3,082,300

201409150259(201409150259)
2,520,762
4,783,234
10,359,712
2,807,628
3,082,300

201409150300(201409150300)
2,520,762
4,783,234
10,359,712
2,807,628
3,082,300

201409150301(201409150301)
2,520,762
4,783,234
10,359,712
2,807,628
3,082,300

201409150302(201409150302)
2,522,980
4,783,234
10,359,712
2,807,628
3,084,652

201409150303(201409150303)
2,522,980
4,783,234
10,359,712
2,807,628
3,087,024

201409150304(201409150304)
2,522,980
4,783,234
10,359,712
2,807,628
3,087,024

201409150305(201409150305)
2,522,980
4,783,234
10,359,712
2,807,628
3,087,024

201409150306(201409150306)
2,523,488
4,783,234
10,359,712
2,807,628
3,087,024

201409150307(201409150307)
2,523,488
4,783,234
10,359,712
2,807,628
3,090,306

201409150309(201409150309)
2,523,488
4,783,234
10,359,712
2,807,628
3,090,755

201409150310(201409150310)
2,523,488
4,783,234
10,359,712
2,807,628
3,090,755

201409150311(201409150311)
2,523,488
4,783,234
10,359,712
2,807,628
3,090,755

201409150312(201409150312)
2,524,661
4,783,234
10,359,712
2,807,628
3,090,755

201409150313(201409150313)
2,524,661
4,783,234
10,359,712
2,814,811
3,090,755

201409150314(201409150314)
2,524,661
4,783,234
10,359,712
2,814,811
3,095,426

201409150315(201409150315)
2,524,661
4,783,234
10,359,712
2,815,380
3,095,426

201409150316(201409150316)
2,524,661
4,783,234
10,359,712
2,815,380
3,100,768

201409150317(201409150317)
2,524,661
4,783,234
10,359,712
2,815,380
3,100,768

201409150319(201409150319)
2,524,661
4,783,234
10,359,712
2,815,380
3,100,768

201409150320(201409150320)
2,524,661
4,783,234
10,359,712
2,815,380
3,100,768

201409150321(201409150321)
2,524,661
4,783,234
10,359,712
2,815,380
3,100,768

201409150322(201409150322)
2,524,661
4,783,234
10,359,712
2,815,380
3,100,768

201409150323(201409150323)
2,524,661
4,783,234
10,359,712
2,815,380
3,102,972

201409150324(201409150324)
2,524,661
4,783,234
10,359,712
2,815,380
3,102,972

201409150325(201409150325)
2,525,655
4,783,234
10,359,712
2,815,380
3,102,972

201409150326(201409150326)
2,525,655
4,783,234
10,359,712
2,815,380
3,103,306

201409150327(201409150327)
2,525,655
4,783,234
10,359,712
2,815,380
3,103,306

201409150329(201409150329)
2,525,655
4,783,234
10,359,712
2,815,917
3,103,306

201409150330(201409150330)
2,525,655
4,783,234
10,359,712
2,815,917
3,103,306

201409150331(201409150331)
2,525,655
4,783,234
10,359,712
2,815,917
3,103,306

201409150332(201409150332)
2,525,655
4,783,234
10,359,712
2,815,917
3,103,306

201409150333(201409150333)
2,525,655
4,783,234
10,359,712
2,815,917
3,106,317

201409150334(201409150334)
2,525,655
4,783,234
10,359,712
2,815,917
3,106,317

201409150335(201409150335)
2,525,655
4,783,234
10,359,712
2,815,917
3,106,317

201409150336(201409150336)
2,525,655
4,783,234
10,359,712
2,815,917
3,107,962

201409150337(201409150337)
2,525,655
4,783,234
10,359,712
2,815,917
3,107,962

201409150339(201409150339)
2,525,655
4,783,234
10,359,712
2,815,917
3,107,962

201409150340(201409150340)
2,525,655
4,783,234
10,359,712
2,815,917
3,113,214

201409150341(201409150341)
2,525,655
4,795,862
10,359,712
2,815,917
3,113,214

201409150342(201409150342)
2,525,655
4,795,862
10,359,712
2,815,917
3,113,214

201409150343(201409150343)
2,525,655
4,795,862
10,359,712
2,815,917
3,113,214

201409150344(201409150344)
2,525,655
4,795,862
10,359,712
2,815,917
3,113,214

201409150345(201409150345)
2,525,655
4,795,862
10,359,712
2,815,917
3,113,214

201409150346(201409150346)
2,525,655
4,795,862
10,359,712
2,815,917
3,113,214

201409150347(201409150347)
2,525,655
4,795,862
10,359,712
2,815,917
3,113,214

201409150349(201409150349)
2,534,452
4,795,862
10,359,712
2,821,866
3,113,214

201409150350(201409150350)
2,534,452
4,795,862
10,359,712
2,821,866
3,113,214

201409150351(201409150351)
2,534,452
4,795,862
10,359,712
2,821,866
3,113,214

201409150352(201409150352)
2,534,452
4,795,862
10,359,712
2,821,866
3,117,118

201409150353(201409150353)
2,534,452
4,795,862
10,359,712
2,821,866
3,117,118

201409150354(201409150354)
2,536,332
4,795,862
10,359,712
2,824,677
3,118,678

201409150355(201409150355)
2,536,332
4,795,862
10,359,712
2,824,677
3,118,678

201409150356(201409150356)
2,536,332
4,795,862
10,359,712
2,824,677
3,118,678

201409150357(201409150357)
2,536,332
4,795,862
10,359,712
2,824,677
3,118,678

201409150359(201409150359)
2,536,332
4,798,807
10,359,712
2,827,799
3,118,736

201409150400(201409150400)
2,536,332
4,798,807
10,359,712
2,831,674
3,118,736

201409150401(201409150401)
2,536,332
4,798,807
10,359,712
2,835,000
3,119,298

201409150402(201409150402)
2,536,332
4,798,807
10,359,712
2,835,000
3,119,365

201409150403(201409150403)
2,536,332
4,798,807
10,359,712
2,835,000
3,119,365

201409150404(201409150404)
2,536,332
4,798,807
10,359,712
2,835,000
3,119,365

201409150405(201409150405)
2,536,332
4,798,807
10,359,712
2,835,000
3,119,365

201409150406(201409150406)
2,539,818
4,798,807
10,359,712
2,835,000
3,119,365

201409150407(201409150407)
2,539,818
4,798,807
10,359,712
2,837,252
3,119,499

201409150409(201409150409)
2,539,818
4,798,807
10,359,712
2,837,252
3,120,596

201409150410(201409150410)
2,539,818
4,798,807
10,359,712
2,838,729
3,120,596

201409150411(201409150411)
2,539,818
4,798,807
10,359,712
2,838,729
3,120,596

201409150412(201409150412)
2,539,818
4,798,807
10,359,712
2,838,729
3,120,596

201409150413(201409150413)
2,539,818
4,798,807
10,359,712
2,838,729
3,120,596

201409150414(201409150414)
2,541,632
4,798,807
10,359,712
2,838,729
3,120,596

201409150415(201409150415)
2,541,632
4,798,807
10,359,712
2,838,859
3,120,596

201409150416(201409150416)
2,541,632
4,798,969
10,359,712
2,838,989
3,120,596

201409150417(201409150417)
2,541,632
4,798,969
10,359,712
2,838,989
3,120,596

201409150419(201409150419)
2,541,632
4,798,969
10,359,712
2,842,605
3,120,596

201409150420(201409150420)
2,541,632
4,798,969
10,359,712
2,842,605
3,120,596

201409150421(201409150421)
2,544,227
4,798,969
10,359,712
2,842,605
3,122,624

201409150422(201409150422)
2,544,227
4,798,969
10,359,712
2,842,605
3,122,624

201409150423(201409150423)
2,544,227
4,798,969
10,359,712
2,842,605
3,122,624

201409150424(201409150424)
2,544,227
4,798,969
10,359,712
2,842,605
3,122,624

201409150425(201409150425)
2,544,227
4,798,969
10,359,712
2,842,605
3,122,624

201409150426(201409150426)
2,544,227
4,798,969
10,359,712
2,842,605
3,122,624

201409150427(201409150427)
2,544,227
4,798,969
10,359,712
2,842,605
3,122,624

201409150429(201409150429)
2,551,689
4,798,969
10,359,712
2,842,605
3,122,624

201409150430(201409150430)
2,551,689
4,798,969
10,359,712
2,842,743
3,122,624

201409150431(201409150431)
2,551,689
4,798,969
10,359,712
2,842,743
3,122,624

201409150432(201409150432)
2,551,689
4,798,969
10,359,712
2,842,743
3,122,624

201409150433(201409150433)
2,551,689
4,798,969
10,359,712
2,842,743
3,122,624

201409150434(201409150434)
2,551,689
4,798,969
10,359,712
2,842,743
3,122,624

201409150435(201409150435)
2,551,689
4,798,969
10,359,712
2,842,743
3,129,281

201409150436(201409150436)
2,551,689
4,798,969
10,359,712
2,843,377
3,129,281

201409150437(201409150437)
2,551,689
4,798,969
10,359,712
2,843,970
3,129,281

201409150439(201409150439)
2,551,689
4,798,969
10,359,712
2,843,970
3,129,281

201409150440(201409150440)
2,551,689
4,798,969
10,359,712
2,843,970
3,129,281

201409150441(201409150441)
2,551,689
4,798,969
10,359,712
2,843,970
3,129,281

201409150442(201409150442)
2,551,689
4,798,969
10,359,712
2,843,970
3,131,922

201409150443(201409150443)
2,551,689
4,798,969
10,359,712
2,843,970
3,131,922

201409150444(201409150444)
2,551,689
4,798,969
10,359,712
2,843,970
3,131,922

201409150445(201409150445)
2,551,689
4,800,764
10,359,712
2,843,970
3,131,922

201409150446(201409150446)
2,551,689
4,800,764
10,359,712
2,843,970
3,131,922

201409150447(201409150447)
2,551,689
4,800,764
10,359,712
2,843,970
3,131,922

201409150449(201409150449)
2,551,689
4,800,764
10,359,712
2,843,970
3,131,922

201409150450(201409150450)
2,551,689
4,800,764
10,359,712
2,843,970
3,131,922

201409150451(201409150451)
2,551,689
4,800,764
10,359,712
2,843,970
3,139,617

201409150452(201409150452)
2,551,689
4,800,764
10,359,712
2,843,970
3,139,617

201409150453(201409150453)
2,551,689
4,800,764
10,359,712
2,843,970
3,139,617

201409150454(201409150454)
2,551,689
4,800,764
10,359,712
2,843,970
3,139,617

201409150455(201409150455)
2,551,689
4,800,764
10,359,712
2,843,970
3,139,617

201409150456(201409150456)
2,551,689
4,800,764
10,359,712
2,843,970
3,139,617

201409150457(201409150457)
2,551,689
4,800,764
10,359,712
2,843,970
3,139,617

201409150459(201409150459)
2,551,689
4,800,764
10,359,712
2,843,970
3,139,617

201409150500(201409150500)
2,551,689
4,800,764
10,359,712
2,843,970
3,139,617

201409150501(201409150501)
2,551,768
4,800,764
10,359,712
2,843,970
3,139,617

201409150502(201409150502)
2,551,768
4,800,764
10,359,712
2,843,970
3,139,617

201409150503(201409150503)
2,551,768
4,800,764
10,359,712
2,843,970
3,139,617

201409150504(201409150504)
2,551,768
4,800,764
10,359,712
2,843,970
3,139,617

201409150505(201409150505)
2,551,768
4,800,764
10,359,712
2,843,970
3,139,617

201409150506(201409150506)
2,551,768
4,800,764
10,359,712
2,843,970
3,139,617

201409150507(201409150507)
2,551,768
4,800,764
10,359,712
2,843,970
3,139,617

201409150509(201409150509)
2,551,768
4,800,764
10,359,712
2,843,970
3,139,617

201409150510(201409150510)
2,551,768
4,800,764
10,359,712
2,843,970
3,139,617

201409150511(201409150511)
2,551,768
4,800,764
10,359,712
2,843,970
3,139,617

201409150512(201409150512)
2,551,768
4,800,764
10,359,712
2,843,970
3,139,617

201409150513(201409150513)
2,551,768
4,800,764
10,359,712
2,843,970
3,139,617

201409150514(201409150514)
2,551,768
4,800,764
10,359,712
2,846,415
3,139,617

201409150515(201409150515)
2,551,768
4,800,764
10,361,957
2,847,163
3,139,617

201409150516(201409150516)
2,551,768
4,803,879
10,364,438
2,847,163
3,139,617

201409150517(201409150517)
2,551,768
4,803,879
10,364,438
2,847,163
3,139,617

201409150519(201409150519)
2,551,768
4,803,879
10,364,438
2,847,163
3,139,617

201409150520(201409150520)
2,551,768
4,803,879
10,364,438
2,847,163
3,139,617

201409150521(201409150521)
2,551,768
4,803,879
10,364,438
2,847,163
3,139,617

201409150522(201409150522)
2,551,768
4,803,879
10,364,438
2,847,163
3,140,085

201409150523(201409150523)
2,551,768
4,803,879
10,364,438
2,847,163
3,140,085

201409150524(201409150524)
2,551,768
4,803,879
10,364,438
2,847,163
3,140,085

201409150525(201409150525)
2,551,768
4,803,879
10,364,438
2,847,163
3,140,085

201409150526(201409150526)
2,551,768
4,803,879
10,364,438
2,847,163
3,140,085

201409150527(201409150527)
2,551,768
4,803,879
10,364,438
2,847,163
3,140,085

201409150529(201409150529)
2,551,768
4,803,879
10,364,438
2,847,163
3,140,085

201409150530(201409150530)
2,551,768
4,803,879
10,364,438
2,847,163
3,140,085

201409150531(201409150531)
2,551,768
4,803,879
10,364,438
2,847,163
3,140,085

201409150532(201409150532)
2,551,768
4,803,879
10,364,438
2,847,163
3,140,085

201409150533(201409150533)
2,551,768
4,803,879
10,364,438
2,847,163
3,140,085

201409150534(201409150534)
2,551,768
4,803,879
10,364,438
2,848,821
3,141,438

201409150535(201409150535)
2,552,666
4,803,879
10,364,438
2,848,821
3,141,438

201409150536(201409150536)
2,552,666
4,803,879
10,364,438
2,848,821
3,141,438

201409150537(201409150537)
2,552,666
4,803,879
10,364,438
2,848,821
3,142,385

201409150539(201409150539)
2,553,978
4,803,879
10,364,438
2,848,821
3,142,385

201409150540(201409150540)
2,553,978
4,803,879
10,364,438
2,848,821
3,142,385

201409150541(201409150541)
2,553,978
4,804,880
10,364,438
2,848,821
3,142,385

201409150542(201409150542)
2,553,978
4,804,880
10,364,438
2,848,821
3,142,385

201409150543(201409150543)
2,553,978
4,804,880
10,364,438
2,848,821
3,142,385

201409150544(201409150544)
2,553,978
4,804,880
10,364,438
2,848,821
3,142,385

201409150545(201409150545)
2,553,978
4,804,880
10,364,438
2,848,821
3,146,115

201409150546(201409150546)
2,553,978
4,804,880
10,364,438
2,848,821
3,146,115

201409150547(201409150547)
2,553,978
4,804,880
10,364,438
2,848,821
3,146,115

201409150549(201409150549)
2,553,978
4,807,403
10,364,438
2,848,821
3,146,115

201409150550(201409150550)
2,553,978
4,808,207
10,364,438
2,848,821
3,146,115

201409150551(201409150551)
2,553,978
4,808,207
10,364,438
2,848,821
3,146,115

201409150552(201409150552)
2,553,978
4,808,207
10,364,438
2,848,821
3,146,583

201409150553(201409150553)
2,553,978
4,808,207
10,364,438
2,848,821
3,154,097

201409150554(201409150554)
2,553,978
4,808,207
10,364,438
2,848,821
3,154,767

201409150555(201409150555)
2,553,978
4,808,207
10,364,438
2,848,821
3,154,834

201409150556(201409150556)
2,553,978
4,808,207
10,364,438
2,848,821
3,154,834

201409150557(201409150557)
2,553,978
4,808,207
10,364,438
2,848,821
3,155,370

201409150559(201409150559)
2,553,978
4,808,207
10,364,438
2,848,821
3,158,290

201409150600(201409150600)
2,554,931
4,808,207
10,370,186
2,848,821
3,158,290

201409150601(201409150601)
2,554,931
4,808,207
10,381,681
2,848,821
3,158,290

201409150602(201409150602)
2,554,931
4,808,207
10,381,681
2,848,821
3,158,290

201409150603(201409150603)
2,554,931
4,808,207
10,381,681
2,848,821
3,158,290

201409150604(201409150604)
2,554,931
4,814,291
10,381,681
2,848,821
3,158,290

201409150605(201409150605)
2,554,931
4,814,291
10,381,681
2,848,821
3,158,290

201409150606(201409150606)
2,554,931
4,814,291
10,381,681
2,849,260
3,158,290

201409150607(201409150607)
2,554,931
4,814,291
10,381,681
2,849,316
3,158,290

201409150609(201409150609)
2,554,931
4,814,291
10,381,681
2,849,316
3,158,290

201409150610(201409150610)
2,554,931
4,814,291
10,381,681
2,849,316
3,159,047

201409150611(201409150611)
2,554,931
4,814,291
10,381,681
2,849,316
3,159,047

201409150612(201409150612)
2,554,931
4,814,291
10,381,681
2,849,316
3,159,047

201409150613(201409150613)
2,554,931
4,814,291
10,381,681
2,849,316
3,159,047

201409150614(201409150614)
2,554,931
4,814,291
10,381,681
2,849,316
3,159,047

201409150615(201409150615)
2,554,931
4,814,291
10,381,681
2,849,316
3,159,047

201409150616(201409150616)
2,554,931
4,814,291
10,381,681
2,849,316
3,159,047

201409150617(201409150617)
2,554,931
4,814,291
10,381,681
2,849,316
3,159,047

201409150619(201409150619)
2,554,931
4,814,291
10,381,681
2,849,316
3,159,047

201409150620(201409150620)
2,554,931
4,814,291
10,381,681
2,851,721
3,159,047

201409150621(201409150621)
2,554,931
4,814,291
10,381,681
2,851,721
3,159,047

201409150622(201409150622)
2,554,931
4,814,291
10,381,681
2,851,721
3,159,047

201409150623(201409150623)
2,554,931
4,814,291
10,381,681
2,851,721
3,159,047

201409150624(201409150624)
2,554,931
4,814,291
10,381,681
2,851,721
3,159,047

201409150625(201409150625)
2,554,931
4,814,291
10,381,681
2,851,721
3,159,174

201409150626(201409150626)
2,554,931
4,814,291
10,381,681
2,851,721
3,159,174

201409150627(201409150627)
2,554,931
4,814,291
10,381,681
2,851,721
3,159,174

201409150629(201409150629)
2,554,931
4,814,291
10,385,707
2,851,721
3,159,174

201409150630(201409150630)
2,556,435
4,814,291
10,386,437
2,851,721
3,159,174

201409150631(201409150631)
2,556,435
4,814,291
10,391,050
2,851,721
3,159,174

201409150632(201409150632)
2,556,435
4,814,291
10,391,780
2,851,721
3,159,785

201409150633(201409150633)
2,556,435
4,814,291
10,400,058
2,851,721
3,159,785

201409150634(201409150634)
2,556,435
4,814,291
10,404,088
2,851,721
3,159,785

201409150635(201409150635)
2,556,435
4,814,291
10,404,088
2,851,721
3,159,785

201409150636(201409150636)
2,556,435
4,814,291
10,404,088
2,851,721
3,159,785

201409150637(201409150637)
2,556,435
4,814,291
10,432,177
2,851,721
3,159,785

201409150639(201409150639)
2,556,435
4,814,291
10,432,177
2,851,721
3,159,785

201409150640(201409150640)
2,556,435
4,814,291
10,432,177
2,851,721
3,160,763

201409150641(201409150641)
2,560,675
4,814,291
10,432,177
2,851,721
3,160,763

201409150642(201409150642)
2,560,675
4,814,291
10,432,177
2,851,721
3,160,763

201409150643(201409150643)
2,560,675
4,814,291
10,432,177
2,851,721
3,163,910

201409150644(201409150644)
2,560,675
4,814,291
10,432,177
2,851,721
3,167,744

201409150645(201409150645)
2,560,675
4,814,291
10,432,177
2,851,721
3,167,744

201409150646(201409150646)
2,560,675
4,814,291
10,432,177
2,851,721
3,167,744

201409150647(201409150647)
2,560,675
4,814,291
10,432,177
2,851,721
3,167,744

201409150649(201409150649)
2,560,675
4,814,291
10,432,177
2,851,721
3,167,744

201409150650(201409150650)
2,560,675
4,814,291
10,432,177
2,851,721
3,167,744

201409150651(201409150651)
2,560,675
4,814,291
10,432,177
2,851,721
3,173,313

201409150652(201409150652)
2,560,715
4,814,291
10,432,177
2,851,721
3,173,313

201409150653(201409150653)
2,560,715
4,814,291
10,432,177
2,851,721
3,173,313

201409150654(201409150654)
2,561,409
4,814,291
10,432,177
2,851,721
3,173,313

201409150655(201409150655)
2,561,409
4,814,291
10,432,177
2,851,721
3,173,313

201409150656(201409150656)
2,561,409
4,814,291
10,432,177
2,851,721
3,173,313

201409150657(201409150657)
2,561,409
4,814,291
10,432,177
2,851,721
3,173,313

201409150659(201409150659)
2,561,409
4,814,291
10,432,177
2,851,721
3,173,313

201409150700(201409150700)
2,561,409
4,814,291
10,432,177
2,851,721
3,173,313

201409150701(201409150701)
2,561,409
4,814,291
10,432,177
2,851,721
3,173,313

201409150702(201409150702)
2,561,409
4,814,291
10,432,177
2,851,721
3,173,313

201409150703(201409150703)
2,561,409
4,814,291
10,432,177
2,851,721
3,173,313

201409150704(201409150704)
2,580,213
4,814,291
10,432,177
2,851,721
3,173,313

201409150705(201409150705)
2,580,213
4,814,291
10,432,177
2,851,721
3,173,313

201409150706(201409150706)
2,580,213
4,814,291
10,432,177
2,856,958
3,173,313

201409150707(201409150707)
2,580,213
4,814,291
10,432,177
2,856,958
3,173,313

201409150709(201409150709)
2,580,213
4,814,291
10,432,177
2,856,958
3,173,313

201409150710(201409150710)
2,580,213
4,814,291
10,432,177
2,856,958
3,173,872

201409150711(201409150711)
2,580,213
4,814,291
10,432,177
2,856,958
3,173,872

201409150712(201409150712)
2,580,213
4,814,291
10,432,177
2,856,958
3,173,872

201409150713(201409150713)
2,580,213
4,814,291
10,432,177
2,856,958
3,173,872

201409150714(201409150714)
2,580,832
4,814,291
10,432,177
2,856,958
3,173,872

201409150715(201409150715)
2,580,832
4,814,291
10,432,177
2,860,581
3,173,872

201409150716(201409150716)
2,580,832
4,814,623
10,432,177
2,860,581
3,173,872

201409150717(201409150717)
2,583,033
4,814,623
10,432,177
2,860,581
3,173,872

201409150719(201409150719)
2,583,033
4,819,473
10,432,177
2,863,422
3,176,720

201409150720(201409150720)
2,583,033
4,819,473
10,432,177
2,863,422
3,177,314

201409150721(201409150721)
2,583,033
4,819,473
10,432,177
2,869,622
3,177,314

201409150722(201409150722)
2,583,033
4,819,473
10,432,177
2,869,622
3,181,725

201409150723(201409150723)
2,583,033
4,819,473
10,432,177
2,869,622
3,181,859

201409150724(201409150724)
2,583,033
4,819,473
10,432,177
2,875,447
3,181,859

201409150725(201409150725)
2,583,033
4,819,473
10,432,177
2,875,447
3,181,859

201409150726(201409150726)
2,583,033
4,828,926
10,432,177
2,875,447
3,181,859

201409150727(201409150727)
2,583,033
4,828,926
10,432,177
2,875,447
3,181,859

201409150729(201409150729)
2,583,033
4,828,926
10,432,177
2,875,447
3,184,963

201409150730(201409150730)
2,583,033
4,828,926
10,432,177
2,875,447
3,184,963

201409150731(201409150731)
2,583,033
4,828,926
10,432,177
2,875,447
3,184,963

201409150732(201409150732)
2,583,033
4,828,926
10,434,062
2,875,447
3,184,963

201409150733(201409150733)
2,583,033
4,828,926
10,434,062
2,875,749
3,184,963

201409150734(201409150734)
2,583,033
4,828,926
10,434,062
2,875,749
3,184,963

201409150735(201409150735)
2,583,033
4,828,926
10,434,062
2,884,158
3,184,963

201409150736(201409150736)
2,583,033
4,828,926
10,434,062
2,884,158
3,184,963

201409150737(201409150737)
2,583,033
4,828,926
10,434,062
2,884,158
3,184,963

201409150739(201409150739)
2,583,033
4,828,926
10,434,062
2,884,158
3,185,362

201409150740(201409150740)
2,583,033
4,828,926
10,434,062
2,884,158
3,185,362

201409150741(201409150741)
2,583,033
4,828,926
10,434,062
2,884,158
3,185,362

201409150742(201409150742)
2,585,820
4,828,926
10,434,062
2,884,158
3,185,362

201409150743(201409150743)
2,585,820
4,833,472
10,434,062
2,884,158
3,185,362

201409150744(201409150744)
2,585,820
4,833,472
10,434,062
2,884,158
3,185,362

201409150745(201409150745)
2,585,820
4,833,472
10,434,062
2,885,358
3,185,362

201409150746(201409150746)
2,585,820
4,833,472
10,434,062
2,885,358
3,185,362

201409150747(201409150747)
2,585,820
4,833,472
10,434,062
2,885,358
3,185,362

201409150749(201409150749)
2,585,820
4,833,472
10,434,062
2,885,358
3,185,362

201409150750(201409150750)
2,585,820
4,833,472
10,434,062
2,885,358
3,187,522

201409150751(201409150751)
2,585,820
4,833,472
10,434,062
2,885,358
3,187,522

201409150752(201409150752)
2,585,820
4,833,472
10,434,062
2,885,358
3,187,638

201409150753(201409150753)
2,585,820
4,833,472
10,434,062
2,885,358
3,187,638

201409150754(201409150754)
2,585,820
4,833,472
10,434,062
2,885,358
3,187,638

201409150755(201409150755)
2,585,820
4,833,472
10,434,062
2,885,358
3,187,638

201409150756(201409150756)
2,585,820
4,833,472
10,434,062
2,885,358
3,187,638

201409150757(201409150757)
2,588,055
4,833,472
10,434,062
2,885,358
3,187,638

201409150759(201409150759)
2,588,055
4,833,472
10,434,062
2,886,536
3,187,638

201409150800(201409150800)
2,588,055
4,833,472
10,434,062
2,886,536
3,187,638

201409150801(201409150801)
2,588,055
4,833,472
10,434,062
2,886,536
3,187,638

201409150802(201409150802)
2,588,206
4,834,163
10,434,062
2,886,536
3,187,638

201409150803(201409150803)
2,589,794
4,834,163
10,434,062
2,886,536
3,187,638

201409150804(201409150804)
2,589,794
4,839,153
10,434,062
2,886,536
3,190,032

201409150805(201409150805)
2,589,794
4,839,153
10,434,062
2,886,536
3,190,032

201409150806(201409150806)
2,589,794
4,839,153
10,434,062
2,886,536
3,190,032

201409150807(201409150807)
2,591,651
4,839,153
10,434,062
2,886,536
3,190,032

201409150809(201409150809)
2,591,651
4,839,153
10,434,062
2,886,536
3,190,032

201409150810(201409150810)
2,591,651
4,839,153
10,434,062
2,890,559
3,190,893

201409150811(201409150811)
2,591,651
4,839,153
10,434,062
2,890,559
3,190,893

201409150812(201409150812)
2,591,651
4,839,153
10,434,062
2,890,559
3,190,893

201409150813(201409150813)
2,591,651
4,839,153
10,434,062
2,890,559
3,190,893

201409150814(201409150814)
2,591,651
4,839,153
10,434,062
2,890,559
3,190,893

201409150815(201409150815)
2,591,651
4,839,153
10,434,062
2,890,559
3,190,893

201409150816(201409150816)
2,594,528
4,839,153
10,434,062
2,890,559
3,190,893

201409150817(201409150817)
2,594,562
4,839,153
10,434,062
2,890,559
3,190,893

201409150819(201409150819)
2,599,547
4,839,153
10,434,062
2,890,559
3,190,893

201409150820(201409150820)
2,599,547
4,839,153
10,434,062
2,898,151
3,191,639

201409150821(201409150821)
2,599,547
4,839,153
10,434,062
2,898,151
3,191,639

201409150822(201409150822)
2,599,547
4,839,153
10,434,062
2,898,151
3,191,639

201409150823(201409150823)
2,599,547
4,839,153
10,434,062
2,898,151
3,191,639

201409150824(201409150824)
2,599,547
4,839,153
10,434,062
2,898,151
3,191,639

201409150825(201409150825)
2,606,095
4,839,153
10,434,062
2,898,151
3,191,639

201409150826(201409150826)
2,614,176
4,839,153
10,434,062
2,898,151
3,191,639

201409150827(201409150827)
2,614,176
4,839,153
10,434,062
2,898,151
3,191,639

201409150829(201409150829)
2,614,927
4,839,153
10,434,062
2,903,476
3,202,291

201409150830(201409150830)
2,614,927
4,839,153
10,434,062
2,913,863
3,202,291

201409150831(201409150831)
2,614,927
4,839,153
10,434,062
2,915,094
3,202,291

201409150832(201409150832)
2,614,927
4,840,904
10,434,062
2,917,774
3,202,291

201409150833(201409150833)
2,614,927
4,840,904
10,434,062
2,917,774
3,202,291

201409150834(201409150834)
2,621,461
4,840,904
10,434,062
2,918,392
3,202,291

201409150835(201409150835)
2,621,461
4,840,904
10,434,062
2,918,516
3,202,451

201409150836(201409150836)
2,621,461
4,840,904
10,434,062
2,918,516
3,211,371

201409150837(201409150837)
2,621,461
4,840,904
10,434,062
2,918,516
3,211,371

201409150839(201409150839)
2,621,461
4,840,904
10,434,062
2,918,516
3,212,652

201409150840(201409150840)
2,621,461
4,840,904
10,434,062
2,918,516
3,213,557

201409150841(201409150841)
2,621,461
4,840,904
10,434,062
2,918,516
3,213,557

201409150842(201409150842)
2,621,461
4,840,904
10,434,062
2,918,516
3,213,557

201409150843(201409150843)
2,621,461
4,845,631
10,434,062
2,918,516
3,213,557

201409150844(201409150844)
2,621,461
4,845,631
10,434,062
2,918,516
3,213,557

201409150845(201409150845)
2,621,461
4,845,631
10,434,062
2,918,516
3,220,845

201409150846(201409150846)
2,621,580
4,845,631
10,434,062
2,918,516
3,220,845

201409150847(201409150847)
2,621,580
4,845,631
10,434,062
2,918,516
3,220,845

201409150849(201409150849)
2,628,536
4,845,631
10,434,062
2,918,516
3,220,845

201409150850(201409150850)
2,628,536
4,845,631
10,434,062
2,918,516
3,220,845

201409150851(201409150851)
2,628,536
4,845,631
10,434,062
2,918,516
3,220,845

201409150852(201409150852)
2,628,536
4,845,631
10,434,062
2,918,516
3,220,845

201409150853(201409150853)
2,628,536
4,846,609
10,434,062
2,918,516
3,220,845

201409150854(201409150854)
2,628,536
4,846,609
10,434,062
2,918,516
3,220,845

201409150855(201409150855)
2,628,536
4,846,609
10,434,062
2,918,516
3,220,845

201409150856(201409150856)
2,633,314
4,846,609
10,434,062
2,918,516
3,220,845

201409150857(201409150857)
2,634,870
4,846,609
10,434,062
2,918,516
3,220,845

201409150859(201409150859)
2,634,870
4,846,609
10,434,062
2,922,384
3,220,845

201409150900(201409150900)
2,634,870
4,846,609
10,434,062
2,922,384
3,220,845

201409150901(201409150901)
2,634,870
4,846,609
10,434,062
2,922,384
3,221,878

201409150902(201409150902)
2,634,870
4,846,609
10,434,062
2,922,384
3,221,878

201409150903(201409150903)
2,634,870
4,846,609
10,434,062
2,922,384
3,221,878

201409150904(201409150904)
2,634,870
4,846,609
10,434,062
2,922,384
3,221,878

201409150905(201409150905)
2,634,870
4,846,609
10,434,062
2,922,384
3,222,162

201409150906(201409150906)
2,634,870
4,846,609
10,434,062
2,922,384
3,222,162

201409150907(201409150907)
2,634,870
4,846,609
10,434,062
2,922,384
3,222,162

201409150909(201409150909)
2,634,870
4,864,617
10,511,124
2,922,384
3,222,162

201409150910(201409150910)
2,638,441
4,864,617
10,511,419
2,922,384
3,222,162

201409150911(201409150911)
2,638,441
4,864,617
10,511,773
2,922,384
3,222,162

201409150912(201409150912)
2,638,441
4,864,617
10,511,950
2,922,384
3,222,162

201409150913(201409150913)
2,638,441
4,864,617
10,528,874
2,922,384
3,222,162

201409150914(201409150914)
2,638,441
4,864,617
10,528,874
2,922,384
3,222,162

201409150915(201409150915)
2,638,441
4,864,617
10,528,874
2,922,384
3,222,950

201409150916(201409150916)
2,645,152
4,864,617
10,528,874
2,922,384
3,222,950

201409150917(201409150917)
2,645,152
4,864,617
10,528,874
2,922,384
3,222,950

201409150919(201409150919)
2,645,152
4,864,617
10,528,874
2,922,789
3,222,950

201409150920(201409150920)
2,653,100
4,864,617
10,528,874
2,927,232
3,222,950

201409150921(201409150921)
2,653,100
4,864,617
10,528,874
2,929,577
3,222,950

201409150922(201409150922)
2,653,100
4,864,617
10,528,874
2,929,577
3,222,950

201409150923(201409150923)
2,653,100
4,864,617
10,528,874
2,929,577
3,222,950

201409150924(201409150924)
2,653,100
4,864,617
10,528,874
2,929,577
3,222,950

201409150925(201409150925)
2,653,100
4,864,617
10,528,874
2,929,577
3,226,371

201409150926(201409150926)
2,653,100
4,864,617
10,528,874
2,929,577
3,226,371

201409150927(201409150927)
2,653,928
4,864,617
10,528,874
2,929,577
3,226,371

