201409051713(201409051713)
2,981
5,197
8,820
3,206
3,433

201409051714(201409051714)
3,297
5,594
9,397
3,511
3,791

201409051715(201409051715)
3,629
5,916
10,323
3,841
4,061

201409051716(201409051716)
3,867
6,612
10,892
4,101
4,361

201409051717(201409051717)
4,136
6,612
11,786
4,373
4,637

201409051719(201409051719)
4,580
7,251
13,657
4,834
5,174

201409051720(201409051720)
4,819
7,556
14,346
5,099
5,409

201409051721(201409051721)
5,090
7,951
14,984
5,344
5,651

201409051722(201409051722)
5,318
8,347
15,859
5,616
5,851

201409051723(201409051723)
5,571
8,631
17,177
5,792
6,077

201409051724(201409051724)
5,730
8,905
17,731
5,940
6,266

201409051725(201409051725)
5,915
9,292
18,918
6,229
6,515

201409051726(201409051726)
6,141
9,753
20,501
6,430
6,787

201409051727(201409051727)
6,333
10,245
21,308
6,639
7,043

201409051729(201409051729)
6,663
10,962
23,930
7,010
7,368

201409051730(201409051730)
6,872
11,366
25,428
7,224
7,523

201409051731(201409051731)
7,088
11,702
26,704
7,392
7,732

201409051732(201409051732)
7,175
12,017
27,338
7,481
7,897

201409051733(201409051733)
7,358
12,497
28,670
7,669
8,108

201409051734(201409051734)
7,461
12,855
29,905
7,856
8,306

201409051735(201409051735)
7,627
13,051
30,956
8,036
8,504

201409051736(201409051736)
7,837
13,320
31,802
8,241
8,768

201409051737(201409051737)
7,992
13,833
33,341
8,405
8,914

201409051739(201409051739)
8,316
14,839
36,069
8,805
9,341

201409051740(201409051740)
8,537
15,158
37,587
8,999
9,588

201409051741(201409051741)
8,734
15,629
38,768
9,196
9,870

201409051742(201409051742)
8,924
16,005
39,772
9,482
10,162

201409051743(201409051743)
9,094
16,442
41,421
9,727
10,409

201409051744(201409051744)
9,289
16,963
43,855
9,908
10,599

201409051745(201409051745)
9,517
17,179
44,256
10,217
10,826

201409051746(201409051746)
9,643
17,731
45,863
10,347
11,007

201409051747(201409051747)
9,859
18,071
46,613
10,501
11,192

201409051749(201409051749)
10,212
19,071
49,053
10,823
11,575

201409051750(201409051750)
10,324
19,835
50,070
10,961
11,765

201409051751(201409051751)
10,476
20,279
50,851
11,183
12,028

201409051752(201409051752)
10,665
20,714
52,293
11,366
12,216

201409051753(201409051753)
10,733
21,078
53,780
11,510
12,425

201409051754(201409051754)
10,875
21,467
54,857
11,652
12,600

201409051755(201409051755)
11,077
22,193
55,783
11,851
12,762

201409051756(201409051756)
11,195
22,898
56,299
12,019
12,901

201409051757(201409051757)
11,360
23,375
56,945
12,150
13,036

201409051759(201409051759)
11,641
24,117
58,466
12,541
13,474

201409051800(201409051800)
11,819
24,907
59,474
12,762
13,774

201409051801(201409051801)
11,988
25,349
61,363
12,851
14,071

201409051802(201409051802)
12,121
25,492
61,634
12,983
14,220

201409051803(201409051803)
12,319
25,990
62,442
13,193
14,434

201409051804(201409051804)
12,499
26,366
62,703
13,316
14,547

201409051805(201409051805)
12,600
26,532
64,056
13,531
14,871

201409051806(201409051806)
12,767
26,826
65,404
13,664
15,023

201409051807(201409051807)
12,872
27,417
66,271
13,837
15,182

201409051809(201409051809)
13,212
28,334
67,670
14,278
15,754

201409051810(201409051810)
13,397
28,689
69,312
14,459
15,914

201409051811(201409051811)
13,570
29,204
70,196
14,698
16,115

201409051812(201409051812)
13,696
29,686
70,315
14,914
16,348

201409051813(201409051813)
13,801
30,056
71,834
15,073
16,508

201409051814(201409051814)
14,071
30,311
72,797
15,230
16,726

201409051815(201409051815)
14,170
30,799
74,841
15,460
16,926

201409051816(201409051816)
14,263
31,031
77,061
15,675
17,080

201409051817(201409051817)
14,395
31,637
77,977
15,816
17,178

201409051819(201409051819)
14,711
32,364
80,165
16,064
17,441

201409051820(201409051820)
14,933
32,927
81,257
16,235
17,667

201409051821(201409051821)
15,082
33,234
83,335
16,381
18,044

201409051822(201409051822)
15,362
34,140
84,225
16,548
18,152

201409051823(201409051823)
15,454
34,615
85,587
16,764
18,323

201409051824(201409051824)
15,638
35,361
88,257
16,974
18,514

201409051825(201409051825)
15,791
35,969
89,679
17,022
18,824

201409051826(201409051826)
15,850
36,345
91,743
17,158
18,918

201409051827(201409051827)
15,961
36,772
92,119
17,209
19,038

201409051829(201409051829)
16,280
37,371
95,850
17,548
19,528

201409051830(201409051830)
16,381
37,923
97,275
17,693
19,775

201409051831(201409051831)
16,600
38,315
98,376
18,007
19,921

201409051832(201409051832)
16,711
38,509
99,211
18,195
20,081

201409051833(201409051833)
16,873
39,026
99,859
18,323
20,242

201409051834(201409051834)
17,009
39,733
100,010
18,432
20,381

201409051835(201409051835)
17,185
40,105
101,135
18,758
20,532

201409051836(201409051836)
17,334
40,756
101,383
18,911
20,941

201409051837(201409051837)
17,444
40,904
103,497
19,038
21,097

201409051839(201409051839)
17,953
42,218
107,787
19,537
21,499

201409051840(201409051840)
18,090
42,638
107,944
19,822
21,639

201409051841(201409051841)
18,255
43,020
109,116
19,921
21,873

201409051842(201409051842)
18,320
43,733
110,145
20,160
22,039

201409051843(201409051843)
18,409
44,277
111,048
20,242
22,124

201409051844(201409051844)
18,676
44,713
112,380
20,489
22,429

201409051845(201409051845)
18,902
44,967
113,156
20,663
22,790

201409051846(201409051846)
19,038
45,402
115,555
20,853
23,226

201409051847(201409051847)
19,186
45,723
116,959
21,069
23,226

201409051849(201409051849)
19,619
46,738
118,056
21,375
23,580

201409051850(201409051850)
19,867
46,806
118,796
21,567
23,797

201409051851(201409051851)
20,031
47,239
119,785
21,844
23,988

201409051852(201409051852)
20,132
47,558
120,692
21,984
24,251

201409051853(201409051853)
20,360
47,917
122,563
22,125
24,339

201409051854(201409051854)
20,532
48,787
122,563
22,430
24,568

201409051855(201409051855)
20,731
49,203
124,793
22,790
24,895

201409051856(201409051856)
20,970
49,625
125,947
22,993
25,094

201409051857(201409051857)
21,056
50,026
129,468
23,243
25,435

201409051859(201409051859)
21,421
50,549
131,860
23,525
25,817

201409051900(201409051900)
21,588
50,653
132,559
23,672
26,192

201409051901(201409051901)
21,724
50,966
134,181
23,812
26,350

201409051902(201409051902)
21,873
51,298
134,533
23,982
26,496

201409051903(201409051903)
22,107
51,934
134,533
24,254
26,589

201409051904(201409051904)
22,208
52,008
135,577
24,518
26,767

201409051905(201409051905)
22,533
52,085
136,309
24,723
26,967

201409051906(201409051906)
22,790
52,464
136,919
24,810
27,089

201409051907(201409051907)
22,931
52,906
138,739
25,088
27,413

201409051909(201409051909)
23,290
53,551
140,978
25,435
27,758

201409051910(201409051910)
23,460
53,903
141,150
25,551
27,842

201409051911(201409051911)
23,653
54,299
141,913
25,696
27,951

201409051912(201409051912)
23,802
54,474
143,035
25,745
28,119

201409051913(201409051913)
23,975
54,681
143,231
25,990
28,316

201409051914(201409051914)
24,003
55,271
144,384
26,260
28,362

201409051915(201409051915)
24,178
55,441
146,543
26,350
28,439

201409051916(201409051916)
24,386
55,954
148,091
26,492
28,616

201409051917(201409051917)
24,584
56,375
148,136
26,604
28,787

201409051919(201409051919)
24,987
57,207
150,263
27,016
29,253

201409051920(201409051920)
25,206
57,610
152,145
27,221
29,572

201409051921(201409051921)
25,327
57,935
153,770
27,355
29,759

201409051922(201409051922)
25,479
57,975
154,871
27,583
29,921

201409051923(201409051923)
25,662
58,373
156,016
27,844
30,110

201409051924(201409051924)
25,745
58,754
156,950
27,852
30,234

201409051925(201409051925)
25,817
58,934
156,950
28,053
30,573

201409051926(201409051926)
25,980
59,424
158,530
28,186
31,021

201409051927(201409051927)
26,021
59,535
161,012
28,268
31,031

201409051929(201409051929)
26,265
59,815
164,009
28,433
31,351

201409051930(201409051930)
26,496
60,277
164,266
28,610
31,598

201409051931(201409051931)
26,669
60,532
164,266
28,705
31,689

201409051932(201409051932)
26,769
60,929
164,947
28,881
31,869

201409051933(201409051933)
26,904
61,289
167,260
28,938
32,095

201409051934(201409051934)
26,957
61,555
167,470
29,169
32,270

201409051935(201409051935)
27,063
61,751
168,323
29,240
32,330

201409051936(201409051936)
27,274
61,821
170,064
29,459
32,731

201409051937(201409051937)
27,550
61,912
174,454
29,686
32,883

201409051939(201409051939)
28,053
62,442
174,544
30,280
33,216

201409051940(201409051940)
28,189
62,521
177,325
30,454
33,770

201409051941(201409051941)
28,294
62,860
177,541
30,933
34,171

201409051942(201409051942)
28,394
63,611
177,954
30,960
34,321

201409051943(201409051943)
28,501
63,683
177,954
31,133
34,634

201409051944(201409051944)
28,730
63,711
178,134
31,432
34,858

201409051945(201409051945)
28,787
64,231
180,384
31,698
35,399

201409051946(201409051946)
28,940
64,833
184,889
31,796
35,639

201409051947(201409051947)
29,283
65,203
184,889
31,998
35,906

201409051949(201409051949)
29,921
66,076
185,857
32,832
36,674

201409051950(201409051950)
30,096
66,256
187,711
33,087
36,930

201409051951(201409051951)
30,171
66,809
188,209
33,373
37,266

201409051952(201409051952)
30,715
66,892
188,819
33,541
37,576

201409051953(201409051953)
30,933
67,190
188,954
33,911
37,882

201409051954(201409051954)
31,109
67,485
189,868
34,189
38,082

201409051955(201409051955)
31,310
67,610
191,092
34,572
38,509

201409051956(201409051956)
31,439
68,056
193,286
34,797
38,626

201409051957(201409051957)
31,643
68,324
195,271
35,045
38,779

201409051959(201409051959)
31,962
68,505
202,698
35,476
39,249

201409052000(201409052000)
32,052
68,505
203,241
35,841
39,507

201409052001(201409052001)
32,330
69,142
203,241
35,932
39,877

201409052002(201409052002)
32,551
69,352
206,862
36,068
39,913

201409052003(201409052003)
32,571
69,817
206,862
36,295
39,969

201409052004(201409052004)
32,790
70,459
208,085
36,634
40,204

201409052005(201409052005)
32,850
71,130
208,414
36,930
40,920

201409052006(201409052006)
32,975
71,202
208,781
37,072
41,222

201409052007(201409052007)
33,218
71,580
211,340
37,199
41,451

201409052009(201409052009)
33,495
71,846
213,420
37,481
41,978

201409052010(201409052010)
33,950
72,144
213,420
37,677
42,238

201409052011(201409052011)
34,189
72,835
216,357
37,795
42,706

201409052012(201409052012)
34,334
73,347
217,039
37,958
42,821

201409052013(201409052013)
34,714
73,901
217,317
38,215
42,989

201409052014(201409052014)
35,092
74,715
217,552
38,466
43,130

201409052015(201409052015)
35,442
75,038
219,211
38,740
43,296

201409052016(201409052016)
35,707
75,741
219,493
38,867
43,452

201409052017(201409052017)
36,008
75,895
220,930
39,339
43,560

201409052019(201409052019)
36,334
76,410
221,657
39,714
44,309

201409052020(201409052020)
36,634
76,663
223,210
39,955
44,472

201409052021(201409052021)
36,890
76,955
225,211
40,471
44,510

201409052022(201409052022)
37,072
77,445
225,619
41,068
44,713

201409052023(201409052023)
37,075
77,609
226,425
41,142
45,267

201409052024(201409052024)
37,315
77,644
230,567
41,511
45,597

201409052025(201409052025)
37,509
78,321
230,567
41,937
45,718

201409052026(201409052026)
37,611
78,565
231,369
42,085
46,199

201409052027(201409052027)
37,882
78,960
231,369
42,618
46,432

201409052029(201409052029)
38,136
79,513
231,369
42,821
46,738

201409052030(201409052030)
38,402
79,852
231,655
42,886
46,978

201409052031(201409052031)
38,626
80,862
232,412
42,997
47,069

201409052032(201409052032)
38,785
81,234
232,412
43,266
47,278

201409052033(201409052033)
38,873
81,643
234,382
43,560
47,838

201409052034(201409052034)
39,029
81,956
235,523
43,635
47,973

201409052035(201409052035)
39,363
82,285
235,976
43,940
48,061

201409052036(201409052036)
39,701
82,855
236,148
44,026
48,402

201409052037(201409052037)
40,110
83,442
236,148
44,238
48,639

201409052039(201409052039)
41,068
84,551
236,896
44,560
49,028

201409052040(201409052040)
41,142
85,288
240,419
44,752
49,533

201409052041(201409052041)
41,598
85,620
242,966
45,119
49,697

201409052042(201409052042)
41,764
86,008
243,206
45,414
50,138

201409052043(201409052043)
42,028
86,540
245,814
45,719
50,333

201409052044(201409052044)
42,460
86,938
248,525
46,287
50,656

201409052045(201409052045)
42,631
87,294
249,412
46,537
50,917

201409052046(201409052046)
42,861
88,152
252,716
46,622
51,239

201409052047(201409052047)
42,989
88,827
253,289
46,761
51,708

201409052049(201409052049)
43,277
89,224
259,096
47,176
51,994

201409052050(201409052050)
43,402
89,869
259,497
47,368
52,035

201409052051(201409052051)
43,560
90,072
259,497
47,624
52,359

201409052052(201409052052)
43,934
90,243
259,497
47,916
52,450

201409052053(201409052053)
44,026
90,354
259,918
48,067
52,797

201409052054(201409052054)
44,472
91,239
263,877
48,512
52,957

201409052055(201409052055)
44,560
91,439
267,901
48,672
53,385

201409052056(201409052056)
44,759
91,942
270,647
48,972
53,544

201409052057(201409052057)
45,189
92,136
274,096
49,294
53,617

201409052059(201409052059)
45,519
93,454
280,449
49,778
54,021

201409052100(201409052100)
45,719
93,837
285,202
49,914
54,361

201409052101(201409052101)
46,067
94,099
288,297
50,219
54,548

201409052102(201409052102)
46,320
94,099
290,932
50,549
54,659

201409052103(201409052103)
46,596
94,376
290,932
50,801
55,208

201409052104(201409052104)
46,709
94,540
295,561
50,966
55,546

201409052105(201409052105)
46,751
94,666
296,147
51,152
55,783

201409052106(201409052106)
46,994
95,077
299,117
51,226
55,985

201409052107(201409052107)
47,480
95,221
303,635
51,508
56,163

201409052109(201409052109)
48,043
95,568
307,033
51,967
56,394

201409052110(201409052110)
48,054
96,152
307,951
52,028
56,647

201409052111(201409052111)
48,227
96,386
308,558
52,237
56,734

201409052112(201409052112)
48,460
96,431
309,595
52,505
56,909

201409052113(201409052113)
48,815
96,656
311,417
52,777
56,948

201409052114(201409052114)
48,972
96,887
311,417
52,961
57,153

201409052115(201409052115)
49,151
97,435
311,883
53,170
57,243

201409052116(201409052116)
49,448
97,944
311,883
53,385
57,541

201409052117(201409052117)
49,637
98,414
311,883
53,460
57,750

201409052119(201409052119)
50,154
99,923
315,558
54,045
58,076

201409052120(201409052120)
50,496
99,968
319,331
54,503
58,297

201409052121(201409052121)
50,587
100,026
324,695
54,619
58,611

201409052122(201409052122)
50,878
100,135
326,333
54,878
58,684

201409052123(201409052123)
50,950
100,425
330,171
55,067
58,841

201409052124(201409052124)
51,111
101,269
334,515
55,067
59,101

201409052125(201409052125)
51,239
101,845
337,403
55,208
59,121

201409052126(201409052126)
51,477
102,103
337,656
55,731
59,186

201409052127(201409052127)
51,708
103,058
339,307
55,829
59,444

201409052129(201409052129)
51,909
103,835
339,307
56,094
59,819

201409052130(201409052130)
51,994
104,695
339,307
56,263
59,945

201409052131(201409052131)
52,237
104,768
345,315
56,274
60,054

201409052132(201409052132)
52,450
104,768
348,034
56,506
60,325

201409052133(201409052133)
52,642
104,860
348,728
56,660
60,505

201409052134(201409052134)
52,944
105,061
348,728
56,974
60,916

201409052135(201409052135)
53,103
105,253
348,728
57,153
61,148

201409052136(201409052136)
53,369
106,007
348,728
57,299
61,462

201409052137(201409052137)
53,557
106,007
349,541
57,383
61,959

201409052139(201409052139)
54,242
107,176
350,903
57,786
62,024

201409052140(201409052140)
54,577
107,297
350,903
57,952
62,191

201409052141(201409052141)
54,688
107,301
350,903
58,123
62,338

201409052142(201409052142)
54,886
108,028
354,134
58,332
62,442

201409052143(201409052143)
55,067
108,628
354,444
58,628
62,621

201409052144(201409052144)
55,184
108,996
356,245
58,692
62,788

201409052145(201409052145)
55,296
109,581
362,610
58,882
63,112

201409052146(201409052146)
55,667
109,750
367,054
59,041
63,258

201409052147(201409052147)
55,783
110,167
367,054
59,153
63,796

201409052149(201409052149)
55,985
111,219
367,054
59,535
64,122

201409052150(201409052150)
56,226
111,493
375,203
59,552
64,481

201409052151(201409052151)
56,337
111,680
375,203
59,704
64,755

201409052152(201409052152)
56,500
112,576
378,201
59,819
65,052

201409052153(201409052153)
56,617
113,114
378,424
60,042
65,052

201409052154(201409052154)
56,761
113,797
381,311
60,075
65,055

201409052155(201409052155)
56,806
114,396
381,311
60,325
65,343

201409052156(201409052156)
56,955
115,581
381,311
60,505
65,449

201409052157(201409052157)
57,016
116,017
381,311
60,681
65,479

201409052159(201409052159)
57,299
117,389
390,014
61,434
66,065

201409052200(201409052200)
57,718
117,389
391,194
61,662
66,106

201409052201(201409052201)
58,049
118,874
391,194
61,882
66,265

201409052202(201409052202)
58,237
119,188
395,791
62,061
66,740

201409052203(201409052203)
58,332
120,029
395,842
62,319
66,893

201409052204(201409052204)
58,686
120,728
397,626
62,611
67,259

201409052205(201409052205)
58,801
121,020
397,626
62,843
67,371

201409052206(201409052206)
59,041
121,226
401,321
63,031
67,494

201409052207(201409052207)
59,171
122,163
408,907
63,119
67,797

201409052209(201409052209)
59,568
122,942
412,547
63,876
68,457

201409052210(201409052210)
59,783
124,109
432,980
64,056
68,987

201409052211(201409052211)
60,012
125,403
432,980
64,381
69,153

201409052212(201409052212)
60,108
125,519
433,628
64,623
69,679

201409052213(201409052213)
60,325
125,683
438,431
64,984
69,733

201409052214(201409052214)
60,479
125,832
438,431
65,055
70,132

201409052215(201409052215)
60,620
125,860
455,270
65,254
70,552

201409052216(201409052216)
60,958
126,127
455,270
65,457
71,006

201409052217(201409052217)
61,156
127,081
465,395
65,547
71,520

201409052219(201409052219)
61,557
128,376
465,551
66,137
71,921

201409052220(201409052220)
61,954
128,456
470,631
66,160
71,972

201409052221(201409052221)
62,001
128,951
473,809
66,214
72,078

201409052222(201409052222)
62,061
129,151
476,688
66,704
72,360

201409052223(201409052223)
62,191
129,350
476,948
66,929
72,621

201409052224(201409052224)
62,338
129,488
477,052
67,133
72,979

201409052225(201409052225)
62,537
129,777
485,411
67,203
73,399

201409052226(201409052226)
62,846
129,824
485,991
67,393
73,810

201409052227(201409052227)
63,047
130,809
486,187
67,484
74,101

201409052229(201409052229)
63,258
131,095
494,938
67,656
74,695

201409052230(201409052230)
63,502
132,051
494,938
67,943
75,024

201409052231(201409052231)
63,597
132,395
494,938
68,269
75,391

201409052232(201409052232)
63,887
132,641
494,938
68,457
75,473

201409052233(201409052233)
64,170
133,125
494,938
68,653
75,647

201409052234(201409052234)
64,437
133,327
494,938
69,036
75,895

201409052235(201409052235)
64,665
133,730
494,938
69,154
76,184

201409052236(201409052236)
64,893
134,144
497,592
69,707
76,251

201409052237(201409052237)
65,103
134,337
497,592
69,909
76,450

201409052239(201409052239)
65,343
135,545
500,420
70,552
77,162

201409052240(201409052240)
65,547
136,250
501,008
70,691
77,217

201409052241(201409052241)
65,965
136,530
506,093
71,151
77,464

201409052242(201409052242)
66,060
137,035
507,319
71,432
77,958

201409052243(201409052243)
66,086
137,198
509,112
71,765
78,048

201409052244(201409052244)
66,140
138,795
509,430
71,933
78,664

201409052245(201409052245)
66,362
138,892
509,695
71,933
79,351

201409052246(201409052246)
66,623
139,131
515,697
72,100
79,513

201409052247(201409052247)
66,969
139,458
517,639
72,343
79,602

201409052249(201409052249)
67,485
139,721
517,639
72,608
80,182

201409052250(201409052250)
67,806
139,817
519,531
72,991
80,762

201409052251(201409052251)
68,190
140,354
519,531
73,222
81,222

201409052252(201409052252)
68,270
140,354
519,531
73,664
81,265

201409052253(201409052253)
68,540
141,262
519,531
73,987
81,428

201409052254(201409052254)
68,653
141,523
519,531
74,430
81,587

201409052255(201409052255)
68,948
141,692
519,531
74,837
81,929

201409052256(201409052256)
68,987
141,768
519,531
75,024
82,385

201409052257(201409052257)
69,450
141,988
519,531
75,309
82,506

201409052259(201409052259)
69,733
142,472
519,531
75,696
83,232

201409052300(201409052300)
70,024
142,524
519,531
75,769
83,442

201409052301(201409052301)
70,104
142,956
519,531
76,204
83,877

201409052302(201409052302)
70,399
143,137
524,667
76,555
84,191

201409052303(201409052303)
70,477
143,211
524,667
76,598
84,670

201409052304(201409052304)
70,591
143,238
524,667
76,816
85,085

201409052305(201409052305)
70,704
143,868
524,667
77,106
85,366

201409052306(201409052306)
71,151
144,861
524,667
77,255
85,579

201409052307(201409052307)
71,487
144,879
524,667
77,464
85,620

201409052309(201409052309)
71,933
145,583
525,591
78,269
85,901

201409052310(201409052310)
71,941
146,242
526,808
78,800
85,901

201409052311(201409052311)
71,981
147,030
526,808
79,012
86,146

201409052312(201409052312)
72,137
147,250
526,808
79,201
86,332

201409052313(201409052313)
72,410
147,555
528,274
79,245
86,806

201409052314(201409052314)
72,410
148,239
528,274
79,424
87,078

201409052315(201409052315)
72,451
148,239
528,274
79,895
87,470

201409052316(201409052316)
72,456
149,004
554,204
80,222
87,500

201409052317(201409052317)
72,627
149,004
554,453
80,446
87,552

201409052319(201409052319)
73,310
150,188
559,498
81,107
87,985

201409052320(201409052320)
73,586
150,502
573,313
81,107
88,240

201409052321(201409052321)
73,819
150,502
584,671
81,395
88,431

201409052322(201409052322)
74,161
150,823
584,671
81,428
88,621

201409052323(201409052323)
74,161
150,823
585,776
81,730
88,715

201409052324(201409052324)
74,227
151,327
586,639
81,975
88,975

201409052325(201409052325)
74,586
151,840
586,639
82,060
89,213

201409052326(201409052326)
75,024
153,517
586,639
82,301
89,506

201409052327(201409052327)
75,317
154,331
589,543
82,768
89,695

201409052329(201409052329)
75,696
154,776
592,555
83,377
90,037

201409052330(201409052330)
76,009
154,776
592,759
83,801
90,243

201409052331(201409052331)
76,377
155,039
593,014
84,026
90,705

201409052332(201409052332)
76,621
155,738
604,494
84,126
91,025

201409052333(201409052333)
76,816
155,783
604,494
84,462
91,348

201409052334(201409052334)
77,520
155,860
604,494
84,782
91,461

201409052335(201409052335)
77,723
157,317
606,609
85,295
91,942

201409052336(201409052336)
78,529
157,417
606,959
85,579
92,239

201409052337(201409052337)
78,631
157,431
607,309
85,663
92,443

201409052339(201409052339)
78,906
158,810
608,153
86,568
92,816

201409052340(201409052340)
79,281
159,710
608,153
86,769
93,294

201409052341(201409052341)
79,895
160,178
608,780
86,884
93,618

201409052342(201409052342)
80,154
160,696
608,780
86,927
93,670

201409052343(201409052343)
80,284
160,780
608,780
87,178
94,078

201409052344(201409052344)
80,702
162,237
608,780
87,499
94,192

201409052345(201409052345)
80,796
162,616
614,479
87,985
94,500

201409052346(201409052346)
80,887
162,751
614,616
88,431
95,022

201409052347(201409052347)
81,222
163,744
620,600
88,669
95,356

201409052349(201409052349)
81,587
166,166
622,988
88,975
95,627

201409052350(201409052350)
81,662
166,166
626,102
89,347
95,766

201409052351(201409052351)
81,956
166,166
626,102
89,479
96,152

201409052352(201409052352)
82,285
166,757
626,102
89,558
96,459

201409052353(201409052353)
82,385
167,055
626,917
89,710
97,021

201409052354(201409052354)
82,699
168,626
627,121
89,914
97,179

201409052355(201409052355)
83,125
168,671
627,529
90,037
97,347

201409052356(201409052356)
83,432
170,023
629,605
90,072
97,898

201409052357(201409052357)
83,442
170,023
629,853
90,096
97,945

201409052359(201409052359)
83,632
170,734
648,154
90,519
98,007

201409060000(201409060000)
83,877
170,734
648,154
90,618
98,414

201409060001(201409060001)
84,003
171,363
648,154
90,618
98,414

201409060002(201409060002)
84,192
171,691
649,001
90,923
98,414

201409060003(201409060003)
84,505
172,455
649,001
90,951
98,584

201409060004(201409060004)
84,721
172,775
649,001
90,984
98,584

201409060005(201409060005)
85,129
172,820
649,001
90,987
98,584

201409060006(201409060006)
85,295
173,679
649,001
91,550
98,654

201409060007(201409060007)
85,366
173,848
649,001
91,571
98,921

201409060009(201409060009)
85,391
174,084
653,279
91,927
99,280

201409060010(201409060010)
85,391
175,186
653,379
91,933
99,589

201409060011(201409060011)
85,579
175,532
653,529
91,933
99,769

201409060012(201409060012)
85,648
176,313
653,529
92,239
99,769

201409060013(201409060013)
85,793
177,028
653,529
92,239
99,913

201409060014(201409060014)
85,938
177,870
655,991
92,571
99,968

201409060015(201409060015)
86,146
178,336
656,241
92,571
100,292

201409060016(201409060016)
86,199
178,540
657,161
92,984
100,431

201409060017(201409060017)
86,659
178,814
657,161
93,157
100,535

201409060019(201409060019)
87,061
179,775
659,750
93,294
101,081

201409060020(201409060020)
87,153
180,292
660,104
93,452
101,352

201409060021(201409060021)
87,438
180,350
660,104
93,454
101,399

201409060022(201409060022)
87,785
181,451
660,104
93,618
101,423

201409060023(201409060023)
87,985
181,638
660,104
93,812
101,423

201409060024(201409060024)
88,315
182,012
666,696
93,914
101,901

201409060025(201409060025)
88,664
182,012
666,696
94,127
101,901

201409060026(201409060026)
88,669
183,631
666,696
94,362
102,021

201409060027(201409060027)
88,715
184,128
666,696
94,597
102,045

201409060029(201409060029)
89,142
184,582
666,696
95,022
102,478

201409060030(201409060030)
89,196
185,167
666,696
95,126
102,582

201409060031(201409060031)
89,361
185,581
666,696
95,352
102,602

201409060032(201409060032)
89,401
185,663
666,696
95,556
102,877

201409060033(201409060033)
89,440
186,498
669,955
95,605
102,941

201409060034(201409060034)
89,558
187,053
671,544
95,715
103,002

201409060035(201409060035)
89,758
187,230
675,428
96,138
103,058

201409060036(201409060036)
90,072
187,891
675,428
96,482
103,111

201409060037(201409060037)
90,386
189,755
675,428
96,889
103,441

201409060039(201409060039)
90,731
189,920
675,428
97,104
103,640

201409060040(201409060040)
90,951
191,717
676,540
97,271
103,935

201409060041(201409060041)
91,421
193,250
676,540
97,580
103,976

201409060042(201409060042)
91,550
193,250
676,540
97,856
104,577

201409060043(201409060043)
91,571
193,287
676,540
98,147
104,773

201409060044(201409060044)
91,927
193,822
676,540
98,414
105,065

201409060045(201409060045)
92,087
195,243
687,703
98,654
105,253

201409060046(201409060046)
92,260
195,243
690,881
98,921
105,394

201409060047(201409060047)
92,385
195,347
693,856
99,073
105,866

201409060049(201409060049)
92,479
195,930
693,856
99,288
106,552

201409060050(201409060050)
92,589
196,824
693,856
99,288
106,723

201409060051(201409060051)
92,589
196,953
694,459
99,419
106,822

201409060052(201409060052)
92,816
197,517
694,515
99,700
107,531

201409060053(201409060053)
92,882
197,595
694,627
99,747
108,411

201409060054(201409060054)
93,157
198,886
716,052
99,769
108,636

201409060055(201409060055)
93,285
198,886
716,052
99,882
108,636

201409060056(201409060056)
93,345
198,899
716,052
99,950
108,704

201409060057(201409060057)
93,452
199,047
716,052
100,148
108,773

201409060059(201409060059)
93,687
200,704
716,052
100,677
109,450

201409060100(201409060100)
94,057
201,490
716,052
101,178
109,573

201409060101(201409060101)
94,118
201,579
722,050
101,352
109,872

201409060102(201409060102)
94,362
201,791
722,279
101,352
110,245

201409060103(201409060103)
94,485
201,849
722,279
101,566
110,312

201409060104(201409060104)
94,583
201,849
722,279
101,621
110,362

201409060105(201409060105)
94,853
201,849
722,279
101,901
110,514

201409060106(201409060106)
95,171
201,858
723,087
102,021
110,741

201409060107(201409060107)
95,479
201,874
723,325
102,045
110,795

201409060109(201409060109)
95,556
203,346
723,325
102,680
111,185

201409060110(201409060110)
95,627
203,346
723,325
102,680
111,934

201409060111(201409060111)
95,917
203,669
723,325
102,873
112,655

201409060112(201409060112)
96,262
203,669
727,407
103,002
112,779

201409060113(201409060113)
96,762
204,057
727,407
103,255
112,977

201409060114(201409060114)
97,104
204,057
727,407
103,527
113,596

201409060115(201409060115)
97,140
204,057
727,407
103,913
113,865

201409060116(201409060116)
97,179
204,110
729,039
103,935
114,286

201409060117(201409060117)
97,257
204,979
736,475
103,935
114,315

201409060119(201409060119)
97,488
206,486
739,726
104,105
115,466

201409060120(201409060120)
97,609
206,681
739,726
104,228
115,466

201409060121(201409060121)
97,609
207,207
739,726
104,580
115,466

201409060122(201409060122)
97,914
207,536
764,194
104,691
115,761

201409060123(201409060123)
98,147
207,799
764,194
104,836
116,072

201409060124(201409060124)
98,273
207,799
764,194
104,992
116,114

201409060125(201409060125)
98,273
208,245
764,194
105,037
116,259

201409060126(201409060126)
98,291
208,383
764,194
105,065
116,545

201409060127(201409060127)
98,596
208,990
764,194
105,253
116,671

201409060129(201409060129)
98,654
208,990
770,920
106,014
117,389

201409060130(201409060130)
98,749
208,990
770,920
106,206
117,389

201409060131(201409060131)
99,029
208,990
770,920
106,552
117,483

201409060132(201409060132)
99,073
208,990
770,920
106,701
117,561

201409060133(201409060133)
99,126
208,990
770,920
106,718
117,663

201409060134(201409060134)
99,419
209,776
770,920
106,723
118,438

201409060135(201409060135)
99,419
210,008
770,920
107,068
118,892

201409060136(201409060136)
99,700
210,277
770,920
107,531
118,915

201409060137(201409060137)
99,805
210,371
774,185
107,531
118,915

201409060139(201409060139)
99,950
210,814
774,185
107,968
119,045

201409060140(201409060140)
100,148
211,605
774,236
108,554
119,056

201409060141(201409060141)
100,345
211,623
774,236
108,554
119,056

201409060142(201409060142)
100,533
211,623
774,236
108,669
119,093

201409060143(201409060143)
100,720
212,571
774,382
108,950
119,703

201409060144(201409060144)
101,033
212,571
777,261
109,135
119,721

201409060145(201409060145)
101,081
212,571
780,195
109,263
120,109

201409060146(201409060146)
101,280
214,646
780,611
109,450
120,299

201409060147(201409060147)
101,352
215,534
783,813
109,538
120,494

201409060149(201409060149)
101,485
216,113
797,298
109,971
121,183

201409060150(201409060150)
101,485
216,700
800,302
110,102
121,361

201409060151(201409060151)
101,566
216,738
820,653
110,245
121,361

201409060152(201409060152)
101,621
217,534
828,158
110,245
121,361

201409060153(201409060153)
101,667
218,401
828,158
110,282
121,580

201409060154(201409060154)
101,884
218,804
828,489
110,357
122,543

201409060155(201409060155)
101,970
219,007
831,306
110,741
122,543

201409060156(201409060156)
102,048
219,960
834,550
110,795
122,591

201409060157(201409060157)
102,160
221,248
837,481
110,868
122,801

201409060159(201409060159)
102,439
222,809
842,882
111,209
122,964

201409060200(201409060200)
102,478
223,677
842,882
111,290
123,154

201409060201(201409060201)
102,682
223,677
842,882
111,290
123,360

201409060202(201409060202)
102,781
224,658
842,882
111,406
123,402

201409060203(201409060203)
102,811
225,184
842,882
111,463
123,402

201409060204(201409060204)
103,058
225,184
842,882
111,823
123,580

201409060205(201409060205)
103,249
225,184
846,115
112,779
123,580

201409060206(201409060206)
103,628
225,184
846,554
112,977
123,629

201409060207(201409060207)
103,913
225,184
846,554
113,034
123,809

201409060209(201409060209)
103,940
226,529
846,554
113,806
124,518

201409060210(201409060210)
104,140
226,580
846,554
113,806
124,761

201409060211(201409060211)
104,439
226,580
846,554
114,018
124,897

201409060212(201409060212)
104,439
226,743
846,554
114,135
124,914

201409060213(201409060213)
104,773
226,743
846,554
114,291
125,623

201409060214(201409060214)
104,931
226,743
848,949
114,315
125,623

201409060215(201409060215)
104,931
227,038
851,887
114,638
125,650

201409060216(201409060216)
105,061
227,038
851,887
114,841
125,688

201409060217(201409060217)
105,065
227,193
851,887
115,014
125,729

201409060219(201409060219)
105,211
227,570
851,887
115,273
125,815

201409060220(201409060220)
105,253
227,618
854,392
115,450
125,847

201409060221(201409060221)
105,380
227,729
869,923
115,450
125,980

201409060222(201409060222)
105,380
227,729
870,277
115,543
126,130

201409060223(201409060223)
105,515
227,729
876,360
115,543
126,250

201409060224(201409060224)
105,515
227,807
876,596
115,708
126,402

201409060225(201409060225)
105,515
227,807
878,098
115,806
126,410

201409060226(201409060226)
105,586
228,165
878,529
115,806
126,435

201409060227(201409060227)
105,744
228,248
878,741
116,072
126,816

201409060229(201409060229)
106,206
228,248
883,551
116,072
127,150

201409060230(201409060230)
106,405
228,248
883,551
116,113
127,619

201409060231(201409060231)
106,552
228,320
883,551
116,259
127,620

201409060232(201409060232)
106,701
228,514
883,551
116,443
127,830

201409060233(201409060233)
106,830
228,514
883,551
116,545
127,830

201409060234(201409060234)
106,888
228,585
883,551
116,835
127,830

201409060235(201409060235)
107,070
228,648
883,551
116,968
127,830

201409060236(201409060236)
107,323
228,872
883,551
117,233
128,077

201409060237(201409060237)
107,368
228,872
883,551
117,363
128,343

201409060239(201409060239)
107,774
228,999
883,551
117,402
128,473

201409060240(201409060240)
107,822
228,999
887,018
117,402
128,732

201409060241(201409060241)
108,061
228,999
887,018
117,418
128,923

201409060242(201409060242)
108,071
228,999
887,018
117,561
128,993

201409060243(201409060243)
108,411
229,297
887,018
118,109
128,993

201409060244(201409060244)
108,554
229,297
887,018
118,445
128,993

201409060245(201409060245)
109,142
229,431
887,018
118,468
128,993

201409060246(201409060246)
109,142
229,565
887,385
118,705
129,125

201409060247(201409060247)
109,537
229,565
887,385
118,915
129,484

201409060249(201409060249)
109,547
230,257
887,385
119,179
129,577

201409060250(201409060250)
109,922
230,257
887,385
119,246
129,629

201409060251(201409060251)
110,245
230,257
887,385
119,646
129,777

201409060252(201409060252)
110,245
230,257
887,385
119,656
130,182

201409060253(201409060253)
110,245
230,257
887,385
120,109
130,275

201409060254(201409060254)
110,312
230,429
887,385
120,641
130,593

201409060255(201409060255)
110,312
230,781
889,055
121,183
130,729

201409060256(201409060256)
110,315
230,781
889,055
121,580
130,729

201409060257(201409060257)
110,315
230,781
889,055
121,580
131,067

201409060259(201409060259)
110,357
231,395
889,055
121,763
131,239

201409060300(201409060300)
110,357
231,710
890,352
121,763
131,341

201409060301(201409060301)
110,357
231,809
890,352
121,763
131,341

201409060302(201409060302)
110,576
231,809
892,556
121,883
131,538

201409060303(201409060303)
110,576
231,809
892,556
122,081
131,538

201409060304(201409060304)
110,795
231,923
892,556
122,250
131,667

201409060305(201409060305)
110,795
232,039
892,556
122,361
132,136

201409060306(201409060306)
110,795
232,074
893,575
122,361
132,136

201409060307(201409060307)
110,795
232,279
893,575
122,591
132,339

201409060309(201409060309)
110,835
233,339
893,575
122,797
132,685

201409060310(201409060310)
110,868
233,490
893,575
122,801
133,101

201409060311(201409060311)
111,074
233,490
893,575
122,870
133,101

201409060312(201409060312)
111,209
233,490
893,575
122,870
133,101

201409060313(201409060313)
111,273
233,787
893,575
122,928
133,101

201409060314(201409060314)
111,273
233,820
893,575
122,928
133,101

201409060315(201409060315)
111,290
233,820
895,539
122,964
133,101

201409060316(201409060316)
111,385
233,820
895,539
122,973
133,101

201409060317(201409060317)
111,463
234,256
895,539
123,053
133,101

201409060319(201409060319)
112,212
234,948
895,539
123,154
133,125

201409060320(201409060320)
112,212
234,948
895,539
123,402
133,125

201409060321(201409060321)
112,376
234,948
895,539
123,403
133,948

201409060322(201409060322)
113,034
235,372
895,539
123,570
134,005

201409060323(201409060323)
113,034
235,372
895,539
123,593
134,196

201409060324(201409060324)
113,176
235,372
895,539
123,593
134,320

201409060325(201409060325)
113,176
235,372
901,765
123,593
134,364

201409060326(201409060326)
113,176
235,372
901,765
123,613
134,533

201409060327(201409060327)
113,227
235,372
901,765
123,629
134,533

201409060329(201409060329)
113,524
235,492
901,765
124,053
134,595

201409060330(201409060330)
113,524
235,492
901,765
124,164
134,595

201409060331(201409060331)
113,524
235,724
901,765
124,164
134,783

201409060332(201409060332)
113,558
236,066
901,765
124,164
134,783

201409060333(201409060333)
113,596
236,141
901,765
124,164
134,991

201409060334(201409060334)
113,806
236,141
901,765
124,518
135,085

201409060335(201409060335)
113,806
236,141
903,024
124,518
135,200

201409060336(201409060336)
113,822
236,141
903,024
124,606
135,200

201409060337(201409060337)
114,005
236,141
903,024
124,690
135,261

201409060339(201409060339)
114,018
236,141
909,867
124,716
135,419

201409060340(201409060340)
114,148
236,141
909,867
124,804
135,703

201409060341(201409060341)
114,148
236,141
914,375
124,804
135,703

201409060342(201409060342)
114,148
236,162
914,375
124,804
135,703

201409060343(201409060343)
114,291
236,162
914,375
124,804
135,713

201409060344(201409060344)
114,315
236,162
914,375
124,914
135,713

201409060345(201409060345)
114,478
236,292
914,375
124,975
135,841

201409060346(201409060346)
115,109
236,292
914,375
125,124
135,865

201409060347(201409060347)
115,109
236,335
914,375
125,619
136,017

201409060349(201409060349)
115,273
236,485
914,375
125,681
136,404

201409060350(201409060350)
115,273
236,485
914,375
125,779
136,700

201409060351(201409060351)
115,273
236,485
914,375
125,842
136,845

201409060352(201409060352)
115,273
236,485
914,375
125,847
136,845

201409060353(201409060353)
115,273
236,485
914,375
125,847
136,845

201409060354(201409060354)
115,296
237,115
914,375
125,971
136,883

201409060355(201409060355)
115,450
237,247
914,375
125,980
136,883

201409060356(201409060356)
115,466
237,247
914,375
126,167
136,895

201409060357(201409060357)
115,761
237,247
914,375
126,358
136,911

201409060359(201409060359)
116,072
237,247
914,375
126,445
137,020

201409060400(201409060400)
116,113
237,247
918,149
126,765
137,059

201409060401(201409060401)
116,259
237,247
918,149
126,854
137,203

201409060402(201409060402)
116,259
237,247
918,149
126,854
137,203

201409060403(201409060403)
116,259
237,247
918,149
126,854
137,203

201409060404(201409060404)
116,518
238,143
918,149
127,067
137,504

201409060405(201409060405)
116,545
238,258
918,149
127,111
137,504

201409060406(201409060406)
116,545
238,654
918,149
127,150
137,504

201409060407(201409060407)
116,545
239,228
918,149
127,609
137,570

201409060409(201409060409)
117,363
239,824
927,672
127,620
137,570

201409060410(201409060410)
117,389
239,886
927,672
127,620
137,570

201409060411(201409060411)
117,389
239,886
927,672
127,620
137,604

201409060412(201409060412)
117,389
239,938
927,672
127,830
137,604

201409060413(201409060413)
117,389
239,938
927,672
127,830
137,604

201409060414(201409060414)
117,424
239,938
927,728
128,077
137,633

201409060415(201409060415)
117,596
239,938
927,728
128,077
137,773

201409060416(201409060416)
117,596
239,938
927,728
128,300
137,827

201409060417(201409060417)
117,673
239,938
927,728
128,392
137,827

201409060419(201409060419)
117,692
241,173
931,471
128,400
137,833

201409060420(201409060420)
117,692
241,173
941,205
128,730
138,301

201409060421(201409060421)
117,692
241,392
941,786
128,765
138,301

201409060422(201409060422)
117,692
241,392
941,786
128,765
138,301

201409060423(201409060423)
117,920
241,560
941,786
128,765
138,301

201409060424(201409060424)
117,920
241,560
941,786
128,923
138,407

201409060425(201409060425)
117,957
241,560
946,719
128,923
138,407

201409060426(201409060426)
118,368
241,560
946,719
128,923
138,407

201409060427(201409060427)
118,438
241,560
946,719
128,940
138,407

201409060429(201409060429)
118,445
241,560
946,719
128,993
138,407

201409060430(201409060430)
118,468
241,560
946,719
129,039
138,407

201409060431(201409060431)
118,476
242,013
946,719
129,063
138,557

201409060432(201409060432)
118,641
242,231
946,719
129,125
138,687

201409060433(201409060433)
118,641
242,231
962,258
129,125
138,870

201409060434(201409060434)
118,652
242,231
962,258
129,125
138,892

201409060435(201409060435)
118,652
242,405
962,258
129,246
138,892

201409060436(201409060436)
118,915
242,405
962,258
129,379
138,892

201409060437(201409060437)
119,056
242,617
962,258
129,488
139,131

201409060439(201409060439)
119,056
243,812
962,258
129,488
139,131

201409060440(201409060440)
119,056
243,812
962,258
129,488
139,131

201409060441(201409060441)
119,056
244,568
962,258
129,557
139,192

201409060442(201409060442)
119,056
244,568
962,258
129,577
139,192

201409060443(201409060443)
119,240
244,568
962,258
129,577
139,212

201409060444(201409060444)
119,246
245,140
962,258
129,577
139,212

201409060445(201409060445)
119,246
245,140
962,258
129,613
139,418

201409060446(201409060446)
119,246
245,140
970,675
129,613
139,418

201409060447(201409060447)
119,246
245,140
970,675
129,613
139,454

201409060449(201409060449)
119,321
245,741
970,675
129,629
139,721

201409060450(201409060450)
119,646
245,741
970,675
129,695
139,721

201409060451(201409060451)
119,660
245,814
970,675
129,695
139,780

201409060452(201409060452)
119,660
245,814
978,590
129,777
139,912

201409060453(201409060453)
119,784
245,814
978,590
129,982
139,912

201409060454(201409060454)
119,847
245,814
978,590
129,982
139,912

201409060455(201409060455)
119,904
245,814
978,590
129,982
140,059

201409060456(201409060456)
120,282
245,814
978,590
130,118
140,208

201409060457(201409060457)
120,978
245,814
978,590
130,118
140,242

201409060459(201409060459)
120,978
246,134
981,401
130,182
140,242

201409060500(201409060500)
120,978
246,134
981,401
130,275
140,647

201409060501(201409060501)
120,978
246,134
981,401
130,500
140,872

201409060502(201409060502)
120,978
247,074
981,401
130,500
140,872

201409060503(201409060503)
121,216
247,074
981,401
130,500
140,872

201409060504(201409060504)
121,216
247,074
981,401
130,556
140,872

201409060505(201409060505)
121,216
247,112
981,401
130,656
140,884

201409060506(201409060506)
121,361
247,655
982,773
130,656
141,141

201409060507(201409060507)
121,361
247,655
982,773
130,656
141,240

201409060509(201409060509)
121,580
247,655
982,773
130,710
141,284

201409060510(201409060510)
121,580
247,655
982,773
130,710
141,284

201409060511(201409060511)
121,580
247,655
982,773
130,710
141,295

201409060512(201409060512)
121,763
247,655
982,773
130,729
141,338

201409060513(201409060513)
121,883
247,655
982,773
130,729
141,338

201409060514(201409060514)
121,883
247,963
982,773
130,972
141,426

201409060515(201409060515)
122,250
247,963
982,773
130,972
141,426

201409060516(201409060516)
122,361
247,963
982,773
130,972
141,426

201409060517(201409060517)
122,361
247,963
982,773
131,067
141,527

201409060519(201409060519)
122,870
247,963
982,773
131,239
141,762

201409060520(201409060520)
122,870
248,349
982,773
131,239
142,100

201409060521(201409060521)
122,870
248,452
982,773
131,398
142,100

201409060522(201409060522)
122,870
248,452
982,773
131,538
142,100

201409060523(201409060523)
122,870
248,452
982,773
131,671
142,190

201409060524(201409060524)
123,003
248,452
982,773
131,828
142,190

201409060525(201409060525)
123,003
248,654
982,773
131,828
142,190

201409060526(201409060526)
123,003
248,654
982,773
131,828
142,190

201409060527(201409060527)
123,006
249,311
982,773
132,339
142,410

201409060529(201409060529)
123,054
250,119
982,773
132,404
142,437

201409060530(201409060530)
123,054
250,119
982,773
132,545
142,437

201409060531(201409060531)
123,054
250,119
982,773
132,545
142,522

201409060532(201409060532)
123,054
250,119
982,773
132,545
142,522

201409060533(201409060533)
123,054
250,119
982,773
132,545
142,522

201409060534(201409060534)
123,154
250,119
982,773
132,545
142,522

201409060535(201409060535)
123,258
250,119
982,773
132,545
142,522

201409060536(201409060536)
123,258
250,119
982,773
132,545
142,522

201409060537(201409060537)
123,258
250,890
982,773
132,545
142,522

201409060539(201409060539)
123,402
251,412
982,773
132,545
142,522

201409060540(201409060540)
123,402
253,324
982,773
132,545
142,596

201409060541(201409060541)
123,402
255,178
982,773
132,549
142,813

201409060542(201409060542)
123,441
255,178
982,773
132,549
142,813

201409060543(201409060543)
123,486
255,178
982,906
132,581
142,813

201409060544(201409060544)
123,486
255,178
986,391
132,688
142,813

201409060545(201409060545)
123,486
255,178
986,391
132,688
142,920

201409060546(201409060546)
123,580
255,178
986,391
132,688
142,920

201409060547(201409060547)
123,580
255,178
986,391
133,101
142,920

201409060549(201409060549)
123,833
255,178
986,391
133,101
143,013

201409060550(201409060550)
124,134
255,178
986,391
133,101
143,020

201409060551(201409060551)
124,134
255,178
986,391
133,317
143,020

201409060552(201409060552)
124,559
255,178
986,391
133,317
143,020

201409060553(201409060553)
124,559
256,511
997,730
133,424
143,020

201409060554(201409060554)
124,606
256,511
997,730
133,643
143,020

201409060555(201409060555)
124,606
256,511
997,730
133,861
143,065

201409060556(201409060556)
124,606
256,511
997,730
134,034
143,065

201409060557(201409060557)
124,606
256,511
997,730
134,034
143,099

201409060559(201409060559)
124,716
256,511
997,730
134,094
143,865

201409060600(201409060600)
124,716
256,511
997,730
134,094
144,014

201409060601(201409060601)
124,782
256,511
997,730
134,245
144,014

201409060602(201409060602)
124,804
256,511
997,730
134,284
144,160

201409060603(201409060603)
124,897
256,511
997,730
134,533
144,160

201409060604(201409060604)
124,958
256,645
997,730
134,533
144,160

201409060605(201409060605)
125,428
256,645
997,730
134,991
144,388

201409060606(201409060606)
125,619
256,825
999,027
134,991
144,388

201409060607(201409060607)
125,623
257,778
999,027
135,085
144,572

201409060609(201409060609)
125,683
258,182
999,027
135,303
144,747

201409060610(201409060610)
125,683
258,182
999,027
135,303
144,747

201409060611(201409060611)
125,842
258,182
999,027
135,443
144,853

201409060612(201409060612)
125,847
258,255
999,027
135,443
144,940

201409060613(201409060613)
125,847
258,629
999,027
135,443
145,026

201409060614(201409060614)
125,847
259,956
999,027
135,443
145,084

201409060615(201409060615)
125,847
259,956
999,027
135,528
145,526

201409060616(201409060616)
125,848
259,956
999,027
135,528
145,526

201409060617(201409060617)
125,849
259,956
999,027
135,528
145,537

201409060619(201409060619)
125,971
260,989
1,004,121
135,713
145,575

201409060620(201409060620)
125,980
261,332
1,004,121
135,713
145,575

201409060621(201409060621)
126,027
261,332
1,004,121
135,713
145,806

201409060622(201409060622)
126,153
261,332
1,004,121
135,713
145,806

201409060623(201409060623)
126,237
262,293
1,004,121
135,838
145,806

201409060624(201409060624)
126,237
262,293
1,004,121
135,865
145,806

201409060625(201409060625)
126,237
262,293
1,004,121
135,951
145,806

201409060626(201409060626)
126,237
263,146
1,004,121
136,270
145,942

201409060627(201409060627)
126,250
263,386
1,004,121
136,270
145,942

201409060629(201409060629)
126,435
263,386
1,004,121
136,270
146,612

201409060630(201409060630)
126,435
263,705
1,004,121
136,305
146,659

201409060631(201409060631)
126,435
263,705
1,004,121
136,404
146,659

201409060632(201409060632)
126,442
263,705
1,004,121
136,803
146,659

201409060633(201409060633)
126,445
263,705
1,004,121
136,803
146,732

201409060634(201409060634)
126,445
264,669
1,004,121
136,803
146,818

201409060635(201409060635)
126,491
264,669
1,004,121
136,845
146,829

201409060636(201409060636)
126,491
264,980
1,004,121
136,845
146,829

201409060637(201409060637)
126,491
265,624
1,004,121
136,911
146,909

201409060639(201409060639)
126,816
267,525
1,004,391
136,941
146,909

201409060640(201409060640)
126,854
270,359
1,004,704
136,941
147,066

201409060641(201409060641)
127,206
271,098
1,004,704
136,941
147,139

201409060642(201409060642)
127,206
271,835
1,004,704
136,941
147,308

201409060643(201409060643)
127,620
271,835
1,004,704
136,941
147,308

201409060644(201409060644)
128,077
271,835
1,004,704
137,024
147,308

201409060645(201409060645)
128,081
271,835
1,004,704
137,096
147,614

201409060646(201409060646)
128,300
271,835
1,004,704
137,096
147,648

201409060647(201409060647)
128,392
271,835
1,004,704
137,422
147,777

201409060649(201409060649)
128,400
271,835
1,004,704
137,604
147,787

201409060650(201409060650)
128,579
273,444
1,004,704
137,604
147,787

201409060651(201409060651)
128,600
273,444
1,004,704
137,604
148,101

201409060652(201409060652)
128,600
274,668
1,004,704
137,604
148,491

201409060653(201409060653)
128,730
275,433
1,004,704
137,633
148,491

201409060654(201409060654)
128,765
275,433
1,006,539
137,773
148,781

201409060655(201409060655)
128,765
275,631
1,013,851
137,792
148,781

201409060656(201409060656)
128,828
275,631
1,013,851
138,202
148,781

201409060657(201409060657)
128,828
277,339
1,016,510
138,202
148,860

201409060659(201409060659)
129,125
277,682
1,016,510
138,202
148,963

201409060700(201409060700)
129,246
278,297
1,016,510
138,202
149,162

201409060701(201409060701)
129,379
278,297
1,016,510
138,202
149,162

201409060702(201409060702)
129,403
278,297
1,016,510
138,301
149,162

201409060703(201409060703)
129,488
278,297
1,016,510
138,407
149,162

201409060704(201409060704)
129,577
279,303
1,016,510
138,407
149,423

201409060705(201409060705)
129,629
279,839
1,016,510
138,871
149,960

201409060706(201409060706)
129,629
279,839
1,016,510
138,871
149,960

201409060707(201409060707)
129,777
279,839
1,016,510
138,871
150,203

201409060709(201409060709)
130,205
279,839
1,018,975
139,387
150,426

201409060710(201409060710)
130,247
279,839
1,018,975
139,418
150,526

201409060711(201409060711)
130,283
281,026
1,018,975
139,888
150,526

201409060712(201409060712)
130,283
281,026
1,018,975
140,242
150,526

201409060713(201409060713)
130,293
281,026
1,018,975
140,586
150,894

201409060714(201409060714)
130,500
281,026
1,018,975
140,633
151,122

201409060715(201409060715)
130,500
281,026
1,018,975
140,647
151,383

201409060716(201409060716)
130,656
281,026
1,018,975
140,995
151,462

201409060717(201409060717)
130,656
281,026
1,018,975
140,995
151,829

201409060719(201409060719)
130,683
281,026
1,018,975
141,338
151,829

201409060720(201409060720)
130,710
281,026
1,018,975
141,634
151,829

201409060721(201409060721)
130,816
281,026
1,018,975
141,634
152,025

201409060722(201409060722)
130,972
281,082
1,018,975
141,634
152,026

201409060723(201409060723)
131,052
281,963
1,018,975
141,762
152,026

201409060724(201409060724)
131,828
281,963
1,018,975
141,762
152,368

201409060725(201409060725)
131,992
281,963
1,018,975
141,905
152,368

201409060726(201409060726)
132,339
282,984
1,019,427
141,952
153,075

201409060727(201409060727)
132,545
282,984
1,022,158
142,237
153,075

201409060729(201409060729)
133,062
282,984
1,022,752
142,478
153,204

201409060730(201409060730)
133,227
282,984
1,022,752
142,478
153,334

201409060731(201409060731)
133,227
283,084
1,023,895
142,478
153,334

201409060732(201409060732)
133,317
283,084
1,025,814
142,478
153,334

201409060733(201409060733)
133,317
284,290
1,025,814
142,478
153,334

201409060734(201409060734)
133,424
284,427
1,025,814
142,522
153,588

201409060735(201409060735)
133,625
284,427
1,025,814
142,532
153,799

201409060736(201409060736)
133,711
284,427
1,025,814
142,660
153,855

201409060737(201409060737)
133,711
284,427
1,028,682
142,797
153,855

201409060739(201409060739)
133,781
286,136
1,029,922
142,813
154,075

201409060740(201409060740)
133,861
286,136
1,032,930
142,920
154,075

201409060741(201409060741)
133,876
286,136
1,032,930
142,920
154,075

201409060742(201409060742)
133,986
286,314
1,032,930
142,920
154,084

201409060743(201409060743)
134,222
286,314
1,032,930
142,940
154,260

201409060744(201409060744)
134,245
286,819
1,032,930
143,013
154,516

201409060745(201409060745)
134,245
286,819
1,032,930
143,099
154,516

201409060746(201409060746)
134,347
287,397
1,035,786
143,099
154,623

201409060747(201409060747)
134,633
287,397
1,035,786
143,099
154,623

201409060749(201409060749)
135,201
290,119
1,035,786
143,383
154,806

201409060750(201409060750)
135,282
290,119
1,035,786
144,000
154,841

201409060751(201409060751)
135,443
291,146
1,035,786
144,014
154,841

201409060752(201409060752)
135,528
291,508
1,035,786
144,014
154,907

201409060753(201409060753)
135,695
292,138
1,035,786
144,260
155,397

201409060754(201409060754)
136,111
292,138
1,035,786
144,388
155,608

201409060755(201409060755)
136,111
292,138
1,035,786
144,572
155,608

201409060756(201409060756)
136,111
292,138
1,038,544
144,572
155,922

201409060757(201409060757)
136,111
292,138
1,044,093
144,764
155,922

201409060759(201409060759)
136,488
292,138
1,044,093
144,928
156,399

201409060800(201409060800)
136,803
292,466
1,044,093
144,928
156,849

201409060801(201409060801)
136,845
293,151
1,044,093
144,940
156,901

201409060802(201409060802)
136,845
293,469
1,045,538
145,128
157,023

201409060803(201409060803)
136,911
293,469
1,045,538
145,389
157,526

201409060804(201409060804)
137,020
294,678
1,046,895
145,537
157,775

201409060805(201409060805)
137,020
294,678
1,047,170
145,655
157,792

201409060806(201409060806)
137,059
294,678
1,051,050
145,881
157,814

201409060807(201409060807)
137,059
294,678
1,051,050
145,894
157,857

201409060809(201409060809)
137,136
294,678
1,052,583
146,074
157,925

201409060810(201409060810)
137,136
294,717
1,052,583
146,119
157,925

201409060811(201409060811)
137,274
294,717
1,052,583
146,336
157,925

201409060812(201409060812)
137,438
294,717
1,052,583
146,659
158,517

201409060813(201409060813)
137,526
294,717
1,052,583
146,829
158,614

201409060814(201409060814)
137,526
294,717
1,052,583
147,286
159,152

201409060815(201409060815)
137,789
295,256
1,052,583
147,519
159,384

201409060816(201409060816)
137,789
295,256
1,052,583
147,519
159,727

201409060817(201409060817)
137,789
295,256
1,052,583
147,525
159,805

201409060819(201409060819)
137,789
295,756
1,057,549
147,525
160,227

201409060820(201409060820)
137,789
295,900
1,057,549
147,538
160,453

201409060821(201409060821)
137,789
296,602
1,057,549
147,553
160,475

201409060822(201409060822)
137,792
296,602
1,057,549
147,614
160,475

201409060823(201409060823)
137,833
298,107
1,057,549
147,648
160,659

201409060824(201409060824)
137,833
298,307
1,057,549
147,787
160,782

201409060825(201409060825)
137,877
298,401
1,058,058
147,787
160,993

201409060826(201409060826)
137,877
298,781
1,058,058
148,096
161,102

201409060827(201409060827)
138,182
298,781
1,058,058
148,096
161,221

201409060829(201409060829)
138,202
298,862
1,061,338
148,274
161,221

201409060830(201409060830)
138,286
298,862
1,061,338
148,274
161,221

201409060831(201409060831)
138,286
298,862
1,061,338
148,278
161,277

201409060832(201409060832)
138,674
299,468
1,061,338
148,278
161,277

201409060833(201409060833)
138,729
299,468
1,061,338
148,278
161,277

201409060834(201409060834)
138,729
299,468
1,061,338
148,491
161,289

201409060835(201409060835)
138,859
299,468
1,061,338
148,635
161,289

201409060836(201409060836)
138,892
299,704
1,069,386
149,162
161,293

201409060837(201409060837)
138,892
301,290
1,070,209
149,215
161,293

201409060839(201409060839)
139,192
301,290
1,073,590
149,414
162,096

201409060840(201409060840)
139,192
301,290
1,073,648
149,486
162,313

201409060841(201409060841)
139,454
301,695
1,073,648
149,486
162,390

201409060842(201409060842)
139,454
301,820
1,073,938
149,486
162,558

201409060843(201409060843)
139,716
302,688
1,075,202
150,208
162,609

201409060844(201409060844)
139,814
302,688
1,083,295
150,291
163,002

201409060845(201409060845)
139,814
302,688
1,086,561
150,364
163,078

201409060846(201409060846)
140,059
303,343
1,088,260
150,364
163,090

201409060847(201409060847)
140,208
303,343
1,096,679
150,364
163,090

201409060849(201409060849)
140,242
303,343
1,096,814
151,166
163,474

201409060850(201409060850)
140,501
304,644
1,096,814
151,166
163,748

201409060851(201409060851)
140,585
306,958
1,096,814
151,242
163,748

201409060852(201409060852)
140,591
307,294
1,102,733
151,243
163,787

201409060853(201409060853)
140,633
307,446
1,105,783
151,243
163,901

201409060854(201409060854)
140,744
307,446
1,119,896
151,336
164,015

201409060855(201409060855)
140,744
307,446
1,128,863
151,336
164,337

201409060856(201409060856)
140,800
309,316
1,129,708
151,336
164,555

201409060857(201409060857)
141,069
309,316
1,129,708
151,462
164,555

201409060859(201409060859)
141,338
309,461
1,153,272
151,829
164,934

201409060900(201409060900)
141,338
309,701
1,153,272
151,984
164,934

201409060901(201409060901)
141,338
312,692
1,153,272
152,025
164,934

201409060902(201409060902)
141,846
313,239
1,153,272
152,354
165,070

201409060903(201409060903)
141,998
313,239
1,153,272
152,354
165,070

201409060904(201409060904)
142,155
313,661
1,159,138
152,486
166,126

201409060905(201409060905)
142,291
314,129
1,159,197
152,486
166,139

201409060906(201409060906)
142,660
314,129
1,159,433
152,798
166,140

201409060907(201409060907)
142,660
316,170
1,189,589
153,075
166,140

201409060909(201409060909)
142,940
316,420
1,189,589
153,334
166,757

201409060910(201409060910)
142,940
316,420
1,191,350
153,525
166,758

201409060911(201409060911)
143,485
317,764
1,191,710
153,914
166,966

201409060912(201409060912)
143,606
317,764
1,192,130
154,084
167,280

201409060913(201409060913)
143,606
318,150
1,195,737
154,482
167,436

201409060914(201409060914)
143,606
318,348
1,196,217
154,806
167,436

201409060915(201409060915)
143,711
319,550
1,196,697
154,877
167,436

201409060916(201409060916)
143,876
319,550
1,200,128
155,291
167,436

201409060917(201409060917)
144,014
319,550
1,200,488
155,922
167,436

201409060919(201409060919)
144,375
320,854
1,213,449
156,093
167,683

201409060920(201409060920)
144,506
320,854
1,233,814
156,154
167,768

201409060921(201409060921)
144,506
322,227
1,233,814
156,298
167,768

201409060922(201409060922)
144,506
322,227
1,233,814
156,387
167,976

201409060923(201409060923)
144,506
322,227
1,233,814
156,399
167,976

201409060924(201409060924)
144,747
322,227
1,240,610
156,411
168,418

201409060925(201409060925)
144,764
322,474
1,240,787
156,411
168,536

201409060926(201409060926)
144,940
322,474
1,241,239
157,155
169,101

201409060927(201409060927)
145,128
326,489
1,241,239
157,155
169,240

201409060929(201409060929)
145,575
328,386
1,241,239
157,329
169,418

201409060930(201409060930)
145,575
329,303
1,241,239
157,516
169,599

201409060931(201409060931)
145,837
329,303
1,241,239
157,814
169,896

201409060932(201409060932)
145,840
329,772
1,241,239
157,814
169,948

201409060933(201409060933)
146,414
330,209
1,241,239
157,857
169,948

201409060934(201409060934)
146,659
331,588
1,246,240
157,925
169,948

201409060935(201409060935)
146,779
332,741
1,246,240
157,925
170,412

201409060936(201409060936)
146,779
332,741
1,246,240
158,162
170,734

201409060937(201409060937)
147,212
332,741
1,246,240
158,162
170,868

201409060939(201409060939)
147,308
332,741
1,246,240
158,162
171,039

201409060940(201409060940)
147,394
333,349
1,246,240
158,588
171,281

201409060941(201409060941)
147,525
333,349
1,246,240
159,221
171,331

201409060942(201409060942)
147,538
333,349
1,246,240
159,448
171,736

201409060943(201409060943)
147,648
333,349
1,246,240
159,727
171,736

201409060944(201409060944)
147,654
333,349
1,246,960
159,757
172,085

201409060945(201409060945)
147,787
333,349
1,246,960
159,819
172,085

201409060946(201409060946)
147,925
333,349
1,246,960
159,918
172,088

201409060947(201409060947)
148,149
334,029
1,246,960
160,043
172,153

201409060949(201409060949)
148,457
334,519
1,246,960
160,230
172,366

201409060950(201409060950)
148,635
334,519
1,246,960
160,326
172,507

201409060951(201409060951)
149,175
335,139
1,246,960
160,326
172,507

201409060952(201409060952)
149,423
336,325
1,255,872
160,385
172,553

201409060953(201409060953)
149,486
336,325
1,262,225
160,733
172,688

201409060954(201409060954)
149,665
337,312
1,270,933
160,818
173,058

201409060955(201409060955)
150,083
337,513
1,270,933
161,094
173,160

201409060956(201409060956)
150,251
337,513
1,270,933
161,221
173,160

201409060957(201409060957)
150,291
338,563
1,270,933
161,520
173,697

201409060959(201409060959)
150,631
339,307
1,271,777
162,390
174,360

201409061000(201409061000)
151,084
339,307
1,271,777
162,390
174,527

201409061001(201409061001)
151,166
340,732
1,285,021
162,566
174,648

201409061002(201409061002)
151,237
341,530
1,285,021
162,609
175,476

201409061003(201409061003)
151,242
342,772
1,285,021
162,719
175,482

201409061004(201409061004)
151,391
342,772
1,285,021
162,946
175,891

201409061005(201409061005)
151,391
344,554
1,294,606
162,946
176,007

201409061006(201409061006)
151,564
344,699
1,294,606
162,946
176,064

201409061007(201409061007)
151,771
345,182
1,294,606
163,090
176,269

201409061009(201409061009)
152,203
347,580
1,302,747
163,198
176,684

201409061010(201409061010)
152,203
347,817
1,302,803
163,369
176,771

201409061011(201409061011)
152,395
347,817
1,302,803
163,723
177,072

201409061012(201409061012)
152,486
347,817
1,305,808
163,735
177,072

201409061013(201409061013)
152,703
347,817
1,306,427
163,855
177,072

201409061014(201409061014)
153,075
347,817
1,312,120
163,901
177,097

201409061015(201409061015)
153,075
347,817
1,312,120
163,901
177,152

201409061016(201409061016)
153,735
347,817
1,312,120
164,015
177,341

201409061017(201409061017)
153,914
347,817
1,312,120
164,130
177,341

201409061019(201409061019)
154,075
348,469
1,312,120
164,888
177,482

201409061020(201409061020)
154,075
350,437
1,312,120
164,888
177,870

201409061021(201409061021)
154,084
351,744
1,312,120
164,934
178,734

201409061022(201409061022)
154,806
351,744
1,312,120
165,070
178,734

201409061023(201409061023)
154,806
352,048
1,312,120
166,039
178,734

201409061024(201409061024)
154,806
352,048
1,319,899
166,139
178,940

201409061025(201409061025)
154,806
352,917
1,319,899
166,139
178,940

201409061026(201409061026)
154,806
353,023
1,319,899
166,139
178,940

201409061027(201409061027)
154,916
355,348
1,319,899
166,407
179,028

201409061029(201409061029)
155,225
359,118
1,330,929
166,758
179,039

201409061030(201409061030)
155,373
359,118
1,334,393
166,966
179,039

201409061031(201409061031)
155,558
359,314
1,334,574
167,076
179,076

201409061032(201409061032)
155,922
361,433
1,334,574
167,076
179,085

201409061033(201409061033)
155,922
361,433
1,345,039
167,249
179,115

201409061034(201409061034)
156,125
362,290
1,349,465
167,617
179,159

201409061035(201409061035)
156,387
363,113
1,349,465
167,835
180,229

201409061036(201409061036)
156,387
363,113
1,353,973
168,418
180,292

201409061037(201409061037)
156,496
363,387
1,364,439
168,466
180,292

201409061039(201409061039)
156,496
365,618
1,364,439
168,793
180,873

201409061040(201409061040)
157,155
365,618
1,364,439
169,288
181,116

201409061041(201409061041)
157,511
365,618
1,373,049
169,311
182,224

201409061042(201409061042)
157,511
365,618
1,373,049
169,492
183,121

201409061043(201409061043)
157,560
365,618
1,373,049
169,694
183,121

201409061044(201409061044)
157,814
365,618
1,373,049
169,694
183,247

201409061045(201409061045)
157,814
365,618
1,373,049
169,750
183,247

201409061046(201409061046)
158,063
365,618
1,373,049
169,750
183,558

201409061047(201409061047)
158,079
365,695
1,373,049
169,806
183,781

201409061049(201409061049)
158,151
365,695
1,373,049
169,815
184,029

201409061050(201409061050)
158,153
367,242
1,373,049
169,815
184,029

201409061051(201409061051)
158,162
368,211
1,373,049
169,815
184,029

201409061052(201409061052)
158,162
368,820
1,373,049
169,909
184,172

201409061053(201409061053)
158,162
370,747
1,375,234
170,492
184,258

201409061054(201409061054)
158,284
371,997
1,375,234
170,708
184,258

201409061055(201409061055)
158,309
373,093
1,375,234
170,708
184,258

201409061056(201409061056)
158,313
373,093
1,375,234
170,947
184,258

201409061057(201409061057)
158,614
373,093
1,375,234
171,039
184,258

201409061059(201409061059)
159,221
373,093
1,375,234
171,122
184,521

201409061100(201409061100)
159,221
373,290
1,375,234
171,331
184,714

201409061101(201409061101)
159,221
373,290
1,375,234
171,331
184,855

201409061102(201409061102)
159,788
373,778
1,375,234
171,331
185,167

201409061103(201409061103)
159,803
373,778
1,375,234
171,331
185,508

201409061104(201409061104)
159,803
375,210
1,375,234
171,428
185,508

201409061105(201409061105)
159,819
375,210
1,375,234
171,440
185,585

201409061106(201409061106)
160,034
378,955
1,375,234
171,440
185,585

201409061107(201409061107)
160,274
380,720
1,375,234
171,440
185,727

201409061109(201409061109)
160,274
381,391
1,375,234
172,085
186,695

201409061110(201409061110)
160,376
381,391
1,375,234
172,112
186,870

201409061111(201409061111)
160,385
381,391
1,375,234
172,123
187,126

201409061112(201409061112)
160,392
381,391
1,375,234
172,123
187,126

201409061113(201409061113)
160,453
381,391
1,375,234
172,365
187,422

201409061114(201409061114)
160,482
381,919
1,375,234
172,366
187,422

201409061115(201409061115)
160,482
381,919
1,375,234
172,366
187,744

201409061116(201409061116)
160,482
382,997
1,375,234
172,553
188,012

201409061117(201409061117)
160,782
382,997
1,378,193
173,058
188,593

201409061119(201409061119)
161,289
382,997
1,378,193
173,384
188,677

201409061120(201409061120)
161,495
383,862
1,378,193
173,384
188,889

201409061121(201409061121)
161,807
383,862
1,378,193
173,553
188,889

201409061122(201409061122)
162,390
384,088
1,378,193
173,813
188,925

201409061123(201409061123)
162,390
384,088
1,378,193
173,813
188,925

201409061124(201409061124)
162,558
384,605
1,378,193
173,839
189,502

201409061125(201409061125)
162,609
386,051
1,378,193
174,511
189,775

201409061126(201409061126)
162,719
386,051
1,378,193
174,578
189,803

201409061127(201409061127)
162,962
386,051
1,378,193
175,331
189,803

201409061129(201409061129)
163,198
386,051
1,378,193
175,891
189,956

201409061130(201409061130)
163,369
389,649
1,395,110
176,007
190,042

201409061131(201409061131)
163,722
389,649
1,395,905
176,112
190,042

201409061132(201409061132)
163,787
389,649
1,401,741
176,239
190,216

201409061133(201409061133)
163,855
389,649
1,414,241
176,356
190,626

201409061134(201409061134)
163,977
389,649
1,416,457
176,356
190,793

201409061135(201409061135)
164,199
393,413
1,416,457
176,497
191,646

201409061136(201409061136)
164,199
393,413
1,416,457
176,771
191,677

201409061137(201409061137)
164,250
393,521
1,416,457
177,097
192,052

201409061139(201409061139)
165,291
393,521
1,416,457
177,168
192,393

201409061140(201409061140)
165,670
393,521
1,416,457
177,168
192,899

201409061141(201409061141)
166,140
394,924
1,416,457
177,266
192,899

201409061142(201409061142)
166,579
394,924
1,416,457
177,341
192,955

201409061143(201409061143)
166,966
396,766
1,416,457
177,482
193,083

201409061144(201409061144)
166,966
396,958
1,416,457
177,692
193,223

201409061145(201409061145)
167,088
397,803
1,416,457
177,692
193,223

201409061146(201409061146)
167,157
397,803
1,416,457
177,754
193,743

201409061147(201409061147)
167,157
397,803
1,424,441
177,874
193,743

201409061149(201409061149)
167,249
398,005
1,424,441
178,287
193,743

201409061150(201409061150)
167,445
398,727
1,424,441
178,488
193,934

201409061151(201409061151)
167,807
399,057
1,424,441
178,488
193,934

201409061152(201409061152)
167,852
399,057
1,424,441
178,514
193,934

201409061153(201409061153)
168,032
399,057
1,441,689
178,613
193,981

201409061154(201409061154)
168,570
399,401
1,441,689
178,613
193,981

201409061155(201409061155)
168,570
399,401
1,441,689
178,613
193,981

201409061156(201409061156)
168,793
400,822
1,441,689
178,703
194,364

201409061157(201409061157)
169,156
400,822
1,441,689
178,734
194,413

201409061159(201409061159)
169,288
400,822
1,481,401
178,940
194,413

201409061200(201409061200)
169,363
401,321
1,481,401
179,115
194,413

201409061201(201409061201)
169,363
401,321
1,481,401
179,218
194,413

201409061202(201409061202)
169,492
401,321
1,481,401
179,218
194,583

201409061203(201409061203)
169,689
401,986
1,481,401
179,598
194,583

201409061204(201409061204)
169,806
404,317
1,481,401
179,923
195,335

201409061205(201409061205)
169,806
404,873
1,503,629
180,229
195,335

201409061206(201409061206)
169,806
404,873
1,505,815
180,292
195,633

201409061207(201409061207)
169,942
404,873
1,505,815
180,648
196,206

201409061209(201409061209)
170,525
404,873
1,505,815
180,980
196,395

201409061210(201409061210)
171,029
405,934
1,505,815
180,980
196,618

201409061211(201409061211)
171,187
405,934
1,505,815
180,980
196,618

201409061212(201409061212)
171,331
405,934
1,505,815
181,327
196,618

201409061213(201409061213)
171,354
406,464
1,505,815
181,327
196,618

201409061214(201409061214)
171,354
406,689
1,505,815
182,080
196,977

201409061215(201409061215)
171,431
406,689
1,505,815
182,759
197,261

201409061216(201409061216)
171,559
406,689
1,505,815
182,883
197,261

201409061217(201409061217)
171,736
407,101
1,505,815
183,169
197,307

201409061219(201409061219)
172,088
409,749
1,505,815
183,733
199,827

201409061220(201409061220)
172,112
411,422
1,505,815
183,834
200,062

201409061221(201409061221)
172,365
411,422
1,505,815
183,920
200,257

201409061222(201409061222)
172,366
411,422
1,508,130
183,943
200,539

201409061223(201409061223)
172,366
412,013
1,513,190
184,075
201,490

201409061224(201409061224)
172,707
412,013
1,513,678
184,172
202,768

201409061225(201409061225)
173,598
412,663
1,520,229
184,456
202,860

201409061226(201409061226)
173,729
414,920
1,523,385
184,713
203,103

201409061227(201409061227)
173,745
416,371
1,524,414
184,714
203,264

201409061229(201409061229)
173,843
417,066
1,524,414
185,508
203,297

201409061230(201409061230)
174,393
417,066
1,553,807
185,585
203,754

201409061231(201409061231)
174,511
417,947
1,556,471
186,329
203,754

201409061232(201409061232)
174,578
417,947
1,556,471
186,593
203,963

201409061233(201409061233)
174,578
418,681
1,556,471
186,638
204,904

201409061234(201409061234)
174,761
418,681
1,566,431
186,912
204,927

201409061235(201409061235)
175,171
418,681
1,567,160
187,619
204,927

201409061236(201409061236)
175,395
418,857
1,567,160
187,682
204,927

201409061237(201409061237)
175,532
418,857
1,567,160
187,813
206,287

201409061239(201409061239)
175,891
419,531
1,567,160
188,889
206,842

201409061240(201409061240)
175,891
419,531
1,590,738
188,889
206,860

201409061241(201409061241)
176,009
420,504
1,595,532
188,889
206,954

201409061242(201409061242)
176,009
420,504
1,609,553
188,931
206,969

201409061243(201409061243)
176,016
420,504
1,609,553
189,019
207,247

201409061244(201409061244)
176,064
420,504
1,609,553
189,387
207,639

201409061245(201409061245)
176,158
421,180
1,609,553
189,387
207,684

201409061246(201409061246)
176,161
423,805
1,609,553
189,502
207,684

201409061247(201409061247)
176,356
423,903
1,609,553
189,502
207,707

201409061249(201409061249)
176,641
427,029
1,612,563
189,791
207,931

201409061250(201409061250)
176,641
427,333
1,612,563
189,956
207,931

201409061251(201409061251)
176,670
428,178
1,612,563
190,042
207,960

201409061252(201409061252)
176,751
428,974
1,612,563
190,360
207,960

201409061253(201409061253)
176,942
430,632
1,612,563
190,360
207,960

201409061254(201409061254)
176,991
432,983
1,612,563
190,405
208,187

201409061255(201409061255)
176,991
434,281
1,612,563
190,626
208,319

201409061256(201409061256)
177,152
435,308
1,612,563
190,764
208,789

201409061257(201409061257)
177,266
435,337
1,612,563
191,297
208,864

201409061259(201409061259)
177,266
435,570
1,612,563
192,052
210,320

201409061300(201409061300)
177,266
435,592
1,612,563
192,052
210,760

201409061301(201409061301)
177,269
436,972
1,612,563
192,161
211,113

201409061302(201409061302)
177,692
438,428
1,612,563
192,538
211,375

201409061303(201409061303)
177,754
438,428
1,612,563
192,724
211,625

201409061304(201409061304)
178,703
438,581
1,612,563
192,752
211,625

201409061305(201409061305)
178,920
438,785
1,615,094
192,907
212,021

201409061306(201409061306)
178,920
440,915
1,622,973
192,947
212,277

201409061307(201409061307)
179,060
440,915
1,622,973
193,075
212,277

201409061309(201409061309)
179,218
440,915
1,622,973
193,545
212,706

201409061310(201409061310)
179,254
441,950
1,622,973
193,743
212,831

201409061311(201409061311)
179,598
441,950
1,622,973
193,743
213,265

201409061312(201409061312)
179,779
443,589
1,622,973
194,092
213,265

201409061313(201409061313)
180,043
444,041
1,622,973
194,092
213,444

201409061314(201409061314)
180,274
444,341
1,622,973
194,364
213,674

201409061315(201409061315)
180,292
446,776
1,622,973
194,364
214,104

201409061316(201409061316)
180,292
447,326
1,624,636
194,583
214,811

201409061317(201409061317)
180,648
447,326
1,624,636
194,583
214,961

201409061319(201409061319)
181,104
449,965
1,624,636
194,706
216,200

201409061320(201409061320)
181,327
449,967
1,624,636
195,003
216,200

201409061321(201409061321)
182,223
449,967
1,624,636
195,666
216,200

201409061322(201409061322)
182,762
449,967
1,624,636
196,206
216,388

201409061323(201409061323)
182,766
450,009
1,624,636
196,233
216,388

201409061324(201409061324)
182,766
451,753
1,630,412
196,277
216,683

201409061325(201409061325)
183,529
451,755
1,630,412
196,953
216,700

201409061326(201409061326)
183,733
451,755
1,630,412
197,206
216,959

201409061327(201409061327)
183,733
451,755
1,630,412
197,601
216,959

201409061329(201409061329)
183,781
454,930
1,630,412
198,902
217,698

201409061330(201409061330)
183,794
455,255
1,630,412
198,902
217,698

201409061331(201409061331)
183,834
456,984
1,630,412
199,697
217,698

201409061332(201409061332)
183,943
456,984
1,630,412
200,036
217,773

201409061333(201409061333)
183,943
456,984
1,630,412
200,103
217,773

201409061334(201409061334)
184,104
458,056
1,630,412
200,421
217,824

201409061335(201409061335)
184,104
459,246
1,630,412
201,371
217,955

201409061336(201409061336)
184,104
459,771
1,630,412
201,371
218,259

201409061337(201409061337)
184,104
459,771
1,630,412
201,472
218,387

201409061339(201409061339)
184,713
459,771
1,630,412
201,524
218,466

201409061340(201409061340)
184,855
460,184
1,630,464
201,524
218,498

201409061341(201409061341)
185,324
460,787
1,630,568
201,524
218,746

201409061342(201409061342)
185,427
460,787
1,630,568
202,027
218,805

201409061343(201409061343)
185,614
460,787
1,630,568
202,027
218,852

201409061344(201409061344)
185,975
460,787
1,630,568
203,034
219,087

201409061345(201409061345)
185,975
461,335
1,630,568
203,241
219,194

201409061346(201409061346)
185,983
461,466
1,630,568
203,241
219,489

201409061347(201409061347)
186,184
461,466
1,638,880
203,297
219,489

201409061349(201409061349)
186,931
463,982
1,638,880
203,446
220,475

201409061350(201409061350)
187,682
463,982
1,638,880
203,755
220,672

201409061351(201409061351)
187,682
463,982
1,638,880
204,486
221,382

201409061352(201409061352)
187,682
465,321
1,638,911
204,532
221,576

201409061353(201409061353)
187,682
465,321
1,638,911
204,742
222,179

201409061354(201409061354)
187,682
465,321
1,638,911
205,156
222,179

201409061355(201409061355)
187,682
465,321
1,638,911
205,325
222,199

201409061356(201409061356)
187,873
465,321
1,638,911
205,886
222,574

201409061357(201409061357)
188,288
465,321
1,638,911
206,005
222,574

201409061359(201409061359)
188,304
465,321
1,638,911
206,005
222,623

201409061400(201409061400)
188,304
466,619
1,638,911
206,304
222,623

201409061401(201409061401)
188,677
466,619
1,638,911
206,374
223,419

201409061402(201409061402)
188,883
466,619
1,638,911
206,374
223,419

201409061403(201409061403)
188,898
466,922
1,638,911
206,445
223,560

201409061404(201409061404)
188,925
467,028
1,638,911
206,445
223,962

201409061405(201409061405)
188,931
467,028
1,638,911
206,969
223,962

201409061406(201409061406)
189,522
467,872
1,638,911
207,174
223,962

201409061407(201409061407)
189,522
470,381
1,638,911
207,224
224,321

201409061409(201409061409)
189,695
471,364
1,638,911
207,247
224,798

201409061410(201409061410)
189,873
471,364
1,638,911
207,319
225,205

201409061411(201409061411)
189,992
471,364
1,638,911
207,494
225,214

201409061412(201409061412)
190,405
471,364
1,638,911
207,494
225,604

201409061413(201409061413)
190,405
471,364
1,638,911
207,893
225,619

201409061414(201409061414)
190,551
471,364
1,638,911
208,187
225,619

201409061415(201409061415)
191,168
471,364
1,650,932
208,237
225,619

201409061416(201409061416)
191,792
471,364
1,650,932
208,823
226,200

201409061417(201409061417)
191,820
471,364
1,650,932
209,059
226,326

201409061419(201409061419)
192,161
471,765
1,650,932
210,320
226,348

201409061420(201409061420)
192,286
472,261
1,674,214
210,320
226,620

201409061421(201409061421)
192,378
472,261
1,674,214
211,070
226,868

201409061422(201409061422)
192,708
472,261
1,674,214
211,070
227,438

201409061423(201409061423)
192,947
472,261
1,674,214
211,070
227,570

201409061424(201409061424)
192,947
473,786
1,674,214
211,070
229,261

201409061425(201409061425)
193,164
473,786
1,674,214
211,070
229,525

201409061426(201409061426)
193,266
473,786
1,674,214
211,625
229,551

201409061427(201409061427)
193,743
473,786
1,674,214
211,625
229,705

201409061429(201409061429)
194,314
474,059
1,674,214
211,779
230,186

201409061430(201409061430)
194,471
474,059
1,677,497
211,796
230,194

201409061431(201409061431)
194,561
474,059
1,677,497
212,021
230,298

201409061432(201409061432)
194,685
474,660
1,677,497
212,323
230,298

201409061433(201409061433)
194,685
474,660
1,681,272
212,453
230,353

201409061434(201409061434)
194,762
474,660
1,681,446
212,590
230,527

201409061435(201409061435)
194,827
474,660
1,681,446
213,265
231,150

201409061436(201409061436)
194,827
475,732
1,681,446
213,265
231,727

201409061437(201409061437)
194,827
477,434
1,683,968
213,265
231,727

201409061439(201409061439)
194,890
477,847
1,683,968
214,042
232,026

201409061440(201409061440)
195,101
478,329
1,683,968
214,207
232,039

201409061441(201409061441)
195,339
479,319
1,683,968
214,343
232,039

201409061442(201409061442)
195,666
479,319
1,722,071
214,895
232,258

201409061443(201409061443)
195,880
479,319
1,722,071
215,216
232,258

201409061444(201409061444)
195,898
479,690
1,722,071
215,528
232,258

201409061445(201409061445)
197,122
479,690
1,722,071
215,528
233,067

201409061446(201409061446)
197,196
479,690
1,722,071
215,576
233,067

201409061447(201409061447)
197,196
479,690
1,722,071
215,576
233,067

201409061449(201409061449)
198,466
479,690
1,722,071
216,029
233,195

201409061450(201409061450)
198,495
479,690
1,722,071
216,096
233,510

201409061451(201409061451)
198,736
479,690
1,722,071
216,362
233,510

201409061452(201409061452)
199,415
479,690
1,722,071
216,709
233,735

201409061453(201409061453)
199,584
480,173
1,748,199
216,801
233,735

201409061454(201409061454)
199,584
482,052
1,748,199
216,959
234,284

201409061455(201409061455)
200,036
482,052
1,748,199
217,039
234,467

201409061456(201409061456)
200,058
484,711
1,748,199
217,039
234,467

201409061457(201409061457)
200,058
485,411
1,748,199
217,773
235,648

201409061459(201409061459)
200,588
488,068
1,748,199
217,773
235,791

201409061500(201409061500)
200,588
489,000
1,748,199
217,824
235,851

201409061501(201409061501)
200,986
489,000
1,748,199
218,259
235,962

201409061502(201409061502)
200,986
490,947
1,748,199
218,259
236,460

201409061503(201409061503)
201,998
491,732
1,748,199
218,339
236,460

201409061504(201409061504)
202,287
493,925
1,777,752
218,378
236,563

201409061505(201409061505)
202,633
494,082
1,777,752
218,474
236,886

201409061506(201409061506)
202,633
494,082
1,777,752
218,474
236,886

201409061507(201409061507)
203,297
494,082
1,777,752
218,541
236,886

201409061509(201409061509)
203,446
494,930
1,777,752
219,087
237,107

201409061510(201409061510)
204,052
495,206
1,777,752
219,489
237,107

201409061511(201409061511)
204,052
495,889
1,777,752
220,297
237,107

201409061512(201409061512)
204,484
495,889
1,777,752
220,297
237,209

201409061513(201409061513)
205,156
495,889
1,777,752
220,297
238,143

201409061514(201409061514)
205,156
496,536
1,777,752
220,589
238,774

201409061515(201409061515)
205,260
496,536
1,777,752
220,872
239,298

201409061516(201409061516)
205,260
496,536
1,777,752
221,163
239,938

201409061517(201409061517)
205,457
496,628
1,777,752
221,576
240,139

201409061519(201409061519)
205,651
496,672
1,777,752
222,074
240,746

201409061520(201409061520)
205,886
496,672
1,777,752
222,199
240,746

201409061521(201409061521)
206,445
498,517
1,793,492
222,199
241,173

201409061522(201409061522)
206,765
498,517
1,793,492
223,109
241,173

201409061523(201409061523)
206,965
502,954
1,793,492
223,611
241,232

201409061524(201409061524)
206,969
502,954
1,793,492
224,010
242,259

201409061525(201409061525)
207,141
502,954
1,793,492
224,048
242,259

201409061526(201409061526)
207,174
502,954
1,793,492
224,228
242,325

201409061527(201409061527)
207,174
502,954
1,793,492
224,798
242,659

201409061529(201409061529)
207,224
502,962
1,793,492
224,817
242,841

201409061530(201409061530)
207,247
503,339
1,793,492
225,205
243,036

201409061531(201409061531)
207,322
503,339
1,793,492
225,580
243,751

201409061532(201409061532)
207,322
503,339
1,793,492
225,580
244,029

201409061533(201409061533)
208,081
503,339
1,793,492
225,580
244,073

201409061534(201409061534)
208,166
503,339
1,793,492
225,580
244,073

201409061535(201409061535)
208,250
503,339
1,793,492
225,619
244,368

201409061536(201409061536)
209,128
503,339
1,793,492
225,693
244,478

201409061537(201409061537)
209,388
503,698
1,793,492
225,892
245,067

201409061539(201409061539)
209,388
504,451
1,793,492
226,176
245,814

201409061540(201409061540)
209,388
504,451
1,793,492
226,176
245,814

201409061541(201409061541)
209,388
504,451
1,793,492
226,200
245,814

201409061542(201409061542)
210,025
504,451
1,793,492
226,317
246,326

201409061543(201409061543)
210,195
507,551
1,793,492
226,326
247,963

201409061544(201409061544)
210,382
507,551
1,793,492
226,326
247,963

201409061545(201409061545)
211,070
507,551
1,793,492
226,337
247,963

201409061546(201409061546)
211,070
508,195
1,793,492
226,516
247,963

201409061547(201409061547)
211,375
508,472
1,793,492
226,516
247,963

201409061549(201409061549)
211,928
509,242
1,804,082
226,863
248,165

201409061550(201409061550)
212,298
509,242
1,804,082
227,128
248,165

201409061551(201409061551)
212,298
510,767
1,820,697
227,262
248,290

201409061552(201409061552)
212,323
511,218
1,825,705
227,262
248,290

201409061553(201409061553)
212,818
511,233
1,825,705
228,419
248,290

201409061554(201409061554)
212,966
511,233
1,825,705
229,261
248,290

201409061555(201409061555)
213,141
511,338
1,825,705
229,825
248,290

201409061556(201409061556)
213,265
511,338
1,825,705
229,862
248,290

201409061557(201409061557)
213,326
515,362
1,825,705
230,186
248,645

201409061559(201409061559)
213,326
518,265
1,825,705
230,354
248,980

201409061600(201409061600)
213,955
518,505
1,858,607
230,354
249,123

201409061601(201409061601)
214,097
519,205
1,858,607
230,398
249,950

201409061602(201409061602)
214,161
519,205
1,858,607
230,527
249,950

201409061603(201409061603)
214,283
520,534
1,858,607
230,527
250,124

201409061604(201409061604)
214,343
521,594
1,858,607
230,527
250,796

201409061605(201409061605)
214,660
522,109
1,858,607
230,663
250,815

201409061606(201409061606)
214,660
522,967
1,858,607
230,715
251,068

201409061607(201409061607)
215,005
524,682
1,858,607
231,352
251,715

201409061609(201409061609)
215,216
526,857
1,858,607
231,727
251,829

201409061610(201409061610)
215,216
526,857
1,858,607
231,727
251,829

201409061611(201409061611)
215,216
526,857
1,861,306
232,029
252,323

201409061612(201409061612)
215,595
526,857
1,861,306
232,029
252,341

201409061613(201409061613)
215,657
527,198
1,861,306
232,039
252,341

201409061614(201409061614)
215,870
527,198
1,861,306
232,778
252,341

201409061615(201409061615)
215,870
527,711
1,861,306
232,792
252,901

201409061616(201409061616)
215,892
528,048
1,861,306
233,195
254,039

201409061617(201409061617)
216,029
528,620
1,861,306
233,233
254,039

201409061619(201409061619)
216,388
528,620
1,861,306
233,255
254,346

201409061620(201409061620)
216,388
529,626
1,861,306
233,323
254,346

201409061621(201409061621)
216,683
531,765
1,861,306
233,816
254,346

201409061622(201409061622)
216,804
531,818
1,861,306
234,571
254,630

201409061623(201409061623)
216,947
533,603
1,861,306
234,571
254,669

201409061624(201409061624)
217,039
533,742
1,861,306
234,657
256,181

201409061625(201409061625)
217,039
533,742
1,861,306
234,693
256,475

201409061626(201409061626)
217,094
533,742
1,861,306
234,693
256,512

201409061627(201409061627)
217,094
533,967
1,861,306
235,182
256,807

201409061629(201409061629)
218,387
535,173
1,870,293
235,832
258,063

201409061630(201409061630)
218,474
535,173
1,870,293
235,851
258,433

201409061631(201409061631)
218,474
536,014
1,870,293
235,962
258,433

201409061632(201409061632)
218,474
536,250
1,870,293
235,962
258,779

201409061633(201409061633)
218,474
536,839
1,870,293
236,181
260,243

201409061634(201409061634)
218,474
536,839
1,870,293
236,181
260,243

201409061635(201409061635)
218,474
536,839
1,870,293
236,181
260,339

201409061636(201409061636)
218,474
536,839
1,870,293
236,181
260,708

201409061637(201409061637)
218,498
536,839
1,870,293
236,460
260,708

201409061639(201409061639)
218,625
536,839
1,870,293
236,563
260,708

201409061640(201409061640)
218,656
536,839
1,870,293
236,563
260,708

201409061641(201409061641)
219,033
536,839
1,870,293
236,639
260,708

201409061642(201409061642)
219,033
536,839
1,870,293
236,778
260,939

201409061643(201409061643)
219,033
538,410
1,870,293
236,778
261,079

201409061644(201409061644)
219,194
538,551
1,870,293
236,886
261,079

201409061645(201409061645)
219,194
538,742
1,870,293
237,295
261,118

201409061646(201409061646)
219,194
538,742
1,870,293
237,339
261,144

201409061647(201409061647)
219,489
541,749
1,921,310
237,582
261,230

201409061649(201409061649)
220,122
541,749
1,921,310
237,636
261,484

201409061650(201409061650)
220,230
541,749
1,921,310
238,143
261,649

201409061651(201409061651)
220,240
543,053
1,925,239
238,143
262,049

201409061652(201409061652)
220,240
543,053
1,925,291
238,246
262,947

201409061653(201409061653)
220,297
543,053
1,927,464
238,482
263,825

201409061654(201409061654)
220,451
543,053
1,927,464
238,624
263,825

201409061655(201409061655)
220,451
543,053
1,927,464
238,624
263,825

201409061656(201409061656)
220,589
545,281
1,927,464
238,649
263,825

201409061657(201409061657)
221,145
545,281
1,927,464
238,649
263,825

201409061659(201409061659)
222,201
545,407
1,927,464
239,123
264,184

201409061700(201409061700)
222,201
546,115
1,927,464
239,365
264,184

201409061701(201409061701)
222,201
546,115
1,927,464
239,413
264,184

201409061702(201409061702)
222,434
547,469
1,970,511
239,413
264,980

201409061703(201409061703)
222,851
547,469
1,970,511
239,596
264,980

201409061704(201409061704)
222,851
547,469
1,970,511
239,864
265,104

201409061705(201409061705)
223,197
547,469
1,970,511
240,746
266,184

