201409071709(201409071709)
554,883
1,030,105
3,524,750
606,452
657,904

201409071710(201409071710)
554,883
1,030,105
3,524,750
606,452
658,031

201409071711(201409071711)
554,883
1,031,335
3,524,750
606,452
658,160

201409071712(201409071712)
554,883
1,031,335
3,524,750
606,452
658,160

201409071713(201409071713)
554,883
1,031,335
3,524,750
606,452
658,160

201409071714(201409071714)
554,883
1,031,335
3,524,750
606,452
658,160

201409071715(201409071715)
556,331
1,031,335
3,601,851
606,492
658,160

201409071716(201409071716)
556,331
1,034,752
3,601,851
607,186
658,160

201409071717(201409071717)
556,331
1,034,752
3,601,851
607,186
658,923

201409071719(201409071719)
556,331
1,037,038
3,609,471
608,316
658,923

201409071720(201409071720)
556,678
1,037,475
3,629,701
608,316
658,923

201409071721(201409071721)
557,064
1,037,475
3,637,064
609,650
659,418

201409071722(201409071722)
557,125
1,037,475
3,640,712
609,650
659,418

201409071723(201409071723)
557,271
1,039,046
3,640,712
611,187
659,676

201409071724(201409071724)
558,114
1,039,046
3,640,712
611,481
659,862

201409071725(201409071725)
558,114
1,039,046
3,640,712
611,481
659,862

201409071726(201409071726)
560,132
1,039,400
3,640,712
611,918
659,862

201409071727(201409071727)
560,132
1,039,459
3,640,712
611,918
659,862

201409071729(201409071729)
561,092
1,041,695
3,640,712
612,534
659,862

201409071730(201409071730)
563,200
1,041,695
3,640,712
612,534
659,959

201409071731(201409071731)
563,537
1,041,695
3,640,712
612,875
659,959

201409071732(201409071732)
564,820
1,042,758
3,640,712
612,875
660,321

201409071733(201409071733)
564,820
1,042,758
3,643,886
612,922
660,321

201409071734(201409071734)
565,631
1,042,758
3,643,886
613,445
661,049

201409071735(201409071735)
565,631
1,042,758
3,643,886
613,445
661,049

201409071736(201409071736)
565,631
1,042,758
3,643,886
613,445
661,084

201409071737(201409071737)
565,631
1,042,758
3,643,886
613,607
661,493

201409071739(201409071739)
566,257
1,042,758
3,643,886
614,183
661,493

201409071740(201409071740)
566,297
1,042,758
3,643,886
615,371
662,665

201409071741(201409071741)
566,914
1,045,116
3,643,886
615,371
663,332

201409071742(201409071742)
566,914
1,046,289
3,643,886
615,371
663,332

201409071743(201409071743)
566,998
1,046,289
3,643,886
615,371
663,332

201409071744(201409071744)
566,998
1,047,601
3,643,886
615,371
664,019

201409071745(201409071745)
566,998
1,047,871
3,643,886
615,696
664,019

201409071746(201409071746)
566,998
1,049,132
3,643,886
615,768
665,370

201409071747(201409071747)
566,998
1,049,132
3,643,886
615,768
665,370

201409071749(201409071749)
567,105
1,049,132
3,643,886
615,768
665,370

201409071750(201409071750)
567,305
1,049,132
3,643,886
615,818
665,370

201409071751(201409071751)
568,994
1,049,132
3,643,886
616,172
665,486

201409071752(201409071752)
570,278
1,049,132
3,643,886
616,172
666,696

201409071753(201409071753)
570,278
1,049,705
3,643,886
616,404
666,696

201409071754(201409071754)
570,278
1,049,705
3,643,886
616,669
668,407

201409071755(201409071755)
570,278
1,049,705
3,643,886
617,808
670,465

201409071756(201409071756)
571,318
1,049,705
3,643,886
617,808
670,465

201409071757(201409071757)
572,019
1,049,705
3,658,316
617,808
670,465

201409071759(201409071759)
572,019
1,049,705
3,661,369
618,436
670,465

201409071800(201409071800)
572,019
1,050,879
3,685,608
619,387
670,935

201409071801(201409071801)
572,219
1,050,934
3,685,608
619,387
671,064

201409071802(201409071802)
572,741
1,050,934
3,685,608
619,387
671,164

201409071803(201409071803)
572,741
1,050,934
3,685,608
621,852
671,334

201409071804(201409071804)
573,388
1,052,399
3,685,608
621,852
671,645

201409071805(201409071805)
573,517
1,052,399
3,685,608
621,852
673,927

201409071806(201409071806)
575,078
1,052,399
3,685,608
621,852
674,539

201409071807(201409071807)
575,804
1,052,399
3,685,608
621,852
674,539

201409071809(201409071809)
575,804
1,052,399
3,685,608
621,890
674,539

201409071810(201409071810)
578,621
1,053,094
3,685,608
622,243
674,725

201409071811(201409071811)
578,621
1,053,663
3,685,608
622,243
675,135

201409071812(201409071812)
579,744
1,053,663
3,685,608
622,243
675,135

201409071813(201409071813)
579,744
1,053,663
3,685,608
622,243
675,135

201409071814(201409071814)
579,744
1,053,663
3,685,608
622,243
675,135

201409071815(201409071815)
579,744
1,053,663
3,685,608
622,243
675,886

201409071816(201409071816)
579,744
1,053,663
3,685,608
622,243
675,886

201409071817(201409071817)
579,764
1,053,663
3,685,608
622,243
675,943

201409071819(201409071819)
580,699
1,055,035
3,685,608
622,243
675,943

201409071820(201409071820)
582,019
1,055,289
3,691,969
622,243
675,943

201409071821(201409071821)
582,019
1,055,289
3,692,075
622,243
676,386

201409071822(201409071822)
582,019
1,055,289
3,776,292
622,243
676,858

201409071823(201409071823)
582,233
1,055,289
3,776,292
623,366
676,858

201409071824(201409071824)
582,233
1,055,289
3,776,292
623,452
676,858

201409071825(201409071825)
582,233
1,055,289
3,776,292
623,452
676,858

201409071826(201409071826)
582,679
1,055,289
3,776,292
623,452
676,858

201409071827(201409071827)
582,679
1,055,289
3,776,292
623,452
677,396

201409071829(201409071829)
583,045
1,057,555
3,776,292
624,241
677,525

201409071830(201409071830)
583,836
1,057,771
3,776,292
625,427
677,525

201409071831(201409071831)
583,836
1,057,825
3,776,292
625,427
677,525

201409071832(201409071832)
583,880
1,058,702
3,776,292
625,427
677,525

201409071833(201409071833)
584,004
1,058,702
3,776,292
625,427
677,525

201409071834(201409071834)
584,004
1,058,702
3,776,292
625,977
677,525

201409071835(201409071835)
584,524
1,058,702
3,776,292
626,228
677,525

201409071836(201409071836)
585,949
1,058,702
3,776,292
626,228
677,525

201409071837(201409071837)
586,114
1,058,702
3,776,292
626,692
677,525

201409071839(201409071839)
586,114
1,058,702
3,776,292
627,284
677,698

201409071840(201409071840)
586,188
1,058,702
3,779,447
627,658
679,435

201409071841(201409071841)
586,198
1,058,702
3,779,447
628,895
679,752

201409071842(201409071842)
586,966
1,058,702
3,779,447
628,895
679,752

201409071843(201409071843)
586,966
1,060,923
3,779,447
628,895
680,557

201409071844(201409071844)
586,966
1,060,923
3,779,447
628,895
681,464

201409071845(201409071845)
586,966
1,063,393
3,779,447
628,895
681,464

201409071846(201409071846)
587,146
1,063,393
3,779,447
628,895
681,464

201409071847(201409071847)
587,146
1,063,393
3,779,447
628,895
681,464

201409071849(201409071849)
587,146
1,063,393
3,825,770
628,895
681,527

201409071850(201409071850)
587,146
1,064,045
3,825,770
628,895
681,527

201409071851(201409071851)
587,146
1,066,575
3,825,770
628,895
681,527

201409071852(201409071852)
587,869
1,066,575
3,825,770
628,895
681,527

201409071853(201409071853)
588,800
1,066,575
3,825,770
628,895
681,527

201409071854(201409071854)
588,985
1,066,575
3,825,770
628,895
681,527

201409071855(201409071855)
588,985
1,066,575
3,825,770
629,019
682,536

201409071856(201409071856)
588,985
1,067,412
3,825,770
629,758
683,210

201409071857(201409071857)
588,985
1,068,445
3,825,770
629,758
683,210

201409071859(201409071859)
588,985
1,068,445
3,825,770
629,758
683,344

201409071900(201409071900)
588,985
1,068,445
3,825,770
629,758
683,344

201409071901(201409071901)
588,985
1,068,445
3,825,770
629,758
683,344

201409071902(201409071902)
588,985
1,068,445
3,830,108
630,137
684,017

201409071903(201409071903)
588,985
1,068,445
3,832,936
630,137
685,094

201409071904(201409071904)
588,985
1,068,445
3,836,190
630,137
685,094

201409071905(201409071905)
588,985
1,068,445
3,836,313
630,137
685,094

201409071906(201409071906)
589,218
1,068,445
3,836,313
630,137
685,094

201409071907(201409071907)
589,950
1,068,445
3,836,313
630,137
685,094

201409071909(201409071909)
590,638
1,068,445
3,836,313
630,220
688,172

201409071910(201409071910)
590,638
1,068,445
3,836,313
631,356
688,249

201409071911(201409071911)
591,396
1,068,445
3,836,313
631,831
688,249

201409071912(201409071912)
591,396
1,073,154
3,836,313
631,831
688,249

201409071913(201409071913)
591,396
1,073,154
3,836,313
631,831
689,350

201409071914(201409071914)
591,396
1,073,154
3,836,313
631,831
689,350

201409071915(201409071915)
591,396
1,073,154
3,836,313
631,831
689,350

201409071916(201409071916)
591,396
1,073,154
3,836,313
631,831
689,350

201409071917(201409071917)
591,396
1,073,154
3,836,313
631,831
689,350

201409071919(201409071919)
591,396
1,073,154
3,836,313
631,831
689,350

201409071920(201409071920)
591,974
1,073,154
3,836,313
631,883
689,350

201409071921(201409071921)
592,925
1,073,154
3,836,313
634,214
690,746

201409071922(201409071922)
592,925
1,073,154
3,836,313
634,214
690,746

201409071923(201409071923)
592,925
1,073,154
3,842,497
635,265
690,746

201409071924(201409071924)
593,304
1,073,154
3,842,497
636,051
690,746

201409071925(201409071925)
593,304
1,073,154
3,842,497
636,612
690,746

201409071926(201409071926)
593,304
1,073,154
3,842,497
637,296
690,746

201409071927(201409071927)
593,422
1,073,154
3,842,497
637,333
692,552

201409071929(201409071929)
594,104
1,073,154
3,842,497
637,525
692,552

201409071930(201409071930)
594,104
1,073,154
3,842,497
637,905
692,552

201409071931(201409071931)
594,104
1,073,154
3,842,497
638,070
693,013

201409071932(201409071932)
594,104
1,073,154
3,842,497
638,258
693,013

201409071933(201409071933)
594,162
1,075,681
3,842,497
639,873
693,265

201409071934(201409071934)
594,291
1,075,681
3,842,497
639,889
693,271

201409071935(201409071935)
594,313
1,075,681
3,842,497
639,889
693,856

201409071936(201409071936)
594,596
1,075,681
3,842,497
639,889
693,856

201409071937(201409071937)
594,596
1,075,681
3,842,497
641,201
693,856

201409071939(201409071939)
595,317
1,076,409
3,842,497
643,679
694,346

201409071940(201409071940)
595,317
1,076,409
3,842,497
643,679
694,729

201409071941(201409071941)
596,074
1,076,409
3,842,497
645,145
694,985

201409071942(201409071942)
597,374
1,076,409
3,842,497
645,145
695,471

201409071943(201409071943)
597,374
1,076,409
3,842,497
645,145
695,471

201409071944(201409071944)
597,374
1,076,409
3,842,497
645,145
695,471

201409071945(201409071945)
597,374
1,076,409
3,842,497
645,145
695,471

201409071946(201409071946)
597,374
1,076,462
3,842,497
645,871
695,471

201409071947(201409071947)
598,144
1,076,585
3,842,497
646,353
696,260

201409071949(201409071949)
598,203
1,076,585
3,842,497
646,353
696,260

201409071950(201409071950)
598,203
1,076,585
3,842,497
646,353
696,260

201409071951(201409071951)
599,139
1,076,585
3,842,497
646,555
696,260

201409071952(201409071952)
601,110
1,076,585
3,842,497
647,635
696,987

201409071953(201409071953)
601,110
1,079,138
3,842,497
647,809
696,987

201409071954(201409071954)
601,110
1,080,243
3,842,497
647,825
696,987

201409071955(201409071955)
601,113
1,080,243
3,842,497
647,825
696,998

201409071956(201409071956)
601,113
1,080,243
3,842,497
647,951
697,423

201409071957(201409071957)
601,113
1,080,243
3,842,497
647,951
697,423

201409071959(201409071959)
601,936
1,080,243
3,842,497
648,076
697,423

201409072000(201409072000)
601,936
1,080,243
3,842,497
648,076
697,423

201409072001(201409072001)
601,936
1,080,243
3,842,497
648,076
697,423

201409072002(201409072002)
601,936
1,080,243
3,842,497
648,076
697,423

201409072003(201409072003)
601,936
1,080,243
3,842,497
649,001
697,469

201409072004(201409072004)
602,735
1,080,243
3,842,497
649,001
697,469

201409072005(201409072005)
602,735
1,080,243
3,842,497
649,001
697,469

201409072006(201409072006)
602,735
1,086,265
3,842,497
651,040
697,469

201409072007(201409072007)
602,752
1,086,265
3,842,497
651,040
697,469

201409072009(201409072009)
603,605
1,086,265
3,842,497
651,040
697,983

201409072010(201409072010)
603,605
1,086,265
3,842,497
651,084
698,254

201409072011(201409072011)
603,605
1,089,198
3,851,579
651,361
698,254

201409072012(201409072012)
603,800
1,089,198
3,851,579
651,361
698,254

201409072013(201409072013)
603,800
1,089,198
3,851,579
651,361
698,373

201409072014(201409072014)
603,800
1,089,198
3,867,968
652,779
698,373

201409072015(201409072015)
603,800
1,089,198
3,867,968
652,779
698,373

201409072016(201409072016)
603,800
1,089,198
3,867,968
652,779
698,506

201409072017(201409072017)
604,120
1,089,198
3,867,968
652,779
698,506

201409072019(201409072019)
604,132
1,090,812
3,867,968
653,098
698,506

201409072020(201409072020)
604,232
1,090,812
3,867,968
653,399
698,957

201409072021(201409072021)
604,232
1,090,812
3,867,968
653,426
698,957

201409072022(201409072022)
604,232
1,090,812
3,867,968
653,426
699,620

201409072023(201409072023)
604,298
1,090,812
3,909,359
653,426
699,620

201409072024(201409072024)
605,434
1,090,812
3,912,011
653,529
699,675

201409072025(201409072025)
605,434
1,090,812
3,946,010
653,529
699,936

201409072026(201409072026)
606,331
1,090,812
3,971,353
654,956
700,005

201409072027(201409072027)
606,663
1,090,812
3,971,353
654,956
700,106

201409072029(201409072029)
608,381
1,090,812
3,971,353
654,956
700,169

201409072030(201409072030)
608,381
1,090,812
3,971,353
655,981
700,316

201409072031(201409072031)
609,373
1,090,812
3,979,913
655,981
700,976

201409072032(201409072032)
609,744
1,090,812
3,996,305
656,072
700,976

201409072033(201409072033)
609,744
1,091,159
3,999,208
656,072
700,976

201409072034(201409072034)
609,744
1,092,931
4,008,697
656,072
700,976

201409072035(201409072035)
609,744
1,094,659
4,008,697
656,976
701,043

201409072036(201409072036)
609,744
1,094,659
4,008,697
657,056
701,043

201409072037(201409072037)
609,746
1,094,659
4,008,697
657,056
702,028

201409072039(201409072039)
610,516
1,097,138
4,008,697
657,123
702,204

201409072040(201409072040)
610,516
1,097,138
4,008,697
657,148
702,718

201409072041(201409072041)
611,119
1,097,138
4,008,697
657,148
702,953

201409072042(201409072042)
611,918
1,097,138
4,008,697
657,397
702,953

201409072043(201409072043)
611,922
1,097,739
4,008,697
658,031
704,445

201409072044(201409072044)
612,740
1,097,739
4,032,488
658,826
704,898

201409072045(201409072045)
612,740
1,097,739
4,032,488
659,451
704,898

201409072046(201409072046)
612,740
1,097,739
4,032,488
659,661
705,131

201409072047(201409072047)
612,740
1,097,739
4,032,488
659,661
705,222

201409072049(201409072049)
613,066
1,097,739
4,032,488
660,420
706,451

201409072050(201409072050)
613,066
1,097,739
4,032,488
661,296
706,457

201409072051(201409072051)
613,607
1,099,019
4,032,488
662,083
707,299

201409072052(201409072052)
613,990
1,099,019
4,032,488
663,638
707,299

201409072053(201409072053)
614,561
1,099,019
4,032,488
663,789
707,962

201409072054(201409072054)
614,805
1,099,019
4,032,488
664,736
709,049

201409072055(201409072055)
614,805
1,099,019
4,032,488
665,176
709,692

201409072056(201409072056)
615,054
1,099,019
4,032,488
665,370
709,692

201409072057(201409072057)
615,054
1,099,019
4,032,488
665,370
709,692

201409072059(201409072059)
615,371
1,099,019
4,047,526
666,007
710,107

201409072100(201409072100)
615,371
1,099,019
4,047,526
666,007
710,107

201409072101(201409072101)
615,371
1,099,019
4,047,526
666,007
710,847

201409072102(201409072102)
616,522
1,099,019
4,047,526
666,222
711,003

201409072103(201409072103)
616,522
1,101,198
4,047,526
666,696
711,242

201409072104(201409072104)
616,704
1,101,198
4,047,526
669,436
712,647

201409072105(201409072105)
616,704
1,101,198
4,047,526
670,279
712,647

201409072106(201409072106)
616,704
1,101,198
4,047,526
670,279
712,647

201409072107(201409072107)
617,065
1,101,198
4,047,526
670,279
713,597

201409072109(201409072109)
617,808
1,101,198
4,047,526
671,429
713,597

201409072110(201409072110)
618,435
1,101,198
4,047,526
671,735
714,209

201409072111(201409072111)
618,793
1,101,198
4,047,526
672,847
715,103

201409072112(201409072112)
618,793
1,101,198
4,047,526
673,097
715,103

201409072113(201409072113)
618,793
1,101,198
4,047,526
673,106
715,103

201409072114(201409072114)
618,793
1,103,148
4,047,526
673,106
715,103

201409072115(201409072115)
618,793
1,103,148
4,047,526
673,106
715,103

201409072116(201409072116)
618,971
1,103,454
4,047,526
673,132
715,198

201409072117(201409072117)
618,971
1,103,509
4,047,526
673,132
716,406

201409072119(201409072119)
619,192
1,103,658
4,047,526
673,132
716,544

201409072120(201409072120)
621,019
1,103,658
4,047,526
673,358
716,544

201409072121(201409072121)
621,161
1,107,491
4,047,526
673,358
716,544

201409072122(201409072122)
621,161
1,108,571
4,047,526
673,358
716,601

201409072123(201409072123)
621,161
1,108,963
4,047,526
673,358
716,601

201409072124(201409072124)
621,161
1,109,429
4,047,526
673,358
716,601

201409072125(201409072125)
621,161
1,109,429
4,047,526
673,358
717,267

201409072126(201409072126)
621,783
1,110,839
4,047,526
673,768
717,374

201409072127(201409072127)
621,890
1,110,839
4,047,526
673,768
718,518

201409072129(201409072129)
622,049
1,112,760
4,047,526
675,135
718,518

201409072130(201409072130)
622,243
1,112,760
4,061,441
675,399
718,518

201409072131(201409072131)
622,243
1,112,760
4,061,807
675,650
718,518

201409072132(201409072132)
623,414
1,112,760
4,061,807
677,023
718,792

201409072133(201409072133)
624,524
1,112,760
4,061,807
677,834
718,881

201409072134(201409072134)
624,524
1,112,760
4,061,807
678,297
718,881

201409072135(201409072135)
624,524
1,112,760
4,061,807
678,297
718,939

201409072136(201409072136)
624,800
1,112,760
4,061,807
678,848
719,371

201409072137(201409072137)
626,794
1,112,760
4,061,807
679,412
721,210

201409072139(201409072139)
626,794
1,112,760
4,061,807
679,435
722,687

201409072140(201409072140)
627,324
1,112,760
4,061,807
679,752
722,687

201409072141(201409072141)
627,379
1,115,865
4,061,807
679,752
722,840

201409072142(201409072142)
627,379
1,115,865
4,061,807
679,752
722,840

201409072143(201409072143)
627,751
1,115,865
4,061,807
679,752
722,979

201409072144(201409072144)
627,751
1,115,865
4,061,807
679,752
722,979

201409072145(201409072145)
627,751
1,115,865
4,061,807
679,752
722,979

201409072146(201409072146)
628,271
1,115,865
4,061,807
680,427
722,979

201409072147(201409072147)
628,271
1,115,865
4,061,807
680,427
722,979

201409072149(201409072149)
628,271
1,115,865
4,061,807
680,530
722,979

201409072150(201409072150)
628,507
1,120,290
4,061,807
680,530
722,979

201409072151(201409072151)
628,719
1,122,558
4,061,807
680,530
723,877

201409072152(201409072152)
629,233
1,126,656
4,061,807
680,530
724,217

201409072153(201409072153)
629,233
1,126,656
4,061,807
680,596
724,562

201409072154(201409072154)
630,137
1,126,656
4,061,807
680,596
724,618

201409072155(201409072155)
630,137
1,126,656
4,061,807
680,729
725,159

201409072156(201409072156)
630,810
1,126,656
4,061,807
680,729
725,801

201409072157(201409072157)
630,810
1,129,191
4,061,807
681,527
725,801

201409072159(201409072159)
631,831
1,129,191
4,061,807
681,527
726,268

201409072200(201409072200)
631,831
1,129,191
4,061,807
681,615
726,268

201409072201(201409072201)
632,071
1,129,191
4,061,807
681,615
727,125

201409072202(201409072202)
632,324
1,130,596
4,061,807
681,615
727,179

201409072203(201409072203)
632,324
1,130,596
4,061,807
681,615
729,129

201409072204(201409072204)
633,431
1,131,539
4,061,807
681,615
729,129

201409072205(201409072205)
633,431
1,131,539
4,061,807
681,615
729,129

201409072206(201409072206)
633,431
1,132,628
4,061,807
681,615
729,129

201409072207(201409072207)
633,431
1,132,878
4,084,265
681,615
729,129

201409072209(201409072209)
634,214
1,142,301
4,084,535
681,985
729,805

201409072210(201409072210)
634,214
1,145,836
4,084,535
682,140
730,183

201409072211(201409072211)
634,214
1,145,875
4,084,535
682,140
730,216

201409072212(201409072212)
634,214
1,146,414
4,084,535
682,140
730,478

201409072213(201409072213)
635,043
1,146,414
4,084,535
682,140
730,478

201409072214(201409072214)
635,099
1,146,774
4,084,535
683,080
730,478

201409072215(201409072215)
635,472
1,150,209
4,092,099
684,374
730,478

201409072216(201409072216)
635,472
1,151,751
4,092,099
684,374
730,478

201409072217(201409072217)
635,879
1,151,751
4,092,099
684,686
730,779

201409072219(201409072219)
635,879
1,154,705
4,098,993
684,686
730,779

201409072220(201409072220)
635,879
1,155,059
4,098,993
685,429
731,095

201409072221(201409072221)
635,892
1,155,354
4,098,993
685,429
731,095

201409072222(201409072222)
635,974
1,158,987
4,098,993
686,286
731,095

201409072223(201409072223)
637,296
1,158,987
4,098,993
686,286
731,095

201409072224(201409072224)
637,296
1,158,987
4,098,993
686,286
731,095

201409072225(201409072225)
637,313
1,161,839
4,098,993
686,286
731,132

201409072226(201409072226)
638,437
1,161,839
4,098,993
687,475
732,254

201409072227(201409072227)
638,437
1,161,839
4,098,993
687,475
732,346

201409072229(201409072229)
638,590
1,161,839
4,098,993
688,981
733,800

201409072230(201409072230)
640,032
1,161,839
4,098,993
688,981
733,800

201409072231(201409072231)
641,129
1,161,839
4,098,993
688,988
734,191

201409072232(201409072232)
642,772
1,161,839
4,098,993
688,988
734,191

201409072233(201409072233)
642,857
1,163,905
4,098,993
688,988
734,191

201409072234(201409072234)
642,857
1,166,736
4,098,993
689,276
735,339

201409072235(201409072235)
642,857
1,166,736
4,098,993
689,276
735,486

201409072236(201409072236)
644,132
1,166,865
4,098,993
689,276
735,486

201409072237(201409072237)
644,319
1,167,500
4,098,993
689,276
735,486

201409072239(201409072239)
645,430
1,167,500
4,098,993
689,667
735,486

201409072240(201409072240)
645,830
1,167,500
4,098,993
690,746
736,501

201409072241(201409072241)
645,830
1,167,500
4,098,993
690,746
736,501

201409072242(201409072242)
647,119
1,167,500
4,098,993
690,896
737,769

201409072243(201409072243)
648,076
1,167,500
4,098,993
691,151
738,248

201409072244(201409072244)
648,302
1,167,500
4,103,278
691,151
738,248

201409072245(201409072245)
648,302
1,167,500
4,104,169
691,151
739,238

201409072246(201409072246)
648,302
1,167,500
4,105,085
691,151
739,628

201409072247(201409072247)
648,302
1,167,785
4,105,085
693,359
739,830

201409072249(201409072249)
648,428
1,167,785
4,107,865
694,163
740,024

201409072250(201409072250)
649,001
1,167,785
4,107,971
694,346
741,416

201409072251(201409072251)
649,138
1,172,048
4,108,077
694,346
741,416

201409072252(201409072252)
649,138
1,172,048
4,110,751
694,346
741,416

201409072253(201409072253)
649,682
1,172,048
4,113,481
694,346
741,416

201409072254(201409072254)
650,918
1,172,048
4,113,534
694,346
741,416

201409072255(201409072255)
651,361
1,172,048
4,113,640
694,703
743,546

201409072256(201409072256)
651,546
1,172,048
4,115,202
694,703
743,546

201409072257(201409072257)
651,546
1,172,048
4,115,443
694,703
743,546

201409072259(201409072259)
652,118
1,172,158
4,115,443
694,703
743,805

201409072300(201409072300)
652,981
1,172,158
4,115,443
694,703
743,805

201409072301(201409072301)
653,260
1,172,158
4,115,443
695,058
743,805

201409072302(201409072302)
653,260
1,172,158
4,115,443
695,736
743,805

201409072303(201409072303)
653,529
1,172,158
4,115,443
697,037
743,823

201409072304(201409072304)
653,529
1,172,158
4,115,443
698,033
743,823

201409072305(201409072305)
653,529
1,173,086
4,115,443
698,033
743,823

201409072306(201409072306)
653,738
1,173,309
4,115,443
698,266
743,823

201409072307(201409072307)
654,208
1,173,309
4,115,443
698,506
744,029

201409072309(201409072309)
655,787
1,179,315
4,115,443
698,506
744,340

201409072310(201409072310)
655,787
1,179,315
4,115,443
698,813
746,614

201409072311(201409072311)
656,285
1,183,018
4,115,443
699,166
746,614

201409072312(201409072312)
656,285
1,183,018
4,115,443
699,166
746,855

201409072313(201409072313)
656,496
1,183,018
4,115,443
699,500
746,855

201409072314(201409072314)
656,624
1,183,018
4,115,443
699,796
746,855

201409072315(201409072315)
656,677
1,183,354
4,115,443
700,976
746,855

201409072316(201409072316)
657,260
1,183,354
4,115,443
701,404
746,855

201409072317(201409072317)
657,921
1,186,062
4,115,443
702,028
746,855

201409072319(201409072319)
658,160
1,187,279
4,115,443
702,028
746,855

201409072320(201409072320)
658,160
1,187,515
4,120,647
702,326
746,855

201409072321(201409072321)
658,160
1,187,724
4,120,647
702,326
746,855

201409072322(201409072322)
659,451
1,187,724
4,120,647
702,839
748,748

201409072323(201409072323)
659,451
1,187,724
4,120,647
702,839
748,748

201409072324(201409072324)
659,661
1,187,724
4,120,647
704,549
749,468

201409072325(201409072325)
659,661
1,187,810
4,120,647
704,651
749,468

201409072326(201409072326)
659,661
1,189,337
4,120,647
704,828
749,668

201409072327(201409072327)
659,862
1,191,116
4,120,792
705,186
749,668

201409072329(201409072329)
659,862
1,191,116
4,129,559
706,781
749,920

201409072330(201409072330)
659,862
1,191,116
4,129,769
706,781
750,588

201409072331(201409072331)
659,862
1,191,116
4,129,979
706,781
751,059

201409072332(201409072332)
659,935
1,191,116
4,134,540
707,235
751,249

201409072333(201409072333)
659,935
1,191,116
4,135,100
707,235
752,316

201409072334(201409072334)
659,935
1,191,116
4,135,100
707,235
752,316

201409072335(201409072335)
659,935
1,191,116
4,135,100
707,235
752,316

201409072336(201409072336)
661,049
1,195,744
4,143,278
707,253
752,316

201409072337(201409072337)
661,049
1,195,744
4,143,278
707,253
753,018

201409072339(201409072339)
661,129
1,196,222
4,184,094
707,422
753,687

201409072340(201409072340)
661,129
1,197,042
4,190,718
707,422
753,687

201409072341(201409072341)
661,129
1,197,042
4,200,011
707,962
753,687

201409072342(201409072342)
661,234
1,197,937
4,200,123
708,347
753,687

201409072343(201409072343)
661,493
1,197,937
4,200,123
708,347
753,687

201409072344(201409072344)
662,617
1,197,937
4,200,123
708,347
753,687

201409072345(201409072345)
662,861
1,199,650
4,200,123
708,683
753,687

201409072346(201409072346)
663,208
1,201,971
4,200,123
709,472
753,916

201409072347(201409072347)
663,220
1,201,971
4,209,232
709,472
753,916

201409072349(201409072349)
665,192
1,201,971
4,209,232
710,025
754,327

201409072350(201409072350)
665,192
1,202,808
4,209,232
710,025
754,327

201409072351(201409072351)
666,650
1,202,808
4,209,232
710,025
754,327

201409072352(201409072352)
666,678
1,202,808
4,209,232
710,107
755,422

201409072353(201409072353)
666,678
1,202,808
4,209,232
710,107
755,422

201409072354(201409072354)
666,678
1,202,808
4,209,232
710,268
755,679

201409072355(201409072355)
666,678
1,204,500
4,209,232
710,268
756,336

201409072356(201409072356)
666,696
1,204,500
4,209,232
711,784
756,470

201409072357(201409072357)
666,926
1,205,268
4,209,232
711,794
756,470

201409072359(201409072359)
668,797
1,205,887
4,221,206
712,760
757,304

201409080000(201409080000)
668,797
1,205,887
4,221,206
712,760
757,344

201409080001(201409080001)
668,797
1,205,887
4,221,206
712,870
757,389

201409080002(201409080002)
668,797
1,205,887
4,221,206
712,870
757,389

201409080003(201409080003)
669,689
1,205,887
4,221,206
714,141
757,655

201409080004(201409080004)
669,750
1,205,887
4,221,206
714,209
757,655

201409080005(201409080005)
669,919
1,205,887
4,221,206
714,209
757,863

201409080006(201409080006)
670,244
1,205,887
4,221,206
714,209
758,800

201409080007(201409080007)
670,244
1,205,887
4,221,206
714,209
758,800

201409080009(201409080009)
670,244
1,205,891
4,223,953
715,009
759,084

201409080010(201409080010)
671,218
1,207,212
4,231,487
715,978
759,259

201409080011(201409080011)
671,218
1,207,212
4,233,127
715,978
760,981

201409080012(201409080012)
671,218
1,207,212
4,233,127
715,978
760,981

201409080013(201409080013)
671,218
1,208,864
4,233,127
715,978
761,810

201409080014(201409080014)
671,218
1,210,822
4,233,127
715,978
762,246

201409080015(201409080015)
671,218
1,211,131
4,233,127
716,601
762,246

201409080016(201409080016)
671,218
1,213,170
4,233,127
716,601
762,246

201409080017(201409080017)
671,218
1,213,170
4,233,127
716,601
762,246

201409080019(201409080019)
673,358
1,213,170
4,233,127
718,792
762,642

201409080020(201409080020)
673,554
1,213,170
4,233,127
718,792
762,642

201409080021(201409080021)
673,576
1,213,170
4,233,127
718,998
762,642

201409080022(201409080022)
673,576
1,214,238
4,233,127
718,998
762,895

201409080023(201409080023)
673,924
1,214,238
4,233,127
718,998
762,895

201409080024(201409080024)
673,924
1,214,238
4,233,127
718,998
763,358

201409080025(201409080025)
674,606
1,214,832
4,233,127
718,998
763,358

201409080026(201409080026)
674,606
1,214,832
4,233,127
718,998
763,358

201409080027(201409080027)
674,606
1,215,760
4,233,127
718,998
763,358

201409080029(201409080029)
674,606
1,216,087
4,248,169
719,353
763,358

201409080030(201409080030)
674,606
1,216,087
4,248,169
719,353
763,358

201409080031(201409080031)
675,189
1,219,627
4,248,169
719,353
763,432

201409080032(201409080032)
675,189
1,220,989
4,248,169
719,353
763,432

201409080033(201409080033)
675,189
1,220,989
4,248,169
719,353
763,544

201409080034(201409080034)
675,189
1,221,654
4,254,425
719,353
763,819

201409080035(201409080035)
675,666
1,221,654
4,254,425
719,353
764,231

201409080036(201409080036)
675,741
1,221,654
4,254,425
719,353
764,231

201409080037(201409080037)
675,741
1,221,654
4,262,792
719,353
764,231

201409080039(201409080039)
676,606
1,221,654
4,262,792
719,939
764,231

201409080040(201409080040)
676,606
1,223,444
4,262,792
719,939
764,231

201409080041(201409080041)
676,606
1,223,977
4,262,792
719,939
764,231

201409080042(201409080042)
676,606
1,224,272
4,262,792
720,579
764,231

201409080043(201409080043)
676,841
1,224,482
4,262,792
720,990
764,231

201409080044(201409080044)
676,841
1,224,948
4,262,792
720,990
764,231

201409080045(201409080045)
677,429
1,228,214
4,262,792
720,990
764,231

201409080046(201409080046)
677,429
1,231,319
4,262,792
720,990
764,231

201409080047(201409080047)
677,429
1,231,751
4,262,792
721,523
764,231

201409080049(201409080049)
679,412
1,235,293
4,262,792
722,230
766,050

201409080050(201409080050)
679,412
1,235,551
4,262,792
722,230
766,050

201409080051(201409080051)
679,412
1,235,551
4,262,792
722,230
766,054

201409080052(201409080052)
679,412
1,235,551
4,262,792
722,230
766,054

201409080053(201409080053)
679,435
1,235,551
4,262,792
722,230
766,054

201409080054(201409080054)
679,435
1,235,551
4,262,792
722,258
766,054

201409080055(201409080055)
679,435
1,235,551
4,262,792
722,258
766,117

201409080056(201409080056)
679,435
1,235,551
4,262,792
722,258
766,117

201409080057(201409080057)
679,435
1,235,551
4,262,792
722,258
766,117

201409080059(201409080059)
679,445
1,235,551
4,262,792
722,687
767,796

201409080100(201409080100)
679,445
1,235,551
4,262,792
722,687
767,796

201409080101(201409080101)
679,445
1,235,551
4,262,792
722,687
768,032

201409080102(201409080102)
679,445
1,236,727
4,262,792
722,687
768,032

201409080103(201409080103)
680,995
1,236,727
4,262,792
722,687
768,032

201409080104(201409080104)
681,579
1,236,986
4,262,792
722,687
768,230

201409080105(201409080105)
681,579
1,238,465
4,262,792
722,687
768,499

201409080106(201409080106)
681,579
1,238,465
4,262,792
722,687
769,561

201409080107(201409080107)
681,579
1,238,465
4,262,792
722,687
769,561

201409080109(201409080109)
681,579
1,238,465
4,262,792
722,687
769,561

201409080110(201409080110)
681,579
1,238,465
4,262,792
722,687
769,561

201409080111(201409080111)
681,579
1,238,465
4,262,792
723,147
769,561

201409080112(201409080112)
681,579
1,238,465
4,262,792
723,147
769,561

201409080113(201409080113)
681,615
1,238,465
4,262,792
723,147
769,561

201409080114(201409080114)
681,615
1,238,465
4,280,051
723,147
769,561

201409080115(201409080115)
681,615
1,239,077
4,280,411
723,147
769,561

201409080116(201409080116)
682,051
1,239,413
4,280,651
724,097
769,567

201409080117(201409080117)
682,477
1,243,851
4,284,170
724,097
769,887

201409080119(201409080119)
683,069
1,243,851
4,288,887
724,217
769,887

201409080120(201409080120)
683,069
1,243,851
4,288,887
724,217
769,887

201409080121(201409080121)
683,069
1,243,851
4,288,887
724,217
770,039

201409080122(201409080122)
683,069
1,243,851
4,288,887
724,217
770,039

201409080123(201409080123)
683,069
1,244,589
4,288,887
724,247
770,039

201409080124(201409080124)
683,069
1,244,589
4,288,887
724,247
770,039

201409080125(201409080125)
683,069
1,244,589
4,288,887
724,247
770,039

201409080126(201409080126)
683,512
1,244,968
4,288,887
724,247
770,450

201409080127(201409080127)
683,512
1,245,237
4,288,887
724,247
770,450

201409080129(201409080129)
683,872
1,248,463
4,288,887
724,247
770,634

201409080130(201409080130)
683,927
1,248,463
4,288,887
724,247
770,634

201409080131(201409080131)
684,119
1,248,463
4,288,887
724,247
770,634

201409080132(201409080132)
684,320
1,248,463
4,288,887
724,247
770,634

201409080133(201409080133)
684,320
1,248,463
4,288,887
724,247
770,634

201409080134(201409080134)
684,320
1,248,463
4,288,887
724,247
770,785

201409080135(201409080135)
684,320
1,250,442
4,288,887
724,247
770,785

201409080136(201409080136)
684,320
1,250,442
4,288,887
724,247
770,785

201409080137(201409080137)
684,320
1,250,442
4,288,887
724,247
770,785

201409080139(201409080139)
684,320
1,250,442
4,288,887
724,247
770,785

201409080140(201409080140)
684,320
1,250,442
4,288,887
724,247
770,785

201409080141(201409080141)
684,320
1,250,442
4,288,887
724,247
770,785

201409080142(201409080142)
684,374
1,250,442
4,288,887
724,247
770,785

201409080143(201409080143)
684,374
1,250,442
4,288,887
724,247
770,785

201409080144(201409080144)
685,029
1,250,442
4,288,887
726,069
770,801

201409080145(201409080145)
685,029
1,250,442
4,288,887
726,069
772,648

201409080146(201409080146)
685,474
1,250,442
4,288,887
726,069
772,648

201409080147(201409080147)
685,474
1,250,442
4,288,887
726,069
773,172

201409080149(201409080149)
687,481
1,250,442
4,288,887
726,069
774,024

201409080150(201409080150)
687,769
1,250,442
4,288,887
726,319
774,024

201409080151(201409080151)
687,944
1,250,442
4,288,887
726,319
774,024

201409080152(201409080152)
687,944
1,251,870
4,288,887
726,341
774,024

201409080153(201409080153)
688,279
1,251,870
4,288,887
726,341
774,024

201409080154(201409080154)
688,700
1,251,870
4,288,887
727,638
774,137

201409080155(201409080155)
688,982
1,251,870
4,288,887
727,638
774,137

201409080156(201409080156)
688,982
1,251,870
4,288,887
727,747
774,137

201409080157(201409080157)
688,982
1,261,907
4,288,887
727,747
774,137

201409080159(201409080159)
688,982
1,261,907
4,288,887
727,747
774,137

201409080200(201409080200)
688,988
1,261,907
4,288,887
727,747
774,137

201409080201(201409080201)
689,134
1,261,907
4,288,887
727,747
774,137

201409080202(201409080202)
689,134
1,261,907
4,288,887
728,150
774,137

201409080203(201409080203)
689,134
1,263,465
4,288,887
728,150
774,137

201409080204(201409080204)
689,134
1,263,465
4,288,887
728,150
774,137

201409080205(201409080205)
689,134
1,263,465
4,288,887
728,150
774,137

201409080206(201409080206)
689,134
1,263,477
4,288,887
728,150
774,137

201409080207(201409080207)
689,134
1,263,477
4,288,887
728,150
774,137

201409080209(201409080209)
689,220
1,263,477
4,288,887
728,150
774,137

201409080210(201409080210)
689,220
1,263,477
4,288,887
728,150
774,137

201409080211(201409080211)
689,220
1,263,477
4,288,887
728,150
774,137

201409080212(201409080212)
689,220
1,263,477
4,288,887
728,150
774,137

201409080213(201409080213)
689,220
1,263,477
4,288,887
728,150
774,137

201409080214(201409080214)
689,220
1,263,477
4,288,887
728,150
774,137

201409080215(201409080215)
689,220
1,263,477
4,288,887
728,150
774,137

201409080216(201409080216)
689,220
1,263,477
4,288,887
728,150
774,137

201409080217(201409080217)
689,220
1,263,477
4,330,143
728,150
774,137

201409080219(201409080219)
689,276
1,263,477
4,330,143
728,150
774,137

201409080220(201409080220)
689,276
1,263,477
4,330,143
728,150
774,137

201409080221(201409080221)
689,276
1,263,477
4,330,143
728,150
774,137

201409080222(201409080222)
689,991
1,263,477
4,330,143
728,382
774,137

201409080223(201409080223)
689,991
1,263,477
4,330,143
728,741
774,137

201409080224(201409080224)
689,991
1,263,477
4,330,143
728,803
774,137

201409080225(201409080225)
689,991
1,263,477
4,330,143
729,129
774,137

201409080226(201409080226)
689,991
1,263,477
4,330,143
729,129
774,137

201409080227(201409080227)
689,991
1,263,477
4,330,143
729,269
774,137

201409080229(201409080229)
690,738
1,263,477
4,330,143
729,591
774,137

201409080230(201409080230)
690,738
1,263,477
4,330,143
729,591
774,137

201409080231(201409080231)
690,738
1,263,477
4,330,143
729,591
774,137

201409080232(201409080232)
690,825
1,263,477
4,330,143
729,591
774,137

201409080233(201409080233)
690,825
1,263,477
4,330,143
729,591
774,137

201409080234(201409080234)
690,825
1,263,998
4,330,143
729,591
774,137

201409080235(201409080235)
690,825
1,263,998
4,330,143
729,591
774,137

201409080236(201409080236)
690,825
1,263,998
4,330,143
729,591
774,137

201409080237(201409080237)
690,896
1,263,998
4,330,143
730,050
774,137

201409080239(201409080239)
691,151
1,263,998
4,330,143
730,050
774,438

201409080240(201409080240)
691,151
1,263,998
4,330,143
730,050
774,813

201409080241(201409080241)
691,151
1,263,998
4,330,143
730,050
774,813

201409080242(201409080242)
691,151
1,267,315
4,330,143
730,833
775,480

201409080243(201409080243)
691,151
1,267,315
4,330,143
730,833
775,480

201409080244(201409080244)
691,151
1,267,315
4,330,143
730,833
775,480

201409080245(201409080245)
691,151
1,267,315
4,330,143
730,833
775,480

201409080246(201409080246)
691,151
1,267,315
4,330,143
730,833
775,480

201409080247(201409080247)
691,151
1,267,315
4,330,143
730,833
775,480

201409080249(201409080249)
691,151
1,270,261
4,330,143
730,833
775,480

201409080250(201409080250)
691,151
1,270,758
4,330,143
730,833
775,480

201409080251(201409080251)
691,151
1,270,758
4,330,143
730,833
775,480

201409080252(201409080252)
691,151
1,270,758
4,330,387
730,833
775,480

201409080253(201409080253)
691,151
1,270,758
4,330,448
730,833
775,480

201409080254(201409080254)
691,151
1,270,758
4,330,875
730,833
775,480

201409080255(201409080255)
692,017
1,275,748
4,334,362
731,195
775,480

201409080256(201409080256)
692,319
1,275,748
4,334,850
731,195
775,618

201409080257(201409080257)
692,319
1,275,748
4,356,910
731,195
775,618

201409080259(201409080259)
692,319
1,275,748
4,361,136
731,340
775,618

201409080300(201409080300)
692,319
1,275,748
4,361,563
731,340
775,618

201409080301(201409080301)
692,319
1,275,748
4,366,531
731,340
775,618

201409080302(201409080302)
692,319
1,276,181
4,366,531
731,340
775,618

201409080303(201409080303)
692,319
1,276,181
4,366,531
731,340
775,618

201409080304(201409080304)
692,319
1,276,181
4,366,531
731,340
775,618

201409080305(201409080305)
692,319
1,276,181
4,366,531
731,340
775,618

201409080306(201409080306)
692,319
1,276,181
4,366,531
731,607
776,482

201409080307(201409080307)
692,319
1,276,181
4,366,531
731,607
776,482

201409080309(201409080309)
692,319
1,276,181
4,366,531
731,607
776,482

201409080310(201409080310)
692,319
1,276,968
4,366,531
731,607
776,482

201409080311(201409080311)
692,319
1,276,968
4,366,531
732,035
776,482

201409080312(201409080312)
692,319
1,276,968
4,366,531
732,035
776,482

201409080313(201409080313)
692,319
1,276,968
4,366,531
732,035
776,482

201409080314(201409080314)
692,319
1,276,968
4,366,531
732,035
776,482

201409080315(201409080315)
692,622
1,276,968
4,366,531
732,035
776,482

201409080316(201409080316)
692,622
1,276,968
4,366,775
732,035
776,482

201409080317(201409080317)
692,622
1,276,968
4,367,019
732,035
776,482

201409080319(201409080319)
692,622
1,276,968
4,397,128
732,035
777,059

201409080320(201409080320)
692,622
1,276,968
4,397,128
732,035
777,059

201409080321(201409080321)
692,622
1,276,968
4,397,128
732,035
777,059

201409080322(201409080322)
693,102
1,276,968
4,397,128
732,035
777,059

201409080323(201409080323)
693,102
1,276,968
4,397,128
732,035
777,059

201409080324(201409080324)
693,102
1,279,538
4,397,128
732,035
777,059

201409080325(201409080325)
693,102
1,279,581
4,397,128
732,035
777,059

201409080326(201409080326)
693,102
1,279,581
4,397,128
732,035
778,072

201409080327(201409080327)
693,102
1,279,763
4,397,128
732,035
778,072

201409080329(201409080329)
693,387
1,279,763
4,403,772
732,254
778,357

201409080330(201409080330)
693,387
1,279,763
4,403,772
732,254
778,357

201409080331(201409080331)
693,387
1,279,763
4,403,772
732,254
778,357

201409080332(201409080332)
693,387
1,279,763
4,403,772
732,254
778,357

201409080333(201409080333)
693,387
1,279,763
4,403,772
732,254
778,357

201409080334(201409080334)
693,856
1,279,763
4,403,772
732,254
778,357

201409080335(201409080335)
693,856
1,279,763
4,403,772
732,254
778,357

201409080336(201409080336)
693,856
1,279,763
4,403,772
732,254
778,357

201409080337(201409080337)
694,346
1,279,763
4,403,772
732,254
778,357

201409080339(201409080339)
694,469
1,279,849
4,403,772
732,254
778,357

201409080340(201409080340)
694,469
1,280,011
4,403,772
733,240
778,357

201409080341(201409080341)
694,487
1,280,119
4,403,772
733,240
778,357

201409080342(201409080342)
694,487
1,282,905
4,403,772
733,240
778,357

201409080343(201409080343)
694,487
1,282,965
4,403,772
733,240
778,357

201409080344(201409080344)
694,487
1,283,572
4,403,772
733,240
778,357

201409080345(201409080345)
694,487
1,283,572
4,403,772
733,240
778,357

201409080346(201409080346)
694,487
1,283,572
4,403,772
734,629
778,357

201409080347(201409080347)
694,487
1,283,572
4,403,772
734,629
778,357

201409080349(201409080349)
694,487
1,283,572
4,403,772
734,629
778,357

201409080350(201409080350)
694,487
1,284,612
4,403,772
734,629
778,357

201409080351(201409080351)
694,487
1,284,612
4,403,772
734,629
778,357

201409080352(201409080352)
694,875
1,284,612
4,403,772
734,629
778,357

201409080353(201409080353)
694,875
1,284,612
4,403,772
734,629
778,357

201409080354(201409080354)
694,875
1,284,612
4,403,772
734,629
778,581

201409080355(201409080355)
694,875
1,284,612
4,403,772
735,262
778,617

201409080356(201409080356)
694,875
1,284,612
4,403,772
735,318
778,617

201409080357(201409080357)
694,875
1,284,612
4,403,772
735,374
778,617

201409080359(201409080359)
694,875
1,284,612
4,403,772
735,724
778,617

201409080400(201409080400)
694,875
1,284,612
4,403,772
735,724
778,617

201409080401(201409080401)
695,266
1,284,612
4,403,772
735,724
778,617

201409080402(201409080402)
695,266
1,284,612
4,403,772
736,055
780,313

201409080403(201409080403)
695,266
1,284,612
4,403,772
736,072
780,313

201409080404(201409080404)
695,266
1,284,612
4,403,772
736,443
780,313

201409080405(201409080405)
695,416
1,284,612
4,403,772
736,728
780,313

201409080406(201409080406)
696,004
1,284,612
4,403,772
736,728
780,313

201409080407(201409080407)
696,004
1,284,612
4,403,772
736,728
780,313

201409080409(201409080409)
696,391
1,284,612
4,403,772
737,053
781,332

201409080410(201409080410)
696,605
1,284,612
4,403,772
737,388
781,332

201409080411(201409080411)
696,605
1,284,612
4,403,772
737,388
781,332

201409080412(201409080412)
696,605
1,284,612
4,403,772
737,388
781,332

201409080413(201409080413)
696,689
1,284,612
4,403,772
737,388
781,332

201409080414(201409080414)
697,237
1,284,612
4,403,772
737,388
781,332

201409080415(201409080415)
697,237
1,284,612
4,403,772
738,146
781,332

201409080416(201409080416)
697,277
1,284,612
4,403,772
738,146
781,332

201409080417(201409080417)
697,277
1,284,612
4,403,772
738,146
781,332

201409080419(201409080419)
698,000
1,284,612
4,403,772
738,521
782,120

201409080420(201409080420)
698,000
1,284,612
4,403,772
738,521
782,120

201409080421(201409080421)
698,000
1,284,612
4,403,772
738,521
782,120

201409080422(201409080422)
698,000
1,284,612
4,403,772
738,521
782,120

201409080423(201409080423)
698,785
1,284,612
4,403,772
739,213
782,120

201409080424(201409080424)
698,785
1,286,775
4,403,772
739,213
782,120

201409080425(201409080425)
698,785
1,286,775
4,403,772
739,213
782,120

201409080426(201409080426)
698,785
1,286,775
4,403,772
739,373
782,120

201409080427(201409080427)
698,785
1,286,775
4,403,772
739,373
782,120

201409080429(201409080429)
698,785
1,286,775
4,403,772
739,628
782,120

201409080430(201409080430)
698,785
1,286,775
4,403,772
739,628
782,120

201409080431(201409080431)
698,868
1,286,775
4,403,772
739,628
782,120

201409080432(201409080432)
698,868
1,286,775
4,403,772
739,628
782,120

201409080433(201409080433)
698,868
1,286,775
4,403,772
739,722
782,120

201409080434(201409080434)
698,868
1,286,775
4,403,772
739,722
782,120

201409080435(201409080435)
699,451
1,286,775
4,403,772
739,722
782,120

201409080436(201409080436)
699,880
1,286,775
4,403,772
739,722
782,120

201409080437(201409080437)
699,880
1,286,775
4,403,772
739,722
782,120

201409080439(201409080439)
699,880
1,287,120
4,403,772
740,552
782,120

201409080440(201409080440)
699,880
1,287,120
4,403,772
740,650
782,120

201409080441(201409080441)
699,880
1,287,120
4,403,772
740,650
782,285

201409080442(201409080442)
699,880
1,287,120
4,403,772
740,650
782,285

201409080443(201409080443)
699,880
1,287,120
4,405,369
740,650
782,285

201409080444(201409080444)
700,013
1,287,120
4,504,737
740,650
782,285

201409080445(201409080445)
700,013
1,287,120
4,504,737
740,650
782,420

201409080446(201409080446)
700,013
1,287,120
4,504,737
740,768
783,538

201409080447(201409080447)
700,013
1,287,120
4,504,737
740,768
783,538

201409080449(201409080449)
700,135
1,287,120
4,504,737
740,768
783,538

201409080450(201409080450)
700,135
1,287,120
4,504,737
740,768
783,538

201409080451(201409080451)
700,135
1,287,120
4,504,737
740,768
783,815

201409080452(201409080452)
700,135
1,287,569
4,504,737
740,768
783,815

201409080453(201409080453)
700,135
1,287,569
4,504,737
740,768
783,815

201409080454(201409080454)
700,135
1,287,569
4,504,737
741,595
783,826

201409080455(201409080455)
700,135
1,287,569
4,504,737
741,595
783,826

201409080456(201409080456)
700,135
1,287,569
4,504,737
741,595
783,826

201409080457(201409080457)
700,135
1,287,569
4,504,737
741,595
783,826

201409080459(201409080459)
700,135
1,287,569
4,504,737
741,595
783,826

201409080500(201409080500)
700,135
1,287,569
4,504,737
741,595
783,826

201409080501(201409080501)
700,135
1,288,120
4,504,737
741,595
783,826

201409080502(201409080502)
700,135
1,288,120
4,504,737
741,595
784,560

201409080503(201409080503)
700,746
1,288,120
4,504,737
741,607
785,039

201409080504(201409080504)
700,746
1,288,120
4,504,737
741,607
785,039

201409080505(201409080505)
700,746
1,288,120
4,504,737
741,607
785,039

201409080506(201409080506)
700,746
1,288,120
4,504,737
741,607
785,039

201409080507(201409080507)
700,746
1,288,120
4,504,737
741,607
785,039

201409080509(201409080509)
701,350
1,288,120
4,504,737
741,607
785,039

201409080510(201409080510)
701,350
1,288,120
4,504,737
741,607
785,039

201409080511(201409080511)
701,691
1,288,120
4,504,737
741,607
785,039

201409080512(201409080512)
702,174
1,288,120
4,504,737
741,607
785,039

201409080513(201409080513)
702,174
1,293,700
4,504,737
741,607
785,039

201409080514(201409080514)
702,174
1,293,700
4,504,737
741,607
785,039

201409080515(201409080515)
702,174
1,293,700
4,504,737
741,657
785,039

201409080516(201409080516)
702,174
1,293,700
4,504,737
741,657
785,039

201409080517(201409080517)
702,174
1,293,700
4,504,737
741,657
785,039

201409080519(201409080519)
702,174
1,293,700
4,504,737
741,657
785,039

201409080520(201409080520)
702,174
1,293,700
4,504,845
741,657
786,584

201409080521(201409080521)
702,174
1,293,700
4,507,552
741,663
786,584

201409080522(201409080522)
702,174
1,293,700
4,507,822
741,663
786,584

201409080523(201409080523)
702,174
1,293,700
4,507,876
741,663
786,963

201409080524(201409080524)
702,174
1,293,700
4,507,876
741,663
787,001

201409080525(201409080525)
702,174
1,293,700
4,507,876
741,663
787,001

201409080526(201409080526)
702,174
1,293,700
4,507,876
741,663
787,001

201409080527(201409080527)
702,174
1,293,700
4,507,876
741,663
787,001

201409080529(201409080529)
702,804
1,293,700
4,507,876
741,663
787,001

201409080530(201409080530)
702,804
1,293,700
4,507,876
743,805
787,001

201409080531(201409080531)
702,804
1,294,238
4,507,876
743,805
787,001

201409080532(201409080532)
702,804
1,294,580
4,507,876
743,805
787,202

201409080533(201409080533)
702,804
1,297,676
4,507,876
743,805
789,538

201409080534(201409080534)
702,804
1,297,676
4,507,876
743,805
789,538

201409080535(201409080535)
702,804
1,298,280
4,507,876
743,823
789,538

201409080536(201409080536)
702,839
1,298,280
4,507,876
743,823
789,538

201409080537(201409080537)
702,839
1,298,280
4,507,876
743,823
789,538

201409080539(201409080539)
702,839
1,298,280
4,507,876
743,823
789,634

201409080540(201409080540)
703,036
1,298,280
4,507,876
743,823
789,634

201409080541(201409080541)
703,036
1,298,280
4,507,876
743,823
789,634

201409080542(201409080542)
703,036
1,298,280
4,507,876
743,823
789,634

201409080543(201409080543)
703,036
1,298,280
4,507,876
743,823
789,634

201409080544(201409080544)
703,036
1,298,280
4,507,876
743,823
789,634

201409080545(201409080545)
703,036
1,298,280
4,507,876
743,823
789,634

201409080546(201409080546)
703,036
1,298,280
4,507,876
743,823
789,634

201409080547(201409080547)
703,036
1,298,280
4,507,876
743,823
789,634

201409080549(201409080549)
703,152
1,298,280
4,507,876
743,823
789,634

201409080550(201409080550)
703,421
1,298,280
4,507,876
743,823
789,777

201409080551(201409080551)
703,421
1,298,280
4,507,876
743,823
789,777

201409080552(201409080552)
703,421
1,298,280
4,507,876
743,823
789,777

201409080553(201409080553)
703,421
1,298,415
4,507,876
743,823
789,777

201409080554(201409080554)
703,421
1,298,415
4,507,876
743,823
789,777

201409080555(201409080555)
703,421
1,298,415
4,507,876
744,340
789,777

201409080556(201409080556)
703,421
1,298,415
4,507,876
745,106
789,777

201409080557(201409080557)
703,421
1,298,415
4,507,876
745,106
789,777

201409080559(201409080559)
703,421
1,298,415
4,507,876
745,106
789,777

201409080600(201409080600)
703,421
1,298,415
4,507,876
745,106
789,777

201409080601(201409080601)
703,421
1,298,415
4,507,876
745,106
789,777

201409080602(201409080602)
703,421
1,298,415
4,507,876
746,081
789,777

201409080603(201409080603)
704,646
1,298,415
4,507,876
746,081
789,777

201409080604(201409080604)
704,646
1,298,415
4,507,876
747,012
789,777

201409080605(201409080605)
704,651
1,298,415
4,507,876
748,279
790,320

201409080606(201409080606)
705,186
1,298,415
4,507,876
748,279
790,320

201409080607(201409080607)
705,186
1,298,415
4,507,876
748,279
790,870

201409080609(201409080609)
705,186
1,298,415
4,507,876
748,478
790,980

201409080610(201409080610)
705,186
1,298,415
4,507,876
748,478
790,980

201409080611(201409080611)
705,551
1,298,415
4,507,876
748,478
790,980

201409080612(201409080612)
705,551
1,298,415
4,507,876
748,478
790,980

201409080613(201409080613)
705,551
1,298,415
4,507,876
748,478
790,980

201409080614(201409080614)
705,551
1,298,415
4,507,876
749,780
791,063

201409080615(201409080615)
705,714
1,298,415
4,507,876
749,780
791,474

201409080616(201409080616)
705,714
1,298,415
4,507,876
749,780
791,474

201409080617(201409080617)
705,714
1,298,415
4,507,876
749,780
791,474

201409080619(201409080619)
705,881
1,298,415
4,507,876
749,780
791,474

201409080620(201409080620)
705,881
1,298,415
4,507,876
749,780
791,474

201409080621(201409080621)
706,589
1,298,415
4,507,876
749,780
791,678

201409080622(201409080622)
706,589
1,298,415
4,507,876
749,780
791,678

201409080623(201409080623)
706,589
1,300,902
4,507,876
749,780
791,678

201409080624(201409080624)
706,589
1,300,902
4,507,876
749,780
791,678

201409080625(201409080625)
706,589
1,300,902
4,507,876
749,780
791,678

201409080626(201409080626)
706,589
1,300,902
4,507,876
749,780
791,678

201409080627(201409080627)
706,589
1,300,902
4,507,876
749,780
791,678

201409080629(201409080629)
707,072
1,300,902
4,507,876
751,059
791,678

201409080630(201409080630)
707,072
1,300,902
4,507,876
751,249
791,867

201409080631(201409080631)
707,072
1,300,902
4,507,876
751,249
791,867

201409080632(201409080632)
707,072
1,300,902
4,507,876
751,267
791,867

201409080633(201409080633)
707,072
1,300,902
4,507,876
751,491
792,174

201409080634(201409080634)
707,387
1,300,902
4,507,876
751,491
792,174

201409080635(201409080635)
707,387
1,300,902
4,507,876
751,491
792,174

201409080636(201409080636)
707,553
1,300,902
4,507,876
751,491
792,174

201409080637(201409080637)
709,472
1,300,902
4,507,876
751,491
792,174

201409080639(201409080639)
709,472
1,300,902
4,507,876
752,109
792,174

201409080640(201409080640)
709,472
1,300,902
4,507,876
752,109
792,251

201409080641(201409080641)
709,472
1,300,902
4,507,876
752,699
792,251

201409080642(201409080642)
710,025
1,300,902
4,507,876
752,707
792,251

201409080643(201409080643)
710,025
1,300,902
4,507,876
752,707
792,251

201409080644(201409080644)
710,025
1,300,902
4,507,876
752,707
792,251

201409080645(201409080645)
710,025
1,300,902
4,507,876
752,707
792,251

201409080646(201409080646)
710,025
1,300,902
4,507,876
752,707
792,251

201409080647(201409080647)
710,025
1,300,902
4,507,876
752,707
792,251

201409080649(201409080649)
710,107
1,302,406
4,507,876
752,879
793,479

201409080650(201409080650)
710,107
1,304,020
4,507,876
753,018
793,479

201409080651(201409080651)
710,107
1,304,020
4,507,876
753,018
793,479

201409080652(201409080652)
710,107
1,304,020
4,507,876
753,062
793,479

201409080653(201409080653)
711,599
1,304,020
4,507,876
753,062
793,479

201409080654(201409080654)
711,599
1,305,783
4,507,876
753,062
793,479

201409080655(201409080655)
711,599
1,306,031
4,507,876
753,062
794,141

201409080656(201409080656)
711,599
1,306,031
4,507,876
753,325
794,302

201409080657(201409080657)
711,599
1,306,031
4,507,876
753,325
794,302

201409080659(201409080659)
711,599
1,307,622
4,507,876
753,433
794,302

201409080700(201409080700)
711,599
1,307,622
4,507,876
753,433
794,302

201409080701(201409080701)
711,599
1,307,622
4,507,876
753,433
794,302

201409080702(201409080702)
711,599
1,307,622
4,507,876
753,433
794,302

201409080703(201409080703)
711,599
1,307,622
4,507,876
753,433
794,302

201409080704(201409080704)
711,599
1,307,622
4,507,876
753,433
794,302

201409080705(201409080705)
711,599
1,307,622
4,507,876
753,433
795,261

201409080706(201409080706)
711,599
1,308,618
4,507,876
753,433
795,261

201409080707(201409080707)
711,599
1,308,618
4,507,984
753,433
795,261

201409080709(201409080709)
711,599
1,308,618
4,508,038
753,433
795,261

201409080710(201409080710)
711,599
1,308,618
4,508,038
753,687
795,261

201409080711(201409080711)
711,599
1,308,618
4,508,038
753,687
795,261

201409080712(201409080712)
711,599
1,308,618
4,508,038
753,687
795,261

201409080713(201409080713)
711,599
1,308,618
4,508,038
753,687
797,768

201409080714(201409080714)
711,599
1,308,618
4,508,038
753,687
797,768

201409080715(201409080715)
711,599
1,308,836
4,508,038
753,687
797,768

201409080716(201409080716)
711,599
1,311,533
4,508,038
753,687
797,768

201409080717(201409080717)
711,599
1,311,533
4,508,038
753,687
797,768

201409080719(201409080719)
711,599
1,311,533
4,508,038
753,687
797,797

201409080720(201409080720)
712,435
1,311,533
4,508,038
753,829
798,722

201409080721(201409080721)
712,669
1,312,354
4,508,038
753,829
798,850

201409080722(201409080722)
712,669
1,312,354
4,508,038
753,829
798,850

201409080723(201409080723)
712,760
1,312,354
4,508,038
754,135
799,524

201409080724(201409080724)
712,760
1,312,354
4,508,038
754,173
799,524

201409080725(201409080725)
712,760
1,312,354
4,508,038
754,173
799,524

201409080726(201409080726)
712,760
1,312,354
4,508,038
755,053
799,840

201409080727(201409080727)
713,196
1,312,354
4,508,038
756,095
800,062

201409080729(201409080729)
713,859
1,312,354
4,508,038
756,095
800,325

201409080730(201409080730)
713,859
1,312,354
4,508,038
756,095
800,325

201409080731(201409080731)
713,859
1,312,354
4,508,038
756,095
800,325

201409080732(201409080732)
713,859
1,312,354
4,508,038
757,060
800,995

201409080733(201409080733)
713,859
1,312,354
4,508,038
757,304
801,376

201409080734(201409080734)
713,859
1,312,761
4,508,038
757,304
801,452

201409080735(201409080735)
713,903
1,312,761
4,508,038
757,647
801,452

201409080736(201409080736)
713,903
1,312,761
4,508,038
757,647
801,651

201409080737(201409080737)
713,903
1,312,761
4,508,038
757,647
801,875

201409080739(201409080739)
713,903
1,312,761
4,508,038
759,084
802,547

201409080740(201409080740)
713,903
1,312,761
4,508,038
759,084
802,776

201409080741(201409080741)
713,903
1,312,761
4,508,038
759,084
802,776

201409080742(201409080742)
713,903
1,312,761
4,508,038
759,084
802,776

201409080743(201409080743)
713,903
1,312,761
4,508,038
760,773
802,776

201409080744(201409080744)
713,903
1,312,761
4,508,038
761,091
802,776

201409080745(201409080745)
714,341
1,312,761
4,508,038
761,112
803,416

201409080746(201409080746)
714,341
1,312,761
4,508,038
761,112
803,416

201409080747(201409080747)
714,341
1,312,761
4,508,038
761,112
803,703

201409080749(201409080749)
714,341
1,312,761
4,508,038
761,112
806,445

201409080750(201409080750)
714,341
1,312,761
4,508,038
761,112
806,445

201409080751(201409080751)
714,341
1,312,761
4,508,038
761,112
806,445

201409080752(201409080752)
714,341
1,312,761
4,508,038
761,112
806,445

201409080753(201409080753)
714,341
1,312,761
4,508,038
761,112
806,847

201409080754(201409080754)
714,341
1,312,761
4,508,038
761,112
806,847

201409080755(201409080755)
714,341
1,312,761
4,508,038
761,112
806,847

201409080756(201409080756)
714,341
1,312,761
4,508,038
761,112
806,847

201409080757(201409080757)
714,341
1,312,761
4,508,038
761,112
808,161

201409080759(201409080759)
715,382
1,312,761
4,508,038
761,221
808,370

201409080800(201409080800)
715,978
1,312,761
4,508,038
761,466
808,583

201409080801(201409080801)
716,570
1,312,761
4,508,038
761,466
808,583

201409080802(201409080802)
716,570
1,313,519
4,508,038
761,466
808,583

201409080803(201409080803)
716,570
1,313,519
4,508,038
761,690
808,583

201409080804(201409080804)
716,570
1,313,519
4,508,038
761,690
808,583

201409080805(201409080805)
716,570
1,313,519
4,508,038
762,354
808,583

201409080806(201409080806)
717,459
1,314,831
4,508,038
763,518
808,699

201409080807(201409080807)
717,676
1,314,831
4,508,038
763,544
808,699

201409080809(201409080809)
717,875
1,314,831
4,508,038
763,544
808,699

201409080810(201409080810)
717,875
1,314,831
4,508,038
763,544
808,699

201409080811(201409080811)
717,875
1,314,831
4,508,038
763,544
808,699

201409080812(201409080812)
717,952
1,314,831
4,508,038
763,544
808,699

201409080813(201409080813)
718,548
1,314,831
4,508,038
763,544
808,699

201409080814(201409080814)
718,548
1,314,831
4,508,038
763,544
808,699

201409080815(201409080815)
718,548
1,314,831
4,508,038
763,544
808,699

201409080816(201409080816)
718,548
1,314,831
4,508,038
763,544
808,699

201409080817(201409080817)
718,683
1,314,831
4,508,038
763,819
808,699

201409080819(201409080819)
718,998
1,315,276
4,508,038
764,231
808,721

201409080820(201409080820)
718,998
1,315,276
4,508,038
764,231
808,721

201409080821(201409080821)
718,998
1,315,276
4,508,038
765,001
808,721

201409080822(201409080822)
718,998
1,315,276
4,508,038
765,055
808,721

201409080823(201409080823)
718,998
1,315,276
4,508,038
765,055
808,721

201409080824(201409080824)
718,998
1,315,670
4,508,038
765,217
808,721

201409080825(201409080825)
719,681
1,315,670
4,508,038
765,642
808,721

201409080826(201409080826)
719,681
1,315,670
4,508,038
767,102
810,878

201409080827(201409080827)
719,681
1,315,670
4,508,038
767,102
812,492

201409080829(201409080829)
720,428
1,315,670
4,508,038
767,102
812,492

201409080830(201409080830)
720,428
1,315,670
4,508,038
767,102
812,492

201409080831(201409080831)
720,428
1,315,670
4,517,486
767,102
812,492

201409080832(201409080832)
720,428
1,315,670
4,517,486
767,102
812,492

201409080833(201409080833)
720,564
1,315,670
4,517,486
767,102
812,492

201409080834(201409080834)
721,519
1,315,670
4,517,486
767,102
812,492

201409080835(201409080835)
721,519
1,315,670
4,517,486
767,102
813,026

201409080836(201409080836)
721,519
1,322,023
4,517,486
767,102
813,455

201409080837(201409080837)
721,519
1,322,023
4,517,486
767,102
813,455

201409080839(201409080839)
721,950
1,322,023
4,517,486
768,032
813,455

201409080840(201409080840)
722,302
1,322,023
4,517,486
768,032
813,915

201409080841(201409080841)
722,302
1,322,023
4,517,486
768,032
813,915

201409080842(201409080842)
723,160
1,322,023
4,517,486
768,034
814,432

201409080843(201409080843)
723,160
1,322,327
4,517,486
768,034
814,969

201409080844(201409080844)
723,456
1,322,327
4,517,486
768,034
814,992

201409080845(201409080845)
723,456
1,322,327
4,517,486
768,034
814,992

201409080846(201409080846)
723,456
1,322,327
4,517,486
768,034
814,992

201409080847(201409080847)
723,456
1,322,327
4,517,486
768,034
814,992

201409080849(201409080849)
724,969
1,322,327
4,517,486
768,230
814,992

201409080850(201409080850)
725,055
1,322,327
4,517,486
768,230
814,992

201409080851(201409080851)
725,055
1,322,327
4,517,486
768,230
815,041

201409080852(201409080852)
725,055
1,322,327
4,517,486
768,499
815,041

201409080853(201409080853)
725,055
1,323,353
4,517,486
768,499
815,041

201409080854(201409080854)
725,055
1,323,353
4,517,486
768,499
815,041

201409080855(201409080855)
725,055
1,323,353
4,517,486
768,499
816,487

201409080856(201409080856)
725,055
1,323,353
4,517,486
768,499
816,723

201409080857(201409080857)
725,055
1,323,353
4,517,486
768,499
816,723

201409080859(201409080859)
725,055
1,324,617
4,517,486
768,501
817,114

201409080900(201409080900)
725,055
1,324,617
4,517,486
768,501
817,114

201409080901(201409080901)
725,055
1,324,617
4,517,486
768,501
817,114

201409080902(201409080902)
725,055
1,324,617
4,517,486
768,501
817,114

201409080903(201409080903)
725,055
1,324,617
4,517,486
768,501
817,114

201409080904(201409080904)
725,055
1,324,617
4,517,486
768,501
817,114

201409080905(201409080905)
725,055
1,324,617
4,517,486
768,501
817,114

201409080906(201409080906)
725,348
1,324,617
4,517,486
769,088
817,795

201409080907(201409080907)
725,348
1,324,617
4,517,486
769,088
817,795

201409080909(201409080909)
725,938
1,324,617
4,517,486
769,898
817,795

201409080910(201409080910)
725,938
1,324,617
4,517,486
769,898
817,795

201409080911(201409080911)
725,938
1,324,617
4,517,486
770,801
817,865

201409080912(201409080912)
725,938
1,324,617
4,517,486
770,801
817,865

201409080913(201409080913)
725,938
1,324,617
4,517,486
770,801
818,119

201409080914(201409080914)
725,938
1,324,617
4,517,486
770,801
818,119

201409080915(201409080915)
725,938
1,324,617
4,517,486
770,801
818,119

201409080916(201409080916)
725,938
1,324,617
4,517,486
770,801
818,119

201409080917(201409080917)
725,938
1,324,617
4,517,486
770,801
818,119

201409080919(201409080919)
725,938
1,324,617
4,517,486
770,801
819,754

201409080920(201409080920)
725,938
1,324,617
4,517,486
770,801
819,754

201409080921(201409080921)
725,938
1,324,617
4,517,486
770,801
819,754

201409080922(201409080922)
725,938
1,331,063
4,517,486
771,494
819,754

201409080923(201409080923)
725,938
1,331,063
4,517,486
771,494
819,754

201409080924(201409080924)
725,938
1,331,063
4,517,486
771,494
819,754

201409080925(201409080925)
725,938
1,331,063
4,517,486
771,577
819,754

201409080926(201409080926)
725,938
1,331,063
4,517,486
771,577
819,754

201409080927(201409080927)
725,938
1,331,063
4,517,486
771,577
819,754

201409080929(201409080929)
725,938
1,331,063
4,517,486
771,577
819,754

201409080930(201409080930)
725,938
1,331,063
4,517,486
771,577
819,754

201409080931(201409080931)
725,938
1,331,063
4,517,486
771,577
819,799

201409080932(201409080932)
725,938
1,331,063
4,517,486
771,577
820,113

201409080933(201409080933)
725,938
1,331,063
4,517,486
771,577
820,113

201409080934(201409080934)
725,938
1,331,063
4,517,486
771,577
820,113

201409080935(201409080935)
725,938
1,331,063
4,517,486
771,577
820,113

201409080936(201409080936)
725,938
1,331,063
4,517,486
771,634
820,113

201409080937(201409080937)
725,938
1,331,063
4,517,486
771,634
820,346

201409080939(201409080939)
725,938
1,331,403
4,517,486
771,634
820,346

201409080940(201409080940)
727,103
1,331,403
4,517,486
771,634
820,346

201409080941(201409080941)
727,103
1,331,403
4,517,486
771,634
820,346

201409080942(201409080942)
727,103
1,331,403
4,517,486
771,634
820,346

201409080943(201409080943)
727,103
1,331,403
4,517,486
771,634
820,467

201409080944(201409080944)
727,103
1,331,983
4,517,486
771,634
820,467

201409080945(201409080945)
727,103
1,332,380
4,517,486
771,634
820,467

201409080946(201409080946)
727,103
1,332,380
4,517,486
771,634
820,467

201409080947(201409080947)
727,133
1,332,380
4,517,486
772,122
820,467

201409080949(201409080949)
727,133
1,332,380
4,517,486
772,122
820,467

201409080950(201409080950)
727,133
1,332,380
4,517,486
772,122
820,862

201409080951(201409080951)
727,133
1,332,380
4,517,486
772,122
820,862

201409080952(201409080952)
727,133
1,332,380
4,521,466
772,122
820,862

201409080953(201409080953)
728,492
1,332,380
4,521,466
772,122
820,862

201409080954(201409080954)
728,492
1,332,380
4,521,466
772,122
821,174

201409080955(201409080955)
728,492
1,332,380
4,521,466
772,122
821,174

201409080956(201409080956)
728,492
1,332,380
4,521,466
772,122
821,174

201409080957(201409080957)
728,492
1,332,380
4,521,466
772,122
821,174

201409080959(201409080959)
728,492
1,332,380
4,521,466
772,244
822,216

201409081000(201409081000)
728,492
1,332,380
4,521,466
772,244
822,216

201409081001(201409081001)
728,492
1,332,380
4,521,466
772,244
822,216

201409081002(201409081002)
728,492
1,332,380
4,521,466
772,244
822,216

201409081003(201409081003)
728,492
1,332,380
4,521,466
772,244
822,216

201409081004(201409081004)
728,492
1,332,380
4,521,466
772,244
822,216

201409081005(201409081005)
728,492
1,332,558
4,521,466
772,961
822,216

201409081006(201409081006)
728,492
1,332,558
4,521,466
772,961
822,216

201409081007(201409081007)
728,492
1,332,558
4,521,466
772,961
822,216

201409081009(201409081009)
728,492
1,333,335
4,521,466
772,961
822,216

201409081010(201409081010)
728,492
1,333,335
4,521,466
772,961
822,216

201409081011(201409081011)
728,492
1,333,335
4,521,466
772,961
822,216

201409081012(201409081012)
728,492
1,333,335
4,521,466
772,961
822,216

201409081013(201409081013)
728,492
1,333,335
4,521,466
772,961
822,216

201409081014(201409081014)
728,803
1,333,335
4,521,466
772,961
822,216

201409081015(201409081015)
728,803
1,333,335
4,521,466
772,961
822,216

201409081016(201409081016)
728,803
1,333,335
4,521,466
772,961
822,701

201409081017(201409081017)
728,803
1,333,335
4,521,466
772,961
822,701

201409081019(201409081019)
728,842
1,333,620
4,521,466
772,961
822,701

201409081020(201409081020)
728,842
1,334,966
4,521,466
772,961
822,701

201409081021(201409081021)
729,172
1,334,966
4,521,466
773,238
822,701

201409081022(201409081022)
729,172
1,334,966
4,521,466
774,125
822,701

201409081023(201409081023)
729,172
1,340,319
4,521,466
774,125
822,737

201409081024(201409081024)
729,172
1,340,319
4,521,466
774,125
822,737

201409081025(201409081025)
729,172
1,340,319
4,521,466
774,125
822,737

201409081026(201409081026)
729,172
1,340,319
4,521,466
774,125
822,737

201409081027(201409081027)
729,172
1,340,319
4,521,466
774,137
822,835

201409081029(201409081029)
729,172
1,340,319
4,521,466
774,137
822,835

201409081030(201409081030)
729,172
1,340,319
4,521,466
774,137
822,835

201409081031(201409081031)
729,172
1,340,319
4,521,466
774,137
822,835

201409081032(201409081032)
729,269
1,340,319
4,521,466
774,438
822,835

201409081033(201409081033)
729,269
1,340,319
4,521,466
774,438
822,835

201409081034(201409081034)
729,269
1,340,319
4,521,466
774,927
823,671

201409081035(201409081035)
729,269
1,340,319
4,521,466
774,927
823,671

201409081036(201409081036)
729,269
1,340,319
4,521,466
774,981
823,801

201409081037(201409081037)
729,269
1,340,319
4,521,466
774,981
825,101

201409081039(201409081039)
729,269
1,340,319
4,521,466
774,981
825,101

201409081040(201409081040)
729,269
1,340,319
4,521,466
774,981
825,101

201409081041(201409081041)
729,269
1,340,319
4,521,466
774,981
825,101

201409081042(201409081042)
730,500
1,340,319
4,521,466
775,798
825,202

201409081043(201409081043)
731,080
1,340,319
4,521,466
775,798
825,306

201409081044(201409081044)
731,080
1,341,833
4,521,466
775,798
825,306

201409081045(201409081045)
731,506
1,344,436
4,521,466
775,798
825,306

201409081046(201409081046)
731,860
1,345,587
4,529,185
776,116
825,306

201409081047(201409081047)
731,860
1,345,587
4,529,185
776,116
825,306

201409081049(201409081049)
732,053
1,345,587
4,529,185
776,116
825,374

201409081050(201409081050)
732,161
1,345,587
4,529,185
776,116
825,374

201409081051(201409081051)
732,200
1,345,587
4,529,185
776,116
825,374

201409081052(201409081052)
732,200
1,345,587
4,529,185
776,116
825,374

201409081053(201409081053)
732,200
1,345,587
4,529,185
776,116
825,374

201409081054(201409081054)
732,200
1,345,587
4,529,185
776,116
825,374

201409081055(201409081055)
732,200
1,345,587
4,529,185
776,116
825,374

201409081056(201409081056)
732,834
1,345,587
4,529,185
776,116
825,374

201409081057(201409081057)
732,834
1,345,587
4,529,185
776,116
825,472

201409081059(201409081059)
732,972
1,345,587
4,529,185
776,465
826,523

201409081100(201409081100)
732,972
1,345,587
4,529,185
776,465
826,523

201409081101(201409081101)
732,972
1,345,587
4,529,185
776,465
826,523

201409081102(201409081102)
732,972
1,345,587
4,529,185
776,465
827,910

201409081103(201409081103)
732,972
1,345,587
4,529,185
776,465
827,910

201409081104(201409081104)
732,972
1,345,587
4,529,185
776,465
827,910

201409081105(201409081105)
735,901
1,345,587
4,529,185
776,755
827,910

201409081106(201409081106)
735,901
1,345,945
4,529,185
776,755
827,910

201409081107(201409081107)
735,901
1,345,945
4,529,185
776,755
827,910

201409081109(201409081109)
735,901
1,345,945
4,529,185
776,755
827,910

201409081110(201409081110)
735,901
1,345,945
4,529,185
777,059
827,910

201409081111(201409081111)
736,310
1,345,945
4,529,185
777,207
827,910

201409081112(201409081112)
736,310
1,345,945
4,529,185
777,207
828,582

201409081113(201409081113)
736,344
1,345,945
4,529,185
777,326
828,582

201409081114(201409081114)
736,728
1,350,328
4,529,185
777,326
828,582

201409081115(201409081115)
736,728
1,350,842
4,529,185
777,326
828,582

201409081116(201409081116)
736,728
1,350,842
4,529,185
777,326
828,582

201409081117(201409081117)
736,728
1,350,842
4,529,185
777,326
828,582

201409081119(201409081119)
737,554
1,350,842
4,529,185
778,357
829,478

201409081120(201409081120)
738,704
1,350,842
4,529,185
778,357
829,478

201409081121(201409081121)
738,704
1,352,673
4,529,185
778,357
829,478

201409081122(201409081122)
739,628
1,352,673
4,529,185
778,413
829,478

201409081123(201409081123)
739,628
1,352,673
4,529,185
778,539
829,478

201409081124(201409081124)
739,628
1,352,673
4,529,185
778,539
829,478

201409081125(201409081125)
739,628
1,352,673
4,529,185
778,539
829,478

201409081126(201409081126)
739,628
1,352,673
4,529,185
778,539
829,478

201409081127(201409081127)
739,628
1,352,673
4,529,185
779,142
829,478

201409081129(201409081129)
739,628
1,352,673
4,529,185
779,142
829,478

201409081130(201409081130)
739,628
1,352,673
4,529,185
779,142
829,624

201409081131(201409081131)
740,356
1,352,673
4,529,185
779,142
829,624

201409081132(201409081132)
740,356
1,352,673
4,529,185
779,190
829,624

201409081133(201409081133)
740,356
1,352,673
4,529,185
779,294
829,624

201409081134(201409081134)
740,356
1,352,673
4,529,185
779,449
829,624

201409081135(201409081135)
740,356
1,352,673
4,529,185
779,449
829,624

201409081136(201409081136)
740,356
1,354,497
4,529,185
779,449
829,624

201409081137(201409081137)
740,356
1,354,497
4,529,185
779,449
829,624

201409081139(201409081139)
740,552
1,358,946
4,594,906
781,756
831,791

201409081140(201409081140)
740,625
1,358,946
4,599,481
781,756
831,791

201409081141(201409081141)
740,625
1,358,946
4,599,481
781,756
831,791

201409081142(201409081142)
740,625
1,358,946
4,599,481
782,265
831,791

201409081143(201409081143)
740,625
1,358,946
4,599,481
782,265
831,791

201409081144(201409081144)
740,625
1,358,946
4,599,481
782,265
831,791

201409081145(201409081145)
740,625
1,358,946
4,599,481
782,265
831,791

201409081146(201409081146)
740,625
1,358,946
4,599,481
782,420
831,791

201409081147(201409081147)
740,625
1,358,946
4,599,481
782,420
831,791

201409081149(201409081149)
741,169
1,361,533
4,599,481
783,939
783,939

201409081150(201409081150)
741,169
1,361,533
4,599,481
783,939
783,939

201409081151(201409081151)
741,169
1,361,533
4,599,481
783,939
783,939

201409081152(201409081152)
741,315
1,363,131
4,599,481
783,939
783,939

201409081153(201409081153)
741,315
1,363,131
4,599,481
783,939
783,939

201409081154(201409081154)
741,315
1,363,131
4,599,481
783,939
783,939

201409081155(201409081155)
741,315
1,365,940
4,599,481
783,939
783,939

201409081156(201409081156)
741,315
1,365,940
4,599,481
783,939
783,939

201409081157(201409081157)
741,315
1,365,940
4,599,481
783,939
783,939

201409081159(201409081159)
741,315
1,365,940
4,599,481
784,284
832,379

201409081200(201409081200)
741,315
1,365,940
4,599,481
784,284
832,379

201409081201(201409081201)
741,315
1,365,940
4,599,481
784,284
832,379

201409081202(201409081202)
741,315
1,365,940
4,599,481
784,284
832,379

201409081203(201409081203)
742,882
1,365,940
4,599,481
784,405
832,379

201409081204(201409081204)
742,882
1,365,940
4,599,481
784,405
832,537

201409081205(201409081205)
742,882
1,365,940
4,599,481
784,405
832,589

201409081206(201409081206)
743,029
1,368,516
4,599,481
785,039
833,184

201409081207(201409081207)
743,029
1,368,516
4,599,481
785,039
833,184

201409081209(201409081209)
743,805
1,368,516
4,599,481
785,310
833,184

201409081210(201409081210)
743,805
1,368,516
4,599,481
785,463
833,184

201409081211(201409081211)
743,805
1,370,821
4,599,481
785,463
833,762

201409081212(201409081212)
743,805
1,370,821
4,599,481
785,463
833,762

201409081213(201409081213)
743,805
1,370,822
4,599,481
785,481
834,739

201409081214(201409081214)
743,823
1,370,822
4,599,481
785,633
834,900

201409081215(201409081215)
743,823
1,370,822
4,599,481
786,267
834,900

201409081216(201409081216)
743,823
1,370,822
4,599,481
786,267
835,503

201409081217(201409081217)
744,340
1,370,822
4,599,481
786,316
835,877

201409081219(201409081219)
745,106
1,370,822
4,599,481
786,584
837,288

201409081220(201409081220)
745,106
1,370,822
4,599,481
786,584
837,288

201409081221(201409081221)
745,167
1,370,822
4,599,481
786,584
837,288

201409081222(201409081222)
745,167
1,370,822
4,599,481
786,584
837,288

201409081223(201409081223)
745,632
1,370,822
4,599,481
786,922
837,680

201409081224(201409081224)
745,632
1,370,822
4,599,481
786,922
837,680

201409081225(201409081225)
746,081
1,370,822
4,599,481
786,922
839,101

201409081226(201409081226)
746,081
1,370,822
4,599,481
787,060
839,101

201409081227(201409081227)
746,081
1,370,822
4,599,481
787,327
839,101

201409081229(201409081229)
746,081
1,370,822
4,599,481
787,682
839,101

201409081230(201409081230)
746,081
1,370,822
4,599,481
787,682
839,101

201409081231(201409081231)
746,081
1,370,822
4,599,481
787,682
839,101

201409081232(201409081232)
746,081
1,374,231
4,599,481
788,042
839,101

201409081233(201409081233)
746,081
1,374,579
4,599,481
788,042
839,101

201409081234(201409081234)
746,170
1,377,888
4,599,481
788,042
839,101

201409081235(201409081235)
746,170
1,379,489
4,599,481
788,042
839,101

201409081236(201409081236)
746,170
1,382,252
4,599,481
788,042
839,101

201409081237(201409081237)
746,170
1,382,252
4,599,481
788,042
839,101

201409081239(201409081239)
746,304
1,382,252
4,599,481
788,042
839,101

201409081240(201409081240)
746,304
1,382,252
4,599,481
788,042
839,101

201409081241(201409081241)
746,304
1,382,252
4,599,481
788,042
839,101

201409081242(201409081242)
746,304
1,382,252
4,599,481
788,042
839,101

201409081243(201409081243)
746,769
1,382,252
4,599,481
788,042
839,101

201409081244(201409081244)
746,769
1,382,252
4,599,481
788,042
839,101

201409081245(201409081245)
746,769
1,382,252
4,599,481
788,042
839,443

201409081246(201409081246)
746,769
1,382,252
4,599,481
788,042
839,443

201409081247(201409081247)
746,769
1,382,252
4,599,481
788,042
839,786

201409081249(201409081249)
746,769
1,383,755
4,599,481
788,048
839,786

201409081250(201409081250)
746,769
1,383,755
4,599,481
788,048
839,786

201409081251(201409081251)
747,207
1,383,755
4,599,481
788,720
840,044

201409081252(201409081252)
747,320
1,383,755
4,599,481
788,720
840,770

201409081253(201409081253)
747,320
1,383,755
4,599,481
788,720
840,770

201409081254(201409081254)
747,436
1,383,755
4,599,481
789,538
840,917

201409081255(201409081255)
747,436
1,383,755
4,599,481
789,538
840,917

201409081256(201409081256)
747,436
1,383,755
4,599,481
789,538
840,917

201409081257(201409081257)
747,436
1,386,332
4,599,481
789,832
840,917

201409081259(201409081259)
747,436
1,386,332
4,599,481
789,832
840,917

201409081300(201409081300)
747,436
1,386,332
4,599,481
789,832
840,917

201409081301(201409081301)
747,436
1,386,332
4,599,481
789,832
840,917

201409081302(201409081302)
747,436
1,386,332
4,599,481
789,832
840,917

201409081303(201409081303)
747,436
1,394,335
4,599,481
790,763
840,917

201409081304(201409081304)
747,743
1,394,335
4,599,481
790,793
840,917

201409081305(201409081305)
747,794
1,394,335
4,599,481
790,793
840,917

201409081306(201409081306)
747,794
1,394,335
4,599,481
790,980
841,292

201409081307(201409081307)
747,794
1,394,335
4,599,481
791,503
841,292

201409081309(201409081309)
747,794
1,394,335
4,599,481
791,503
841,909

201409081310(201409081310)
747,820
1,394,335
4,599,481
791,503
841,909

201409081311(201409081311)
747,820
1,394,335
4,599,481
791,974
841,909

201409081312(201409081312)
747,820
1,394,335
4,599,481
792,251
841,909

201409081313(201409081313)
747,820
1,394,335
4,599,481
792,251
841,909

201409081314(201409081314)
747,820
1,394,335
4,599,481
792,266
841,909

201409081315(201409081315)
747,820
1,394,335
4,599,481
792,266
841,909

201409081316(201409081316)
747,820
1,394,335
4,599,481
792,266
841,909

201409081317(201409081317)
747,820
1,398,307
4,599,481
792,266
841,909

201409081319(201409081319)
748,279
1,398,551
4,643,525
792,821
841,909

201409081320(201409081320)
748,279
1,405,826
4,646,727
792,821
841,909

201409081321(201409081321)
748,289
1,405,826
4,706,590
792,821
841,909

201409081322(201409081322)
748,518
1,407,473
4,706,590
792,821
841,909

201409081323(201409081323)
748,685
1,407,473
4,706,590
792,948
843,435

201409081324(201409081324)
749,193
1,407,473
4,706,590
792,948
843,435

201409081325(201409081325)
749,193
1,407,473
4,706,590
792,948
843,489

201409081326(201409081326)
749,193
1,407,473
4,706,590
792,948
843,489

201409081327(201409081327)
749,193
1,407,473
4,706,590
792,948
843,489

201409081329(201409081329)
749,193
1,407,473
4,706,590
792,948
843,779

201409081330(201409081330)
749,193
1,407,473
4,706,590
792,948
844,043

201409081331(201409081331)
749,193
1,407,473
4,706,590
792,948
844,043

201409081332(201409081332)
749,193
1,407,473
4,706,590
792,948
844,043

201409081333(201409081333)
749,193
1,407,473
4,706,590
792,948
844,043

201409081334(201409081334)
749,193
1,407,473
4,706,590
793,283
844,043

201409081335(201409081335)
749,390
1,407,473
4,706,590
793,283
844,043

201409081336(201409081336)
749,543
1,407,473
4,706,590
793,283
844,043

201409081337(201409081337)
749,747
1,407,473
4,706,590
793,283
844,043

201409081339(201409081339)
750,493
1,407,473
4,706,590
793,283
844,043

201409081340(201409081340)
751,536
1,407,473
4,706,590
793,283
844,043

201409081341(201409081341)
751,536
1,407,473
4,706,590
793,283
844,043

201409081342(201409081342)
751,536
1,407,473
4,706,590
793,283
844,043

201409081343(201409081343)
751,536
1,410,021
4,706,590
793,283
844,043

201409081344(201409081344)
751,536
1,410,021
4,706,590
793,283
844,043

201409081345(201409081345)
751,536
1,410,021
4,706,590
793,283
844,043

201409081346(201409081346)
751,536
1,410,021
4,706,590
793,283
844,803

201409081347(201409081347)
751,536
1,410,021
4,706,590
793,283
844,803

201409081349(201409081349)
751,536
1,411,555
4,710,044
793,434
844,803

201409081350(201409081350)
751,536
1,411,555
4,710,044
793,434
844,803

201409081351(201409081351)
751,536
1,411,555
4,710,044
793,434
844,803

201409081352(201409081352)
751,536
1,411,555
4,710,044
793,434
844,803

201409081353(201409081353)
751,536
1,411,555
4,710,044
793,434
844,803

201409081354(201409081354)
751,536
1,411,652
4,710,044
793,434
844,803

201409081355(201409081355)
751,536
1,411,652
4,710,044
793,434
844,803

201409081356(201409081356)
751,536
1,411,652
4,710,044
793,434
844,803

201409081357(201409081357)
751,827
1,411,652
4,710,044
793,434
844,803

201409081359(201409081359)
752,414
1,411,652
4,710,044
793,434
844,803

201409081400(201409081400)
752,651
1,411,652
4,710,044
793,648
844,803

201409081401(201409081401)
752,651
1,411,652
4,710,044
793,648
844,803

201409081402(201409081402)
752,699
1,411,652
4,710,044
793,648
844,803

201409081403(201409081403)
752,699
1,411,652
4,710,044
793,648
845,515

201409081404(201409081404)
752,699
1,411,652
4,710,044
793,648
846,128

201409081405(201409081405)
752,699
1,411,652
4,710,044
793,648
846,128

201409081406(201409081406)
752,699
1,411,652
4,710,044
793,648
846,128

201409081407(201409081407)
752,699
1,411,652
4,710,044
793,648
846,128

201409081409(201409081409)
752,699
1,415,383
4,710,044
793,648
846,190

201409081410(201409081410)
752,699
1,415,383
4,710,044
793,648
846,190

201409081411(201409081411)
752,699
1,415,383
4,710,044
793,648
846,190

201409081412(201409081412)
752,699
1,415,383
4,710,164
793,648
846,190

201409081413(201409081413)
752,699
1,415,383
4,710,164
793,648
846,190

201409081414(201409081414)
752,699
1,415,383
4,710,164
793,648
846,190

201409081415(201409081415)
752,699
1,415,383
4,710,164
793,648
846,190

201409081416(201409081416)
752,699
1,415,383
4,710,164
793,648
846,593

201409081417(201409081417)
752,699
1,415,383
4,710,164
793,648
846,593

201409081419(201409081419)
752,699
1,415,383
4,710,164
793,648
846,593

201409081420(201409081420)
752,699
1,415,383
4,710,164
793,648
846,593

201409081421(201409081421)
752,699
1,415,383
4,710,164
793,648
846,593

201409081422(201409081422)
753,124
1,415,383
4,710,164
793,648
846,593

201409081423(201409081423)
753,124
1,415,383
4,710,164
794,174
846,848

201409081424(201409081424)
753,133
1,415,383
4,710,164
794,174
846,848

201409081425(201409081425)
753,133
1,415,383
4,710,164
794,174
846,848

201409081426(201409081426)
753,133
1,415,383
4,710,164
794,912
846,874

201409081427(201409081427)
753,133
1,415,383
4,710,164
794,912
846,874

201409081429(201409081429)
753,133
1,415,383
4,710,164
794,912
846,874

201409081430(201409081430)
753,133
1,415,383
4,710,164
794,912
846,874

201409081431(201409081431)
753,133
1,415,383
4,710,164
794,912
846,874

201409081432(201409081432)
753,133
1,415,383
4,710,164
794,912
846,874

201409081433(201409081433)
753,133
1,415,383
4,710,164
794,912
846,874

201409081434(201409081434)
753,133
1,415,383
4,710,164
795,261
846,874

201409081435(201409081435)
753,133
1,415,383
4,710,164
795,261
846,874

201409081436(201409081436)
753,133
1,415,383
4,710,164
795,261
846,874

201409081437(201409081437)
753,133
1,415,383
4,710,164
795,261
846,874

201409081439(201409081439)
753,133
1,415,383
4,710,164
795,261
849,295

201409081440(201409081440)
753,133
1,415,383
4,710,164
795,261
849,295

201409081441(201409081441)
753,133
1,415,383
4,710,164
795,261
849,295

201409081442(201409081442)
753,133
1,415,383
4,710,164
795,300
849,295

201409081443(201409081443)
753,133
1,415,383
4,710,164
795,300
849,295

201409081444(201409081444)
753,414
1,415,383
4,710,164
795,846
850,545

201409081445(201409081445)
753,414
1,415,383
4,710,164
795,846
850,545

201409081446(201409081446)
753,687
1,415,383
4,710,164
795,846
850,545

201409081447(201409081447)
754,327
1,415,383
4,710,164
796,174
851,054

201409081449(201409081449)
754,327
1,415,383
4,710,164
796,174
852,214

201409081450(201409081450)
754,327
1,415,383
4,710,164
796,174
852,214

201409081451(201409081451)
754,448
1,415,383
4,710,164
796,174
852,214

201409081452(201409081452)
754,448
1,415,383
4,710,164
796,174
852,214

201409081453(201409081453)
754,448
1,415,383
4,734,486
796,174
852,214

201409081454(201409081454)
754,448
1,415,383
4,734,486
796,174
852,214

201409081455(201409081455)
754,448
1,415,383
4,734,486
797,363
852,214

201409081456(201409081456)
755,223
1,415,383
4,734,486
798,294
853,525

201409081457(201409081457)
755,223
1,415,383
4,734,486
799,279
853,737

201409081459(201409081459)
755,223
1,415,383
4,734,486
799,279
853,737

201409081500(201409081500)
755,223
1,415,383
4,734,486
799,279
853,794

201409081501(201409081501)
755,223
1,415,383
4,734,486
799,279
853,794

201409081502(201409081502)
755,223
1,415,383
4,734,486
799,279
853,891

201409081503(201409081503)
755,679
1,415,383
4,734,486
799,279
853,891

201409081504(201409081504)
755,679
1,415,383
4,734,486
799,539
853,891

201409081505(201409081505)
755,679
1,415,383
4,734,486
799,636
853,891

201409081506(201409081506)
756,095
1,415,383
4,734,486
799,636
853,891

201409081507(201409081507)
756,908
1,415,383
4,734,486
799,636
853,891

201409081509(201409081509)
756,908
1,415,383
4,734,486
799,851
853,891

201409081510(201409081510)
756,908
1,415,383
4,734,486
799,851
853,891

201409081511(201409081511)
757,100
1,415,383
4,734,486
800,382
854,818

201409081512(201409081512)
757,100
1,415,383
4,734,486
800,382
854,818

201409081513(201409081513)
757,100
1,415,383
4,734,486
800,855
854,818

201409081514(201409081514)
757,100
1,415,383
4,734,486
800,996
854,818

201409081515(201409081515)
757,100
1,415,383
4,734,486
800,996
854,818

201409081516(201409081516)
757,100
1,415,383
4,734,486
800,996
854,818

201409081517(201409081517)
757,100
1,415,383
4,734,486
801,250
854,818

201409081519(201409081519)
757,100
1,418,687
4,734,486
801,250
854,818

201409081520(201409081520)
757,100
1,418,687
4,734,486
801,452
854,818

201409081521(201409081521)
757,100
1,418,687
4,734,486
801,452
854,818

201409081522(201409081522)
757,100
1,418,687
4,734,486
801,452
854,818

201409081523(201409081523)
757,100
1,418,687
4,734,486
801,452
854,818

201409081524(201409081524)
757,710
1,418,687
4,734,486
801,452
854,818

201409081525(201409081525)
757,710
1,419,660
4,734,486
801,452
854,818

201409081526(201409081526)
757,710
1,419,660
4,734,486
801,452
854,818

201409081527(201409081527)
757,710
1,419,660
4,734,486
801,452
854,818

201409081529(201409081529)
757,779
1,419,660
4,772,514
801,452
854,869

201409081530(201409081530)
759,084
1,420,614
4,772,514
801,919
854,945

201409081531(201409081531)
759,330
1,420,614
4,772,514
801,919
854,945

201409081532(201409081532)
759,330
1,420,614
4,772,514
801,919
855,124

201409081533(201409081533)
759,330
1,420,614
4,772,514
801,919
856,084

201409081534(201409081534)
759,330
1,420,614
4,772,514
801,919
856,084

201409081535(201409081535)
759,330
1,420,614
4,772,514
801,919
856,084

201409081536(201409081536)
759,993
1,420,614
4,772,514
801,919
856,084

201409081537(201409081537)
760,047
1,420,614
4,772,514
801,919
856,084

201409081539(201409081539)
760,263
1,420,614
4,772,514
801,919
856,084

201409081540(201409081540)
760,760
1,420,614
4,772,514
802,447
856,168

201409081541(201409081541)
760,760
1,425,999
4,772,514
802,447
856,168

201409081542(201409081542)
760,760
1,425,999
4,772,514
802,447
856,168

201409081543(201409081543)
760,981
1,425,999
4,772,514
802,447
856,168

201409081544(201409081544)
760,981
1,425,999
4,772,514
802,447
856,168

201409081545(201409081545)
760,981
1,425,999
4,772,514
802,447
856,168

201409081546(201409081546)
760,981
1,425,999
4,772,514
802,447
856,168

201409081547(201409081547)
760,981
1,425,999
4,772,514
802,447
856,168

201409081549(201409081549)
760,981
1,425,999
4,772,514
802,447
856,168

201409081550(201409081550)
760,981
1,425,999
4,772,514
802,447
856,168

201409081551(201409081551)
760,981
1,425,999
4,772,514
802,447
856,168

201409081552(201409081552)
760,981
1,425,999
4,772,514
802,447
856,168

201409081553(201409081553)
761,429
1,425,999
4,772,514
802,558
856,168

201409081554(201409081554)
761,429
1,427,309
4,772,514
802,558
856,572

201409081555(201409081555)
761,953
1,427,701
4,772,514
802,558
856,572

201409081556(201409081556)
761,953
1,428,995
4,772,514
802,558
856,572

201409081557(201409081557)
761,953
1,428,995
4,772,514
802,558
856,572

201409081559(201409081559)
761,953
1,428,995
4,772,514
802,558
856,572

201409081600(201409081600)
761,953
1,428,995
4,772,514
802,558
856,572

201409081601(201409081601)
761,953
1,428,995
4,772,514
802,558
856,572

201409081602(201409081602)
761,953
1,428,995
4,772,514
802,558
856,633

201409081603(201409081603)
762,143
1,429,107
4,772,514
803,416
856,779

201409081604(201409081604)
762,296
1,429,107
4,772,514
803,416
857,191

201409081605(201409081605)
763,022
1,429,107
4,772,514
803,416
857,462

201409081606(201409081606)
763,022
1,429,107
4,772,514
803,416
857,462

201409081607(201409081607)
763,022
1,429,107
4,772,514
803,416
857,462

201409081609(201409081609)
764,665
1,429,107
4,772,514
804,262
858,420

201409081610(201409081610)
764,775
1,429,107
4,772,514
804,262
858,420

201409081611(201409081611)
764,775
1,429,107
4,772,514
804,262
858,420

201409081612(201409081612)
764,775
1,429,107
4,772,514
804,262
858,420

201409081613(201409081613)
764,775
1,429,107
4,772,514
804,262
858,420

201409081614(201409081614)
764,775
1,429,107
4,772,514
804,262
858,420

201409081615(201409081615)
764,775
1,429,107
4,772,514
804,262
858,420

201409081616(201409081616)
764,937
1,429,107
4,772,514
804,262
858,420

201409081617(201409081617)
764,937
1,429,107
4,772,514
804,262
858,420

201409081619(201409081619)
764,937
1,429,107
4,772,514
804,262
858,538

201409081620(201409081620)
764,937
1,429,107
4,772,514
804,262
858,538

201409081621(201409081621)
764,937
1,429,107
4,772,514
804,262
858,538

201409081622(201409081622)
764,937
1,429,107
4,772,514
804,473
858,538

201409081623(201409081623)
764,937
1,429,107
4,772,514
804,473
858,538

201409081624(201409081624)
764,937
1,429,107
4,772,514
804,473
858,538

201409081625(201409081625)
764,937
1,429,107
4,772,514
804,473
858,538

201409081626(201409081626)
764,937
1,429,107
4,772,514
804,473
858,538

201409081627(201409081627)
764,970
1,429,107
4,772,514
804,473
858,538

201409081629(201409081629)
765,462
1,429,107
4,772,514
804,473
858,538

201409081630(201409081630)
765,462
1,429,107
4,772,514
806,497
858,538

201409081631(201409081631)
765,462
1,429,107
4,772,514
806,497
858,538

201409081632(201409081632)
765,748
1,429,107
4,772,514
806,497
858,538

201409081633(201409081633)
765,748
1,429,107
4,772,514
806,497
858,538

201409081634(201409081634)
765,748
1,429,107
4,772,514
806,497
858,538

201409081635(201409081635)
765,748
1,429,107
4,772,514
806,497
858,538

201409081636(201409081636)
765,748
1,429,107
4,772,514
806,497
858,538

201409081637(201409081637)
765,748
1,429,107
4,772,514
806,497
858,538

201409081639(201409081639)
766,117
1,429,270
4,772,514
806,497
858,538

201409081640(201409081640)
766,117
1,429,435
4,772,514
806,804
858,538

201409081641(201409081641)
766,117
1,429,435
4,772,514
806,804
858,538

201409081642(201409081642)
766,980
1,429,435
4,772,514
806,847
858,538

201409081643(201409081643)
768,032
1,429,435
4,772,514
807,121
858,538

201409081644(201409081644)
768,032
1,429,435
4,772,514
807,121
858,538

201409081645(201409081645)
768,230
1,430,018
4,772,514
807,121
859,477

201409081646(201409081646)
768,230
1,430,378
4,772,514
807,121
859,477

201409081647(201409081647)
768,230
1,436,717
4,772,514
807,121
859,477

201409081649(201409081649)
768,230
1,437,747
4,772,514
807,121
859,477

201409081650(201409081650)
768,230
1,437,747
4,772,514
807,121
859,477

201409081651(201409081651)
768,230
1,437,747
4,772,514
807,121
859,477

201409081652(201409081652)
768,230
1,437,747
4,772,514
807,121
859,477

201409081653(201409081653)
768,230
1,437,747
4,772,514
807,121
859,477

201409081654(201409081654)
768,230
1,437,747
4,802,264
807,121
859,477

201409081655(201409081655)
768,230
1,437,747
4,802,264
807,121
859,477

201409081656(201409081656)
768,601
1,437,747
4,802,264
808,665
860,321

201409081657(201409081657)
768,601
1,437,747
4,802,264
810,070
860,321

201409081659(201409081659)
768,601
1,437,747
4,802,264
810,070
860,321

201409081700(201409081700)
768,601
1,437,747
4,802,264
810,070
860,321

201409081701(201409081701)
768,601
1,437,747
4,802,264
810,085
860,321

201409081702(201409081702)
768,601
1,437,747
4,802,264
810,085
860,647

201409081703(201409081703)
768,601
1,437,747
4,802,264
810,085
860,853

201409081704(201409081704)
768,601
1,437,747
4,802,264
810,085
860,853

