201409061707(201409061707)
223,560
547,803
1,970,511
240,746
267,049

201409061709(201409061709)
224,228
547,803
1,970,511
242,059
268,685

201409061710(201409061710)
225,580
547,974
1,970,511
242,259
268,764

201409061711(201409061711)
225,713
548,682
1,970,511
242,800
268,764

201409061712(201409061712)
225,713
548,682
1,970,511
243,851
268,764

201409061713(201409061713)
225,892
548,682
1,970,511
244,073
268,764

201409061714(201409061714)
226,040
548,682
1,970,511
244,478
269,176

201409061715(201409061715)
226,246
549,918
1,970,511
245,242
269,668

201409061716(201409061716)
226,868
549,918
1,970,511
245,242
269,668

201409061717(201409061717)
226,997
549,918
1,971,021
245,554
270,197

201409061719(201409061719)
227,696
550,181
1,974,520
245,814
273,303

201409061720(201409061720)
228,181
550,181
1,982,241
246,181
273,767

201409061721(201409061721)
228,495
550,181
1,989,334
246,317
273,767

201409061722(201409061722)
228,783
550,181
1,993,207
246,317
274,099

201409061723(201409061723)
228,909
550,181
1,993,662
246,626
276,187

201409061724(201409061724)
228,926
552,140
2,000,762
246,660
276,985

201409061725(201409061725)
229,089
552,238
2,001,347
247,225
277,756

201409061726(201409061726)
229,261
554,954
2,001,997
247,273
278,161

201409061727(201409061727)
229,261
555,261
2,005,810
247,979
278,197

201409061729(201409061729)
230,194
555,261
2,006,525
248,645
279,104

201409061730(201409061730)
230,194
555,261
2,006,651
248,965
279,104

201409061731(201409061731)
230,298
555,261
2,020,556
249,123
279,104

201409061732(201409061732)
230,298
555,261
2,024,167
249,123
279,269

201409061733(201409061733)
230,353
555,684
2,024,167
250,094
279,477

201409061734(201409061734)
230,353
556,354
2,024,167
250,294
279,477

201409061735(201409061735)
230,353
556,354
2,024,167
250,575
279,557

201409061736(201409061736)
230,353
556,354
2,024,167
251,068
279,585

201409061737(201409061737)
230,398
558,827
2,024,167
251,068
280,224

201409061739(201409061739)
231,108
559,588
2,024,167
251,829
282,563

201409061740(201409061740)
231,146
561,642
2,024,226
251,829
282,563

201409061741(201409061741)
231,352
561,642
2,024,526
251,829
282,563

201409061742(201409061742)
231,474
564,374
2,024,526
252,019
283,465

201409061743(201409061743)
232,106
564,374
2,024,526
252,797
284,309

201409061744(201409061744)
232,258
565,578
2,024,526
252,821
284,427

201409061745(201409061745)
232,258
565,823
2,024,526
252,901
284,658

201409061746(201409061746)
232,778
565,823
2,024,526
253,309
285,975

201409061747(201409061747)
233,233
565,823
2,024,526
253,377
286,262

201409061749(201409061749)
233,233
568,718
2,024,526
254,383
286,357

201409061750(201409061750)
233,667
568,718
2,027,828
254,383
287,807

201409061751(201409061751)
233,667
570,986
2,027,828
254,383
287,863

201409061752(201409061752)
233,667
572,758
2,027,828
254,630
287,863

201409061753(201409061753)
233,971
572,758
2,027,828
254,630
287,863

201409061754(201409061754)
233,971
573,350
2,027,828
256,393
288,063

201409061755(201409061755)
233,971
573,526
2,027,828
256,512
288,395

201409061756(201409061756)
234,693
577,209
2,027,828
257,331
288,395

201409061757(201409061757)
234,693
577,209
2,027,828
257,362
288,395

201409061759(201409061759)
234,693
577,543
2,042,294
257,362
288,395

201409061800(201409061800)
234,693
577,543
2,042,398
257,362
288,395

201409061801(201409061801)
234,693
578,053
2,042,658
257,362
288,395

201409061802(201409061802)
235,372
578,053
2,042,970
257,362
289,015

201409061803(201409061803)
235,372
578,053
2,043,126
257,362
289,015

201409061804(201409061804)
235,606
578,053
2,043,230
257,495
289,015

201409061805(201409061805)
235,606
578,574
2,043,230
257,495
289,402

201409061806(201409061806)
235,606
578,574
2,043,230
257,495
289,402

201409061807(201409061807)
235,630
578,866
2,043,230
258,182
258,182

201409061809(201409061809)
235,648
579,406
2,043,230
258,182
289,402

201409061810(201409061810)
235,665
580,298
2,043,230
258,257
289,537

201409061811(201409061811)
235,665
580,298
2,043,230
258,257
289,537


201409061813(201409061813)
235,727
2,043,230
2,043,230
289,558

201409061814(201409061814)
235,727
581,622
2,043,230
258,257
289,558

201409061815(201409061815)
235,857
581,622
2,043,230
258,257
289,558

201409061816(201409061816)
235,953
581,622
2,043,230
258,743
289,558

201409061817(201409061817)
235,958
581,622
2,043,230
258,814
290,205

201409061819(201409061819)
236,181
581,622
2,054,242
259,718
290,674

201409061820(201409061820)
236,181
582,226
2,054,242
260,243
290,872

201409061821(201409061821)
236,460
582,593
2,054,242
260,243
291,148

201409061822(201409061822)
236,563
585,831
2,097,515
260,243
291,281

201409061823(201409061823)
236,778
585,831
2,097,515
260,243
291,281

201409061824(201409061824)
236,886
585,949
2,114,682
260,243
291,281

201409061825(201409061825)
236,886
586,730
2,114,682
260,352
291,281

201409061826(201409061826)
236,886
587,023
2,114,682
260,352
291,281

201409061827(201409061827)
236,886
587,458
2,114,682
260,387
291,281

201409061829(201409061829)
237,014
587,458
2,114,682
260,810
291,281

201409061830(201409061830)
237,405
587,458
2,114,682
260,810
291,281

201409061831(201409061831)
237,532
587,458
2,114,682
260,810
291,281

201409061832(201409061832)
238,044
587,458
2,114,682
260,810
291,281

201409061833(201409061833)
238,044
587,458
2,114,682
260,825
291,710

201409061834(201409061834)
238,143
587,635
2,114,682
260,825
291,710

201409061835(201409061835)
238,649
597,442
2,114,682
261,118
292,599

201409061836(201409061836)
238,649
598,123
2,114,682
261,144
292,830

201409061837(201409061837)
238,774
598,123
2,114,682
261,224
292,830

201409061839(201409061839)
238,774
601,834
2,114,682
261,224
293,765

201409061840(201409061840)
239,123
602,482
2,114,682
261,426
294,056

201409061841(201409061841)
239,123
603,777
2,114,682
261,454
294,078

201409061842(201409061842)
239,864
604,053
2,119,483
262,636
294,078

201409061843(201409061843)
239,938
604,253
2,119,483
262,636
294,107

201409061844(201409061844)
240,739
605,990
2,119,483
262,636
294,107

201409061845(201409061845)
240,746
606,698
2,119,483
262,636
294,107

201409061846(201409061846)
240,746
607,151
2,119,483
262,636
294,717

201409061847(201409061847)
241,135
610,007
2,119,536
263,278
294,920

201409061849(201409061849)
242,415
610,338
2,119,748
263,641
295,955

201409061850(201409061850)
242,848
610,496
2,119,748
263,825
296,013

201409061851(201409061851)
242,848
610,496
2,119,801
264,184
296,038

201409061852(201409061852)
243,028
611,918
2,135,271
265,104
296,529

201409061853(201409061853)
243,082
611,918
2,135,271
265,859
296,933

201409061854(201409061854)
243,155
611,918
2,135,271
265,957
296,945

201409061855(201409061855)
243,220
611,918
2,135,271
265,957
296,945

201409061856(201409061856)
243,220
611,918
2,135,271
265,957
296,975

201409061857(201409061857)
243,851
613,066
2,135,271
265,957
296,975

201409061859(201409061859)
243,851
615,931
2,135,271
265,957
296,975

201409061900(201409061900)
244,368
615,931
2,135,271
267,777
299,076

201409061901(201409061901)
244,368
615,931
2,135,271
267,777
299,102

201409061902(201409061902)
244,478
615,931
2,135,271
267,777
299,102

201409061903(201409061903)
245,002
617,459
2,135,271
267,777
299,415

201409061904(201409061904)
245,242
617,565
2,135,271
267,806
299,704

201409061905(201409061905)
245,554
617,565
2,135,271
267,935
300,436

201409061906(201409061906)
245,559
619,740
2,135,271
268,069
300,436

201409061907(201409061907)
245,814
619,740
2,140,690
268,225
301,650

201409061909(201409061909)
245,821
619,921
2,159,786
269,545
302,080

201409061910(201409061910)
246,181
619,921
2,159,786
269,566
302,080

201409061911(201409061911)
246,418
620,008
2,159,786
269,668
302,080

201409061912(201409061912)
247,198
620,008
2,159,786
269,889
302,688

201409061913(201409061913)
247,572
620,008
2,159,786
270,090
302,927

201409061914(201409061914)
247,572
620,008
2,159,786
270,090
302,927

201409061915(201409061915)
247,572
620,008
2,159,786
270,806
302,927

201409061916(201409061916)
247,963
621,158
2,159,786
270,931
303,223

201409061917(201409061917)
249,157
621,751
2,159,786
271,098
303,223

201409061919(201409061919)
249,377
621,751
2,159,786
272,566
303,676

201409061920(201409061920)
249,658
621,751
2,159,786
273,069
304,869

201409061921(201409061921)
249,843
621,751
2,159,786
273,119
304,869

201409061922(201409061922)
250,119
621,751
2,159,786
274,372
304,933

201409061923(201409061923)
250,124
621,751
2,159,786
274,372
304,933

201409061924(201409061924)
250,124
621,751
2,159,786
276,139
305,061

201409061925(201409061925)
250,294
621,751
2,159,786
276,746
305,830

201409061926(201409061926)
250,294
621,751
2,159,786
276,985
306,216

201409061927(201409061927)
250,959
621,751
2,159,786
277,678
306,368

201409061929(201409061929)
251,829
621,751
2,159,786
277,910
306,963

201409061930(201409061930)
251,854
621,751
2,211,462
278,871
306,963

201409061931(201409061931)
251,854
624,896
2,211,462
278,871
307,323

201409061932(201409061932)
252,019
625,192
2,211,462
279,104
307,873

201409061933(201409061933)
252,821
625,192
2,211,462
279,279
307,963

201409061934(201409061934)
252,831
625,192
2,211,462
279,279
308,067

201409061935(201409061935)
252,831
625,192
2,211,462
279,585
309,187

201409061936(201409061936)
253,377
625,192
2,211,462
280,392
310,161

201409061937(201409061937)
253,809
626,497
2,211,462
280,392
310,391

201409061939(201409061939)
254,383
626,497
2,240,829
280,761
312,057

201409061940(201409061940)
254,625
626,497
2,240,829
280,761
312,692

201409061941(201409061941)
254,625
626,497
2,240,829
280,761
312,692

201409061942(201409061942)
254,626
627,708
2,240,829
280,989
312,692

201409061943(201409061943)
254,626
627,708
2,240,829
281,139
312,692

201409061944(201409061944)
254,824
627,708
2,240,829
282,318
312,995

201409061945(201409061945)
255,191
628,271
2,240,829
282,518
312,995

201409061946(201409061946)
256,159
628,271
2,240,829
282,576
314,077

201409061947(201409061947)
256,512
628,271
2,240,829
282,584
314,077

201409061949(201409061949)
256,652
628,271
2,241,947
282,665
314,591

201409061950(201409061950)
256,652
628,271
2,241,947
282,981
314,591

201409061951(201409061951)
256,652
629,109
2,241,947
282,981
314,591

201409061952(201409061952)
256,985
629,109
2,241,947
283,458
314,831

201409061953(201409061953)
256,985
629,610
2,241,947
283,458
316,366

201409061954(201409061954)
256,985
629,610
2,241,947
283,458
316,766

201409061955(201409061955)
257,249
629,610
2,241,947
283,458
317,312

201409061956(201409061956)
257,410
629,610
2,241,947
283,458
317,312

201409061957(201409061957)
257,604
629,610
2,241,947
284,427
317,665

201409061959(201409061959)
258,257
631,480
2,241,947
284,658
318,150

201409062000(201409062000)
258,257
631,480
2,241,947
285,217
318,645

201409062001(201409062001)
258,257
631,480
2,241,947
285,382
318,645

201409062002(201409062002)
258,257
631,480
2,241,947
285,544
318,645

201409062003(201409062003)
258,257
631,480
2,241,947
285,853
318,645

201409062004(201409062004)
258,257
631,480
2,241,947
285,853
319,133

201409062005(201409062005)
258,433
631,480
2,241,947
286,357
319,133

201409062006(201409062006)
258,433
633,315
2,241,947
286,466
319,199

201409062007(201409062007)
258,433
634,659
2,241,947
286,603
319,667

201409062009(201409062009)
258,433
635,961
2,241,947
286,747
320,509

201409062010(201409062010)
259,195
635,961
2,241,947
287,353
320,849

201409062011(201409062011)
259,342
635,961
2,241,947
288,957
322,021

201409062012(201409062012)
259,655
635,961
2,241,947
289,075
322,021

201409062013(201409062013)
259,678
636,850
2,241,947
289,153
322,021

201409062014(201409062014)
259,678
636,850
2,241,947
289,402
322,598

201409062015(201409062015)
259,678
637,624
2,241,947
290,153
323,237

201409062016(201409062016)
260,097
637,639
2,241,947
290,723
323,546

201409062017(201409062017)
260,467
638,475
2,241,947
290,723
323,546

201409062019(201409062019)
260,467
638,475
2,241,947
290,723
327,411

201409062020(201409062020)
261,144
638,612
2,241,947
290,872
327,411

201409062021(201409062021)
261,144
639,828
2,241,947
290,872
327,446

201409062022(201409062022)
261,426
639,828
2,241,947
290,872
327,524

201409062023(201409062023)
261,426
640,382
2,241,947
290,872
327,524

201409062024(201409062024)
261,464
640,382
2,268,615
292,212
328,702

201409062025(201409062025)
261,656
640,523
2,268,615
292,212
328,802

201409062026(201409062026)
262,049
640,523
2,268,615
292,212
328,832

201409062027(201409062027)
262,049
640,523
2,268,615
292,308
328,832

201409062029(201409062029)
262,836
640,523
2,268,615
292,344
330,209

201409062030(201409062030)
262,836
640,523
2,268,615
293,765
330,209

201409062031(201409062031)
263,395
640,523
2,268,615
294,078
330,252

201409062032(201409062032)
263,694
640,523
2,277,084
294,078
330,252

201409062033(201409062033)
264,884
641,162
2,277,084
294,107
330,284

201409062034(201409062034)
264,884
641,162
2,277,084
295,654
330,346

201409062035(201409062035)
265,354
641,162
2,277,084
295,848
330,346

201409062036(201409062036)
265,831
641,162
2,277,084
295,955
330,515

201409062037(201409062037)
265,831
641,162
2,277,084
295,955
330,515

201409062039(201409062039)
266,897
641,162
2,312,524
296,301
330,882

201409062040(201409062040)
266,897
641,515
2,329,058
296,529
331,764

201409062041(201409062041)
267,777
642,396
2,329,058
296,975
331,764

201409062042(201409062042)
268,051
642,396
2,333,510
298,765
332,538

201409062043(201409062043)
268,069
642,396
2,333,510
298,918
333,183

201409062044(201409062044)
268,069
647,521
2,333,510
299,031
333,183

201409062045(201409062045)
268,764
647,874
2,333,510
299,076
333,237

201409062046(201409062046)
268,941
647,874
2,333,510
299,076
333,383

201409062047(201409062047)
269,797
647,874
2,333,510
299,200
335,839

201409062049(201409062049)
270,090
649,001
2,333,510
299,468
338,259

201409062050(201409062050)
271,054
649,001
2,333,510
300,269
338,447

201409062051(201409062051)
271,648
649,243
2,346,471
301,608
338,447

201409062052(201409062052)
273,172
650,119
2,346,471
301,695
338,573

201409062053(201409062053)
274,372
650,955
2,346,471
302,927
339,694

201409062054(201409062054)
275,762
650,955
2,346,471
303,031
339,911

201409062055(201409062055)
276,763
650,955
2,346,471
304,928
342,816

201409062056(201409062056)
276,763
652,039
2,346,471
305,306
342,816

201409062057(201409062057)
277,548
652,039
2,346,471
305,454
343,841

201409062059(201409062059)
277,548
653,529
2,346,471
305,488
343,841

201409062100(201409062100)
277,678
654,683
2,346,471
306,216
344,248

201409062101(201409062101)
277,678
654,683
2,346,471
306,351
344,572

201409062102(201409062102)
277,678
654,683
2,346,471
306,368
344,940

201409062103(201409062103)
277,855
654,683
2,352,062
306,821
345,488

201409062104(201409062104)
277,892
654,683
2,352,062
307,323
346,359

201409062105(201409062105)
278,621
657,507
2,377,787
307,439
346,907

201409062106(201409062106)
278,819
657,667
2,381,784
307,873
347,031

201409062107(201409062107)
279,104
657,667
2,381,784
308,166
347,580

201409062109(201409062109)
279,547
657,667
2,381,784
308,166
347,696

201409062110(201409062110)
280,392
660,216
2,381,784
308,258
348,560

201409062111(201409062111)
280,392
660,216
2,381,784
308,662
348,560

201409062112(201409062112)
281,569
660,582
2,381,784
309,641
349,046

201409062113(201409062113)
281,753
660,582
2,415,866
310,125
349,046

201409062114(201409062114)
281,963
660,582
2,420,863
310,198
349,104

201409062115(201409062115)
281,963
660,582
2,420,863
310,504
349,985

201409062116(201409062116)
282,563
660,582
2,420,863
310,504
350,382

201409062117(201409062117)
282,584
660,582
2,420,863
311,886
350,536

201409062119(201409062119)
282,834
660,582
2,420,863
311,886
352,931

201409062120(201409062120)
282,834
660,582
2,420,863
311,886
353,598

201409062121(201409062121)
283,458
660,582
2,420,863
312,447
353,990

201409062122(201409062122)
283,461
660,684
2,420,863
312,604
353,990

201409062123(201409062123)
283,461
661,880
2,421,067
312,604
354,243

201409062124(201409062124)
284,658
661,880
2,421,067
312,995
354,612

201409062125(201409062125)
285,113
661,880
2,421,067
313,500
355,265

201409062126(201409062126)
285,217
662,185
2,421,067
313,647
355,938

201409062127(201409062127)
285,382
663,900
2,433,048
315,214
356,284

201409062129(201409062129)
286,314
664,019
2,433,048
316,193
358,288

201409062130(201409062130)
286,357
664,019
2,433,048
316,420
358,520

201409062131(201409062131)
286,747
664,846
2,433,048
317,301
358,790

201409062132(201409062132)
288,066
666,560
2,433,048
317,411
359,599

201409062133(201409062133)
288,263
666,560
2,433,048
318,138
359,711

201409062134(201409062134)
289,075
666,560
2,454,051
318,150
359,719

201409062135(201409062135)
289,075
666,696
2,454,051
318,645
359,719

201409062136(201409062136)
290,332
666,696
2,454,051
319,180
360,459

201409062137(201409062137)
290,635
668,222
2,454,051
319,180
360,896

201409062139(201409062139)
291,148
669,211
2,454,051
321,560
363,019

201409062140(201409062140)
291,281
670,159
2,454,051
322,423
363,721

201409062141(201409062141)
292,308
671,409
2,454,051
323,427
364,273

201409062142(201409062142)
293,043
671,409
2,454,051
323,427
364,632

201409062143(201409062143)
293,765
671,409
2,454,051
324,211
364,632

201409062144(201409062144)
293,765
671,409
2,454,051
324,928
364,871

201409062145(201409062145)
294,094
672,086
2,454,051
324,928
364,871

201409062146(201409062146)
294,094
672,086
2,454,051
324,928
364,982

201409062147(201409062147)
294,508
672,086
2,457,906
325,076
365,549

201409062149(201409062149)
295,480
672,086
2,478,346
327,524
365,549

201409062150(201409062150)
295,480
672,086
2,478,346
328,702
365,549

201409062151(201409062151)
295,480
672,086
2,478,346
329,636
367,208

201409062152(201409062152)
295,480
672,086
2,481,044
329,636
367,208

201409062153(201409062153)
296,301
672,086
2,484,898
330,360
368,203

201409062154(201409062154)
296,301
672,357
2,488,626
330,386
368,203

201409062155(201409062155)
296,503
673,309
2,492,609
331,187
369,334

201409062156(201409062156)
296,503
673,309
2,497,270
331,187
372,302

201409062157(201409062157)
296,529
674,131
2,501,572
331,764
373,290

201409062159(201409062159)
297,522
675,183
2,529,526
332,127
373,290

201409062200(201409062200)
298,215
675,299
2,534,792
332,649
374,361

201409062201(201409062201)
298,362
675,325
2,534,792
332,649
374,361

201409062202(201409062202)
298,861
676,905
2,534,792
333,237
374,361

201409062203(201409062203)
299,031
678,211
2,536,969
333,762
375,046

201409062204(201409062204)
299,076
678,758
2,549,968
334,148
375,556

201409062205(201409062205)
299,468
680,814
2,549,968
334,568
376,294

201409062206(201409062206)
299,559
680,814
2,550,899
335,839
376,520

201409062207(201409062207)
300,162
680,814
2,550,899
335,957
376,695

201409062209(201409062209)
301,627
680,814
2,550,899
338,105
376,695

201409062210(201409062210)
301,627
681,216
2,550,899
338,573
377,163

201409062211(201409062211)
301,627
686,231
2,550,899
338,573
378,858

201409062212(201409062212)
302,147
686,524
2,558,766
338,586
379,186

201409062213(201409062213)
303,031
686,524
2,558,766
338,586
379,282

201409062214(201409062214)
304,928
686,524
2,558,766
338,921
379,637

201409062215(201409062215)
304,928
686,524
2,558,766
340,031
379,666

201409062216(201409062216)
305,488
686,829
2,560,046
341,874
379,876

201409062217(201409062217)
305,543
687,321
2,560,046
341,874
380,612

201409062219(201409062219)
307,957
688,988
2,560,046
343,841
381,144

201409062220(201409062220)
308,003
688,988
2,560,046
343,841
381,326

201409062221(201409062221)
308,166
690,269
2,560,046
343,967
382,130

201409062222(201409062222)
308,258
690,269
2,560,046
344,591
382,130

201409062223(201409062223)
308,662
690,269
2,560,046
344,669
382,130

201409062224(201409062224)
310,198
691,865
2,560,046
344,669
382,130

201409062225(201409062225)
310,919
691,865
2,560,046
345,233
382,481

201409062226(201409062226)
311,276
692,551
2,560,046
345,233
382,774

201409062227(201409062227)
311,276
693,856
2,560,046
345,863
383,626

201409062229(201409062229)
311,411
695,248
2,560,046
347,031
383,675

201409062230(201409062230)
311,886
695,248
2,560,046
347,031
384,013

201409062231(201409062231)
312,146
695,248
2,560,046
347,202
384,013

201409062232(201409062232)
312,392
695,248
2,560,046
347,202
384,516

201409062233(201409062233)
312,392
695,879
2,560,046
347,320
385,217

201409062234(201409062234)
312,874
697,423
2,560,046
347,582
386,304

201409062235(201409062235)
313,112
697,423
2,560,046
348,524
386,481

201409062236(201409062236)
313,500
698,971
2,560,046
349,046
386,481

201409062237(201409062237)
313,500
698,971
2,560,046
349,520
386,481

201409062239(201409062239)
314,136
699,529
2,560,046
349,922
387,435

201409062240(201409062240)
314,136
700,141
2,560,046
350,402
387,565

201409062241(201409062241)
314,136
700,141
2,560,046
350,702
388,740

201409062242(201409062242)
314,271
700,141
2,560,046
351,119
388,765

201409062243(201409062243)
314,271
700,141
2,560,046
351,119
388,765

201409062244(201409062244)
314,271
700,405
2,560,046
351,378
388,964

201409062245(201409062245)
314,271
700,405
2,560,046
351,478
388,964

201409062246(201409062246)
314,466
700,405
2,560,046
352,480
388,964

201409062247(201409062247)
315,252
700,405
2,560,046
352,480
388,964

201409062249(201409062249)
315,457
700,491
2,581,160
352,931
389,545

201409062250(201409062250)
315,525
700,491
2,581,160
353,070
390,605

201409062251(201409062251)
315,814
700,491
2,581,160
353,070
390,605

201409062252(201409062252)
315,814
700,491
2,581,160
353,070
390,605

201409062253(201409062253)
315,814
700,677
2,594,483
353,115
390,605

201409062254(201409062254)
317,017
701,419
2,594,483
353,598
391,437

201409062255(201409062255)
317,017
701,578
2,594,988
353,598
391,437

201409062256(201409062256)
317,511
701,632
2,597,684
353,750
391,437

201409062257(201409062257)
317,964
701,632
2,621,084
353,990
392,476

201409062259(201409062259)
319,133
701,632
2,656,892
354,164
394,792

201409062300(201409062300)
319,133
702,092
2,662,589
354,579
395,125

201409062301(201409062301)
319,133
702,322
2,664,239
354,579
395,796

201409062302(201409062302)
319,667
702,322
2,685,132
354,698
396,689

201409062303(201409062303)
319,667
702,336
2,689,268
355,265
397,405

201409062304(201409062304)
319,667
702,336
2,700,237
355,265
397,405

201409062305(201409062305)
320,550
702,603
2,700,237
355,711
398,353

201409062306(201409062306)
320,550
702,603
2,700,237
355,711
398,727

201409062307(201409062307)
320,849
703,435
2,700,237
355,711
398,727

201409062309(201409062309)
321,014
703,526
2,700,237
356,701
400,065

201409062310(201409062310)
321,014
703,573
2,700,237
356,752
400,065

201409062311(201409062311)
321,371
703,573
2,700,237
357,602
400,065

201409062312(201409062312)
321,371
703,573
2,700,237
357,688
400,822

201409062313(201409062313)
321,371
703,573
2,700,237
357,688
400,822

201409062314(201409062314)
321,452
703,573
2,700,237
357,688
400,822

201409062315(201409062315)
321,454
703,573
2,707,904
357,688
400,913

201409062316(201409062316)
321,774
703,573
2,707,904
357,688
400,913

201409062317(201409062317)
321,774
704,798
2,707,904
357,688
400,913

201409062319(201409062319)
323,280
705,768
2,707,904
358,528
400,913

201409062320(201409062320)
323,427
706,051
2,707,904
358,790
401,423

201409062321(201409062321)
324,518
707,480
2,707,904
358,793
401,813

201409062322(201409062322)
324,518
707,584
2,707,904
359,711
402,102

201409062323(201409062323)
324,518
709,561
2,707,904
359,711
402,102

201409062324(201409062324)
324,518
709,561
2,707,904
359,711
402,328

201409062325(201409062325)
325,002
710,539
2,707,904
359,711
402,328

201409062326(201409062326)
327,411
710,962
2,707,904
361,647
403,200

201409062327(201409062327)
327,650
711,929
2,707,904
363,197
403,457

201409062329(201409062329)
329,006
712,034
2,707,904
364,063
405,121

201409062330(201409062330)
329,006
712,034
2,707,904
364,063
405,121

201409062331(201409062331)
329,636
712,034
2,731,661
364,063
405,621

201409062332(201409062332)
329,636
712,479
2,731,661
364,063
405,701

201409062333(201409062333)
330,882
712,479
2,731,661
364,367
405,996

201409062334(201409062334)
331,187
712,479
2,731,661
364,871
406,174

201409062335(201409062335)
331,583
712,479
2,731,661
365,549
406,713

201409062336(201409062336)
332,477
713,367
2,731,661
366,061
407,251

201409062337(201409062337)
332,878
713,783
2,731,661
366,184
407,687

201409062339(201409062339)
335,676
714,557
2,731,661
367,864
409,210

201409062340(201409062340)
336,651
718,159
2,731,661
368,415
409,814

201409062341(201409062341)
337,529
718,159
2,731,661
368,593
409,828

201409062342(201409062342)
337,599
718,939
2,731,661
368,593
409,828

201409062343(201409062343)
337,810
718,939
2,731,661
368,817
410,063

201409062344(201409062344)
337,999
718,939
2,731,661
368,899
410,063

201409062345(201409062345)
338,573
719,496
2,731,661
369,138
410,063

201409062346(201409062346)
338,586
721,045
2,731,661
369,334
410,063

201409062347(201409062347)
339,128
721,702
2,731,661
372,302
411,474

201409062349(201409062349)
340,031
722,787
2,731,661
372,302
412,202

201409062350(201409062350)
340,609
722,787
2,731,661
372,302
412,811

201409062351(201409062351)
341,545
722,787
2,731,661
372,930
412,811

201409062352(201409062352)
341,545
723,811
2,731,661
372,930
412,811

201409062353(201409062353)
341,545
723,811
2,731,661
372,930
413,000

201409062354(201409062354)
341,545
724,340
2,731,661
373,222
413,952

201409062355(201409062355)
341,874
724,475
2,731,661
373,222
415,142

201409062356(201409062356)
342,304
724,515
2,731,661
373,222
416,520

201409062357(201409062357)
342,550
724,623
2,731,661
373,222
416,520

201409062359(201409062359)
343,587
728,651
2,731,661
373,222
416,520

201409070000(201409070000)
343,587
731,733
2,731,661
374,205
417,256

201409070001(201409070001)
343,841
731,733
2,731,661
375,210
417,256

201409070002(201409070002)
343,841
731,809
2,734,808
376,520
418,315

201409070003(201409070003)
343,841
731,971
2,734,808
377,212
418,675

201409070004(201409070004)
344,521
732,079
2,734,808
377,212
418,926

201409070005(201409070005)
344,771
732,096
2,734,808
377,553
418,926

201409070006(201409070006)
345,071
733,374
2,734,808
377,681
419,416

201409070007(201409070007)
345,233
733,374
2,734,808
378,858
419,526

201409070009(201409070009)
345,863
733,464
2,734,808
379,354
419,526

201409070010(201409070010)
345,863
734,195
2,734,808
379,354
421,226

201409070011(201409070011)
345,863
734,299
2,734,808
379,354
421,226

201409070012(201409070012)
345,863
735,902
2,734,808
379,354
421,527

201409070013(201409070013)
345,892
736,108
2,734,808
379,637
422,025

201409070014(201409070014)
345,892
736,108
2,734,808
379,876
422,025

201409070015(201409070015)
346,045
736,849
2,734,808
380,018
422,546

201409070016(201409070016)
346,045
737,265
2,734,808
380,466
422,546

201409070017(201409070017)
346,104
737,265
2,751,817
380,612
423,938

201409070019(201409070019)
346,292
737,493
2,751,817
382,063
424,384

201409070020(201409070020)
346,339
737,493
2,751,817
382,130
424,384

201409070021(201409070021)
346,483
737,493
2,751,817
383,536
424,384

201409070022(201409070022)
347,031
739,582
2,751,817
383,717
424,384

201409070023(201409070023)
347,231
739,635
2,751,817
383,717
424,384

201409070024(201409070024)
347,551
741,520
2,751,817
383,717
425,230

201409070025(201409070025)
347,551
741,520
2,751,817
384,126
426,455

201409070026(201409070026)
349,187
742,409
2,751,817
384,126
426,914

201409070027(201409070027)
349,922
742,623
2,751,817
384,463
427,336

201409070029(201409070029)
350,574
742,832
2,751,817
384,941
427,719

201409070030(201409070030)
350,717
743,327
2,751,817
385,516
427,772

201409070031(201409070031)
351,476
743,544
2,751,921
385,516
427,772

201409070032(201409070032)
351,476
743,544
2,751,921
386,304
427,978

201409070033(201409070033)
351,476
743,544
2,757,446
386,304
427,978

201409070034(201409070034)
352,400
743,544
2,757,446
387,565
427,978

201409070035(201409070035)
352,480
743,544
2,757,446
387,952
428,183

201409070036(201409070036)
352,931
743,864
2,757,446
388,054
428,183

201409070037(201409070037)
353,070
743,864
2,757,446
388,207
428,183

201409070039(201409070039)
353,070
744,511
2,757,446
388,462
428,436

201409070040(201409070040)
353,598
744,511
2,757,446
388,765
431,211

201409070041(201409070041)
354,033
744,769
2,757,446
390,583
431,791

201409070042(201409070042)
354,033
744,769
2,757,446
391,135
431,791

201409070043(201409070043)
354,128
744,769
2,761,898
391,437
431,791

201409070044(201409070044)
354,230
745,294
2,761,898
391,626
431,791

201409070045(201409070045)
355,265
745,294
2,761,898
391,626
432,199

201409070046(201409070046)
355,297
745,294
2,761,898
391,806
432,365

201409070047(201409070047)
355,297
745,294
2,776,570
391,806
432,365

201409070049(201409070049)
355,711
748,279
2,776,570
392,345
435,464

201409070050(201409070050)
355,711
749,468
2,776,570
392,989
435,888

201409070051(201409070051)
356,334
750,462
2,776,570
393,626
436,372

201409070052(201409070052)
357,300
750,560
2,776,570
395,796
436,372

201409070053(201409070053)
357,454
750,658
2,776,570
396,191
436,372

201409070054(201409070054)
357,806
751,321
2,776,570
396,334
437,422

201409070055(201409070055)
357,806
751,321
2,776,570
397,405
437,883

201409070056(201409070056)
358,288
751,321
2,776,570
397,522
437,883

201409070057(201409070057)
358,333
753,323
2,776,570
397,783
437,883

201409070059(201409070059)
358,793
753,722
2,776,624
398,353
439,563

201409070100(201409070100)
358,793
753,722
2,776,624
399,409
440,745

201409070101(201409070101)
358,793
753,722
2,776,624
399,409
440,745

201409070102(201409070102)
359,711
756,248
2,781,421
399,673
440,843

201409070103(201409070103)
362,374
758,285
2,781,421
399,824
442,546

201409070104(201409070104)
362,526
758,582
2,781,421
400,078
443,038

201409070105(201409070105)
363,409
758,582
2,781,421
400,913
443,038

201409070106(201409070106)
363,612
758,582
2,781,421
401,423
443,470

201409070107(201409070107)
364,059
759,281
2,798,242
402,089
444,749

201409070109(201409070109)
364,467
762,777
2,798,242
402,102
445,191

201409070110(201409070110)
364,578
762,777
2,798,242
402,102
445,191

201409070111(201409070111)
364,578
762,777
2,798,242
402,151
445,425

201409070112(201409070112)
364,871
762,777
2,798,242
402,328
446,618

201409070113(201409070113)
364,871
762,777
2,798,242
402,328
447,498

201409070114(201409070114)
364,929
762,777
2,798,242
402,328
447,763

201409070115(201409070115)
364,929
762,777
2,798,242
402,560
447,763

201409070116(201409070116)
365,033
765,273
2,798,242
403,027
447,763

201409070117(201409070117)
365,033
765,528
2,798,242
403,027
447,763

201409070119(201409070119)
366,061
766,209
2,798,242
403,200
448,090

201409070120(201409070120)
366,184
768,032
2,798,242
403,736
448,279

201409070121(201409070121)
367,394
768,032
2,798,242
405,084
448,279

201409070122(201409070122)
368,488
768,032
2,798,242
405,673
449,032

201409070123(201409070123)
368,488
768,032
2,798,242
405,673
449,642

201409070124(201409070124)
368,817
768,032
2,798,242
405,842
449,857

201409070125(201409070125)
368,899
768,671
2,798,242
406,242
450,055

201409070126(201409070126)
368,899
769,772
2,798,242
406,242
450,055

201409070127(201409070127)
368,899
769,772
2,798,242
406,242
450,055

201409070129(201409070129)
370,233
773,192
2,798,242
406,713
450,911

201409070130(201409070130)
371,138
773,887
2,798,242
406,944
451,438

201409070131(201409070131)
371,138
775,185
2,798,242
406,944
451,471

201409070132(201409070132)
371,690
775,185
2,798,242
408,151
451,753

201409070133(201409070133)
371,998
775,185
2,798,242
408,625
453,166

201409070134(201409070134)
371,998
775,185
2,798,242
408,625
453,166

201409070135(201409070135)
372,302
775,185
2,798,637
409,028
454,792

201409070136(201409070136)
372,302
775,185
2,798,637
409,028
454,792

201409070137(201409070137)
372,827
776,467
2,798,637
409,028
454,983

201409070139(201409070139)
372,827
776,467
2,798,637
409,028
455,363

201409070140(201409070140)
372,827
776,467
2,798,637
409,028
455,363

201409070141(201409070141)
372,843
776,467
2,798,637
409,164
456,116

201409070142(201409070142)
372,843
777,022
2,798,637
409,164
456,116

201409070143(201409070143)
372,843
777,022
2,798,637
409,164
456,116

201409070144(201409070144)
374,190
777,022
2,798,637
409,679
456,345

201409070145(201409070145)
374,190
777,022
2,798,637
410,020
456,393

201409070146(201409070146)
375,046
777,022
2,798,637
411,708
456,459

201409070147(201409070147)
375,210
778,221
2,798,637
412,017
456,459

201409070149(201409070149)
375,556
778,385
2,798,637
412,811
457,045

201409070150(201409070150)
375,556
778,539
2,798,637
412,811
457,045

201409070151(201409070151)
375,556
778,539
2,798,637
412,811
457,045

201409070152(201409070152)
375,742
778,539
2,798,637
413,075
457,079

201409070153(201409070153)
375,742
778,539
2,798,637
413,075
457,079

201409070154(201409070154)
375,742
778,550
2,798,637
413,075
457,079

201409070155(201409070155)
376,435
778,550
2,798,637
413,075
457,079

201409070156(201409070156)
376,446
778,550
2,798,637
413,075
457,324

201409070157(201409070157)
377,212
778,550
2,798,637
413,075
457,324

201409070159(201409070159)
378,292
778,550
2,798,637
413,187
457,324

201409070200(201409070200)
378,292
778,550
2,798,637
413,187
457,324

201409070201(201409070201)
378,292
779,830
2,798,637
413,187
457,324

201409070202(201409070202)
378,858
779,830
2,798,637
413,967
457,324

201409070203(201409070203)
378,858
780,455
2,798,637
413,967
457,324

201409070204(201409070204)
379,025
780,527
2,802,125
413,967
457,324

201409070205(201409070205)
379,025
782,423
2,802,125
413,967
457,324

201409070206(201409070206)
379,572
783,649
2,802,125
413,967
457,324

201409070207(201409070207)
379,572
783,947
2,802,125
413,967
457,324

201409070209(201409070209)
379,637
786,252
2,802,125
413,967
457,324

201409070210(201409070210)
379,637
786,252
2,803,806
414,230
457,324

201409070211(201409070211)
379,637
786,252
2,813,489
414,230
457,324

201409070212(201409070212)
379,876
786,447
2,818,964
414,230
457,324

201409070213(201409070213)
379,876
786,447
2,818,964
414,535
457,324

201409070214(201409070214)
379,876
786,447
2,818,964
414,854
457,830

201409070215(201409070215)
379,876
787,999
2,818,964
414,854
457,830

201409070216(201409070216)
379,876
789,581
2,818,964
414,854
457,830

201409070217(201409070217)
379,876
789,581
2,818,964
414,854
458,598

201409070219(201409070219)
380,470
789,581
2,818,964
415,139
458,598

201409070220(201409070220)
380,671
789,581
2,818,964
415,246
458,598

201409070221(201409070221)
380,965
789,581
2,818,964
415,246
459,427

201409070222(201409070222)
381,325
789,581
2,818,964
416,185
459,771

201409070223(201409070223)
381,400
789,581
2,818,964
416,185
459,986

201409070224(201409070224)
381,491
789,581
2,818,964
416,185
460,618

201409070225(201409070225)
381,491
789,581
2,818,964
416,185
460,618

201409070226(201409070226)
381,491
789,581
2,818,964
416,185
460,618

201409070227(201409070227)
381,914
789,581
2,818,964
416,268
460,830

201409070229(201409070229)
383,717
789,581
2,829,375
417,018
461,272

201409070230(201409070230)
383,717
789,581
2,829,375
417,371
461,272

201409070231(201409070231)
383,717
789,769
2,829,375
417,371
461,298

201409070232(201409070232)
384,571
789,769
2,829,375
417,627
461,327

201409070233(201409070233)
384,571
789,769
2,829,375
417,627
462,155

201409070234(201409070234)
384,941
789,769
2,829,375
418,135
462,889

201409070235(201409070235)
385,336
789,769
2,829,375
419,024
464,135

201409070236(201409070236)
385,516
790,331
2,829,375
419,024
464,135

201409070237(201409070237)
386,006
791,023
2,829,375
419,024
464,135

201409070239(201409070239)
386,304
791,023
2,829,375
420,243
464,135

201409070240(201409070240)
386,559
792,079
2,829,375
420,395
464,135

201409070241(201409070241)
386,559
792,079
2,829,375
420,557
464,995

201409070242(201409070242)
386,559
792,079
2,829,375
420,557
464,995

201409070243(201409070243)
386,559
792,079
2,829,375
420,772
464,995

201409070244(201409070244)
386,559
792,079
2,829,375
420,772
465,320

201409070245(201409070245)
387,466
792,079
2,829,375
421,571
465,321

201409070246(201409070246)
387,466
792,079
2,829,375
422,263
465,582

201409070247(201409070247)
387,466
792,079
2,829,375
422,263
465,582

201409070249(201409070249)
387,466
792,079
2,829,375
422,263
465,582

201409070250(201409070250)
387,565
792,079
2,829,375
422,634
465,655

201409070251(201409070251)
388,310
794,659
2,829,375
422,763
465,655

201409070252(201409070252)
388,740
794,659
2,829,375
422,987
467,321

201409070253(201409070253)
390,821
794,980
2,829,375
422,987
467,604

201409070254(201409070254)
390,821
794,980
2,829,375
422,987
467,604

201409070255(201409070255)
391,437
795,056
2,829,375
424,384
468,139

201409070256(201409070256)
391,710
795,056
2,829,375
424,384
468,143

201409070257(201409070257)
391,710
796,073
2,829,375
424,384
468,489

201409070259(201409070259)
391,968
796,173
2,829,375
427,164
469,174

201409070300(201409070300)
391,968
798,751
2,829,375
427,336
469,174

201409070301(201409070301)
391,968
798,851
2,829,375
427,336
469,511

201409070302(201409070302)
392,345
798,901
2,829,375
427,336
469,511

201409070303(201409070303)
392,345
799,745
2,829,375
427,336
469,511

201409070304(201409070304)
393,610
799,745
2,829,375
427,336
470,630

201409070305(201409070305)
393,610
799,745
2,829,375
427,336
470,690

201409070306(201409070306)
393,610
799,745
2,833,732
427,336
470,690

201409070307(201409070307)
393,958
799,745
2,833,732
427,336
470,941

201409070309(201409070309)
394,207
799,745
2,833,732
427,336
472,633

201409070310(201409070310)
394,207
799,745
2,833,732
427,587
472,633

201409070311(201409070311)
394,207
799,745
2,833,732
427,587
472,741

201409070312(201409070312)
394,207
799,745
2,833,732
427,719
472,741

201409070313(201409070313)
394,207
799,745
2,833,732
427,719
472,741

201409070314(201409070314)
394,863
799,745
2,833,732
428,551
474,269

201409070315(201409070315)
394,863
799,745
2,833,732
428,551
474,269

201409070316(201409070316)
394,863
799,745
2,833,732
428,551
475,555

201409070317(201409070317)
394,863
799,745
2,833,732
428,551
475,555

201409070319(201409070319)
394,863
802,109
2,837,705
428,551
475,555

201409070320(201409070320)
394,863
802,109
2,925,923
428,551
475,555

201409070321(201409070321)
395,796
802,109
2,925,923
429,328
475,555

201409070322(201409070322)
396,191
802,109
2,925,923
429,400
475,606

201409070323(201409070323)
396,191
802,109
2,925,923
429,400
475,606

201409070324(201409070324)
396,191
802,109
2,925,923
429,400
475,857

201409070325(201409070325)
396,191
802,506
2,925,923
429,794
477,026

201409070326(201409070326)
396,191
804,798
2,925,923
432,102
477,096

201409070327(201409070327)
396,191
804,798
2,925,923
432,102
477,096

201409070329(201409070329)
396,478
808,161
2,925,923
432,199
477,259

201409070330(201409070330)
396,478
808,161
2,925,923
432,199
477,815

201409070331(201409070331)
396,478
808,161
2,925,923
432,199
477,886

201409070332(201409070332)
396,478
808,161
2,925,923
432,199
477,886

201409070333(201409070333)
396,478
808,161
2,925,923
432,199
477,886

201409070334(201409070334)
396,744
808,161
2,925,923
432,199
477,886

201409070335(201409070335)
396,744
808,771
2,925,923
432,199
477,886

201409070336(201409070336)
397,129
808,771
2,925,923
433,888
478,431

201409070337(201409070337)
397,405
808,771
2,925,923
433,888
478,883

201409070339(201409070339)
397,405
813,422
2,925,923
433,888
478,883

201409070340(201409070340)
397,793
813,422
2,925,923
434,199
478,883

201409070341(201409070341)
397,793
816,216
2,925,923
434,199
478,883

201409070342(201409070342)
397,793
816,216
2,925,923
434,715
478,883

201409070343(201409070343)
397,883
816,216
2,925,923
434,715
479,155

201409070344(201409070344)
397,883
816,216
2,925,923
434,715
479,458

201409070345(201409070345)
397,883
816,216
2,925,923
434,715
479,458

201409070346(201409070346)
397,883
816,216
2,925,923
434,715
479,458

201409070347(201409070347)
397,883
816,216
2,925,923
434,715
479,458

201409070349(201409070349)
397,883
816,570
2,925,923
434,801
479,458

201409070350(201409070350)
397,883
816,570
2,925,923
434,801
479,458

201409070351(201409070351)
398,348
816,570
2,925,923
435,132
479,735

201409070352(201409070352)
398,533
816,570
2,925,923
435,464
480,052

201409070353(201409070353)
398,533
818,015
2,925,923
435,464
480,052

201409070354(201409070354)
398,533
818,015
2,925,923
435,464
480,052

201409070355(201409070355)
399,785
818,015
2,925,923
435,888
480,630

201409070356(201409070356)
399,785
818,015
2,925,923
435,888
480,630

201409070357(201409070357)
399,785
818,015
2,925,923
435,888
480,630

201409070359(201409070359)
399,785
818,015
2,925,923
435,888
480,630

201409070400(201409070400)
399,785
818,015
2,925,923
435,888
480,630

201409070401(201409070401)
399,785
818,015
2,925,923
435,888
483,342

201409070402(201409070402)
399,801
818,015
2,925,923
435,888
483,342

201409070403(201409070403)
399,801
818,015
2,925,923
435,888
483,342

201409070404(201409070404)
401,321
818,015
2,925,923
436,831
483,797

201409070405(201409070405)
401,321
818,015
2,925,923
436,831
483,797

201409070406(201409070406)
401,321
818,015
2,925,923
436,831
484,003

201409070407(201409070407)
401,321
818,015
2,925,923
437,883
484,162

201409070409(201409070409)
401,321
818,015
2,925,923
437,883
484,162

201409070410(201409070410)
401,321
818,015
2,925,923
438,920
484,162

201409070411(201409070411)
401,321
818,015
2,925,923
439,124
484,162

201409070412(201409070412)
401,321
818,015
2,925,923
439,563
484,162

201409070413(201409070413)
401,321
818,015
2,925,923
439,563
484,162

201409070414(201409070414)
401,321
818,015
2,925,923
439,563
484,162

201409070415(201409070415)
401,321
818,015
2,925,923
439,563
484,162

201409070416(201409070416)
401,321
818,015
2,925,923
439,563
484,162

201409070417(201409070417)
401,321
818,015
2,925,923
439,563
484,162

201409070419(201409070419)
401,321
818,015
2,925,923
440,550
484,162

201409070420(201409070420)
401,321
818,015
2,925,923
440,550
484,162

201409070421(201409070421)
401,423
818,015
2,925,923
440,745
484,162

201409070422(201409070422)
401,423
818,015
2,925,923
440,745
484,162

201409070423(201409070423)
401,423
818,015
2,925,923
440,770
484,162

201409070424(201409070424)
401,423
818,015
2,925,923
440,770
484,162

201409070425(201409070425)
401,623
818,015
2,925,923
440,770
484,162

201409070426(201409070426)
401,623
818,015
2,925,923
440,770
484,162

201409070427(201409070427)
401,623
818,015
2,925,923
440,770
484,162

201409070429(201409070429)
401,623
818,015
2,925,923
440,770
484,162

201409070430(201409070430)
401,623
820,184
2,925,923
441,201
484,658

201409070431(201409070431)
401,623
820,184
2,925,923
441,445
484,658

201409070432(201409070432)
401,623
820,184
2,925,923
441,445
484,658

201409070433(201409070433)
401,623
820,184
2,925,923
441,445
484,658

201409070434(201409070434)
401,623
822,306
2,925,923
441,445
484,658

201409070435(201409070435)
401,623
822,306
2,925,923
441,445
484,658

201409070436(201409070436)
401,800
822,306
2,950,465
441,969
484,751

201409070437(201409070437)
401,800
822,306
2,950,465
441,969
484,751

201409070439(201409070439)
402,209
822,306
2,950,465
441,969
485,411

201409070440(201409070440)
402,209
822,306
2,950,465
441,969
485,411

201409070441(201409070441)
402,209
822,306
2,950,465
441,969
485,411

201409070442(201409070442)
402,209
822,306
2,950,465
441,969
485,411

201409070443(201409070443)
402,328
822,848
2,950,465
441,969
485,501

201409070444(201409070444)
402,328
822,848
2,950,465
441,969
485,501

201409070445(201409070445)
402,328
822,848
2,950,465
441,969
485,501

201409070446(201409070446)
402,328
822,848
2,950,465
441,969
485,501

201409070447(201409070447)
402,610
822,848
2,950,465
441,969
485,501

201409070449(201409070449)
402,610
822,848
2,950,465
441,969
485,501

201409070450(201409070450)
402,610
822,848
2,950,465
442,894
485,501

201409070451(201409070451)
402,610
822,848
2,950,465
442,894
485,501

201409070452(201409070452)
402,610
823,473
2,950,465
442,894
485,501

201409070453(201409070453)
402,610
823,473
2,950,465
442,894
485,501

201409070454(201409070454)
402,637
823,473
2,950,465
442,894
485,501

201409070455(201409070455)
402,637
823,473
2,950,465
442,894
485,501

201409070456(201409070456)
402,637
823,473
2,950,465
442,894
485,501

201409070457(201409070457)
402,637
823,473
2,950,465
442,894
485,501

201409070459(201409070459)
403,394
823,473
2,950,465
444,750
485,695

201409070500(201409070500)
403,394
823,473
2,950,465
444,750
485,695

201409070501(201409070501)
403,394
823,655
2,950,465
444,750
485,695

201409070502(201409070502)
403,394
823,655
2,950,465
444,750
485,986

201409070503(201409070503)
403,736
823,655
2,950,465
445,049
485,986

201409070504(201409070504)
403,736
824,227
2,950,465
445,049
486,868

201409070505(201409070505)
403,736
824,227
2,950,465
445,049
486,868

201409070506(201409070506)
403,736
824,348
2,950,465
445,049
487,069

201409070507(201409070507)
403,736
824,348
2,950,465
445,191
487,069

201409070509(201409070509)
404,013
828,297
2,950,465
445,191
487,069

201409070510(201409070510)
404,013
828,297
2,950,465
445,191
487,069

201409070511(201409070511)
404,013
828,297
2,950,465
445,191
487,069

201409070512(201409070512)
404,272
828,297
2,950,465
445,191
487,069

201409070513(201409070513)
404,629
828,297
2,950,465
445,191
487,069

201409070514(201409070514)
404,676
828,297
2,950,465
445,191
487,708

201409070515(201409070515)
404,676
829,816
2,950,465
445,191
487,708

201409070516(201409070516)
404,676
829,816
2,950,465
445,191
487,708

201409070517(201409070517)
405,084
829,816
2,950,465
445,410
487,708

201409070519(201409070519)
405,084
830,625
2,950,465
445,425
488,068

201409070520(201409070520)
405,084
830,625
2,950,465
445,425
488,068

201409070521(201409070521)
405,084
830,625
2,950,465
445,425
488,068

201409070522(201409070522)
405,211
830,625
2,950,465
445,833
488,428

201409070523(201409070523)
405,673
830,625
2,950,465
445,833
488,659

201409070524(201409070524)
405,673
830,625
2,950,465
446,078
488,659

201409070525(201409070525)
405,673
830,625
2,950,465
446,078
488,659

201409070526(201409070526)
405,673
830,625
2,950,465
446,078
488,888

201409070527(201409070527)
405,673
830,625
2,950,465
446,932
488,888

201409070529(201409070529)
405,673
830,625
2,950,465
446,932
488,888

201409070530(201409070530)
405,673
830,625
2,950,465
446,932
489,046

201409070531(201409070531)
405,673
830,625
2,950,465
446,932
489,225

201409070532(201409070532)
405,673
831,913
2,950,465
446,932
489,225

201409070533(201409070533)
405,673
832,085
2,950,465
448,090
489,225

201409070534(201409070534)
405,673
832,085
2,950,465
448,090
489,225

201409070535(201409070535)
405,673
832,085
2,950,465
448,090
489,225

201409070536(201409070536)
405,842
832,537
2,950,465
448,090
489,703

201409070537(201409070537)
405,842
832,537
2,950,465
448,090
490,634

201409070539(201409070539)
405,842
832,537
2,950,465
448,090
490,931

201409070540(201409070540)
405,842
832,537
2,950,465
448,090
490,931

201409070541(201409070541)
405,842
832,537
2,950,465
448,090
490,931

201409070542(201409070542)
406,242
832,537
2,950,465
448,090
490,931

201409070543(201409070543)
406,242
832,537
2,950,465
448,090
490,931

201409070544(201409070544)
406,242
832,537
2,950,766
448,090
490,931

201409070545(201409070545)
406,242
832,537
2,951,492
448,204
490,931

201409070546(201409070546)
406,242
832,537
2,975,589
448,204
490,931

201409070547(201409070547)
406,242
832,537
2,982,645
448,204
490,931

201409070549(201409070549)
406,242
832,537
2,993,433
448,204
491,034

201409070550(201409070550)
406,533
832,537
3,001,093
448,519
491,034

201409070551(201409070551)
407,736
832,537
3,005,154
448,519
491,034

201409070552(201409070552)
407,736
832,537
3,008,751
448,519
491,265

201409070553(201409070553)
407,736
832,537
3,008,751
448,527
491,265

201409070554(201409070554)
408,151
832,537
3,008,751
448,527
491,265

201409070555(201409070555)
408,151
832,537
3,011,315
448,527
491,744

201409070556(201409070556)
408,290
832,537
3,011,315
449,032
491,744

201409070557(201409070557)
408,290
832,537
3,011,315
449,032
491,744

201409070559(201409070559)
408,290
832,537
3,011,315
449,032
491,899

201409070600(201409070600)
408,290
832,537
3,011,315
449,032
491,899

201409070601(201409070601)
408,290
832,537
3,011,315
449,032
491,899

201409070602(201409070602)
408,290
832,537
3,011,315
449,154
491,899

201409070603(201409070603)
408,290
832,537
3,011,315
449,642
492,742

201409070604(201409070604)
408,290
832,537
3,011,315
449,642
492,742

201409070605(201409070605)
408,290
832,537
3,011,315
449,642
492,742

201409070606(201409070606)
408,290
832,537
3,011,315
449,642
492,764

201409070607(201409070607)
408,290
832,537
3,011,315
449,642
492,882

201409070609(201409070609)
408,864
832,537
3,011,315
449,642
493,773

201409070610(201409070610)
408,864
832,537
3,011,315
449,642
493,773

201409070611(201409070611)
408,864
832,537
3,011,315
449,642
493,773

201409070612(201409070612)
408,864
832,537
3,011,315
450,270
493,773

201409070613(201409070613)
408,864
832,537
3,011,315
450,270
493,773

201409070614(201409070614)
409,028
832,537
3,011,315
450,270
493,773

201409070615(201409070615)
409,028
832,537
3,011,315
450,270
493,773

201409070616(201409070616)
409,028
832,537
3,011,315
450,813
493,773

201409070617(201409070617)
409,028
832,537
3,011,315
450,813
493,773

201409070619(201409070619)
409,028
832,537
3,011,315
451,281
493,773

201409070620(201409070620)
409,028
835,116
3,011,315
451,281
493,879

201409070621(201409070621)
409,164
835,116
3,011,315
451,281
494,367

201409070622(201409070622)
409,164
835,116
3,011,315
451,281
494,462

201409070623(201409070623)
409,164
835,116
3,011,315
451,438
494,462

201409070624(201409070624)
409,164
835,482
3,011,315
451,438
494,462

201409070625(201409070625)
409,164
835,482
3,011,315
451,577
494,462

201409070626(201409070626)
409,164
835,482
3,011,315
451,577
494,462

201409070627(201409070627)
409,164
835,482
3,011,315
451,577
494,750

201409070629(201409070629)
409,164
835,482
3,011,315
451,577
494,750

201409070630(201409070630)
409,679
835,482
3,011,315
451,622
494,930

201409070631(201409070631)
409,679
835,482
3,011,315
451,753
494,985

201409070632(201409070632)
409,679
835,482
3,011,315
451,753
494,985

201409070633(201409070633)
409,679
835,482
3,011,315
451,753
495,914

201409070634(201409070634)
410,499
835,482
3,011,315
454,792
496,057

201409070635(201409070635)
410,499
835,482
3,011,315
454,792
497,004

201409070636(201409070636)
410,499
835,482
3,011,315
454,792
497,004

201409070637(201409070637)
410,499
835,482
3,011,315
454,792
497,004

201409070639(201409070639)
411,677
835,482
3,011,315
454,792
497,807

201409070640(201409070640)
411,708
835,482
3,011,315
454,792
497,807

201409070641(201409070641)
411,708
835,482
3,011,315
454,890
497,894

201409070642(201409070642)
412,017
835,482
3,011,315
454,983
497,894

201409070643(201409070643)
412,831
835,482
3,011,315
455,966
498,365

201409070644(201409070644)
413,075
835,482
3,011,315
455,966
498,829

201409070645(201409070645)
413,075
835,482
3,011,315
455,966
498,829

201409070646(201409070646)
413,075
835,584
3,011,315
456,345
498,829

201409070647(201409070647)
413,094
836,489
3,011,315
456,345
499,126

201409070649(201409070649)
413,113
839,101
3,011,315
456,393
499,126

201409070650(201409070650)
413,113
839,101
3,011,315
456,393
499,126

201409070651(201409070651)
413,967
839,101
3,011,315
457,045
500,209

201409070652(201409070652)
413,967
839,101
3,011,315
457,045
500,209

201409070653(201409070653)
414,230
839,101
3,011,315
457,230
501,035

201409070654(201409070654)
415,725
839,101
3,011,315
457,230
501,035

201409070655(201409070655)
415,839
839,101
3,011,315
457,230
501,140

201409070656(201409070656)
415,881
839,101
3,011,315
457,254
501,499

201409070657(201409070657)
415,881
839,101
3,011,315
457,254
501,499

201409070659(201409070659)
416,185
839,124
3,011,315
457,324
501,499

201409070700(201409070700)
416,185
839,124
3,011,315
457,597
503,495

201409070701(201409070701)
416,185
839,401
3,011,315
457,597
503,495

201409070702(201409070702)
416,185
839,401
3,011,315
457,597
503,495

201409070703(201409070703)
416,268
839,401
3,011,315
457,597
503,495

201409070704(201409070704)
416,644
839,401
3,011,315
457,816
503,495

201409070705(201409070705)
416,644
839,401
3,011,315
457,816
503,495

201409070706(201409070706)
416,644
839,401
3,011,315
457,816
503,495

201409070707(201409070707)
417,018
840,474
3,011,315
457,816
504,124

201409070709(201409070709)
417,018
840,474
3,011,315
457,830
504,124

201409070710(201409070710)
417,371
840,474
3,011,315
457,914
505,236

201409070711(201409070711)
417,371
841,212
3,011,315
458,103
505,236

201409070712(201409070712)
417,371
841,788
3,011,315
458,103
505,236

201409070713(201409070713)
417,371
842,405
3,011,315
458,103
505,236

201409070714(201409070714)
417,371
842,460
3,011,315
458,103
505,236

201409070715(201409070715)
417,371
842,460
3,011,315
458,136
505,760

201409070716(201409070716)
417,371
842,515
3,011,315
458,136
505,760

201409070717(201409070717)
417,371
842,798
3,011,315
458,136
506,694

201409070719(201409070719)
417,627
843,489
3,011,315
458,136
506,694

201409070720(201409070720)
418,315
843,489
3,011,315
458,598
506,694

201409070721(201409070721)
418,315
843,489
3,011,315
458,598
506,694

201409070722(201409070722)
418,315
843,489
3,011,315
459,427
507,140

201409070723(201409070723)
418,802
843,489
3,011,315
459,539
507,140

201409070724(201409070724)
419,558
843,489
3,011,315
459,539
507,140

201409070725(201409070725)
420,557
843,489
3,011,315
459,539
507,140

201409070726(201409070726)
420,697
843,489
3,011,315
459,539
507,140

201409070727(201409070727)
420,697
843,489
3,011,315
460,711
507,625

201409070729(201409070729)
421,257
844,274
3,011,315
460,711
507,810

201409070730(201409070730)
421,257
844,274
3,011,315
460,711
508,539

201409070731(201409070731)
421,562
844,805
3,011,315
460,711
508,539

201409070732(201409070732)
422,263
845,688
3,011,315
461,272
508,540

201409070733(201409070733)
422,263
845,688
3,011,315
461,272
508,540

201409070734(201409070734)
422,263
845,688
3,011,315
461,272
508,540

201409070735(201409070735)
422,263
845,688
3,011,315
461,327
508,540

201409070736(201409070736)
422,763
845,688
3,046,338
461,499
508,605

201409070737(201409070737)
423,149
845,688
3,046,338
461,915
509,466

201409070739(201409070739)
423,149
845,688
3,046,338
462,766
510,083

201409070740(201409070740)
423,149
845,688
3,046,338
462,766
510,279

201409070741(201409070741)
424,022
845,688
3,046,338
462,766
510,370

201409070742(201409070742)
424,193
848,219
3,046,338
462,792
510,370

201409070743(201409070743)
424,347
848,219
3,046,338
462,792
510,370

201409070744(201409070744)
424,347
848,219
3,046,338
464,135
510,893

201409070745(201409070745)
424,476
848,219
3,046,338
465,321
511,338

201409070746(201409070746)
424,476
848,219
3,046,338
465,321
512,151

201409070747(201409070747)
424,476
848,219
3,046,338
465,321
515,995

201409070749(201409070749)
424,476
848,219
3,046,338
465,582
515,995

201409070750(201409070750)
424,476
848,219
3,046,338
467,455
515,995

201409070751(201409070751)
424,889
848,219
3,046,338
468,143
516,116

201409070752(201409070752)
424,889
848,219
3,046,338
468,143
516,419

201409070753(201409070753)
425,968
848,219
3,046,338
468,731
517,377

201409070754(201409070754)
425,968
848,219
3,046,338
468,731
517,377

201409070755(201409070755)
425,968
848,219
3,046,338
468,731
517,377

201409070756(201409070756)
426,072
848,219
3,046,338
468,731
517,377

201409070757(201409070757)
426,072
848,219
3,046,338
468,731
517,434

201409070759(201409070759)
427,082
848,219
3,046,338
469,231
517,945

201409070800(201409070800)
427,082
848,219
3,046,338
469,231
517,945

201409070801(201409070801)
427,104
850,331
3,046,338
469,231
517,945

201409070802(201409070802)
427,104
850,331
3,046,338
469,231
517,945

201409070803(201409070803)
427,104
850,331
3,046,338
469,231
517,945

201409070804(201409070804)
427,203
850,331
3,046,338
469,511
517,945

201409070805(201409070805)
427,336
850,331
3,046,338
470,630
518,951

201409070806(201409070806)
427,336
850,331
3,046,338
470,631
519,097

201409070807(201409070807)
427,719
850,331
3,046,338
470,631
519,565

201409070809(201409070809)
428,045
850,331
3,046,338
470,690
519,596

201409070810(201409070810)
429,400
850,331
3,046,338
470,690
519,596

201409070811(201409070811)
429,400
850,331
3,046,338
470,690
519,596

201409070812(201409070812)
431,791
850,331
3,046,338
470,690
519,596

201409070813(201409070813)
432,306
850,331
3,046,338
470,690
520,071

201409070814(201409070814)
432,306
852,033
3,046,338
470,741
521,633

201409070815(201409070815)
432,306
852,033
3,046,338
470,741
521,633

201409070816(201409070816)
432,306
852,033
3,046,338
470,741
521,633

201409070817(201409070817)
432,812
852,033
3,046,338
470,741
521,633

201409070819(201409070819)
432,830
852,033
3,046,338
471,849
522,202

201409070820(201409070820)
432,830
852,033
3,080,998
472,045
522,202

201409070821(201409070821)
432,830
852,033
3,080,998
472,045
522,202

201409070822(201409070822)
432,830
852,033
3,080,998
472,633
523,641

201409070823(201409070823)
432,830
852,033
3,080,998
472,633
523,641

201409070824(201409070824)
432,830
852,033
3,080,998
472,686
523,641

201409070825(201409070825)
433,229
852,033
3,080,998
472,701
523,641

201409070826(201409070826)
433,229
853,462
3,080,998
473,812
524,682

201409070827(201409070827)
433,229
853,462
3,080,998
473,812
526,456

201409070829(201409070829)
434,801
853,462
3,080,998
473,812
526,456

201409070830(201409070830)
435,139
854,475
3,080,998
473,812
527,108

201409070831(201409070831)
435,273
854,475
3,080,998
475,857
527,790

201409070832(201409070832)
435,464
855,939
3,080,998
476,038
527,881

201409070833(201409070833)
435,464
856,009
3,080,998
476,038
527,881

201409070834(201409070834)
435,464
856,009
3,080,998
476,038
527,881

201409070835(201409070835)
435,888
856,009
3,080,998
476,038
527,881

201409070836(201409070836)
436,298
856,443
3,080,998
477,096
528,048

201409070837(201409070837)
436,298
856,779
3,080,998
477,096
528,400

201409070839(201409070839)
436,639
856,779
3,080,998
477,096
528,400

201409070840(201409070840)
436,639
856,779
3,080,998
477,815
528,400

201409070841(201409070841)
436,639
856,779
3,080,998
477,815
528,400

201409070842(201409070842)
436,639
856,779
3,080,998
477,815
528,400

201409070843(201409070843)
436,639
856,779
3,080,998
477,815
528,400

201409070844(201409070844)
436,831
856,779
3,080,998
477,886
528,400

201409070845(201409070845)
438,944
857,462
3,080,998
477,905
528,400

201409070846(201409070846)
438,944
857,462
3,080,998
477,905
528,400

201409070847(201409070847)
438,944
857,462
3,080,998
477,905
528,683

201409070849(201409070849)
441,445
857,462
3,080,998
478,431
528,699

201409070850(201409070850)
441,969
857,851
3,080,998
478,440
528,699

201409070851(201409070851)
442,068
857,851
3,080,998
478,440
528,699

201409070852(201409070852)
444,036
857,851
3,080,998
479,489
529,615

201409070853(201409070853)
444,036
857,851
3,080,998
479,821
530,217

201409070854(201409070854)
444,750
861,132
3,080,998
481,227
530,217

201409070855(201409070855)
445,049
863,343
3,080,998
481,227
530,304

201409070856(201409070856)
445,049
863,343
3,080,998
481,227
530,304

201409070857(201409070857)
445,049
863,343
3,080,998
482,841
530,304

201409070859(201409070859)
445,049
863,343
3,080,998
484,213
530,304

201409070900(201409070900)
445,049
863,343
3,080,998
484,213
531,283

201409070901(201409070901)
445,372
863,343
3,080,998
484,213
531,283

201409070902(201409070902)
445,372
863,343
3,080,998
484,363
531,283

201409070903(201409070903)
445,372
863,343
3,080,998
484,363
531,283

201409070904(201409070904)
445,372
864,698
3,080,998
484,363
531,283

201409070905(201409070905)
445,372
864,698
3,080,998
484,363
531,283

201409070906(201409070906)
445,833
864,698
3,110,245
484,658
531,646

201409070907(201409070907)
445,833
864,698
3,110,245
485,411
531,646

201409070909(201409070909)
445,888
864,698
3,110,245
485,695
531,767

201409070910(201409070910)
446,078
864,698
3,110,245
485,742
532,660

201409070911(201409070911)
446,078
864,698
3,110,245
486,483
532,911

201409070912(201409070912)
446,078
864,698
3,110,245
486,483
532,911

201409070913(201409070913)
447,036
864,698
3,110,245
486,483
532,911

201409070914(201409070914)
447,220
864,698
3,110,245
486,483
532,911

201409070915(201409070915)
448,204
864,698
3,110,245
486,483
532,911

201409070916(201409070916)
448,439
864,698
3,110,245
486,483
532,919

201409070917(201409070917)
448,519
864,698
3,110,245
487,069
532,987

201409070919(201409070919)
449,032
864,698
3,110,284
487,241
533,663

201409070920(201409070920)
449,413
864,698
3,110,284
487,241
534,363

201409070921(201409070921)
449,642
864,698
3,110,284
487,241
534,363

201409070922(201409070922)
449,763
864,698
3,110,284
488,068
535,194

201409070923(201409070923)
450,571
864,698
3,110,284
488,428
535,194

201409070924(201409070924)
451,438
864,698
3,110,284
488,428
535,194

201409070925(201409070925)
451,753
867,203
3,110,284
488,428
535,194

201409070926(201409070926)
451,753
867,354
3,110,284
488,604
535,521

201409070927(201409070927)
451,753
867,661
3,110,284
488,939
535,521

201409070929(201409070929)
451,796
867,661
3,110,284
488,948
536,097

201409070930(201409070930)
452,439
867,661
3,110,284
488,948
536,351

201409070931(201409070931)
452,525
867,661
3,110,284
488,948
538,410

201409070932(201409070932)
452,837
867,661
3,110,284
489,225
538,742

201409070933(201409070933)
452,837
867,661
3,110,284
489,438
539,294

201409070934(201409070934)
452,837
869,076
3,110,284
489,974
539,294

201409070935(201409070935)
452,837
869,076
3,110,284
489,974
539,294

201409070936(201409070936)
452,837
869,076
3,110,284
489,974
539,294

201409070937(201409070937)
453,166
869,076
3,110,284
489,974
540,225

201409070939(201409070939)
453,427
869,076
3,110,284
490,957
540,747

201409070940(201409070940)
453,427
869,076
3,110,284
491,034
541,653

201409070941(201409070941)
453,427
869,076
3,110,284
491,265
541,653

201409070942(201409070942)
453,958
869,076
3,139,071
491,265
541,653

201409070943(201409070943)
454,506
869,076
3,139,071
491,265
541,653

201409070944(201409070944)
454,792
869,076
3,139,071
491,899
542,282

201409070945(201409070945)
454,792
869,076
3,139,071
492,520
542,601

201409070946(201409070946)
454,792
869,076
3,139,071
492,520
542,652

201409070947(201409070947)
454,983
869,076
3,139,071
492,882
542,754

201409070949(201409070949)
455,369
869,076
3,139,071
493,260
543,060

201409070950(201409070950)
455,966
869,076
3,139,071
493,337
543,060

201409070951(201409070951)
455,966
869,076
3,139,071
493,337
543,060

201409070952(201409070952)
456,218
869,498
3,139,071
493,697
543,060

201409070953(201409070953)
456,218
869,498
3,139,071
494,367
544,083

201409070954(201409070954)
456,300
869,498
3,139,071
494,367
544,083

201409070955(201409070955)
456,300
869,498
3,139,071
494,367
544,083

201409070956(201409070956)
456,300
870,658
3,139,071
494,367
544,083

201409070957(201409070957)
456,300
871,735
3,139,071
494,880
544,083

201409070959(201409070959)
456,300
873,212
3,139,071
494,880
544,083

201409071000(201409071000)
457,045
873,212
3,139,071
494,930
545,186

201409071001(201409071001)
457,059
873,212
3,139,071
494,930
545,253

201409071002(201409071002)
457,254
873,212
3,139,071
494,971
545,253

201409071003(201409071003)
457,254
873,212
3,139,071
495,914
545,253

201409071004(201409071004)
457,254
873,212
3,139,071
496,057
545,253

201409071005(201409071005)
457,254
873,212
3,139,071
496,057
545,253

201409071006(201409071006)
457,254
873,212
3,139,071
496,057
545,253

201409071007(201409071007)
457,816
873,212
3,168,722
496,057
545,253

201409071009(201409071009)
457,830
873,212
3,168,722
496,287
545,610

201409071010(201409071010)
458,103
873,212
3,184,735
496,569
545,738

201409071011(201409071011)
458,400
873,859
3,184,735
498,829
545,970

201409071012(201409071012)
458,598
873,859
3,184,735
498,829
545,970

201409071013(201409071013)
459,574
873,859
3,184,735
499,207
545,970

201409071014(201409071014)
460,194
878,091
3,184,735
499,207
545,970

201409071015(201409071015)
460,194
878,442
3,184,735
499,207
545,970

201409071016(201409071016)
460,194
878,442
3,184,735
499,207
546,393

201409071017(201409071017)
460,194
878,442
3,184,735
499,207
547,862

201409071019(201409071019)
460,711
878,442
3,184,735
499,207
548,820

201409071020(201409071020)
460,711
878,703
3,184,735
499,749
548,820

201409071021(201409071021)
460,711
878,703
3,184,735
500,209
549,175

201409071022(201409071022)
460,711
878,703
3,184,735
500,209
549,175

201409071023(201409071023)
460,845
879,382
3,184,735
500,209
550,061

201409071024(201409071024)
460,845
880,026
3,184,735
500,984
550,061

201409071025(201409071025)
461,272
880,960
3,184,735
501,663
550,236

201409071026(201409071026)
461,274
880,960
3,184,735
503,495
550,236

201409071027(201409071027)
461,327
880,960
3,184,735
503,676
554,188

201409071029(201409071029)
461,442
882,211
3,184,735
503,676
554,210

201409071030(201409071030)
461,565
883,034
3,184,735
503,676
554,758

201409071031(201409071031)
462,675
883,034
3,184,735
504,124
554,816

201409071032(201409071032)
462,722
883,269
3,184,735
504,525
555,675

201409071033(201409071033)
462,722
886,848
3,184,735
504,525
555,675

201409071034(201409071034)
462,766
886,848
3,184,735
505,236
556,953

201409071035(201409071035)
462,766
886,848
3,197,062
505,236
556,953

201409071036(201409071036)
463,027
888,772
3,208,608
505,236
556,953

201409071037(201409071037)
463,027
888,772
3,208,608
505,236
556,953

201409071039(201409071039)
463,027
888,772
3,208,608
505,760
558,813

201409071040(201409071040)
464,135
888,772
3,208,608
505,760
558,813

201409071041(201409071041)
464,135
888,772
3,208,608
507,412
560,295

201409071042(201409071042)
464,135
888,772
3,208,608
507,657
560,295

201409071043(201409071043)
465,359
890,352
3,208,608
507,657
560,976

201409071044(201409071044)
466,567
890,352
3,208,608
507,810
561,552

201409071045(201409071045)
466,829
890,352
3,208,608
507,810
562,675

201409071046(201409071046)
467,096
890,352
3,208,608
508,690
562,675

201409071047(201409071047)
467,096
890,352
3,208,608
508,690
563,176

201409071049(201409071049)
468,502
890,352
3,208,608
509,466
563,176

201409071050(201409071050)
469,075
891,084
3,208,608
509,466
563,176

201409071051(201409071051)
469,174
891,084
3,208,608
509,466
563,559

201409071052(201409071052)
469,234
891,243
3,208,608
509,674
563,559

201409071053(201409071053)
469,234
891,375
3,208,608
510,893
564,442

201409071054(201409071054)
469,234
891,375
3,208,608
510,893
564,442

201409071055(201409071055)
469,234
891,375
3,208,608
511,338
564,935

201409071056(201409071056)
469,234
892,594
3,208,608
511,338
564,935

201409071057(201409071057)
469,234
892,594
3,208,608
511,338
564,935

201409071059(201409071059)
469,234
892,594
3,218,377
511,338
565,631

201409071100(201409071100)
469,234
893,764
3,218,377
512,383
565,631

201409071101(201409071101)
469,385
893,764
3,218,377
512,622
565,631

201409071102(201409071102)
471,807
893,764
3,218,377
514,721
566,297

201409071103(201409071103)
471,807
893,764
3,218,377
514,721
567,155

201409071104(201409071104)
472,421
893,764
3,218,377
514,721
567,778

201409071105(201409071105)
473,265
893,764
3,220,638
514,721
567,778

201409071106(201409071106)
473,265
894,396
3,220,638
515,490
568,994

201409071107(201409071107)
473,958
894,396
3,220,638
515,490
568,994

201409071109(201409071109)
475,524
895,687
3,220,638
517,434
569,429

201409071110(201409071110)
475,524
895,687
3,220,638
517,500
569,429

201409071111(201409071111)
475,524
896,264
3,220,638
517,882
569,613

201409071112(201409071112)
475,867
896,264
3,220,638
517,882
569,878

201409071113(201409071113)
475,867
896,264
3,220,638
517,882
569,878

201409071114(201409071114)
475,867
896,264
3,220,638
517,882
569,878

201409071115(201409071115)
477,096
896,264
3,220,638
517,882
570,103

201409071116(201409071116)
477,096
896,264
3,220,638
518,050
571,099

201409071117(201409071117)
477,096
896,264
3,220,638
518,050
571,099

201409071119(201409071119)
477,096
897,884
3,220,638
518,050
571,099

201409071120(201409071120)
477,096
897,884
3,220,638
518,050
571,099

201409071121(201409071121)
477,096
897,884
3,220,638
518,891
571,099

201409071122(201409071122)
477,096
897,884
3,220,638
518,891
571,099

201409071123(201409071123)
477,096
897,884
3,220,638
518,891
571,099

201409071124(201409071124)
477,096
897,884
3,220,638
519,778
571,099

201409071125(201409071125)
477,096
898,597
3,220,638
520,192
571,099

201409071126(201409071126)
477,281
898,597
3,220,638
520,192
571,099

201409071127(201409071127)
477,281
898,597
3,220,638
520,192
571,099

201409071129(201409071129)
477,281
903,879
3,220,638
520,673
571,099

201409071130(201409071130)
477,787
904,658
3,220,638
520,673
571,099

201409071131(201409071131)
477,787
905,468
3,220,638
520,673
572,268

201409071132(201409071132)
477,787
905,468
3,220,638
520,673
573,398

201409071133(201409071133)
477,787
905,468
3,220,638
520,673
573,536

201409071134(201409071134)
477,815
907,077
3,220,638
521,739
573,536

201409071135(201409071135)
478,286
907,277
3,220,638
523,432
573,547

201409071136(201409071136)
478,286
907,427
3,220,638
523,641
574,452

201409071137(201409071137)
478,440
909,702
3,220,638
523,923
574,482

201409071139(201409071139)
478,606
909,702
3,220,638
523,923
574,482

201409071140(201409071140)
478,606
910,837
3,220,638
523,923
574,482

201409071141(201409071141)
478,883
910,837
3,220,638
523,923
574,496

201409071142(201409071142)
479,108
910,837
3,220,638
524,250
574,496

201409071143(201409071143)
479,155
910,837
3,220,638
524,626
574,896

201409071144(201409071144)
479,155
910,837
3,220,638
524,626
574,938

201409071145(201409071145)
479,155
910,837
3,220,638
524,626
574,938

201409071146(201409071146)
479,155
910,837
3,220,638
524,626
574,938

201409071147(201409071147)
479,155
910,837
3,220,638
524,682
575,327

201409071149(201409071149)
479,155
910,837
3,220,638
524,682
575,811

201409071150(201409071150)
479,155
916,311
3,220,638
524,682
576,017

201409071151(201409071151)
479,349
916,311
3,220,638
525,184
576,017

201409071152(201409071152)
479,854
916,311
3,220,638
525,452
576,337

201409071153(201409071153)
479,854
916,311
3,220,638
525,452
576,337

201409071154(201409071154)
480,060
916,311
3,220,638
526,456
576,337

201409071155(201409071155)
481,945
916,311
3,220,638
527,198
578,739

201409071156(201409071156)
482,102
916,311
3,220,638
527,198
579,733

201409071157(201409071157)
482,436
916,311
3,276,290
527,198
580,309

201409071159(201409071159)
483,558
921,427
3,276,290
527,790
581,219

201409071200(201409071200)
483,558
921,427
3,276,290
527,790
582,233

201409071201(201409071201)
483,558
921,427
3,276,290
527,790
582,233

201409071202(201409071202)
484,658
921,427
3,276,290
527,790
582,233

201409071203(201409071203)
484,658
923,884
3,276,290
528,048
582,233

201409071204(201409071204)
484,658
923,884
3,276,290
528,048
582,930

201409071205(201409071205)
485,039
923,884
3,276,290
528,748
582,941

201409071206(201409071206)
485,039
923,884
3,276,290
528,748
582,941

201409071207(201409071207)
485,411
924,446
3,276,290
528,748
582,941

201409071209(201409071209)
485,411
925,299
3,276,290
528,766
583,880

201409071210(201409071210)
485,411
925,299
3,276,290
528,766
583,880

201409071211(201409071211)
485,411
925,299
3,276,290
530,304
584,744

201409071212(201409071212)
485,780
925,299
3,276,290
530,334
584,744

201409071213(201409071213)
485,801
925,299
3,276,290
530,945
585,139

201409071214(201409071214)
485,801
925,299
3,276,290
530,945
585,949

201409071215(201409071215)
487,241
925,299
3,276,290
531,646
586,529

201409071216(201409071216)
488,068
925,299
3,276,290
531,646
586,529

201409071217(201409071217)
488,068
925,299
3,276,290
531,707
586,529

201409071219(201409071219)
488,068
925,299
3,277,516
531,707
586,529

201409071220(201409071220)
488,339
925,299
3,277,516
531,707
586,529

201409071221(201409071221)
488,631
925,299
3,277,516
531,707
586,529

201409071222(201409071222)
488,631
925,299
3,288,217
531,707
586,529

201409071223(201409071223)
488,631
925,756
3,321,420
531,707
586,529

201409071224(201409071224)
488,631
925,756
3,321,420
531,707
586,758

201409071225(201409071225)
488,869
925,756
3,321,420
531,707
586,758

201409071226(201409071226)
488,869
925,756
3,321,420
531,765
586,758

201409071227(201409071227)
488,869
926,079
3,321,420
531,765
586,758

201409071229(201409071229)
489,850
926,079
3,321,420
531,765
588,800

201409071230(201409071230)
489,850
926,079
3,347,266
531,765
588,800

201409071231(201409071231)
489,850
926,079
3,347,266
531,765
588,800

201409071232(201409071232)
489,974
926,079
3,347,266
531,765
588,800

201409071233(201409071233)
490,765
926,079
3,347,266
532,597
591,026

201409071234(201409071234)
490,957
926,079
3,360,352
532,597
591,026

201409071235(201409071235)
491,265
927,292
3,360,352
532,660
591,036

201409071236(201409071236)
491,265
927,292
3,374,727
532,660
591,036

201409071237(201409071237)
491,265
927,292
3,374,727
532,660
591,036

201409071239(201409071239)
491,899
928,403
3,374,727
532,660
591,162

201409071240(201409071240)
491,899
928,403
3,374,727
533,859
591,162

201409071241(201409071241)
492,266
928,403
3,374,727
534,092
591,162

201409071242(201409071242)
492,280
928,403
3,374,727
534,363
591,609

201409071243(201409071243)
492,280
928,403
3,374,727
534,363
591,609

201409071244(201409071244)
492,280
928,403
3,374,727
534,363
591,609

201409071245(201409071245)
492,280
928,403
3,374,727
534,363
591,609

201409071246(201409071246)
492,520
928,957
3,374,727
534,363
591,609

201409071247(201409071247)
492,882
928,957
3,374,727
534,961
591,609

201409071249(201409071249)
492,882
928,957
3,374,727
535,159
591,609

201409071250(201409071250)
493,337
928,957
3,374,727
535,159
591,609

201409071251(201409071251)
493,697
928,957
3,374,727
535,521
591,829

201409071252(201409071252)
493,697
928,957
3,374,727
535,896
591,879

201409071253(201409071253)
493,697
932,688
3,374,727
535,896
591,879

201409071254(201409071254)
493,777
932,688
3,374,727
535,896
592,436

201409071255(201409071255)
494,880
934,152
3,374,727
536,014
592,679

201409071256(201409071256)
494,880
934,152
3,374,727
536,014
592,865

201409071257(201409071257)
494,930
934,152
3,374,727
536,097
592,865

201409071259(201409071259)
494,930
934,152
3,374,727
537,105
592,865

201409071300(201409071300)
494,930
936,100
3,374,727
537,105
593,269

201409071301(201409071301)
495,347
936,100
3,374,727
537,105
594,550

201409071302(201409071302)
495,347
936,100
3,374,727
537,105
596,661

201409071303(201409071303)
495,713
936,100
3,377,384
538,742
596,661

201409071304(201409071304)
495,713
936,100
3,377,384
539,294
596,661

201409071305(201409071305)
495,914
936,100
3,377,384
539,346
596,747

201409071306(201409071306)
495,914
936,100
3,377,384
540,342
596,747

201409071307(201409071307)
496,057
937,270
3,377,384
540,531
596,747

201409071309(201409071309)
496,057
937,270
3,377,384
540,531
596,747

201409071310(201409071310)
496,057
937,270
3,377,384
540,531
596,747

201409071311(201409071311)
496,610
937,270
3,377,384
540,733
596,747

201409071312(201409071312)
496,610
937,270
3,377,384
541,173
598,102

201409071313(201409071313)
496,991
937,270
3,377,384
541,863
598,144

201409071314(201409071314)
497,363
937,270
3,377,384
544,059
601,532

201409071315(201409071315)
497,363
937,270
3,377,384
544,059
602,297

201409071316(201409071316)
497,363
937,270
3,377,384
544,059
602,297

201409071317(201409071317)
497,363
937,270
3,377,384
544,265
602,519

201409071319(201409071319)
497,363
937,270
3,377,384
546,115
603,116

201409071320(201409071320)
497,363
937,270
3,407,513
546,115
603,116

201409071321(201409071321)
497,363
937,270
3,407,513
546,115
603,224

201409071322(201409071322)
497,556
937,270
3,407,513
546,115
603,440

201409071323(201409071323)
497,865
937,270
3,407,513
548,629
603,548

201409071324(201409071324)
497,865
938,390
3,407,513
549,132
603,807

201409071325(201409071325)
498,829
938,390
3,407,513
549,132
603,807

201409071326(201409071326)
499,353
938,390
3,407,513
549,132
603,807

201409071327(201409071327)
499,910
938,390
3,407,513
550,527
603,970

201409071329(201409071329)
499,910
938,390
3,407,513
550,880
604,253

201409071330(201409071330)
499,910
938,390
3,407,513
550,913
604,253

201409071331(201409071331)
501,943
938,390
3,407,513
551,050
604,253

201409071332(201409071332)
501,943
938,390
3,409,135
551,453
606,281

201409071333(201409071333)
501,943
942,105
3,409,135
551,453
606,601

201409071334(201409071334)
502,311
942,105
3,409,135
552,074
606,601

201409071335(201409071335)
502,311
942,105
3,409,135
552,074
606,601

201409071336(201409071336)
502,311
942,105
3,409,135
553,274
606,718

201409071337(201409071337)
502,647
942,105
3,409,135
553,470
606,718

201409071339(201409071339)
502,647
942,105
3,409,187
553,638
609,620

201409071340(201409071340)
504,525
943,865
3,409,187
554,188
609,796

201409071341(201409071341)
504,525
944,603
3,409,187
554,188
609,796

201409071342(201409071342)
504,525
944,603
3,409,187
554,188
609,796

201409071343(201409071343)
504,525
945,849
3,409,187
554,188
609,796

201409071344(201409071344)
505,034
945,957
3,409,187
556,331
611,877

201409071345(201409071345)
505,760
945,957
3,409,187
556,331
611,877

201409071346(201409071346)
505,760
946,697
3,409,187
556,678
612,268

201409071347(201409071347)
505,760
946,697
3,409,187
556,678
612,875

201409071349(201409071349)
505,890
948,951
3,409,187
557,125
613,445

201409071350(201409071350)
505,890
949,433
3,409,187
557,125
613,445

201409071351(201409071351)
505,890
949,433
3,409,187
557,125
613,445

201409071352(201409071352)
506,032
950,858
3,409,187
557,125
613,445

201409071353(201409071353)
507,774
950,858
3,409,187
558,623
614,392

201409071354(201409071354)
509,428
950,907
3,409,187
558,623
614,392

201409071355(201409071355)
509,534
950,907
3,409,187
558,623
614,392

201409071356(201409071356)
509,587
951,005
3,409,187
558,623
614,392

201409071357(201409071357)
509,591
951,005
3,409,187
559,603
614,392

201409071359(201409071359)
509,591
951,054
3,409,187
560,848
615,126

201409071400(201409071400)
510,893
951,124
3,409,187
562,900
615,284

201409071401(201409071401)
510,893
952,008
3,409,187
562,900
615,284

201409071402(201409071402)
510,893
952,794
3,409,187
562,900
615,284

201409071403(201409071403)
511,046
953,407
3,409,187
562,900
615,352

201409071404(201409071404)
511,296
953,478
3,409,187
563,537
615,609

201409071405(201409071405)
511,296
953,877
3,409,187
563,537
615,609

201409071406(201409071406)
511,296
957,001
3,409,187
564,480
615,609

201409071407(201409071407)
511,296
957,390
3,409,187
564,480
615,742

201409071409(201409071409)
511,338
957,390
3,409,187
564,480
615,742

201409071410(201409071410)
511,338
957,390
3,409,187
564,480
615,742

201409071411(201409071411)
511,338
962,347
3,409,187
564,480
615,818

201409071412(201409071412)
513,292
962,524
3,409,187
565,631
616,770

201409071413(201409071413)
514,446
962,524
3,409,187
565,997
617,088

201409071414(201409071414)
514,446
962,524
3,409,187
565,997
617,422

201409071415(201409071415)
514,446
962,524
3,409,187
565,997
617,422

201409071416(201409071416)
514,446
963,385
3,409,187
565,997
617,422

201409071417(201409071417)
514,446
963,385
3,409,187
566,297
617,422

201409071419(201409071419)
514,598
963,385
3,409,187
566,381
617,422

201409071420(201409071420)
514,598
963,385
3,439,643
566,381
617,808

201409071421(201409071421)
514,598
963,385
3,439,643
566,381
618,435

201409071422(201409071422)
514,598
963,385
3,439,643
566,381
618,435

201409071423(201409071423)
514,598
963,385
3,439,643
566,914
618,435

201409071424(201409071424)
514,598
963,385
3,439,643
566,998
618,435

201409071425(201409071425)
516,366
963,385
3,439,643
566,998
618,472

201409071426(201409071426)
516,366
965,497
3,439,643
566,998
618,472

201409071427(201409071427)
516,366
965,497
3,439,643
566,998
619,003

201409071429(201409071429)
517,215
965,497
3,439,643
566,998
619,003

201409071430(201409071430)
517,215
965,497
3,439,643
566,998
619,003

201409071431(201409071431)
517,215
965,497
3,439,643
566,998
620,757

201409071432(201409071432)
517,215
965,497
3,439,643
566,998
620,757

201409071433(201409071433)
517,215
965,497
3,439,643
566,998
621,475

201409071434(201409071434)
517,434
965,497
3,439,643
567,778
621,852

201409071435(201409071435)
517,434
965,497
3,439,643
567,778
621,852

201409071436(201409071436)
517,760
966,820
3,439,643
567,778
621,852

201409071437(201409071437)
517,882
966,950
3,439,643
567,778
621,852

201409071439(201409071439)
518,083
966,950
3,439,643
570,110
623,009

201409071440(201409071440)
518,083
969,657
3,439,643
570,110
623,111

201409071441(201409071441)
518,083
969,657
3,439,643
570,110
623,162

201409071442(201409071442)
518,083
969,657
3,439,643
570,110
623,162

201409071443(201409071443)
518,083
969,657
3,439,643
570,142
623,315

201409071444(201409071444)
518,083
969,657
3,439,643
570,142
623,366

201409071445(201409071445)
518,443
969,657
3,439,643
570,142
624,241

201409071446(201409071446)
518,443
969,657
3,439,643
570,278
624,241

201409071447(201409071447)
518,668
969,657
3,439,643
570,278
624,241

201409071449(201409071449)
519,025
969,657
3,439,643
570,571
624,801

201409071450(201409071450)
519,025
970,699
3,439,643
570,606
625,221

201409071451(201409071451)
520,673
972,762
3,439,643
572,398
625,221

201409071452(201409071452)
520,673
973,042
3,439,643
572,398
625,221

201409071453(201409071453)
521,083
975,540
3,439,643
572,398
625,427

201409071454(201409071454)
521,083
975,540
3,439,643
572,398
625,427

201409071455(201409071455)
521,083
975,540
3,439,643
572,398
626,634

201409071456(201409071456)
521,083
975,540
3,439,643
572,398
627,418

201409071457(201409071457)
521,083
976,322
3,439,643
572,398
627,418

201409071459(201409071459)
521,730
979,321
3,439,643
572,553
628,271

201409071500(201409071500)
521,730
979,321
3,439,643
572,706
628,271

201409071501(201409071501)
522,282
979,321
3,439,643
573,511
628,271

201409071502(201409071502)
522,282
979,321
3,439,643
573,604
628,271

201409071503(201409071503)
522,916
979,321
3,439,643
573,604
628,271

201409071504(201409071504)
523,923
979,321
3,439,643
573,604
628,271

201409071505(201409071505)
524,250
979,379
3,439,643
573,698
628,271

201409071506(201409071506)
524,626
979,437
3,439,643
573,728
628,460

201409071507(201409071507)
524,708
979,553
3,439,643
575,078
629,019

201409071509(201409071509)
525,741
979,727
3,439,643
575,078
630,777

201409071510(201409071510)
526,003
979,785
3,439,643
575,078
630,777

201409071511(201409071511)
526,885
979,812
3,439,643
575,698
632,071

201409071512(201409071512)
526,885
979,812
3,439,643
575,698
632,071

201409071513(201409071513)
526,885
979,812
3,439,643
576,025
632,071

201409071514(201409071514)
526,885
979,812
3,439,643
576,025
632,530

201409071515(201409071515)
527,198
979,812
3,439,643
577,793
632,530

201409071516(201409071516)
527,790
979,812
3,439,643
580,309
632,530

201409071517(201409071517)
527,790
979,812
3,439,643
580,309
632,530

201409071519(201409071519)
528,048
980,191
3,439,643
580,791
633,201

201409071520(201409071520)
528,748
980,191
3,439,643
582,399
633,469

201409071521(201409071521)
528,868
980,191
3,439,643
582,399
633,469

201409071522(201409071522)
528,868
980,191
3,439,643
582,399
633,620

201409071523(201409071523)
529,884
983,994
3,439,643
582,525
633,620

201409071524(201409071524)
529,884
983,994
3,439,643
582,525
633,620

201409071525(201409071525)
530,432
983,994
3,439,643
582,525
633,983

201409071526(201409071526)
530,432
983,994
3,439,643
582,525
634,214

201409071527(201409071527)
531,048
983,994
3,439,643
582,525
634,214

201409071529(201409071529)
531,273
983,994
3,439,643
582,679
635,632

201409071530(201409071530)
531,813
984,043
3,439,643
582,996
635,632

201409071531(201409071531)
531,813
984,092
3,439,643
582,996
635,632

201409071532(201409071532)
532,188
984,190
3,439,643
583,045
637,333

201409071533(201409071533)
532,188
986,529
3,439,643
583,045
637,914

201409071534(201409071534)
532,188
986,529
3,439,643
583,045
637,914

201409071535(201409071535)
533,871
986,529
3,439,643
583,513
637,914

201409071536(201409071536)
534,363
986,529
3,439,643
583,880
641,012

201409071537(201409071537)
534,943
988,121
3,439,643
583,880
641,266

201409071539(201409071539)
534,943
991,474
3,439,643
584,064
641,266

201409071540(201409071540)
535,153
993,558
3,439,643
585,139
641,266

201409071541(201409071541)
535,153
993,607
3,439,643
585,139
641,266

201409071542(201409071542)
535,153
995,213
3,439,643
585,139
641,392

201409071543(201409071543)
535,153
995,213
3,439,643
585,342
642,545

201409071544(201409071544)
535,159
995,213
3,439,643
585,342
642,545

201409071545(201409071545)
535,521
995,213
3,439,643
585,342
642,545

201409071546(201409071546)
535,896
995,213
3,439,643
585,906
642,857

201409071547(201409071547)
536,014
995,213
3,439,643
585,906
642,857

201409071549(201409071549)
536,872
995,213
3,470,875
585,906
644,110

201409071550(201409071550)
537,133
995,213
3,470,875
585,906
644,110

201409071551(201409071551)
538,742
995,213
3,470,875
585,906
644,110

201409071552(201409071552)
538,777
995,213
3,470,875
585,906
644,159

201409071553(201409071553)
538,777
995,213
3,470,875
585,949
644,262

201409071554(201409071554)
538,777
995,213
3,470,875
586,063
644,262

201409071555(201409071555)
539,294
995,213
3,470,875
586,063
644,262

201409071556(201409071556)
539,294
995,213
3,470,875
586,063
644,262

201409071557(201409071557)
539,294
996,555
3,470,875
586,198
644,262

201409071559(201409071559)
539,454
1,003,563
3,470,875
586,198
645,017

201409071600(201409071600)
539,454
1,003,563
3,474,122
586,198
646,255

201409071601(201409071601)
539,454
1,003,563
3,474,122
586,198
646,255

201409071602(201409071602)
539,454
1,004,278
3,474,122
586,966
646,569

201409071603(201409071603)
539,686
1,004,278
3,474,122
587,543
646,569

201409071604(201409071604)
540,040
1,004,278
3,474,122
587,793
646,991

201409071605(201409071605)
540,040
1,004,278
3,474,122
587,841
646,991

201409071606(201409071606)
540,342
1,004,278
3,474,122
588,193
647,932

201409071607(201409071607)
540,531
1,004,278
3,474,122
589,626
648,325

201409071609(201409071609)
540,531
1,004,331
3,474,122
589,626
648,325

201409071610(201409071610)
540,531
1,005,122
3,474,122
589,626
648,325

201409071611(201409071611)
540,531
1,005,122
3,474,122
589,626
648,325

201409071612(201409071612)
542,111
1,005,464
3,474,122
589,626
648,325

201409071613(201409071613)
542,111
1,005,464
3,474,122
589,626
648,325

201409071614(201409071614)
542,111
1,005,464
3,474,122
589,626
648,325

201409071615(201409071615)
542,111
1,005,914
3,474,122
589,626
648,325

201409071616(201409071616)
542,311
1,005,914
3,474,122
591,036
648,325

201409071617(201409071617)
542,902
1,005,914
3,474,122
591,036
649,043

201409071619(201409071619)
542,923
1,010,337
3,474,122
591,036
649,642

201409071620(201409071620)
543,450
1,010,751
3,474,122
591,396
649,642

201409071621(201409071621)
544,059
1,010,751
3,474,122
591,396
649,642

201409071622(201409071622)
544,059
1,010,751
3,474,122
591,396
650,164

201409071623(201409071623)
544,525
1,010,751
3,474,122
592,436
650,164

201409071624(201409071624)
544,525
1,010,751
3,474,122
593,495
650,358

201409071625(201409071625)
544,525
1,010,751
3,474,122
593,619
650,358

201409071626(201409071626)
544,525
1,013,479
3,474,122
593,619
650,358

201409071627(201409071627)
544,525
1,013,479
3,474,122
594,463
650,358

201409071629(201409071629)
545,738
1,013,479
3,489,349
594,596
650,358

201409071630(201409071630)
545,738
1,013,479
3,489,349
594,596
650,358

201409071631(201409071631)
546,115
1,014,959
3,489,349
594,596
650,358

201409071632(201409071632)
546,342
1,015,106
3,489,349
594,596
650,358

201409071633(201409071633)
546,342
1,015,253
3,489,349
594,596
650,372

201409071634(201409071634)
546,378
1,015,400
3,489,349
594,596
651,035

201409071635(201409071635)
546,631
1,017,910
3,489,349
595,317
651,211

201409071636(201409071636)
546,631
1,018,106
3,489,349
596,661
651,272

201409071637(201409071637)
546,835
1,018,106
3,489,349
596,661
651,272

201409071639(201409071639)
548,404
1,020,351
3,489,349
597,374
651,272

201409071640(201409071640)
548,670
1,020,351
3,489,349
598,144
651,408

201409071641(201409071641)
548,670
1,020,351
3,489,349
598,144
651,408

201409071642(201409071642)
549,132
1,020,351
3,489,349
598,144
651,408

201409071643(201409071643)
549,132
1,020,351
3,489,349
598,144
652,474

201409071644(201409071644)
549,689
1,020,351
3,489,349
598,175
652,474

201409071645(201409071645)
549,689
1,020,351
3,489,349
598,175
652,474

201409071646(201409071646)
549,710
1,020,351
3,489,349
598,203
653,529

201409071647(201409071647)
549,710
1,021,000
3,489,349
598,203
653,529

201409071649(201409071649)
549,710
1,021,300
3,489,349
598,203
654,208

201409071650(201409071650)
549,710
1,021,420
3,489,349
598,539
654,481

201409071651(201409071651)
550,278
1,021,420
3,489,349
598,539
654,593

201409071652(201409071652)
550,329
1,021,420
3,491,402
598,539
654,593

201409071653(201409071653)
550,936
1,021,535
3,503,482
599,111
654,882

201409071654(201409071654)
551,050
1,021,535
3,504,194
599,111
654,882

201409071655(201409071655)
551,124
1,021,535
3,522,634
599,111
654,882

201409071656(201409071656)
551,124
1,021,535
3,523,246
600,161
654,882

201409071657(201409071657)
551,124
1,024,529
3,524,750
602,599
657,179

201409071659(201409071659)
551,453
1,024,529
3,524,750
602,599
657,429

201409071700(201409071700)
552,543
1,024,529
3,524,750
602,735
657,529

201409071701(201409071701)
552,649
1,024,529
3,524,750
602,856
657,729

201409071702(201409071702)
552,649
1,024,529
3,524,750
602,949
657,820

201409071703(201409071703)
552,755
1,024,529
3,524,750
602,949
657,861

201409071704(201409071704)
552,914
1,024,529
3,524,750
602,949
657,861

201409071705(201409071705)
553,287
1,024,529
3,524,750
604,132
657,861

