201409101704(201409101704)
1,111,120
2,374,237
6,371,020
1,189,014
1,306,306

201409101705(201409101705)
1,111,120
2,374,237
6,371,020
1,189,014
1,306,306

201409101706(201409101706)
1,111,701
2,374,237
6,371,020
1,189,014
1,306,306

201409101707(201409101707)
1,111,705
2,374,237
6,371,020
1,189,735
1,306,306

201409101709(201409101709)
1,111,705
2,374,237
6,371,020
1,189,735
1,306,306

201409101710(201409101710)
1,111,705
2,391,848
6,371,197
1,189,735
1,306,306

201409101711(201409101711)
1,111,705
2,391,848
6,371,256
1,189,735
1,306,306

201409101712(201409101712)
1,111,705
2,391,848
6,371,374
1,189,735
1,306,306

201409101713(201409101713)
1,111,705
2,391,848
6,374,599
1,189,735
1,306,306

201409101714(201409101714)
1,112,845
2,391,848
6,377,590
1,191,260
1,306,306

201409101715(201409101715)
1,112,845
2,391,848
6,377,590
1,191,260
1,306,306

201409101716(201409101716)
1,112,845
2,391,848
6,377,590
1,191,260
1,306,306

201409101717(201409101717)
1,113,431
2,391,848
6,377,590
1,191,411
1,306,306

201409101719(201409101719)
1,113,431
2,391,848
6,377,590
1,192,982
1,307,279

201409101720(201409101720)
1,113,431
2,391,848
6,377,590
1,194,381
1,307,279

201409101721(201409101721)
1,113,431
2,391,848
6,377,590
1,194,381
1,307,279

201409101722(201409101722)
1,113,431
2,391,848
6,377,590
1,194,381
1,307,279

201409101723(201409101723)
1,113,431
2,391,848
6,377,590
1,194,381
1,307,279

201409101724(201409101724)
1,113,623
2,391,848
6,377,590
1,195,474
1,307,958

201409101725(201409101725)
1,113,623
2,391,848
6,377,590
1,195,814
1,307,958

201409101726(201409101726)
1,113,623
2,391,848
6,377,590
1,195,814
1,307,958

201409101727(201409101727)
1,113,788
2,391,848
6,377,590
1,195,867
1,307,958

201409101729(201409101729)
1,113,788
2,391,848
6,377,590
1,195,867
1,307,958

201409101730(201409101730)
1,114,573
2,391,848
6,377,590
1,195,867
1,309,809

201409101731(201409101731)
1,114,573
2,394,564
6,377,590
1,195,867
1,311,572

201409101732(201409101732)
1,114,573
2,394,894
6,386,096
1,195,867
1,311,572

201409101733(201409101733)
1,114,573
2,398,223
6,389,121
1,195,867
1,311,572

201409101734(201409101734)
1,114,573
2,398,608
6,389,239
1,195,867
1,311,572

201409101735(201409101735)
1,114,573
2,401,607
6,389,239
1,195,867
1,311,572

201409101736(201409101736)
1,114,573
2,401,607
6,389,298
1,195,867
1,311,572

201409101737(201409101737)
1,115,382
2,401,607
6,389,357
1,196,516
1,311,572

201409101739(201409101739)
1,115,382
2,401,607
6,389,357
1,196,516
1,311,572

201409101740(201409101740)
1,115,382
2,401,607
6,389,357
1,196,516
1,311,572

201409101741(201409101741)
1,115,382
2,401,607
6,389,357
1,196,516
1,311,572

201409101742(201409101742)
1,117,735
2,401,607
6,389,357
1,196,516
1,311,572

201409101743(201409101743)
1,117,735
2,401,607
6,389,357
1,196,516
1,311,646

201409101744(201409101744)
1,117,735
2,401,607
6,389,357
1,196,516
1,311,646

201409101745(201409101745)
1,117,773
2,401,607
6,389,357
1,196,516
1,311,646

201409101746(201409101746)
1,117,773
2,401,607
6,389,357
1,196,516
1,311,646

201409101747(201409101747)
1,118,274
2,401,607
6,389,357
1,196,516
1,311,646

201409101749(201409101749)
1,118,544
2,401,607
6,389,357
1,196,516
1,311,646

201409101750(201409101750)
1,118,758
2,401,607
6,389,357
1,196,516
1,311,646

201409101751(201409101751)
1,118,760
2,401,607
6,389,357
1,196,516
1,311,646

201409101752(201409101752)
1,118,760
2,404,314
6,389,357
1,196,516
1,311,646

201409101753(201409101753)
1,118,760
2,404,314
6,389,357
1,196,516
1,311,646

201409101754(201409101754)
1,118,760
2,404,314
6,389,357
1,196,516
1,311,646

201409101755(201409101755)
1,118,760
2,404,314
6,389,357
1,196,516
1,311,646

201409101756(201409101756)
1,118,760
2,412,337
6,389,357
1,196,827
1,311,646

201409101757(201409101757)
1,118,760
2,412,337
6,389,357
1,196,827
1,311,646

201409101759(201409101759)
1,118,776
2,412,337
6,389,357
1,196,827
1,311,646

201409101800(201409101800)
1,120,960
2,412,337
6,389,357
1,196,827
1,311,646

201409101801(201409101801)
1,122,267
2,412,337
6,389,357
1,196,827
1,311,646

201409101802(201409101802)
1,122,267
2,412,337
6,389,357
1,196,827
1,311,646

201409101803(201409101803)
1,122,267
2,412,337
6,389,357
1,197,924
1,311,646

201409101804(201409101804)
1,122,267
2,412,337
6,389,357
1,197,924
1,311,646

201409101805(201409101805)
1,122,267
2,412,337
6,389,357
1,197,924
1,311,646

201409101806(201409101806)
1,122,267
2,412,337
6,389,357
1,197,924
1,311,646

201409101807(201409101807)
1,122,267
1,122,267
6,389,357
6,389,357
6,389,357

201409101809(201409101809)
1,122,267
2,412,337
6,389,357
1,197,924
1,311,646

201409101810(201409101810)
1,122,267
2,412,337
6,389,357
1,197,924
1,311,646

201409101811(201409101811)
1,122,267
2,412,337
6,389,357
1,197,924
1,311,646

201409101812(201409101812)
6,389,357
6,389,357
6,389,357

201409101813(201409101813)
1,122,267
2,412,337
6,389,357
1,197,924
1,311,646

201409101814(201409101814)
1,122,267
2,412,337
6,389,357
1,197,924
1,311,646

201409101815(201409101815)
1,122,267
2,412,337
6,389,357
1,197,924
1,311,646

201409101816(201409101816)
1,122,267
2,412,337
6,389,357
1,197,924
1,314,193

201409101817(201409101817)
1,122,267
2,412,337
6,389,357
1,197,924
1,314,193

201409101819(201409101819)
1,122,267
2,412,337
6,389,357
1,197,924
1,314,193

201409101820(201409101820)
1,122,267
2,412,337
6,389,357
1,197,924
1,314,193

201409101821(201409101821)
1,122,267
2,412,337
6,389,357
1,197,924
1,314,193

201409101822(201409101822)
1,122,267
2,412,337
6,389,357
1,197,924
1,314,193

201409101823(201409101823)
1,122,267
2,412,337
6,389,357
1,197,924
1,314,193

201409101824(201409101824)
1,122,267
2,412,337
6,389,357
1,197,924
1,314,391

201409101825(201409101825)
1,122,267
2,412,337
6,389,357
1,197,924
1,314,391

201409101826(201409101826)
1,122,267
2,412,337
6,389,357
1,199,421
1,314,391

201409101827(201409101827)
1,122,267
2,418,205
6,389,357
1,199,421
1,314,391

201409101829(201409101829)
1,122,281
2,418,205
6,389,357
1,199,421
1,314,391

201409101830(201409101830)
1,122,281
2,418,205
6,389,357
1,201,091
1,317,351

201409101831(201409101831)
1,122,281
2,418,205
6,389,357
1,201,091
1,317,412

201409101832(201409101832)
1,122,281
2,418,205
6,389,357
1,201,091
1,317,412

201409101833(201409101833)
1,122,281
2,418,205
6,389,357
1,201,091
1,317,412

201409101834(201409101834)
1,122,281
2,418,205
6,389,357
1,201,091
1,317,412

201409101835(201409101835)
1,122,281
2,418,205
6,389,357
1,202,085
1,318,651

201409101836(201409101836)
1,122,281
2,418,205
6,389,357
1,202,085
1,319,668

201409101837(201409101837)
1,122,281
2,418,205
6,389,357
1,202,085
1,319,668

201409101839(201409101839)
1,123,415
2,418,205
6,389,357
1,202,085
1,322,683

201409101840(201409101840)
1,123,415
2,418,205
6,389,357
1,202,085
1,322,683

201409101841(201409101841)
1,123,415
2,418,205
6,389,357
1,202,085
1,322,683

201409101842(201409101842)
1,123,415
2,418,205
6,389,357
1,202,085
1,322,683

201409101843(201409101843)
1,123,415
2,418,205
6,389,357
1,202,085
1,322,683

201409101844(201409101844)
1,123,415
2,418,205
6,389,357
1,202,085
1,322,683

201409101845(201409101845)
1,123,415
2,418,205
6,389,357
1,202,085
1,322,683

201409101846(201409101846)
1,123,415
2,418,205
6,389,357
1,202,085
1,322,683

201409101847(201409101847)
1,123,415
2,418,205
6,389,357
1,202,085
1,322,683

201409101849(201409101849)
1,123,729
2,418,205
6,389,357
1,202,085
1,322,683

201409101850(201409101850)
1,123,729
2,418,205
6,389,357
1,202,085
1,322,683

201409101851(201409101851)
1,123,729
2,418,205
6,389,357
1,202,085
1,322,683

201409101852(201409101852)
1,123,729
2,418,205
6,389,357
1,202,085
1,322,837

201409101853(201409101853)
1,123,729
2,418,205
6,389,357
1,202,085
1,322,837

201409101854(201409101854)
1,123,729
2,418,205
6,389,357
1,202,085
1,322,837

201409101855(201409101855)
1,123,729
2,418,205
6,389,357
1,202,085
1,322,837

201409101856(201409101856)
1,123,729
2,418,205
6,389,357
1,202,085
1,322,837

201409101857(201409101857)
1,124,498
2,418,205
6,389,357
1,202,085
1,322,837

201409101859(201409101859)
1,126,259
2,418,205
6,389,357
1,202,085
1,322,837

201409101900(201409101900)
1,126,259
2,418,205
6,389,357
1,202,085
1,322,837

201409101901(201409101901)
1,126,259
2,418,205
6,389,357
1,202,085
1,322,837

201409101902(201409101902)
1,126,259
2,418,205
6,389,357
1,202,085
1,322,837

201409101903(201409101903)
1,126,259
2,418,205
6,389,357
1,202,085
1,322,837

201409101904(201409101904)
1,126,259
2,418,205
6,389,416
1,202,085
1,322,837

201409101905(201409101905)
1,126,259
2,421,801
6,389,416
1,202,085
1,322,837

201409101906(201409101906)
1,126,259
2,421,801
6,389,416
1,202,085
1,322,837

201409101907(201409101907)
1,126,259
2,421,801
6,389,416
1,202,085
1,323,022

201409101909(201409101909)
1,126,259
2,421,801
6,389,416
1,202,085
1,323,022

201409101910(201409101910)
1,126,259
2,423,751
6,389,416
1,202,085
1,323,022

201409101911(201409101911)
1,126,259
2,423,751
6,389,416
1,202,085
1,323,022

201409101912(201409101912)
1,126,259
2,423,751
6,389,416
1,202,085
1,323,022

201409101913(201409101913)
1,126,259
2,423,751
6,389,416
1,202,085
1,323,022

201409101914(201409101914)
1,126,259
2,423,751
6,389,416
1,203,534
1,323,022

201409101915(201409101915)
1,126,311
2,423,751
6,389,416
1,203,534
1,323,022

201409101916(201409101916)
1,126,467
2,423,751
6,389,416
1,203,534
1,323,022

201409101917(201409101917)
1,126,467
2,423,751
6,389,416
1,203,534
1,323,022

201409101919(201409101919)
1,126,467
2,423,751
6,389,416
1,203,534
1,323,022

201409101920(201409101920)
1,126,467
2,423,751
6,389,416
1,203,534
1,323,022

201409101921(201409101921)
1,126,611
2,423,751
6,389,416
1,203,534
1,323,022

201409101922(201409101922)
1,128,805
2,439,568
6,389,416
1,203,534
1,323,022

201409101923(201409101923)
1,128,805
2,439,568
6,389,416
1,203,534
1,323,022

201409101924(201409101924)
1,130,176
2,439,688
6,389,416
1,203,534
1,323,022

201409101925(201409101925)
1,130,176
2,439,688
6,389,416
1,204,299
1,323,022

201409101926(201409101926)
1,130,176
2,439,688
6,389,416
1,204,299
1,323,022

201409101927(201409101927)
1,130,176
2,439,688
6,389,416
1,204,299
1,323,022

201409101929(201409101929)
1,130,176
2,439,688
6,389,416
1,204,299
1,323,356

201409101930(201409101930)
1,130,176
2,439,688
6,389,416
1,204,856
1,323,356

201409101931(201409101931)
1,130,176
2,444,679
6,389,416
1,204,856
1,324,398

201409101932(201409101932)
1,130,176
2,444,679
6,389,416
1,204,856
1,324,398

201409101933(201409101933)
1,130,176
2,444,679
6,389,416
1,204,856
1,324,398

201409101934(201409101934)
1,130,233
2,444,679
6,389,416
1,205,060
1,324,398

201409101935(201409101935)
1,130,264
2,444,679
6,389,416
1,208,369
1,324,398

201409101936(201409101936)
1,130,264
2,444,679
6,389,416
1,208,369
1,330,044

201409101937(201409101937)
1,130,264
2,444,679
6,389,416
1,208,369
1,330,044

201409101939(201409101939)
1,130,264
2,444,679
6,389,475
1,208,369
1,330,044

201409101940(201409101940)
1,130,264
2,444,679
6,392,680
1,208,369
1,330,044

201409101941(201409101941)
1,130,264
2,444,679
6,393,034
1,208,481
1,330,044

201409101942(201409101942)
1,130,264
2,450,191
6,393,329
1,208,537
1,330,044

201409101943(201409101943)
1,130,264
2,451,122
6,393,329
1,208,537
1,330,778

201409101944(201409101944)
1,130,264
2,451,122
6,393,329
1,208,761
1,330,778

201409101945(201409101945)
1,130,264
2,451,122
6,393,329
1,208,817
1,330,778

201409101946(201409101946)
1,130,795
2,451,122
6,393,329
1,208,929
1,330,778

201409101947(201409101947)
1,130,850
2,451,122
6,393,329
1,209,041
1,330,778

201409101949(201409101949)
1,132,628
2,451,122
6,393,329
1,209,060
1,330,778

201409101950(201409101950)
1,132,628
2,451,122
6,393,329
1,209,060
1,330,778

201409101951(201409101951)
1,132,628
2,451,122
6,393,329
1,209,060
1,330,778

201409101952(201409101952)
1,132,628
2,451,122
6,393,329
1,209,060
1,330,778

201409101953(201409101953)
1,133,673
2,451,122
6,393,329
1,209,060
1,330,778

201409101954(201409101954)
1,133,673
2,451,122
6,394,310
1,211,051
1,331,613

201409101955(201409101955)
1,133,673
2,451,122
6,394,310
1,211,051
1,331,613

201409101956(201409101956)
1,133,673
2,451,122
6,394,310
1,211,051
1,331,613

201409101957(201409101957)
1,133,799
2,451,122
6,394,310
1,211,263
1,331,613

201409101959(201409101959)
1,134,799
2,451,122
6,394,310
1,211,263
1,331,613

201409102000(201409102000)
1,135,172
2,451,122
6,394,310
1,211,669
1,331,773

201409102001(201409102001)
1,135,172
2,451,122
6,394,310
1,211,669
1,331,773

201409102002(201409102002)
1,135,172
2,451,122
6,394,310
1,211,669
1,331,773

201409102003(201409102003)
1,136,719
2,451,122
6,394,310
1,212,069
1,331,773

201409102004(201409102004)
1,136,719
2,451,122
6,394,310
1,212,069
1,332,784

201409102005(201409102005)
1,136,719
2,451,122
6,394,310
1,213,832
1,332,784

201409102006(201409102006)
1,136,888
2,451,122
6,394,310
1,214,572
1,332,784

201409102007(201409102007)
1,137,187
2,451,122
6,394,310
1,214,572
1,332,784

201409102009(201409102009)
1,137,187
2,451,122
6,394,310
1,214,572
1,332,784

201409102010(201409102010)
1,137,384
2,451,122
6,394,310
1,214,572
1,332,784

201409102011(201409102011)
1,137,384
2,451,122
6,394,310
1,214,572
1,332,784

201409102012(201409102012)
1,137,384
2,451,122
6,394,310
1,214,572
1,332,784

201409102013(201409102013)
1,137,384
2,451,122
6,394,310
1,214,572
1,332,784

201409102014(201409102014)
1,137,384
2,451,122
6,394,310
1,214,572
1,332,784

201409102015(201409102015)
1,137,384
2,451,412
6,394,310
1,214,572
1,332,926

201409102016(201409102016)
1,137,384
2,451,412
6,394,310
1,214,572
1,332,926

201409102017(201409102017)
1,137,384
2,451,412
6,394,310
1,214,572
1,332,926

201409102019(201409102019)
1,139,645
2,454,903
6,394,310
1,214,572
1,332,926

201409102020(201409102020)
1,140,149
2,454,903
6,394,310
1,214,572
1,332,926

201409102021(201409102021)
1,140,703
2,454,903
6,394,310
1,214,572
1,332,926

201409102022(201409102022)
1,140,703
2,454,903
6,394,310
1,215,759
1,332,926

201409102023(201409102023)
1,140,703
2,454,903
6,394,310
1,216,362
1,332,926

201409102024(201409102024)
1,140,703
2,454,903
6,394,310
1,216,362
1,332,926

201409102025(201409102025)
1,140,703
2,454,903
6,394,310
1,216,362
1,332,926

201409102026(201409102026)
1,140,703
2,454,903
6,394,310
1,216,362
1,332,926

201409102027(201409102027)
1,140,703
2,454,903
6,394,310
1,216,362
1,333,388

201409102029(201409102029)
1,140,703
2,454,903
6,394,310
1,216,362
1,333,388

201409102030(201409102030)
1,140,792
2,454,903
6,394,472
1,216,362
1,333,388

201409102031(201409102031)
1,140,792
2,454,903
6,394,526
1,217,588
1,333,388

201409102032(201409102032)
1,140,792
2,454,903
6,403,905
1,217,588
1,333,388

201409102033(201409102033)
1,140,792
2,454,903
6,407,179
1,217,588
1,333,400

201409102034(201409102034)
1,140,978
2,454,903
6,407,238
1,217,944
1,333,400

201409102035(201409102035)
1,140,978
2,454,903
6,407,238
1,217,944
1,333,400

201409102036(201409102036)
1,142,344
2,454,903
6,407,238
1,220,095
1,333,400

201409102037(201409102037)
1,142,367
2,454,903
6,407,238
1,222,027
1,335,243

201409102039(201409102039)
1,142,367
2,454,903
6,407,297
1,222,027
1,335,243

201409102040(201409102040)
1,142,367
2,454,903
6,407,297
1,222,027
1,335,243

201409102041(201409102041)
1,142,367
2,454,903
6,456,736
1,222,027
1,335,243

201409102042(201409102042)
1,142,964
2,457,511
6,456,736
1,222,027
1,335,243

201409102043(201409102043)
1,144,530
2,457,511
6,456,736
1,222,629
1,335,243

201409102044(201409102044)
1,144,568
2,457,511
6,456,736
1,222,629
1,335,336

201409102045(201409102045)
1,144,568
2,457,511
6,456,736
1,222,629
1,335,446

201409102046(201409102046)
1,144,568
2,457,511
6,456,736
1,222,629
1,335,666

201409102047(201409102047)
1,144,568
2,457,511
6,456,736
1,222,629
1,335,831

201409102049(201409102049)
1,144,568
2,457,511
6,456,736
1,222,629
1,338,383

201409102050(201409102050)
1,144,568
2,457,511
6,456,736
1,222,629
1,338,383

201409102051(201409102051)
1,144,568
2,457,511
6,456,736
1,222,629
1,338,383

201409102052(201409102052)
1,144,568
2,457,511
6,456,736
1,222,629
1,344,175

201409102053(201409102053)
1,144,887
2,458,389
6,456,736
1,222,629
1,344,175

201409102054(201409102054)
1,144,887
2,458,491
6,456,736
1,222,629
1,344,175

201409102055(201409102055)
1,144,887
2,461,164
6,464,030
1,222,629
1,344,175

201409102056(201409102056)
1,144,887
2,461,164
6,464,030
1,222,629
1,344,175

201409102057(201409102057)
1,144,887
2,461,164
6,464,030
1,224,707
1,344,175

201409102059(201409102059)
1,144,887
2,461,164
6,464,030
1,224,707
1,344,175

201409102100(201409102100)
1,144,887
2,461,164
6,476,269
1,224,707
1,344,175

201409102101(201409102101)
1,144,887
2,461,164
6,476,269
1,224,707
1,344,175

201409102102(201409102102)
1,144,887
2,462,892
6,476,269
1,224,707
1,344,175

201409102103(201409102103)
1,144,887
2,462,892
6,476,269
1,224,707
1,344,175

201409102104(201409102104)
1,144,887
2,462,892
6,476,269
1,224,707
1,344,175

201409102105(201409102105)
1,144,887
2,462,892
6,476,269
1,224,707
1,344,175

201409102106(201409102106)
1,144,887
2,463,741
6,476,269
1,224,707
1,344,175

201409102107(201409102107)
1,144,887
2,464,026
6,476,269
1,224,707
1,344,175

201409102109(201409102109)
1,144,887
2,466,670
6,476,269
1,224,707
1,344,175

201409102110(201409102110)
1,144,887
2,466,670
6,476,269
1,224,707
1,345,532

201409102111(201409102111)
1,146,293
2,477,685
6,476,269
1,224,707
1,345,944

201409102112(201409102112)
1,146,849
2,477,797
6,476,269
1,224,707
1,348,205

201409102113(201409102113)
1,146,849
2,479,664
6,476,269
1,224,707
1,348,205

201409102114(201409102114)
1,146,849
2,479,664
6,476,269
1,224,707
1,348,763

201409102115(201409102115)
1,146,849
2,479,664
6,476,269
1,226,128
1,350,553

201409102116(201409102116)
1,146,849
2,479,664
6,476,269
1,226,128
1,351,225

201409102117(201409102117)
1,147,557
2,479,664
6,476,269
1,226,128
1,351,225

201409102119(201409102119)
1,147,557
2,479,664
6,476,269
1,226,128
1,351,225

201409102120(201409102120)
1,147,557
2,479,664
6,476,269
1,226,128
1,351,225

201409102121(201409102121)
1,147,557
2,479,664
6,476,269
1,226,978
1,351,225

201409102122(201409102122)
1,147,644
2,479,664
6,476,269
1,226,978
1,352,895

201409102123(201409102123)
1,147,644
2,479,664
6,476,269
1,226,978
1,352,895

201409102124(201409102124)
1,147,644
2,480,853
6,476,269
1,226,978
1,352,895

201409102125(201409102125)
1,147,644
2,480,853
6,476,269
1,227,246
1,354,331

201409102126(201409102126)
1,147,644
2,480,853
6,476,269
1,227,246
1,354,331

201409102127(201409102127)
1,148,124
2,480,853
6,476,269
1,231,195
1,356,990

201409102129(201409102129)
1,148,124
2,480,853
6,476,269
1,231,195
1,356,990

201409102130(201409102130)
1,148,452
2,480,853
6,476,269
1,231,195
1,358,921

201409102131(201409102131)
1,148,452
2,480,853
6,476,269
1,231,278
1,360,969

201409102132(201409102132)
1,150,172
2,480,853
6,476,269
1,233,018
1,360,969

201409102133(201409102133)
1,150,713
2,480,853
6,476,269
1,233,515
1,360,969

201409102134(201409102134)
1,150,788
2,480,853
6,476,269
1,234,186
1,364,021

201409102135(201409102135)
1,150,788
2,480,853
6,476,269
1,234,186
1,364,021

201409102136(201409102136)
1,150,788
2,480,853
6,476,269
1,234,186
1,364,021

201409102137(201409102137)
1,150,788
2,484,174
6,476,269
1,234,186
1,364,021

201409102139(201409102139)
1,150,788
2,484,174
6,476,269
1,234,186
1,364,021

201409102140(201409102140)
1,150,788
2,484,174
6,476,269
1,236,949
1,364,588

201409102141(201409102141)
1,150,788
2,484,174
6,476,269
1,236,949
1,365,818

201409102142(201409102142)
1,150,788
2,484,174
6,476,269
1,238,134
1,365,818

201409102143(201409102143)
1,150,788
2,484,174
6,476,269
1,239,789
1,365,818

201409102144(201409102144)
1,150,788
2,484,174
6,476,269
1,239,873
1,365,818

201409102145(201409102145)
1,150,788
2,484,174
6,476,269
1,239,970
1,365,818

201409102146(201409102146)
1,150,788
2,484,174
6,476,269
1,239,970
1,365,818

201409102147(201409102147)
1,150,788
2,484,174
6,476,269
1,239,970
1,365,818

201409102149(201409102149)
1,151,755
2,487,637
6,476,269
1,239,970
1,366,061

201409102150(201409102150)
1,151,755
2,496,167
6,476,269
1,241,021
1,366,061

201409102151(201409102151)
1,153,290
2,496,167
6,476,269
1,241,021
1,366,061

201409102152(201409102152)
1,153,290
2,496,167
6,476,269
1,241,021
1,366,061

201409102153(201409102153)
1,153,900
2,496,167
6,476,269
1,241,021
1,366,061

201409102154(201409102154)
1,153,900
2,496,167
6,476,269
1,241,021
1,366,332

201409102155(201409102155)
1,155,284
2,496,167
6,476,269
1,241,021
1,366,332

201409102156(201409102156)
1,155,284
2,496,167
6,476,269
1,241,253
1,367,873

201409102157(201409102157)
1,155,284
2,496,167
6,476,269
1,241,253
1,367,873

201409102159(201409102159)
1,155,284
2,496,167
6,476,269
1,241,253
1,367,873

201409102200(201409102200)
1,156,975
2,496,167
6,476,269
1,241,934
1,367,873

201409102201(201409102201)
1,156,975
2,496,167
6,476,269
1,241,934
1,367,873

201409102202(201409102202)
1,156,975
2,496,167
6,476,269
1,241,934
1,367,873

201409102203(201409102203)
1,156,975
2,496,167
6,476,269
1,242,146
1,367,873

201409102204(201409102204)
1,156,975
2,496,167
6,476,269
1,242,146
1,367,873

201409102205(201409102205)
1,159,039
2,496,167
6,476,269
1,242,146
1,367,873

201409102206(201409102206)
1,159,039
2,496,167
6,476,269
1,242,146
1,367,873

201409102207(201409102207)
1,159,039
2,496,167
6,476,269
1,242,146
1,367,873

201409102209(201409102209)
1,159,039
2,496,167
6,476,269
1,242,146
1,367,873

201409102210(201409102210)
1,159,039
2,496,167
6,476,269
1,242,146
1,367,873

201409102211(201409102211)
1,159,124
2,500,814
6,476,269
1,242,146
1,367,873

201409102212(201409102212)
1,161,191
2,502,275
6,476,269
1,242,146
1,367,873

201409102213(201409102213)
1,161,191
2,502,275
6,476,269
1,242,493
1,370,476

201409102214(201409102214)
1,161,191
2,502,275
6,476,269
1,245,330
1,370,476

201409102215(201409102215)
1,161,191
2,502,275
6,476,269
1,245,330
1,370,476

201409102216(201409102216)
1,161,191
2,505,258
6,476,269
1,245,330
1,370,476

201409102217(201409102217)
1,161,191
2,505,258
6,476,269
1,245,330
1,370,476

201409102219(201409102219)
1,161,191
2,505,258
6,476,269
1,245,330
1,370,476

201409102220(201409102220)
1,161,191
2,505,258
6,476,269
1,245,330
1,372,028

201409102221(201409102221)
1,161,232
2,505,258
6,476,269
1,245,330
1,372,028

201409102222(201409102222)
1,163,174
2,505,258
6,476,269
1,245,330
1,372,765

201409102223(201409102223)
1,163,597
2,507,630
6,476,269
1,245,625
1,372,765

201409102224(201409102224)
1,163,597
2,517,318
6,476,269
1,245,625
1,372,765

201409102225(201409102225)
1,163,597
2,519,170
6,476,269
1,245,625
1,372,765

201409102226(201409102226)
1,163,597
2,519,170
6,476,269
1,245,625
1,372,765

201409102227(201409102227)
1,163,597
2,519,170
6,479,023
1,245,625
1,372,765

201409102229(201409102229)
1,163,597
2,519,170
6,479,443
1,245,625
1,373,568

201409102230(201409102230)
1,163,597
2,519,771
6,499,667
1,248,541
1,373,568

201409102231(201409102231)
1,163,597
2,519,771
6,499,667
1,248,541
1,373,568

201409102232(201409102232)
1,163,597
2,519,771
6,499,667
1,248,541
1,373,568

201409102233(201409102233)
1,163,597
2,519,771
6,499,667
1,248,541
1,373,568

201409102234(201409102234)
1,164,820
2,534,701
6,499,667
1,250,323
1,373,568

201409102235(201409102235)
1,164,820
2,534,701
6,499,667
1,250,323
1,373,568

201409102236(201409102236)
1,164,820
2,534,701
6,499,667
1,250,323
1,373,568

201409102237(201409102237)
1,164,820
2,534,701
6,499,667
1,250,323
1,373,568

201409102239(201409102239)
1,164,820
2,534,701
6,499,667
1,250,323
1,373,568

201409102240(201409102240)
1,166,117
2,538,112
6,499,667
1,251,063
1,375,381

201409102241(201409102241)
1,166,117
2,538,112
6,499,667
1,251,063
1,375,381

201409102242(201409102242)
1,167,482
2,538,112
6,499,667
1,251,063
1,376,551

201409102243(201409102243)
1,167,482
2,538,112
6,499,667
1,251,063
1,376,551

201409102244(201409102244)
1,167,482
2,538,112
6,499,667
1,251,063
1,376,551

201409102245(201409102245)
1,167,482
2,538,112
6,499,667
1,251,063
1,376,551

201409102246(201409102246)
1,167,482
2,538,112
6,499,667
1,251,063
1,376,551

201409102247(201409102247)
1,168,090
2,538,112
6,499,667
1,251,205
1,376,551

201409102249(201409102249)
1,168,090
2,538,112
6,499,667
1,251,930
1,380,268

201409102250(201409102250)
1,169,033
2,546,344
6,499,667
1,253,398
1,380,305

201409102251(201409102251)
1,169,033
2,546,344
6,499,667
1,254,243
1,380,305

201409102252(201409102252)
1,169,033
2,546,395
6,499,667
1,256,149
1,382,058

201409102253(201409102253)
1,169,033
2,546,497
6,499,667
1,256,149
1,382,846

201409102254(201409102254)
1,169,704
2,549,214
6,499,667
1,257,792
1,382,846

201409102255(201409102255)
1,170,331
2,557,268
6,501,332
1,257,792
1,383,152

201409102256(201409102256)
1,170,331
2,560,055
6,504,887
1,257,792
1,383,865

201409102257(201409102257)
1,170,566
2,560,055
6,516,213
1,257,792
1,383,865

201409102259(201409102259)
1,170,566
2,560,055
6,516,213
1,257,792
1,383,865

201409102300(201409102300)
1,170,566
2,560,055
6,529,754
1,262,024
1,383,865

201409102301(201409102301)
1,170,566
2,560,055
6,529,754
1,262,024
1,383,865

201409102302(201409102302)
1,170,566
2,560,055
6,529,754
1,262,024
1,383,865

201409102303(201409102303)
1,170,566
2,560,055
6,529,754
1,262,024
1,385,501

201409102304(201409102304)
1,170,566
2,560,055
6,529,754
1,262,024
1,262,024

201409102305(201409102305)
1,170,566
2,562,668
6,529,754
1,262,024
1,385,501

201409102306(201409102306)
1,171,179
2,562,668
6,529,754
1,262,024
1,385,501

201409102307(201409102307)
1,171,179
2,562,668
6,532,151
1,268,159
1,385,501

201409102309(201409102309)
1,171,179
2,562,668
6,532,151
1,268,159
1,388,004

201409102310(201409102310)
1,171,513
2,562,668
6,532,151
1,268,159
1,388,004

201409102311(201409102311)
1,171,513
2,562,668
6,532,151
1,268,159
1,388,004

201409102312(201409102312)
1,172,605
2,562,668
6,532,151
1,268,412
1,388,004

201409102313(201409102313)
1,173,581
2,562,668
6,532,151
1,269,085
1,388,004

201409102314(201409102314)
1,173,581
2,562,668
6,532,151
1,270,620
1,388,440

201409102315(201409102315)
1,173,581
2,562,668
6,532,151
1,271,059
1,388,440

201409102316(201409102316)
1,173,581
2,562,668
6,532,151
1,271,059
1,388,440

201409102317(201409102317)
1,173,581
2,562,668
6,532,151
1,271,059
1,388,440

201409102319(201409102319)
1,173,581
2,562,668
6,532,151
1,271,059
1,388,440

201409102320(201409102320)
1,173,581
2,562,668
6,533,610
1,272,143
1,388,440

201409102321(201409102321)
1,173,581
2,562,668
6,533,610
1,272,143
1,388,440

201409102322(201409102322)
1,174,064
2,562,668
6,533,610
1,272,143
1,388,440

201409102323(201409102323)
1,174,064
2,562,668
6,533,610
1,272,143
1,389,480

201409102324(201409102324)
1,174,064
2,574,633
6,533,610
1,272,143
1,396,056

201409102325(201409102325)
1,174,064
2,574,633
6,533,610
1,272,143
1,396,056

201409102326(201409102326)
1,174,739
2,574,633
6,533,610
1,272,143
1,396,056

201409102327(201409102327)
1,174,739
2,574,633
6,533,610
1,272,143
1,396,056

201409102329(201409102329)
1,174,739
2,574,633
6,533,610
1,272,143
1,398,356

201409102330(201409102330)
1,174,739
2,574,633
6,533,610
1,272,143
1,399,482

201409102331(201409102331)
1,174,739
2,574,633
6,533,610
1,272,143
1,399,482

201409102332(201409102332)
1,176,750
2,574,633
6,533,610
1,272,143
1,399,482

201409102333(201409102333)
1,176,966
2,574,633
6,533,610
1,272,232
1,399,482

201409102334(201409102334)
1,178,250
2,574,633
6,533,610
1,272,232
1,399,482

201409102335(201409102335)
1,178,250
2,580,938
6,533,610
1,272,232
1,399,482

201409102336(201409102336)
1,178,250
2,580,938
6,533,610
1,272,232
1,399,482

201409102337(201409102337)
1,178,250
2,580,938
6,533,610
1,272,232
1,401,022

201409102339(201409102339)
1,178,250
2,580,938
6,533,610
1,272,232
1,401,022

201409102340(201409102340)
1,178,250
2,582,968
6,533,610
1,272,232
1,401,022

201409102341(201409102341)
1,178,250
2,582,968
6,533,610
1,272,232
1,401,022

201409102342(201409102342)
1,178,250
2,582,968
6,533,610
1,274,619
1,401,798

201409102343(201409102343)
1,178,250
2,584,311
6,533,610
1,278,912
1,401,798

201409102344(201409102344)
1,178,250
2,584,616
6,533,610
1,278,912
1,403,300

201409102345(201409102345)
1,179,448
2,584,616
6,533,610
1,278,912
1,403,300

201409102346(201409102346)
1,179,448
2,584,616
6,533,610
1,278,912
1,403,300

201409102347(201409102347)
1,179,448
2,584,616
6,533,610
1,278,912
1,403,300

201409102349(201409102349)
1,179,637
2,584,616
6,533,610
1,279,624
1,403,752

201409102350(201409102350)
1,179,777
2,584,616
6,533,610
1,279,624
1,403,835

201409102351(201409102351)
1,179,777
2,585,161
6,533,610
1,279,624
1,404,473

201409102352(201409102352)
1,180,421
2,588,229
6,533,610
1,280,299
1,404,473

201409102353(201409102353)
1,180,421
2,589,428
6,533,610
1,281,514
1,404,473

201409102354(201409102354)
1,180,421
2,589,428
6,533,610
1,281,514
1,407,489

201409102355(201409102355)
1,180,421
2,589,428
6,533,610
1,281,514
1,407,489

201409102356(201409102356)
1,180,517
2,589,428
6,533,610
1,281,514
1,407,489

201409102357(201409102357)
1,180,619
2,589,428
6,533,610
1,281,885
1,407,489

201409102359(201409102359)
1,180,619
2,589,428
6,533,610
1,281,885
1,407,489

201409110000(201409110000)
1,180,619
2,589,428
6,533,610
1,281,885
1,407,489

201409110001(201409110001)
1,181,022
2,589,428
6,533,610
1,281,885
1,407,489

201409110002(201409110002)
1,181,022
2,589,428
6,538,335
1,281,885
1,407,489

201409110003(201409110003)
1,181,022
2,589,428
6,538,335
1,281,885
1,407,489

201409110004(201409110004)
1,181,305
2,589,428
6,538,335
1,283,694
1,407,975

201409110005(201409110005)
1,181,305
2,589,428
6,538,335
1,283,694
1,408,322

201409110006(201409110006)
1,181,305
2,589,428
6,538,335
1,283,694
1,408,322

201409110007(201409110007)
1,181,680
2,589,428
6,538,443
1,284,744
1,408,322

201409110009(201409110009)
1,181,680
2,589,428
6,541,258
1,284,744
1,408,322

201409110010(201409110010)
1,181,680
2,589,428
6,596,782
1,284,744
1,408,372

201409110011(201409110011)
1,181,680
2,589,428
6,596,782
1,284,744
1,408,372

201409110012(201409110012)
1,181,680
2,589,428
6,596,782
1,284,744
1,408,372

201409110013(201409110013)
1,181,680
2,589,514
6,596,782
1,284,744
1,408,372

201409110014(201409110014)
1,182,892
2,589,514
6,596,782
1,284,744
1,408,372

201409110015(201409110015)
2,589,514
6,596,782
1,284,744
1,408,372

201409110016(201409110016)
1,182,892
2,589,514
6,596,782
1,284,744
1,408,372

201409110017(201409110017)
1,182,892
2,589,514
6,596,782
1,284,744
1,408,372

201409110019(201409110019)
1,183,244
2,589,514
6,596,782
1,286,110
1,408,372

201409110020(201409110020)
1,183,244
2,589,514
6,596,782
1,286,110
1,410,728

201409110021(201409110021)
1,183,244
2,589,514
6,596,782
1,287,910
1,411,671

201409110022(201409110022)
1,183,284
2,591,547
6,596,782
1,287,910
1,411,671

201409110023(201409110023)
1,183,284
2,591,547
6,596,782
1,287,910
1,411,671

201409110024(201409110024)
1,183,284
2,604,340
6,596,782
1,287,910
1,411,671

201409110025(201409110025)
1,183,284
2,604,340
6,596,782
1,288,006
1,411,671

201409110026(201409110026)
1,183,284
2,604,620
6,596,782
1,288,006
1,412,926

201409110027(201409110027)
1,183,473
2,604,620
6,596,782
1,288,006
1,412,926

201409110029(201409110029)
1,185,695
2,604,620
6,618,562
1,288,006
1,412,926

201409110030(201409110030)
1,185,695
2,604,839
6,618,562
1,291,036
1,413,319

201409110031(201409110031)
1,186,307
2,604,839
6,618,562
1,291,036
1,413,319

201409110032(201409110032)
1,186,307
2,604,839
6,618,562
1,291,036
1,413,319

201409110033(201409110033)
1,187,256
2,604,839
6,618,562
1,291,036
1,413,319

201409110034(201409110034)
1,187,585
2,604,839
6,618,562
1,291,036
1,413,319

201409110035(201409110035)
1,188,169
2,604,839
6,618,562
1,291,036
1,413,319

201409110036(201409110036)
1,188,169
2,604,839
6,618,562
1,291,682
1,413,319

201409110037(201409110037)
1,188,169
2,604,839
6,618,562
1,291,682
1,413,319

201409110039(201409110039)
1,188,169
2,604,839
6,618,562
1,291,682
1,413,319

201409110040(201409110040)
1,189,266
2,605,254
6,618,562
1,291,682
1,413,319

201409110041(201409110041)
1,189,266
2,605,254
6,618,562
1,291,682
1,413,319

201409110042(201409110042)
1,189,266
2,605,254
6,618,562
1,291,682
1,413,319

201409110043(201409110043)
1,189,266
2,605,254
6,618,562
1,291,682
1,413,319

201409110044(201409110044)
1,189,266
2,605,254
6,618,562
1,291,682
1,413,319

201409110045(201409110045)
1,190,461
2,605,254
6,618,562
1,291,682
1,413,319

201409110046(201409110046)
1,190,461
2,605,254
6,618,562
1,291,682
1,413,319

201409110047(201409110047)
1,190,461
2,605,254
6,618,562
1,291,682
1,413,319

201409110049(201409110049)
1,190,461
2,605,254
6,618,562
1,293,812
1,413,319

201409110050(201409110050)
1,190,461
2,605,254
6,618,562
1,293,812
1,413,884

201409110051(201409110051)
1,190,461
2,605,254
6,618,562
1,293,812
1,413,884

201409110052(201409110052)
1,190,461
2,605,254
6,618,562
1,293,812
1,413,884

201409110053(201409110053)
1,191,272
2,605,254
6,618,562
1,293,812
1,413,884

201409110054(201409110054)
1,191,272
2,605,254
6,618,562
1,293,812
1,413,884

201409110055(201409110055)
1,191,272
2,605,254
6,618,562
1,293,812
1,413,884

201409110056(201409110056)
1,191,272
2,605,254
6,618,562
1,293,812
1,413,884

201409110057(201409110057)
1,191,272
2,605,254
6,618,562
1,293,812
1,413,884

201409110059(201409110059)
1,191,272
2,605,254
6,618,562
1,293,812
1,413,884

201409110100(201409110100)
1,192,170
2,605,254
6,618,562
1,293,812
1,414,718

201409110101(201409110101)
1,192,170
2,605,254
6,618,562
1,293,812
1,414,718

201409110102(201409110102)
1,192,170
2,605,254
6,618,562
1,293,812
1,414,846

201409110103(201409110103)
1,192,521
2,605,254
6,618,562
1,293,812
1,414,846

201409110104(201409110104)
1,192,521
2,605,254
6,618,562
1,293,812
1,414,846

201409110105(201409110105)
1,192,521
2,605,254
6,618,562
1,293,812
1,414,846

201409110106(201409110106)
1,192,521
2,605,254
6,618,562
1,294,384
1,414,846

201409110107(201409110107)
1,192,521
2,605,254
6,618,562
1,294,384
1,414,846

201409110109(201409110109)
1,192,521
2,605,254
6,618,562
1,294,384
1,414,846

201409110110(201409110110)
1,193,667
2,605,254
6,618,562
1,294,384
1,414,846

201409110111(201409110111)
1,193,667
2,605,254
6,618,562
1,294,384
1,414,846

201409110112(201409110112)
1,193,667
2,605,254
6,618,562
1,294,500
1,414,846

201409110113(201409110113)
1,193,667
2,605,254
6,618,562
1,295,080
1,415,088

201409110114(201409110114)
1,193,667
2,605,254
6,618,562
1,298,028
1,415,088

201409110115(201409110115)
1,193,667
2,605,254
6,618,562
1,298,190
1,417,383

201409110116(201409110116)
1,194,172
2,605,254
6,618,562
1,298,300
1,421,589

201409110117(201409110117)
1,194,172
2,625,431
6,618,562
1,298,300
1,422,129

201409110119(201409110119)
2,625,431
6,618,562
1,298,300
1,423,569

201409110120(201409110120)
1,195,065
2,625,431
6,618,562
1,298,300
1,423,569

201409110121(201409110121)
1,195,065
2,626,087
6,618,562
1,299,429
1,423,860

201409110122(201409110122)
2,626,087
6,618,562
1,299,429
1,423,860

201409110123(201409110123)
1,195,065
2,626,087
6,618,562
1,299,429
1,423,860

201409110124(201409110124)
1,195,065
2,626,087
6,618,562
1,299,429
1,423,860

201409110125(201409110125)
1,197,312
2,626,087
6,618,562
1,299,429
1,423,860

201409110126(201409110126)
1,197,312
2,626,087
6,618,562
1,300,706
1,423,860

201409110127(201409110127)
1,197,312
2,631,132
6,618,562
1,300,706
1,424,699

201409110129(201409110129)
1,197,312
2,631,132
6,618,562
1,300,706
1,424,699

201409110130(201409110130)
1,197,312
2,636,030
6,618,562
1,300,706
1,424,699

201409110131(201409110131)
1,198,753
2,638,032
6,618,562
1,300,706
1,424,699

201409110132(201409110132)
1,198,753
2,638,032
6,618,562
1,300,706
1,424,699

201409110133(201409110133)
1,198,753
2,638,032
6,618,562
1,300,706
1,424,699

201409110134(201409110134)
1,198,753
2,638,032
6,618,562
1,300,706
1,424,699

201409110135(201409110135)
1,198,753
2,644,556
6,618,562
1,300,706
1,424,699

201409110136(201409110136)
1,198,753
2,644,556
6,618,562
1,300,706
1,424,699

201409110137(201409110137)
1,198,753
2,644,556
6,618,562
1,300,706
1,424,699

201409110139(201409110139)
1,198,753
2,644,556
6,618,562
1,300,706
1,426,830

201409110140(201409110140)
1,198,753
2,644,691
6,618,562
1,300,706
1,426,830

201409110141(201409110141)
1,198,753
2,644,691
6,618,562
1,300,706
1,426,909

201409110142(201409110142)
1,198,989
2,644,691
6,618,562
1,300,706
1,426,909

201409110143(201409110143)
1,198,989
2,644,691
6,618,562
1,300,706
1,426,909

201409110144(201409110144)
1,198,989
2,645,295
6,618,562
1,300,706
1,426,909

201409110145(201409110145)
1,198,989
2,650,551
6,618,562
1,300,706
1,426,909

201409110146(201409110146)
1,198,989
2,650,551
6,618,562
1,300,706
1,426,909

201409110147(201409110147)
1,198,989
2,650,551
6,618,562
1,300,706
1,426,909

201409110149(201409110149)
1,198,989
2,650,551
6,618,562
1,300,706
1,427,976

201409110150(201409110150)
1,202,395
2,650,551
6,639,972
1,302,199
1,430,216

201409110151(201409110151)
1,202,395
2,650,551
6,640,416
1,302,199
1,430,216

201409110152(201409110152)
1,202,395
2,650,551
6,641,679
1,302,199
1,430,216

201409110153(201409110153)
1,202,395
2,650,551
6,641,679
1,302,199
1,430,216

201409110154(201409110154)
1,202,395
2,650,551
6,641,679
1,302,199
1,430,216

201409110155(201409110155)
1,202,395
2,650,551
6,641,679
1,302,199
1,430,216

201409110156(201409110156)
1,202,395
2,650,551
6,641,679
1,302,199
1,430,216

201409110157(201409110157)
1,202,395
2,650,551
6,641,679
1,302,199
1,430,216

201409110159(201409110159)
1,202,395
2,650,551
6,641,679
1,302,969
1,431,904

201409110200(201409110200)
1,202,395
2,651,278
6,641,679
1,302,969
1,431,904

201409110201(201409110201)
1,202,614
2,651,278
6,641,679
1,302,969
1,431,904

201409110202(201409110202)
1,202,614
2,651,278
6,641,679
1,302,969
1,431,904

201409110203(201409110203)
1,202,614
2,651,278
6,641,679
1,303,723
1,431,904

201409110204(201409110204)
1,202,614
2,651,278
6,641,679
1,303,723
1,431,904

201409110205(201409110205)
1,202,614
2,651,278
6,641,679
1,303,723
1,431,904

201409110206(201409110206)
1,202,614
2,651,278
6,641,679
1,303,723
1,431,904

201409110207(201409110207)
1,203,197
2,651,278
6,641,679
1,303,723
1,431,904

201409110209(201409110209)
1,203,646
2,651,278
6,641,679
1,304,520
1,431,904

201409110210(201409110210)
1,203,646
2,651,278
6,641,679
1,304,520
1,431,904

201409110211(201409110211)
1,203,646
2,651,278
6,641,679
1,306,967
1,431,904

201409110212(201409110212)
1,203,646
2,651,278
6,641,679
1,306,967
1,431,904

201409110213(201409110213)
1,203,646
2,651,278
6,641,679
1,306,967
1,435,607

201409110214(201409110214)
1,203,646
2,651,278
6,641,679
1,306,967
1,435,607

201409110215(201409110215)
1,203,646
2,651,278
6,641,679
1,306,967
1,435,607

201409110216(201409110216)
1,203,646
2,651,278
6,657,585
1,306,967
1,435,978

201409110217(201409110217)
1,203,646
2,651,278
6,657,585
1,306,967
1,435,978

201409110219(201409110219)
1,203,646
2,651,278
6,657,585
1,306,967
1,435,978

201409110220(201409110220)
1,203,646
2,651,278
6,657,585
1,306,967
1,435,978

201409110221(201409110221)
1,203,646
2,651,278
6,657,585
1,306,967
1,435,978

201409110222(201409110222)
1,204,468
2,651,278
6,657,585
1,306,967
1,435,978

201409110223(201409110223)
1,204,468
2,651,278
6,657,585
1,309,417
1,435,978

201409110224(201409110224)
1,204,468
2,651,278
6,657,585
1,309,417
1,435,978

201409110225(201409110225)
1,204,468
2,651,278
6,657,585
1,309,417
1,435,978

201409110226(201409110226)
1,204,853
2,651,278
6,657,585
1,309,417
1,439,126

201409110227(201409110227)
1,204,853
2,651,278
6,657,585
1,309,417
1,439,182

201409110229(201409110229)
1,204,853
2,651,278
6,657,585
1,309,417
1,439,182

201409110230(201409110230)
1,204,853
2,651,278
6,674,683
1,309,417
1,439,182

201409110231(201409110231)
1,204,853
2,651,278
6,674,683
1,309,624
1,439,182

201409110232(201409110232)
1,204,853
2,651,278
6,674,683
1,309,624
1,439,182

201409110233(201409110233)
1,204,853
2,651,278
6,674,683
1,311,844
1,439,182

201409110234(201409110234)
1,204,853
2,651,278
6,674,683
1,311,844
1,439,182

201409110235(201409110235)
1,204,853
2,651,278
6,674,683
1,312,125
1,439,182

201409110236(201409110236)
1,204,853
2,651,278
6,674,683
1,312,125
1,441,448

201409110237(201409110237)
1,204,853
2,651,278
6,674,683
1,312,125
1,441,448

201409110239(201409110239)
1,204,853
2,651,278
6,674,683
1,312,125
1,441,448

201409110240(201409110240)
1,204,853
2,651,278
6,674,683
1,312,125
1,441,448

201409110241(201409110241)
1,204,853
2,652,252
6,674,683
1,315,175
1,441,448

201409110242(201409110242)
1,204,853
2,652,252
6,674,683
1,315,175
1,445,474

201409110243(201409110243)
1,204,853
2,652,252
6,674,683
1,315,175
1,445,474

201409110244(201409110244)
1,204,853
2,652,252
6,674,683
1,315,175
1,445,474

201409110245(201409110245)
1,204,853
2,652,252
6,674,683
1,315,175
1,445,474

201409110246(201409110246)
1,204,855
2,656,708
6,674,683
1,315,175
1,445,474

201409110247(201409110247)
1,205,495
2,656,708
6,674,683
1,315,175
1,445,474

201409110249(201409110249)
1,205,901
2,660,553
6,674,683
1,315,175
1,445,474

201409110250(201409110250)
1,206,047
2,660,553
6,674,683
1,317,418
1,445,474

201409110251(201409110251)
1,206,047
2,660,553
6,674,683
1,317,418
1,446,080

201409110252(201409110252)
1,206,047
2,660,553
6,674,683
1,317,418
1,446,080

201409110253(201409110253)
1,206,047
2,660,553
6,674,683
1,317,418
1,446,080

201409110254(201409110254)
1,206,047
2,660,553
6,674,683
1,317,418
1,446,080

201409110255(201409110255)
1,206,047
2,660,553
6,674,683
1,317,418
1,446,080




























































































































































































































































































































201409111652(201409111652)
1,418,955
1,546,686

201409111653(201409111653)
1,292,014
2,835,224
6,936,609
1,418,955
1,546,686

201409111654(201409111654)
1,292,014
2,835,224
6,936,609
1,418,955
1,546,686

201409111655(201409111655)
1,292,014
2,835,224
6,936,609
1,418,955
1,546,686

201409111655(201409111655)
1,292,014
2,835,224
6,936,609
1,418,955
1,546,686

201409111656(201409111656)
1,292,014
2,835,224
6,936,609
1,418,955
1,546,686
2,835,224
6,936,609
1,419,075
1,546,686

201409111657(201409111657)
1,293,234
2,835,224
6,936,609
1,419,315
1,546,686

201409111700(201409111700)
1,293,234
2,835,224
6,936,609
1,419,315
1,546,686

201409111701(201409111701)
6,936,609
1,419,977
1,546,708

201409111702(201409111702)
2,847,620
6,936,609
1,419,977
1,546,708

