201409081706(201409081706)
768,601
1,437,747
4,802,264
810,085
860,853

201409081707(201409081707)
769,300
1,437,747
4,802,264
810,085
862,381

201409081709(201409081709)
769,300
1,440,568
4,802,264
810,085
862,381

201409081710(201409081710)
769,300
1,440,568
4,802,264
810,085
862,381

201409081711(201409081711)
769,300
1,440,568
4,802,264
811,800
863,024

201409081712(201409081712)
769,300
1,440,990
4,802,264
811,800
863,024

201409081713(201409081713)
769,300
1,446,165
4,802,264
811,800
863,024

201409081714(201409081714)
769,300
1,446,165
4,802,264
812,259
863,702

201409081715(201409081715)
769,300
1,446,165
4,802,264
812,259
863,702

201409081716(201409081716)
770,251
1,446,165
4,802,264
812,714
863,878

201409081717(201409081717)
770,251
1,446,165
4,802,264
812,714
863,878

201409081719(201409081719)
770,251
1,446,165
4,802,264
812,714
863,878

201409081720(201409081720)
770,251
1,446,165
4,802,264
812,714
863,878

201409081721(201409081721)
770,251
1,446,165
4,802,264
812,767
863,878

201409081722(201409081722)
770,251
1,446,165
4,802,264
812,926
863,878

201409081723(201409081723)
770,251
1,446,165
4,802,264
812,926
863,878

201409081724(201409081724)
770,801
1,447,099
4,802,264
814,308
864,505

201409081725(201409081725)
770,801
1,447,099
4,802,264
815,079
865,234

201409081726(201409081726)
770,801
1,447,099
4,802,264
815,079
865,234

201409081727(201409081727)
770,801
1,447,099
4,802,264
815,079
865,773

201409081729(201409081729)
770,801
1,447,099
4,802,264
815,079
865,773

201409081730(201409081730)
770,801
1,447,338
4,802,264
815,079
865,773

201409081731(201409081731)
770,801
1,447,338
4,802,264
815,079
865,773

201409081732(201409081732)
770,801
1,447,338
4,802,264
815,079
865,773

201409081733(201409081733)
770,801
1,447,338
4,802,264
815,079
865,825

201409081734(201409081734)
770,876
1,447,338
4,802,264
815,079
865,825

201409081735(201409081735)
770,876
1,447,338
4,802,264
815,079
865,825

201409081736(201409081736)
771,494
1,447,338
4,802,264
815,489
866,980

201409081737(201409081737)
771,494
1,447,338
4,802,264
815,489
866,980

201409081739(201409081739)
773,271
1,447,338
4,802,264
817,114
867,130

201409081740(201409081740)
773,271
1,447,338
4,802,264
817,114
867,744

201409081741(201409081741)
773,271
1,447,338
4,802,264
817,260
867,744

201409081742(201409081742)
773,271
1,447,338
4,802,264
817,260
867,744

201409081743(201409081743)
773,271
1,447,338
4,802,264
817,260
867,744

201409081744(201409081744)
773,330
1,447,338
4,802,264
817,260
867,744

201409081745(201409081745)
773,330
1,447,338
4,802,264
817,260
867,964

201409081746(201409081746)
773,686
1,447,338
4,802,264
817,260
868,597

201409081747(201409081747)
773,686
1,447,338
4,802,264
817,260
868,597

201409081749(201409081749)
773,686
1,447,455
4,802,264
817,260
868,597

201409081750(201409081750)
774,137
1,447,455
4,802,264
817,260
868,597

201409081751(201409081751)
774,180
1,447,455
4,802,264
818,591
869,294

201409081752(201409081752)
774,718
1,447,455
4,802,264
818,591
869,294

201409081753(201409081753)
774,718
1,447,455
4,802,264
818,615
871,087

201409081754(201409081754)
775,154
1,447,455
4,802,264
818,705
871,087

201409081755(201409081755)
775,314
1,447,455
4,802,264
818,705
872,031

201409081756(201409081756)
775,652
1,447,455
4,802,264
818,705
872,202

201409081757(201409081757)
775,652
1,447,455
4,802,264
4,802,264
872,255

201409081759(201409081759)
775,652
1,447,455
4,802,264
818,705
872,864

201409081800(201409081800)
775,652
1,447,455
4,802,264
818,943
872,864

201409081801(201409081801)
775,652
1,447,455
4,802,264
818,943
872,864

201409081802(201409081802)
775,652
1,447,455
4,802,264
818,943
872,864

201409081803(201409081803)
776,398
1,452,423
4,802,264
818,943
872,864

201409081804(201409081804)
776,452
1,452,423
4,802,264
822,162
874,144

201409081805(201409081805)
776,995
1,452,423
4,802,264
823,460
874,271

201409081806(201409081806)
776,995
1,452,423
823,460
874,271


201409081809(201409081809)
776,995
1,452,423
4,802,264
824,424
874,293

201409081810(201409081810)
776,995
1,452,423
4,802,264
824,424
874,293

201409081811(201409081811)
776,995
1,452,423
1,452,423
824,424
874,293

201409081812(201409081812)
776,995
776,995
776,995
825,306
825,306

201409081813(201409081813)
777,059
1,452,423
4,802,264
825,306
874,293

201409081814(201409081814)
777,059
1,452,423
4,802,264
825,306
874,293

201409081815(201409081815)
777,059
1,452,423
4,802,264
825,306
874,293

201409081816(201409081816)
777,059
1,452,423
4,802,264
825,306
874,293

201409081817(201409081817)
777,179
1,453,221
4,802,264
825,306
874,293

201409081819(201409081819)
777,270
1,453,976
4,802,264
825,306
874,293

201409081820(201409081820)
777,326
1,453,976
4,802,264
825,739
874,293

201409081821(201409081821)
777,326
1,453,976
4,802,264
825,739
874,293

201409081822(201409081822)
777,326
1,453,976
4,802,264
826,002
876,306

201409081823(201409081823)
777,326
1,453,976
4,802,264
826,580
878,442

201409081824(201409081824)
777,505
1,453,976
4,802,264
826,580
879,244

201409081825(201409081825)
778,357
1,453,976
4,802,264
826,580
879,505

201409081826(201409081826)
778,357
1,453,976
4,802,264
826,580
879,505

201409081827(201409081827)
778,357
1,453,976
4,802,264
826,580
879,505

201409081829(201409081829)
778,539
1,456,118
4,802,264
826,900
879,822

201409081830(201409081830)
779,013
1,456,118
4,802,264
826,900
879,822

201409081831(201409081831)
779,013
1,456,873
4,802,264
826,929
880,439

201409081832(201409081832)
779,013
1,457,393
4,802,264
826,929
880,439

201409081833(201409081833)
779,013
1,460,643
4,802,264
826,929
880,439

201409081834(201409081834)
779,245
1,461,097
4,802,264
826,929
880,439

201409081835(201409081835)
779,245
1,461,097
4,802,264
826,929
880,439

201409081836(201409081836)
779,245
1,461,097
4,802,264
826,929
880,439

201409081837(201409081837)
779,245
1,461,097
4,802,264
826,929
880,439

201409081839(201409081839)
779,400
1,461,097
4,802,264
826,929
880,439

201409081840(201409081840)
779,400
1,461,097
4,802,264
827,649
881,053

201409081841(201409081841)
779,400
1,461,097
4,802,264
828,444
881,053

201409081842(201409081842)
780,236
1,461,097
4,802,264
828,444
881,053

201409081843(201409081843)
780,236
1,461,097
4,802,264
828,444
881,053

201409081844(201409081844)
780,924
1,461,097
4,802,264
828,845
881,280

201409081845(201409081845)
780,924
1,463,169
4,802,264
828,845
881,280

201409081846(201409081846)
781,428
1,463,169
4,802,264
830,625
883,365

201409081847(201409081847)
782,602
1,463,169
4,802,264
831,273
883,424

201409081849(201409081849)
782,727
1,465,487
4,802,264
832,537
883,639

201409081850(201409081850)
782,727
1,465,487
4,802,264
832,537
883,879

201409081851(201409081851)
782,727
1,466,445
4,802,264
832,537
883,879

201409081852(201409081852)
782,727
1,466,445
4,802,264
832,537
883,879

201409081853(201409081853)
782,727
1,466,445
4,802,264
832,537
883,879

201409081854(201409081854)
782,727
1,466,740
4,802,264
832,537
883,879

201409081855(201409081855)
782,727
1,475,132
4,802,264
832,537
883,879

201409081856(201409081856)
782,727
1,475,132
4,802,264
832,537
883,879

201409081857(201409081857)
782,815
1,475,132
4,802,264
834,264
883,879

201409081859(201409081859)
782,815
1,475,132
4,802,264
834,793
886,085

201409081900(201409081900)
782,815
1,475,132
4,802,264
834,793
886,512

201409081901(201409081901)
782,815
1,475,132
4,802,264
835,264
887,912

201409081902(201409081902)
784,721
1,475,132
4,802,264
835,264
887,912

201409081903(201409081903)
784,933
1,475,132
4,802,264
835,264
887,912

201409081904(201409081904)
784,933
1,475,132
4,802,264
835,264
888,711

201409081905(201409081905)
784,956
1,475,132
4,802,264
835,264
888,711

201409081906(201409081906)
784,956
1,475,132
4,802,264
835,264
888,711

201409081907(201409081907)
784,956
1,476,612
4,802,264
835,264
888,711

201409081909(201409081909)
785,013
1,476,720
4,802,264
835,331
888,711

201409081910(201409081910)
786,269
1,476,720
4,802,264
836,134
888,711

201409081911(201409081911)
786,269
1,478,089
4,802,318
836,478
889,535

201409081912(201409081912)
786,584
1,478,089
4,802,426
836,784
889,535

201409081913(201409081913)
786,584
1,478,089
4,802,426
836,784
889,535

201409081914(201409081914)
786,616
1,478,089
4,802,534
837,288
889,535

201409081915(201409081915)
786,616
1,478,089
4,871,624
837,288
889,535

201409081916(201409081916)
786,621
1,479,148
4,871,624
837,680
889,535

201409081917(201409081917)
787,621
1,479,148
4,871,624
837,680
889,535

201409081919(201409081919)
788,042
1,479,148
4,871,624
837,680
889,535

201409081920(201409081920)
788,042
1,479,148
4,871,624
837,680
889,535

201409081921(201409081921)
788,048
1,481,769
4,871,624
837,680
890,075

201409081922(201409081922)
789,538
1,481,769
4,871,624
837,680
890,075

201409081923(201409081923)
789,538
1,481,769
4,871,624
837,680
890,075

201409081924(201409081924)
789,538
1,484,182
4,871,624
837,680
891,308

201409081925(201409081925)
789,538
1,484,292
4,871,624
838,508
893,217

201409081926(201409081926)
791,503
1,484,512
4,871,683
838,508
893,217

201409081927(201409081927)
791,503
1,484,519
4,871,683
838,508
893,217

201409081929(201409081929)
792,078
1,484,519
4,871,683
838,508
893,217

201409081930(201409081930)
792,078
1,484,519
4,871,683
838,508
893,217

201409081931(201409081931)
792,078
1,484,519
4,871,683
838,508
893,217

201409081932(201409081932)
792,078
1,484,732
4,871,742
838,508
893,217

201409081933(201409081933)
793,985
1,484,897
4,871,801
838,508
894,618

201409081934(201409081934)
795,261
1,485,007
4,871,919
839,498
896,792

201409081935(201409081935)
795,261
1,485,007
4,871,978
839,498
896,987

201409081936(201409081936)
795,794
1,485,007
4,875,061
839,786
896,987

201409081937(201409081937)
795,794
1,486,422
4,875,179
839,786
896,987

201409081939(201409081939)
795,794
1,486,752
4,875,415
840,256
897,462

201409081940(201409081940)
796,154
1,486,819
4,875,474
840,392
897,513

201409081941(201409081941)
796,154
1,486,819
4,875,474
840,392
901,277

201409081942(201409081942)
798,637
1,486,819
4,875,474
840,392
901,277

201409081943(201409081943)
798,637
1,486,819
4,875,474
840,392
901,277

201409081944(201409081944)
798,637
1,487,089
4,875,474
840,392
901,277

201409081945(201409081945)
798,637
1,487,089
4,875,474
840,917
901,277

201409081946(201409081946)
798,637
1,487,799
4,875,474
841,292
901,277

201409081947(201409081947)
799,622
1,490,310
4,875,474
841,292
901,277

201409081949(201409081949)
799,622
1,490,310
4,875,474
841,909
901,277

201409081950(201409081950)
799,622
1,490,310
4,875,474
842,026
901,277

201409081951(201409081951)
799,622
1,490,448
4,875,474
842,341
901,493

201409081952(201409081952)
799,636
1,490,448
4,875,474
842,878
901,493

201409081953(201409081953)
799,636
1,491,060
4,875,474
842,878
901,493

201409081954(201409081954)
799,868
1,491,060
4,887,748
843,063
902,397

201409081955(201409081955)
800,142
1,491,060
4,887,748
843,489
902,397

201409081956(201409081956)
800,142
1,491,060
4,887,748
843,580
902,397

201409081957(201409081957)
801,250
1,493,370
4,887,748
843,997
902,397

201409081959(201409081959)
801,250
1,496,398
4,887,748
843,997
902,397

201409082000(201409082000)
801,919
1,496,398
4,887,748
845,193
902,397

201409082001(201409082001)
802,238
1,496,398
4,887,748
845,193
903,843

201409082002(201409082002)
802,238
1,496,398
4,887,748
845,788
903,843

201409082003(201409082003)
802,238
1,497,847
4,887,748
845,788
903,843

201409082004(201409082004)
802,238
1,497,847
4,887,748
845,788
903,843

201409082005(201409082005)
802,238
1,498,643
4,887,748
845,823
903,884

201409082006(201409082006)
802,539
1,498,643
4,887,748
845,898
904,095

201409082007(201409082007)
802,539
1,498,643
4,887,748
845,898
904,248

201409082009(201409082009)
802,539
1,498,643
4,887,748
845,898
904,248

201409082010(201409082010)
803,183
1,498,643
4,887,748
847,038
904,248

201409082011(201409082011)
803,739
1,498,643
4,887,748
847,038
904,324

201409082012(201409082012)
803,739
1,498,643
4,887,748
847,042
904,324

201409082013(201409082013)
803,739
1,498,903
4,887,748
847,042
904,324

201409082014(201409082014)
803,739
1,498,903
4,887,748
847,042
905,591

201409082015(201409082015)
803,789
1,498,903
4,887,748
847,587
905,940

201409082016(201409082016)
803,789
1,498,903
4,887,748
848,196
905,940

201409082017(201409082017)
803,789
1,501,764
4,887,748
848,196
905,940

201409082019(201409082019)
803,789
1,501,764
4,887,748
850,533
905,940

201409082020(201409082020)
803,789
1,512,432
4,887,748
851,233
905,940

201409082021(201409082021)
803,789
1,512,432
4,887,748
851,233
905,940

201409082022(201409082022)
803,789
1,512,432
4,887,748
851,350
906,750

201409082023(201409082023)
803,789
1,514,236
4,887,748
851,350
906,750

201409082024(201409082024)
803,789
1,515,213
4,887,748
851,350
906,750

201409082025(201409082025)
803,789
1,516,276
4,887,748
851,350
906,750

201409082026(201409082026)
803,789
1,516,276
4,887,748
851,350
906,750

201409082027(201409082027)
803,789
1,517,889
4,908,541
853,139
906,750

201409082029(201409082029)
804,038
1,517,889
4,908,541
853,681
906,750

201409082030(201409082030)
804,038
1,517,889
4,908,541
853,751
907,091

201409082031(201409082031)
804,038
1,517,889
4,908,541
853,891
907,091

201409082032(201409082032)
804,096
1,517,889
4,908,541
853,891
907,091

201409082033(201409082033)
804,316
1,518,039
4,908,541
854,299
907,091

201409082034(201409082034)
804,655
1,518,530
4,908,541
854,299
907,230

201409082035(201409082035)
805,665
1,520,491
4,908,541
854,485
907,230

201409082036(201409082036)
805,665
1,520,491
4,908,541
854,485
907,230

201409082037(201409082037)
805,665
1,520,739
4,908,541
854,485
907,230

201409082039(201409082039)
805,665
1,520,739
4,908,541
854,551
907,262

201409082040(201409082040)
805,665
1,520,739
4,908,541
854,551
907,262

201409082041(201409082041)
806,705
1,520,739
4,908,541
854,551
907,262

201409082042(201409082042)
806,804
1,522,102
4,908,541
854,945
908,253

201409082043(201409082043)
806,847
1,522,102
4,908,541
855,378
908,419

201409082044(201409082044)
807,079
1,522,102
4,908,541
855,378
908,419

201409082045(201409082045)
807,079
1,524,113
4,908,541
855,378
908,496

201409082046(201409082046)
807,079
1,524,113
4,908,541
855,378
908,552

201409082047(201409082047)
807,079
1,524,113
4,908,541
855,378
908,697

201409082049(201409082049)
807,079
1,525,359
4,908,541
855,378
908,697

201409082050(201409082050)
807,550
1,532,326
4,908,541
855,378
908,697

201409082051(201409082051)
807,977
1,533,944
4,908,541
856,779
908,697

201409082052(201409082052)
808,613
1,533,944
4,908,541
856,779
908,697

201409082053(201409082053)
808,613
1,536,692
4,908,541
856,779
908,697

201409082054(201409082054)
808,613
1,537,495
4,908,541
857,292
908,697

201409082055(201409082055)
808,613
1,537,719
4,908,541
858,522
908,752

201409082056(201409082056)
808,613
1,537,887
4,908,541
858,522
909,228

201409082057(201409082057)
808,613
1,540,647
4,908,541
858,522
911,850

201409082059(201409082059)
808,702
1,543,107
4,941,993
858,616
912,398

201409082100(201409082100)
808,702
1,543,107
4,941,993
859,461
912,679

201409082101(201409082101)
808,721
1,544,283
4,941,993
859,541
912,679

201409082102(201409082102)
808,721
1,544,283
4,941,993
859,541
913,494

201409082103(201409082103)
808,721
1,544,283
4,941,993
859,541
913,494

201409082104(201409082104)
808,721
1,544,283
4,941,993
859,541
913,494

201409082105(201409082105)
808,721
1,544,283
4,941,993
859,541
913,494

201409082106(201409082106)
808,721
1,544,283
4,941,993
859,541
914,904

201409082107(201409082107)
808,721
1,544,283
4,941,993
860,739
914,904

201409082109(201409082109)
809,570
1,544,283
4,941,993
860,739
914,904

201409082110(201409082110)
809,570
1,547,098
4,941,993
860,739
914,904

201409082111(201409082111)
809,570
1,547,098
4,941,993
860,739
914,904

201409082112(201409082112)
809,708
1,547,098
4,941,993
861,004
914,904

201409082113(201409082113)
809,708
1,549,664
4,941,993
861,004
914,904

201409082114(201409082114)
809,708
1,550,603
4,941,993
861,004
915,829

201409082115(201409082115)
809,708
1,550,603
4,941,993
861,004
916,505

201409082116(201409082116)
810,070
1,550,603
4,941,993
861,004
916,505

201409082117(201409082117)
810,070
1,550,603
4,941,993
861,004
916,876

201409082119(201409082119)
810,070
1,554,777
4,941,993
861,682
917,633

201409082120(201409082120)
812,315
1,555,656
4,941,993
861,682
917,633

201409082121(201409082121)
812,818
1,560,225
4,941,993
862,204
917,659

201409082122(201409082122)
813,022
1,561,213
4,941,993
862,204
917,659

201409082123(201409082123)
813,022
1,561,213
4,941,993
862,204
917,659

201409082124(201409082124)
813,974
1,561,213
4,941,993
862,204
917,659

201409082125(201409082125)
814,059
1,561,213
4,941,993
862,204
917,659

201409082126(201409082126)
814,059
1,561,213
4,941,993
862,204
918,073

201409082127(201409082127)
814,059
1,561,213
4,941,993
862,391
918,289

201409082129(201409082129)
814,308
1,561,213
4,941,993
862,896
918,516

201409082130(201409082130)
814,308
1,561,213
4,978,697
862,896
918,757

201409082131(201409082131)
814,833
1,561,213
4,978,697
862,896
918,757

201409082132(201409082132)
814,833
1,561,213
4,978,697
863,283
918,757

201409082133(201409082133)
814,833
1,561,213
4,978,697
863,283
918,757

201409082134(201409082134)
814,861
1,561,213
4,978,697
863,283
918,757

201409082135(201409082135)
814,861
1,563,468
4,978,697
863,898
918,757

201409082136(201409082136)
814,861
1,564,203
4,978,697
864,921
919,664

201409082137(201409082137)
814,861
1,564,203
4,978,697
864,921
920,762

201409082139(201409082139)
814,861
1,564,203
4,980,712
864,921
920,762

201409082140(201409082140)
815,079
1,564,203
4,984,062
864,921
920,762

201409082141(201409082141)
815,079
1,564,203
4,984,062
864,921
920,762

201409082142(201409082142)
815,079
1,564,203
4,992,715
864,921
920,762

201409082143(201409082143)
815,079
1,564,203
4,996,493
865,215
920,762

201409082144(201409082144)
816,899
1,564,203
5,000,675
865,234
920,762

201409082145(201409082145)
817,114
1,565,366
5,011,656
865,234
920,762

201409082146(201409082146)
817,114
1,565,993
5,019,355
865,234
920,762

201409082147(201409082147)
817,114
1,565,993
5,019,355
865,234
921,008

201409082149(201409082149)
817,175
1,565,993
5,019,355
865,234
921,008

201409082150(201409082150)
817,260
1,569,856
5,019,355
865,773
921,008

201409082151(201409082151)
817,260
1,573,848
5,019,355
865,773
922,671

201409082152(201409082152)
817,795
1,574,785
5,019,355
865,773
922,671

201409082153(201409082153)
817,795
1,574,785
5,019,355
865,773
922,671

201409082154(201409082154)
817,795
1,574,785
5,019,355
865,825
922,671

201409082155(201409082155)
817,951
1,574,785
5,019,355
865,825
922,671

201409082156(201409082156)
817,951
1,574,785
5,019,355
865,825
922,671

201409082157(201409082157)
817,951
1,574,785
5,019,355
865,825
922,671

201409082159(201409082159)
817,951
1,574,785
5,019,355
865,868
922,933

201409082200(201409082200)
817,951
1,574,785
5,019,355
865,868
922,933

201409082201(201409082201)
818,615
1,574,785
5,019,355
865,868
922,933

201409082202(201409082202)
818,615
1,574,785
5,097,198
866,345
922,933

201409082203(201409082203)
818,705
1,574,785
5,097,198
866,490
922,933

201409082204(201409082204)
819,128
1,574,785
5,097,198
866,490
923,057

201409082205(201409082205)
819,442
1,574,785
5,097,198
866,671
923,943

201409082206(201409082206)
819,442
1,574,785
5,097,198
866,926
927,284

201409082207(201409082207)
819,442
1,574,785
5,097,198
867,616
927,284

201409082209(201409082209)
820,334
1,574,785
5,097,198
868,121
927,284

201409082210(201409082210)
820,334
1,574,785
5,097,198
868,121
927,284

201409082211(201409082211)
820,334
1,574,785
5,097,198
868,746
927,284

201409082212(201409082212)
820,334
1,574,785
5,097,198
868,746
928,294

201409082213(201409082213)
821,321
1,574,785
5,097,198
868,746
928,403

201409082214(201409082214)
821,374
1,574,785
5,097,198
869,595
928,403

201409082215(201409082215)
821,374
1,574,785
5,097,198
869,595
928,403

201409082216(201409082216)
822,734
1,577,944
5,097,198
870,586
928,403

201409082217(201409082217)
822,734
1,577,944
5,097,198
870,586
929,136

201409082219(201409082219)
822,755
1,580,373
5,097,198
870,586
929,420

201409082220(201409082220)
823,726
1,583,170
5,097,198
870,586
929,420

201409082221(201409082221)
823,726
1,583,170
5,097,198
870,586
929,420

201409082222(201409082222)
823,726
1,583,170
5,097,198
870,743
930,741

201409082223(201409082223)
823,825
1,583,170
5,097,198
870,743
930,741

201409082224(201409082224)
824,038
1,583,170
5,097,198
870,847
930,741

201409082225(201409082225)
824,038
1,583,170
5,097,198
870,847
930,741

201409082226(201409082226)
824,038
1,583,170
5,097,198
870,847
930,741

201409082227(201409082227)
824,336
1,583,170
5,097,198
870,847
931,154

201409082229(201409082229)
824,787
1,584,713
5,097,198
871,587
931,592

201409082230(201409082230)
824,787
1,584,713
5,097,198
871,587
933,551

201409082231(201409082231)
824,787
1,584,938
5,097,198
873,734
933,615

201409082232(201409082232)
824,787
1,592,619
5,097,198
873,734
934,093

201409082233(201409082233)
825,306
1,592,619
5,097,198
873,734
934,635

201409082234(201409082234)
825,841
1,592,619
5,097,198
873,734
934,635

201409082235(201409082235)
825,841
1,592,619
5,097,198
874,144
934,635

201409082236(201409082236)
825,841
1,592,619
5,097,198
874,144
934,635

201409082237(201409082237)
825,841
1,592,619
5,097,198
874,144
934,635

201409082239(201409082239)
825,870
1,596,171
5,111,440
874,144
934,635

201409082240(201409082240)
826,580
1,596,171
5,111,440
874,144
935,406

201409082241(201409082241)
826,580
1,596,171
5,111,440
874,656
935,738

201409082242(201409082242)
826,900
1,596,265
5,111,440
874,656
935,738

201409082243(201409082243)
826,903
1,596,265
5,111,440
875,598
935,738

201409082244(201409082244)
827,419
1,596,265
5,111,440
876,087
935,738

201409082245(201409082245)
827,512
1,596,265
5,111,440
876,342
935,738

201409082246(201409082246)
827,512
1,596,265
5,111,440
876,699
936,201

201409082247(201409082247)
827,636
1,596,265
5,111,440
876,889
936,201

201409082249(201409082249)
827,636
1,599,407
5,111,440
876,889
937,040

201409082250(201409082250)
828,004
1,599,407
5,111,440
876,889
937,670

201409082251(201409082251)
828,004
1,603,148
5,111,440
876,889
937,670

201409082252(201409082252)
828,004
1,603,148
5,111,440
877,311
938,275

201409082253(201409082253)
828,004
1,603,148
5,111,440
877,901
938,298

201409082254(201409082254)
828,004
1,603,148
5,137,089
878,168
939,625

201409082255(201409082255)
828,591
1,603,879
5,137,089
878,168
939,625

201409082256(201409082256)
828,591
1,603,879
5,137,089
878,442
939,625

201409082257(201409082257)
829,587
1,603,879
5,137,089
878,442
939,625

201409082259(201409082259)
830,001
1,604,107
5,137,089
878,784
939,625

201409082300(201409082300)
830,001
1,604,107
5,137,089
878,885
939,975

201409082301(201409082301)
831,325
1,606,535
5,137,089
879,974
940,122

201409082302(201409082302)
831,325
1,607,094
5,137,089
879,974
940,138

201409082303(201409082303)
831,325
1,607,094
5,137,089
879,974
940,138

201409082304(201409082304)
831,325
1,608,244
5,137,089
880,025
940,138

201409082305(201409082305)
831,699
1,608,302
5,137,089
880,097
940,383

201409082306(201409082306)
831,699
1,608,302
5,137,089
880,097
940,383

201409082307(201409082307)
832,537
1,608,302
5,137,089
881,042
940,502

201409082309(201409082309)
832,537
1,608,302
5,137,089
881,042
941,051

201409082310(201409082310)
832,537
1,608,302
5,137,089
881,280
941,051

201409082311(201409082311)
832,537
1,610,811
5,137,089
881,364
941,894

201409082312(201409082312)
832,642
1,611,773
5,137,089
882,485
942,004

201409082313(201409082313)
832,642
1,615,081
5,137,089
882,485
942,169

201409082314(201409082314)
832,850
1,615,081
5,137,089
882,485
942,444

201409082315(201409082315)
832,955
1,615,081
5,137,089
882,485
942,499

201409082316(201409082316)
832,955
1,615,081
5,137,089
882,485
942,499

201409082317(201409082317)
832,955
1,615,081
5,137,089
882,485
942,499

201409082319(201409082319)
832,955
1,615,595
5,178,341
882,485
944,603

201409082320(201409082320)
832,955
1,615,595
5,178,341
882,485
944,603

201409082321(201409082321)
832,955
1,615,595
5,178,341
882,485
944,603

201409082322(201409082322)
832,955
1,615,595
5,178,341
882,581
944,603

201409082323(201409082323)
832,955
1,615,595
5,178,341
882,581
944,603

201409082324(201409082324)
833,647
1,615,595
5,178,341
882,581
944,603

201409082325(201409082325)
833,647
1,616,648
5,178,341
882,581
944,603

201409082326(201409082326)
833,647
1,616,648
5,178,341
882,581
944,603

201409082327(201409082327)
834,035
1,618,739
5,178,341
882,581
944,603

201409082329(201409082329)
834,035
1,619,845
5,178,341
882,581
944,952

201409082330(201409082330)
834,035
1,619,845
5,178,341
882,581
944,952

201409082331(201409082331)
834,793
1,619,845
5,178,341
882,581
944,952

201409082332(201409082332)
835,971
1,619,845
5,178,341
882,581
945,509

201409082333(201409082333)
835,971
1,621,691
5,178,341
882,581
945,509

201409082334(201409082334)
835,971
1,623,113
5,178,341
882,581
945,509

201409082335(201409082335)
835,971
1,623,113
5,178,341
882,581
945,509

201409082336(201409082336)
835,971
1,623,113
5,178,341
882,581
945,509

201409082337(201409082337)
835,971
1,623,113
5,178,341
882,581
945,509

201409082339(201409082339)
835,988
1,624,676
5,178,341
882,792
947,645

201409082340(201409082340)
836,103
1,632,728
5,178,341
882,899
949,603

201409082341(201409082341)
836,478
1,632,728
5,178,341
884,434
949,603

201409082342(201409082342)
836,478
1,632,728
5,178,341
884,434
949,603

201409082343(201409082343)
836,478
1,632,728
5,178,341
884,434
949,603

201409082344(201409082344)
836,478
1,632,728
5,178,341
884,434
949,603

201409082345(201409082345)
836,478
1,632,728
5,178,341
884,434
949,603

201409082346(201409082346)
836,478
1,632,728
5,178,341
884,434
949,603

201409082347(201409082347)
836,478
1,634,445
5,178,341
884,434
949,603

201409082349(201409082349)
837,210
1,634,445
5,178,341
884,434
949,603

201409082350(201409082350)
837,210
1,634,445
5,178,341
884,434
949,689

201409082351(201409082351)
837,210
1,634,445
5,178,341
884,517
949,689

201409082352(201409082352)
837,210
1,634,445
5,178,341
884,517
949,689

201409082353(201409082353)
837,210
1,636,266
5,178,341
884,664
949,689

201409082354(201409082354)
837,210
1,636,266
5,178,341
884,664
949,689

201409082355(201409082355)
837,288
1,636,266
5,178,341
885,005
949,955

201409082356(201409082356)
837,288
1,636,266
5,178,341
885,005
949,955

201409082357(201409082357)
837,288
1,638,920
5,178,341
885,005
949,955

201409082359(201409082359)
837,288
1,638,920
5,178,341
885,005
949,955

201409090000(201409090000)
837,288
1,638,920
5,178,341
886,667
949,955

201409090001(201409090001)
838,407
1,638,920
5,178,341
887,962
951,020

201409090002(201409090002)
839,101
1,638,920
5,178,341
887,962
951,020

201409090003(201409090003)
839,786
1,638,920
5,178,341
887,962
951,020

201409090004(201409090004)
839,786
1,638,920
5,178,341
887,962
951,020

201409090005(201409090005)
839,786
1,638,920
5,178,341
887,962
951,020

201409090006(201409090006)
839,786
1,638,920
5,178,341
887,962
951,020

201409090007(201409090007)
839,786
1,638,920
5,178,341
887,962
951,088

201409090009(201409090009)
839,845
1,638,920
5,178,341
887,962
951,088

201409090010(201409090010)
839,845
1,638,920
5,178,341
887,962
951,088

201409090011(201409090011)
839,845
1,638,920
5,178,341
887,962
951,088

201409090012(201409090012)
839,845
1,638,920
5,178,341
887,962
951,088

201409090013(201409090013)
839,845
1,638,920
5,178,341
887,962
952,161

201409090014(201409090014)
840,567
1,638,920
5,178,341
887,962
952,161

201409090015(201409090015)
840,828
1,638,920
5,178,341
887,962
952,161

201409090016(201409090016)
840,828
1,638,920
5,178,341
887,962
952,161

201409090017(201409090017)
840,828
1,644,222
5,178,341
887,962
952,161

201409090019(201409090019)
840,828
1,645,063
5,178,341
887,962
953,102

201409090020(201409090020)
840,828
1,645,063
5,178,341
888,066
953,102

201409090021(201409090021)
840,828
1,645,063
5,178,341
888,066
953,102

201409090022(201409090022)
841,715
1,645,063
5,178,341
888,280
953,102

201409090023(201409090023)
841,715
1,646,463
5,178,341
888,280
953,102

201409090024(201409090024)
841,715
1,646,463
5,178,341
889,809
953,102

201409090025(201409090025)
841,715
1,646,463
5,178,341
889,809
953,102

201409090026(201409090026)
841,758
1,646,463
5,178,341
889,809
953,102

201409090027(201409090027)
841,758
1,647,336
5,178,341
889,809
953,102

201409090029(201409090029)
841,758
1,647,336
5,178,341
890,075
953,102

201409090030(201409090030)
843,163
1,647,336
5,178,341
890,075
953,102

201409090031(201409090031)
843,163
1,647,513
5,178,341
890,075
953,102

201409090032(201409090032)
843,354
1,647,513
5,178,341
890,075
954,227

201409090033(201409090033)
843,354
1,647,513
5,178,341
890,827
954,443

201409090034(201409090034)
843,692
1,647,513
5,178,341
890,905
960,115

201409090035(201409090035)
843,983
1,647,513
5,178,341
891,574
960,115

201409090036(201409090036)
843,983
1,647,513
5,178,341
891,817
960,115

201409090037(201409090037)
844,128
1,647,513
5,178,341
892,082
960,398

201409090039(201409090039)
844,235
1,647,513
5,193,592
892,082
960,398

201409090040(201409090040)
844,235
1,647,513
5,197,996
892,082
960,398

201409090041(201409090041)
844,235
1,648,294
5,205,651
893,296
960,398

201409090042(201409090042)
844,235
1,653,096
5,213,670
893,296
960,398

201409090043(201409090043)
844,235
1,655,382
5,214,174
893,296
960,398

201409090044(201409090044)
844,235
1,655,382
5,214,750
893,296
960,398

201409090045(201409090045)
844,235
1,655,382
5,214,894
893,919
960,398

201409090046(201409090046)
844,235
1,655,382
5,214,894
894,196
960,398

201409090047(201409090047)
844,235
1,655,382
5,214,894
894,196
960,398

201409090049(201409090049)
844,306
1,661,637
5,214,894
894,459
961,665

201409090050(201409090050)
844,306
1,662,181
5,214,894
894,459
961,665

201409090051(201409090051)
844,484
1,664,866
5,214,894
894,459
961,665

201409090052(201409090052)
844,484
1,664,866
5,243,180
894,459
961,665

201409090053(201409090053)
844,484
1,666,526
5,243,180
894,459
961,665

201409090054(201409090054)
844,484
1,675,775
5,243,180
894,503
961,665

201409090055(201409090055)
844,484
1,675,775
5,243,180
894,771
961,665

201409090056(201409090056)
844,520
1,675,775
5,243,180
894,771
961,665

201409090057(201409090057)
844,520
1,675,775
5,243,180
894,771
961,665

201409090059(201409090059)
844,526
1,675,775
5,243,180
894,771
961,665

201409090100(201409090100)
845,709
1,675,775
5,243,180
894,771
961,665

201409090101(201409090101)
845,709
1,675,775
5,243,180
894,771
961,665

201409090102(201409090102)
845,709
1,675,775
5,243,180
894,771
961,665

201409090103(201409090103)
845,709
1,676,563
5,243,180
894,771
961,665

201409090104(201409090104)
845,709
1,676,690
5,243,180
894,771
961,665

201409090105(201409090105)
845,709
1,681,254
5,243,180
894,771
961,665

201409090106(201409090106)
845,709
1,681,254
5,243,180
894,771
961,665

201409090107(201409090107)
845,709
1,681,254
5,243,180
894,771
961,665

201409090109(201409090109)
847,751
1,681,254
5,243,180
895,222
962,467

201409090110(201409090110)
847,751
1,681,254
5,243,180
895,222
962,467

201409090111(201409090111)
847,751
1,681,254
5,243,180
895,245
963,315

201409090112(201409090112)
847,751
1,681,254
5,243,180
895,245
963,315

201409090113(201409090113)
847,751
1,681,254
5,243,180
895,245
963,315

201409090114(201409090114)
847,751
1,681,254
5,243,180
895,245
963,315

201409090115(201409090115)
848,171
1,689,368
5,243,180
895,245
963,315

201409090116(201409090116)
848,790
1,689,368
5,243,180
895,245
963,943

201409090117(201409090117)
848,790
1,689,368
5,243,180
895,612
964,874

201409090119(201409090119)
848,790
1,694,537
5,243,180
895,612
964,874

201409090120(201409090120)
848,790
1,694,537
5,243,180
895,612
964,924

201409090121(201409090121)
848,790
1,694,537
5,243,180
895,612
964,924

201409090122(201409090122)
848,790
1,694,537
5,243,180
895,612
964,924

201409090123(201409090123)
848,790
1,694,537
5,243,180
895,612
964,924

201409090124(201409090124)
848,790
1,694,537
5,243,180
898,211
965,375

201409090125(201409090125)
848,790
1,695,060
5,243,180
898,715
965,375

201409090126(201409090126)
848,790
1,695,060
5,243,180
898,715
965,375

201409090127(201409090127)
849,916
1,695,060
5,243,180
898,715
965,375

201409090129(201409090129)
849,916
1,695,060
5,243,180
899,351
965,375

201409090130(201409090130)
849,916
1,695,060
5,243,180
899,351
965,375

201409090131(201409090131)
849,916
1,695,060
5,243,180
899,351
965,553

201409090132(201409090132)
849,916
1,695,060
5,243,180
899,351
966,697

201409090133(201409090133)
849,916
1,695,060
5,243,180
899,351
966,697

201409090134(201409090134)
849,916
1,698,504
5,253,217
899,351
966,697

201409090135(201409090135)
849,916
1,700,016
5,253,217
899,351
966,697

201409090136(201409090136)
849,916
1,700,719
5,253,217
899,351
966,697

201409090137(201409090137)
850,327
1,700,719
5,253,217
900,128
966,697

201409090139(201409090139)
850,327
1,700,719
5,257,023
900,128
966,697

201409090140(201409090140)
850,327
1,700,719
5,257,023
900,128
966,697

201409090141(201409090141)
850,327
1,700,719
5,257,023
900,128
966,697

201409090142(201409090142)
853,905
1,700,719
5,257,023
900,128
966,697

201409090143(201409090143)
853,978
1,700,719
5,257,023
900,128
966,697

201409090144(201409090144)
853,978
1,700,719
5,257,023
900,128
967,352

201409090145(201409090145)
853,993
1,700,719
5,257,023
900,874
969,371

201409090146(201409090146)
854,268
1,700,719
5,257,023
900,874
969,371

201409090147(201409090147)
855,273
1,700,719
5,257,023
900,874
969,371

201409090149(201409090149)
855,273
1,700,719
5,259,956
902,278
969,511

201409090150(201409090150)
855,273
1,700,719
5,260,172
902,278
969,654

201409090151(201409090151)
855,273
1,700,719
5,270,937
902,278
969,654

201409090152(201409090152)
855,273
1,700,719
5,270,937
902,278
969,654

201409090153(201409090153)
855,273
1,700,719
5,270,937
902,278
969,654

201409090154(201409090154)
855,273
1,701,258
5,270,937
902,278
969,654

201409090155(201409090155)
855,273
1,701,258
5,270,937
902,278
969,654

201409090156(201409090156)
855,273
1,701,258
5,270,937
902,278
969,654

201409090157(201409090157)
855,273
1,701,258
5,270,937
902,278
969,654

201409090159(201409090159)
856,050
1,701,258
5,270,937
902,278
969,654

201409090200(201409090200)
856,050
1,701,258
5,270,937
902,278
969,654

201409090201(201409090201)
856,050
1,711,422
5,270,937
902,278
969,654

201409090202(201409090202)
856,050
1,719,056
5,270,937
902,284
969,654

201409090203(201409090203)
856,050
1,719,056
5,270,937
902,284
969,654

201409090204(201409090204)
856,050
1,721,348
5,270,937
902,284
969,654

201409090205(201409090205)
856,779
1,721,348
5,270,937
902,284
969,846

201409090206(201409090206)
856,779
1,721,348
5,270,937
902,415
969,846

201409090207(201409090207)
856,779
1,721,348
5,270,937
902,415
969,846

201409090209(201409090209)
857,354
1,721,348
5,270,937
902,415
969,846

201409090210(201409090210)
857,354
1,721,348
5,270,937
902,415
969,846

201409090211(201409090211)
857,354
1,721,348
5,270,937
902,415
969,846

201409090212(201409090212)
857,354
1,721,348
5,270,937
903,072
969,846

201409090213(201409090213)
857,354
1,722,442
5,270,937
903,072
969,846

201409090214(201409090214)
857,354
1,722,442
5,270,937
903,072
970,390

201409090215(201409090215)
857,354
1,722,442
5,270,937
903,072
970,390

201409090216(201409090216)
857,462
1,722,442
5,270,937
903,168
970,390

201409090217(201409090217)
857,462
1,722,987
5,270,937
903,912
970,390

201409090219(201409090219)
857,462
1,722,987
5,270,937
903,912
970,390

201409090220(201409090220)
857,462
1,722,987
5,270,937
904,458
970,390

201409090221(201409090221)
857,462
1,725,108
5,270,937
904,458
970,852

201409090222(201409090222)
857,462
1,725,108
5,270,937
904,458
970,852

201409090223(201409090223)
858,477
1,725,108
5,270,937
904,458
970,852

201409090224(201409090224)
858,477
1,725,108
5,270,937
904,458
970,852

201409090225(201409090225)
858,477
1,725,108
5,270,937
904,458
970,852

201409090226(201409090226)
858,477
1,725,108
5,270,937
904,458
971,128

201409090227(201409090227)
858,477
1,725,108
5,270,937
904,458
971,128

201409090229(201409090229)
858,477
1,725,108
5,270,937
904,458
971,128

201409090230(201409090230)
858,477
1,726,802
5,270,937
904,467
971,128

201409090231(201409090231)
858,477
1,726,802
5,270,937
904,467
971,128

201409090232(201409090232)
858,879
1,726,802
5,270,937
904,467
971,128

201409090233(201409090233)
860,161
1,727,843
5,270,937
904,467
971,128

201409090234(201409090234)
860,169
1,727,843
5,270,937
906,750
971,128

201409090235(201409090235)
860,169
1,727,843
5,270,937
907,029
971,128

201409090236(201409090236)
860,169
1,727,843
5,270,937
907,029
971,579

201409090237(201409090237)
860,169
1,727,843
5,270,937
907,029
971,579

201409090239(201409090239)
860,536
1,727,843
5,270,937
907,091
972,418

201409090240(201409090240)
860,536
1,727,843
5,270,937
907,091
973,163

201409090241(201409090241)
860,536
1,727,843
5,270,937
907,091
973,163

201409090242(201409090242)
860,536
1,727,843
5,270,937
907,230
973,163

201409090243(201409090243)
860,536
1,727,843
5,270,937
907,230
973,163

201409090244(201409090244)
860,536
1,727,843
5,270,937
907,230
973,163

201409090245(201409090245)
860,536
1,727,843
5,270,937
907,230
973,163

201409090246(201409090246)
860,536
1,727,843
5,270,937
907,230
973,163

201409090247(201409090247)
860,536
1,727,843
5,270,937
907,230
973,163

201409090249(201409090249)
860,536
1,727,843
5,270,937
907,230
975,327

201409090250(201409090250)
860,536
1,727,843
5,270,937
907,230
975,327

201409090251(201409090251)
861,628
1,727,843
5,270,937
909,112
975,945

201409090252(201409090252)
861,628
1,727,843
5,270,937
909,112
975,945

201409090253(201409090253)
861,970
1,727,843
5,270,937
909,228
975,945

201409090254(201409090254)
862,204
1,727,843
5,270,937
909,228
975,945

201409090255(201409090255)
862,204
1,727,843
5,270,937
909,228
975,945

201409090256(201409090256)
862,214
1,727,843
5,270,937
909,228
975,945

201409090257(201409090257)
862,214
1,729,517
5,270,937
910,210
976,236

201409090259(201409090259)
862,214
1,729,517
5,270,991
910,210
978,115

201409090300(201409090300)
862,214
1,729,517
5,315,204
910,210
978,115

201409090301(201409090301)
862,214
1,729,621
5,315,204
910,210
978,115

201409090302(201409090302)
862,214
1,729,777
5,315,204
910,210
978,115

201409090303(201409090303)
862,214
1,729,829
5,315,204
910,210
978,115

201409090304(201409090304)
862,214
1,729,829
5,315,204
910,210
978,115

201409090305(201409090305)
862,214
1,729,829
5,315,204
910,210
978,115

201409090306(201409090306)
862,214
1,729,829
5,315,204
910,210
978,115

201409090307(201409090307)
862,214
1,729,829
5,315,204
910,210
978,115

201409090309(201409090309)
862,214
1,730,479
5,315,204
910,210
978,115

201409090310(201409090310)
862,645
1,730,479
5,315,204
911,538
978,115

201409090311(201409090311)
862,645
1,730,479
5,315,204
911,538
979,243

201409090312(201409090312)
862,645
1,730,479
5,315,204
911,538
979,878

201409090313(201409090313)
862,645
1,730,479
5,315,204
911,538
979,878

201409090314(201409090314)
862,645
1,730,479
5,315,204
911,538
979,878

201409090315(201409090315)
862,645
1,731,596
5,317,008
911,538
979,878

201409090316(201409090316)
862,645
1,731,596
5,317,008
911,538
979,878

201409090317(201409090317)
862,645
1,731,596
5,317,008
911,538
979,878

201409090319(201409090319)
862,645
1,731,596
5,317,008
911,538
979,878

201409090320(201409090320)
862,645
1,731,596
5,317,008
911,538
979,878

201409090321(201409090321)
862,645
1,731,596
5,317,008
911,538
979,878

201409090322(201409090322)
862,645
1,731,596
5,317,008
911,538
979,878

201409090323(201409090323)
862,645
1,731,596
5,317,008
911,538
979,878

201409090324(201409090324)
862,645
1,731,596
5,317,008
911,538
979,878

201409090325(201409090325)
862,645
1,731,596
5,317,008
911,538
979,878

201409090326(201409090326)
863,761
1,731,596
5,317,008
911,538
979,878

201409090327(201409090327)
864,109
1,731,596
5,317,008
911,538
979,878

201409090329(201409090329)
864,109
1,731,596
5,317,008
911,538
979,878

201409090330(201409090330)
864,109
1,731,596
5,317,008
911,538
979,878

201409090331(201409090331)
864,109
1,731,596
5,317,008
911,538
979,878

201409090332(201409090332)
864,109
1,731,596
5,323,631
911,538
979,878

201409090333(201409090333)
864,109
1,731,596
5,323,631
911,538
979,878

201409090334(201409090334)
864,109
1,731,596
5,323,631
911,538
979,878

201409090335(201409090335)
864,109
1,731,596
5,323,631
911,538
979,878

201409090336(201409090336)
864,990
1,731,596
5,323,631
912,501
979,878

201409090337(201409090337)
864,990
1,731,596
5,323,631
912,501
979,955

201409090339(201409090339)
864,990
1,731,596
5,323,631
912,501
979,955

201409090340(201409090340)
864,990
1,731,596
5,332,186
912,501
979,955

201409090341(201409090341)
864,990
1,731,596
5,332,186
912,501
979,955

201409090342(201409090342)
865,050
1,731,596
5,332,186
912,501
979,955

201409090343(201409090343)
865,234
1,731,596
5,332,186
912,704
979,955

201409090344(201409090344)
865,318
1,731,596
5,332,186
913,904
979,955

201409090345(201409090345)
865,318
1,731,596
5,332,186
913,904
979,955

201409090346(201409090346)
865,318
1,731,596
5,332,186
913,904
979,955

201409090347(201409090347)
865,318
1,731,596
5,332,186
913,904
980,153

201409090349(201409090349)
865,318
1,731,596
5,332,186
913,904
980,171

201409090350(201409090350)
865,318
1,731,596
5,332,186
913,904
980,171

201409090351(201409090351)
865,318
1,731,596
5,332,186
913,904
980,171

201409090352(201409090352)
865,318
1,731,596
5,332,186
914,222
980,961

201409090353(201409090353)
865,318
1,731,596
5,332,186
914,222
981,277

201409090354(201409090354)
865,318
1,731,596
5,332,186
914,222
981,277

201409090355(201409090355)
865,318
1,731,596
5,332,186
914,222
981,277

201409090356(201409090356)
865,318
1,731,596
5,332,186
914,222
981,277

201409090357(201409090357)
865,318
1,731,596
5,332,186
914,222
981,277

201409090359(201409090359)
865,318
1,731,596
5,332,186
914,222
981,277

201409090400(201409090400)
865,318
1,731,596
5,332,186
914,222
981,277

201409090401(201409090401)
865,881
1,731,596
5,332,186
914,390
981,277

201409090402(201409090402)
865,881
1,731,596
5,332,186
914,390
981,277

201409090403(201409090403)
865,881
1,731,596
5,332,186
914,390
981,277

201409090404(201409090404)
865,881
1,731,596
5,332,186
914,390
981,968

201409090405(201409090405)
865,881
1,731,596
5,332,186
914,390
981,968

201409090406(201409090406)
865,881
1,731,596
5,332,186
914,390
981,968

201409090407(201409090407)
865,881
1,731,596
5,332,186
914,390
981,968

201409090409(201409090409)
865,881
1,731,596
5,332,186
914,390
981,968

201409090410(201409090410)
865,881
1,731,596
5,332,186
914,390
981,968

201409090411(201409090411)
865,881
1,731,596
5,332,186
914,390
981,968

201409090412(201409090412)
865,881
1,731,596
5,332,186
914,390
981,968

201409090413(201409090413)
865,881
1,731,596
5,332,186
914,390
981,968

201409090414(201409090414)
866,694
1,731,596
5,332,186
914,390
981,968

201409090415(201409090415)
866,694
1,731,596
5,332,186
914,390
981,968

201409090416(201409090416)
866,694
1,731,596
5,332,186
914,526
983,470

201409090417(201409090417)
866,694
1,731,596
5,332,186
914,526
983,470

201409090419(201409090419)
866,694
1,731,596
5,332,186
914,526
984,336

201409090420(201409090420)
866,694
1,731,596
5,332,186
914,526
984,336

201409090421(201409090421)
866,694
1,731,596
5,332,186
914,526
984,336

201409090422(201409090422)
866,694
1,731,596
5,332,186
914,526
984,336

201409090423(201409090423)
866,694
1,731,596
5,332,186
914,526
984,336

201409090424(201409090424)
866,694
1,731,596
5,332,186
914,526
984,336

201409090425(201409090425)
866,694
1,731,596
5,332,186
914,526
984,336

201409090426(201409090426)
866,694
1,731,596
5,332,186
914,526
984,336

201409090427(201409090427)
866,694
1,734,715
5,332,186
914,526
984,336

201409090429(201409090429)
866,694
1,734,715
5,332,186
914,526
984,336

201409090430(201409090430)
866,694
1,734,715
5,332,186
914,526
985,915

201409090431(201409090431)
866,694
1,734,715
5,332,186
914,526
985,915

201409090432(201409090432)
866,694
1,735,004
5,332,186
914,526
985,915

201409090433(201409090433)
866,694
1,735,004
5,332,186
914,526
985,915

201409090434(201409090434)
866,694
1,735,004
5,332,186
914,526
985,915

201409090435(201409090435)
866,694
1,735,004
5,332,186
914,526
985,915

201409090436(201409090436)
866,694
1,739,219
5,332,186
914,526
985,915

201409090437(201409090437)
866,694
1,741,512
5,332,186
914,526
985,915

201409090439(201409090439)
866,694
1,741,512
5,332,186
914,526
985,915

201409090440(201409090440)
866,694
1,741,512
5,332,186
914,526
985,915

201409090441(201409090441)
866,694
1,741,512
5,332,186
914,526
985,915

201409090442(201409090442)
866,694
1,741,512
5,332,186
914,526
985,915

201409090443(201409090443)
866,694
1,741,512
5,332,186
914,526
985,915

201409090444(201409090444)
866,694
1,741,512
5,332,186
914,526
985,915

201409090445(201409090445)
866,694
1,741,512
5,332,186
914,526
985,915

201409090446(201409090446)
866,694
1,741,512
5,332,186
914,822
985,915

201409090447(201409090447)
866,694
1,741,512
5,332,186
914,822
985,915

201409090449(201409090449)
866,694
1,741,512
5,332,186
914,822
985,915

201409090450(201409090450)
866,694
1,741,512
5,332,186
914,904
985,915

201409090451(201409090451)
866,694
1,741,512
5,332,186
914,904
985,915

201409090452(201409090452)
866,786
1,741,512
5,332,186
914,904
985,915

201409090453(201409090453)
866,786
1,741,512
5,332,186
914,904
985,915

201409090454(201409090454)
866,786
1,741,512
5,332,186
914,904
985,915

201409090455(201409090455)
866,786
1,741,512
5,332,186
916,215
985,915

201409090456(201409090456)
866,786
1,741,512
5,332,186
916,215
985,915

201409090457(201409090457)
866,786
1,741,512
5,332,186
916,215
985,915

201409090459(201409090459)
866,786
1,741,512
5,332,186
916,215
985,915

201409090500(201409090500)
866,786
1,741,512
5,332,186
916,215
985,915

201409090501(201409090501)
866,786
1,741,512
5,332,186
916,215
985,915

201409090502(201409090502)
866,786
1,741,512
5,332,186
916,215
985,915

201409090503(201409090503)
867,087
1,741,512
5,332,186
916,775
986,469

201409090504(201409090504)
867,087
1,741,512
5,332,186
916,775
986,469

201409090505(201409090505)
867,087
1,741,512
5,332,186
916,775
986,469

201409090506(201409090506)
867,087
1,741,512
5,332,186
916,775
986,469

201409090507(201409090507)
867,616
1,741,512
5,332,186
916,775
986,469

201409090509(201409090509)
867,616
1,741,512
5,332,186
918,568
986,529

201409090510(201409090510)
867,616
1,741,512
5,332,186
918,568
986,529

201409090511(201409090511)
867,616
1,741,512
5,332,186
918,577
986,529

201409090512(201409090512)
867,616
1,741,512
5,332,186
919,664
986,529

201409090513(201409090513)
867,616
1,741,512
5,332,186
919,664
986,529

201409090514(201409090514)
867,616
1,741,512
5,332,186
919,664
986,529

201409090515(201409090515)
867,616
1,741,512
5,332,186
919,664
986,529

201409090516(201409090516)
867,616
1,741,512
5,335,557
919,664
986,529

201409090517(201409090517)
867,616
1,741,512
5,417,452
919,664
986,529

201409090519(201409090519)
867,616
1,741,512
5,417,452
920,536
986,529

201409090520(201409090520)
867,616
1,741,512
5,417,452
920,536
986,529

201409090521(201409090521)
867,616
1,741,512
5,417,452
920,536
986,529

201409090522(201409090522)
867,616
1,741,512
5,417,452
920,589
986,529

201409090523(201409090523)
867,616
1,741,512
5,417,452
920,589
986,656

201409090524(201409090524)
867,616
1,742,166
5,417,452
920,589
986,656

201409090525(201409090525)
867,616
1,742,166
5,417,452
920,589
986,656

201409090526(201409090526)
867,616
1,742,166
5,417,452
920,589
986,656

201409090527(201409090527)
867,616
1,742,166
5,417,452
920,589
986,656

201409090529(201409090529)
867,616
1,742,166
5,417,452
920,589
986,656

201409090530(201409090530)
867,616
1,742,166
5,417,452
920,589
986,656

201409090531(201409090531)
867,616
1,742,166
5,417,452
920,589
986,656

201409090532(201409090532)
867,616
1,742,166
5,417,452
920,589
986,656

201409090533(201409090533)
867,616
1,742,166
5,417,452
920,589
986,656

201409090534(201409090534)
867,616
1,742,166
5,417,452
920,589
986,656

201409090535(201409090535)
867,616
1,742,166
5,417,452
920,589
986,656

201409090536(201409090536)
867,616
1,742,166
5,417,452
920,589
986,656

201409090537(201409090537)
867,616
1,742,166
5,417,452
920,589
986,656

201409090539(201409090539)
867,616
1,742,166
5,417,452
920,589
986,656

201409090540(201409090540)
868,050
1,742,166
5,417,452
920,589
986,656

201409090541(201409090541)
868,050
1,742,166
5,417,452
920,589
986,656

201409090542(201409090542)
868,050
1,742,166
5,417,452
920,589
986,656

201409090543(201409090543)
868,050
1,742,166
5,417,452
920,589
986,656

201409090544(201409090544)
868,050
1,742,166
5,417,452
920,589
986,656

201409090545(201409090545)
868,050
1,742,166
5,417,452
920,589
986,656

201409090546(201409090546)
868,050
1,742,166
5,417,452
920,589
986,656

201409090547(201409090547)
868,050
1,742,166
5,417,452
920,589
986,656

201409090549(201409090549)
868,050
1,742,166
5,417,452
920,589
986,679

201409090550(201409090550)
868,050
1,742,166
5,417,452
920,589
986,679

201409090551(201409090551)
868,746
1,742,166
5,417,452
920,589
986,679

201409090552(201409090552)
869,708
1,742,166
5,417,452
920,589
986,679

201409090553(201409090553)
869,708
1,742,166
5,417,452
920,589
986,679

201409090554(201409090554)
869,708
1,742,166
5,417,452
920,589
986,679

201409090555(201409090555)
869,708
1,742,166
5,417,452
920,589
986,679

201409090556(201409090556)
869,708
1,742,166
5,417,452
920,589
986,679

201409090557(201409090557)
869,708
1,742,166
5,417,452
920,589
986,679

201409090559(201409090559)
870,590
1,742,166
5,417,452
920,893
987,035

201409090600(201409090600)
870,590
1,742,166
5,417,452
920,893
987,035

201409090601(201409090601)
870,658
1,742,166
5,417,452
920,893
987,035

201409090602(201409090602)
870,658
1,742,667
5,417,452
920,893
987,573

201409090603(201409090603)
870,658
1,742,667
5,417,452
920,893
987,573

201409090604(201409090604)
870,658
1,742,667
5,417,452
920,893
987,573

201409090605(201409090605)
870,658
1,742,667
5,417,452
920,893
987,573

201409090606(201409090606)
870,658
1,742,667
5,417,452
920,893
987,573

201409090607(201409090607)
870,658
1,742,667
5,417,452
920,893
987,573

201409090609(201409090609)
870,847
1,742,667
5,417,452
921,025
987,573

201409090610(201409090610)
870,847
1,745,237
5,417,452
921,025
987,573

201409090611(201409090611)
870,847
1,745,237
5,417,452
921,025
987,573

201409090612(201409090612)
870,847
1,745,237
5,417,452
921,025
987,573

201409090613(201409090613)
870,847
1,745,237
5,417,452
921,025
987,573

201409090614(201409090614)
870,847
1,745,264
5,417,452
921,025
987,573

201409090615(201409090615)
870,847
1,745,264
5,417,452
921,025
988,190

201409090616(201409090616)
870,847
1,745,264
5,417,452
921,025
988,795

201409090617(201409090617)
870,951
1,745,264
5,417,452
921,025
988,795

201409090619(201409090619)
870,951
1,745,264
5,417,452
921,025
988,795

201409090620(201409090620)
870,951
1,745,264
5,417,452
921,025
988,795

201409090621(201409090621)
870,951
1,745,264
5,417,452
921,171
989,212

201409090622(201409090622)
870,951
1,745,264
5,417,452
921,171
989,212

201409090623(201409090623)
870,951
1,745,264
5,417,452
921,171
989,212

201409090624(201409090624)
871,229
1,745,264
5,417,452
921,171
989,212

201409090625(201409090625)
871,229
1,745,264
5,417,452
921,171
989,212

201409090626(201409090626)
871,229
1,745,264
5,417,452
921,171
989,212

201409090627(201409090627)
871,229
1,745,264
5,417,452
921,171
989,212

201409090629(201409090629)
871,229
1,745,264
5,417,452
921,171
989,212

201409090630(201409090630)
871,229
1,745,264
5,417,452
921,171
989,212

201409090631(201409090631)
871,229
1,745,264
5,417,452
921,171
990,080

201409090632(201409090632)
871,229
1,745,264
5,417,452
921,171
990,080

201409090633(201409090633)
871,229
1,751,938
5,417,452
921,171
990,080

201409090634(201409090634)
871,229
1,754,277
5,417,452
922,998
990,080

201409090635(201409090635)
871,229
1,754,277
5,417,452
923,680
990,080

201409090636(201409090636)
871,229
1,754,277
5,417,452
923,680
990,080

201409090637(201409090637)
871,229
1,754,277
5,417,452
923,680
991,074

201409090639(201409090639)
871,229
1,754,277
5,417,452
924,279
991,074

201409090640(201409090640)
871,229
1,754,277
5,417,452
924,279
991,074

201409090641(201409090641)
871,229
1,754,277
5,417,452
924,605
991,415

201409090642(201409090642)
871,466
1,754,277
5,417,452
925,034
991,415

201409090643(201409090643)
871,466
1,754,277
5,481,246
925,034
991,415

201409090644(201409090644)
871,466
1,754,277
5,518,288
925,034
991,415

201409090645(201409090645)
871,466
1,754,277
5,518,288
925,034
991,415

201409090646(201409090646)
871,587
1,754,277
5,518,288
925,034
991,415

201409090647(201409090647)
871,587
1,754,277
5,518,288
925,034
991,415

201409090649(201409090649)
871,587
1,754,675
5,518,288
925,034
992,984

201409090650(201409090650)
871,587
1,754,675
5,518,288
925,034
992,984

201409090651(201409090651)
871,587
1,754,675
5,518,288
925,034
992,984

201409090652(201409090652)
871,587
1,754,675
5,518,288
925,733
992,984

201409090653(201409090653)
872,771
1,754,675
5,518,288
925,733
992,984

201409090654(201409090654)
872,771
1,754,675
5,518,288
925,733
992,984

201409090655(201409090655)
873,257
1,754,675
5,518,288
925,733
992,984

201409090656(201409090656)
873,257
1,754,675
5,518,288
925,733
992,984

201409090657(201409090657)
873,257
1,754,675
5,518,288
927,835
992,984

201409090659(201409090659)
873,257
1,754,675
5,518,288
927,846
993,464

201409090700(201409090700)
873,257
1,754,675
5,518,288
927,877
993,464

201409090701(201409090701)
873,261
1,754,675
5,518,288
928,403
993,464

201409090702(201409090702)
874,144
1,755,100
5,518,288
928,403
993,464

201409090703(201409090703)
874,144
1,755,100
5,518,288
928,403
993,464

201409090704(201409090704)
874,293
1,755,100
5,518,288
928,403
993,464

201409090705(201409090705)
874,293
1,755,100
5,518,288
928,403
993,464

201409090706(201409090706)
874,946
1,755,100
5,518,288
930,458
993,464

201409090707(201409090707)
874,973
1,755,100
5,518,288
930,458
993,464

201409090709(201409090709)
874,973
1,755,100
5,518,288
930,458
993,464

201409090710(201409090710)
874,973
1,755,100
5,518,288
930,458
993,464

201409090711(201409090711)
874,973
1,755,450
5,518,288
930,458
993,464

201409090712(201409090712)
874,973
1,755,650
5,518,288
930,458
993,464

201409090713(201409090713)
874,973
1,755,650
5,518,288
930,458
993,722

201409090714(201409090714)
874,973
1,757,151
5,518,288
931,783
995,457

201409090715(201409090715)
875,218
1,757,151
5,518,288
931,783
995,457

201409090716(201409090716)
875,225
1,757,151
5,518,288
932,386
995,457

201409090717(201409090717)
875,225
1,757,151
5,518,288
932,386
995,457

201409090719(201409090719)
875,344
1,757,151
5,518,288
933,772
995,884

201409090720(201409090720)
875,344
1,757,151
5,518,288
933,772
995,937

201409090721(201409090721)
875,344
1,757,151
5,518,288
933,772
995,937

201409090722(201409090722)
875,344
1,757,151
5,518,288
933,772
995,937

201409090723(201409090723)
875,344
1,757,151
5,518,288
933,772
995,937

201409090724(201409090724)
875,344
1,757,151
5,518,288
933,772
995,971

201409090725(201409090725)
875,353
1,757,151
5,518,288
934,064
997,195

201409090726(201409090726)
875,353
1,757,151
5,518,288
934,064
998,095

201409090727(201409090727)
875,353
1,757,151
5,518,288
934,064
1,001,383

201409090729(201409090729)
875,353
1,763,035
5,518,288
934,064
1,001,383

201409090730(201409090730)
875,353
1,763,035
5,518,288
934,064
1,001,383

201409090731(201409090731)
875,353
1,763,035
5,518,288
934,064
1,001,383

201409090732(201409090732)
875,353
1,763,035
5,518,288
934,064
1,001,383

201409090733(201409090733)
875,353
1,763,035
5,518,288
934,064
1,001,383

201409090734(201409090734)
875,353
1,763,035
5,518,288
934,064
1,001,383

201409090735(201409090735)
875,865
1,763,035
5,518,288
934,064
1,001,383

201409090736(201409090736)
875,865
1,763,035
5,518,288
934,064
1,001,383

201409090737(201409090737)
876,267
1,763,035
5,518,288
934,064
1,001,383

201409090739(201409090739)
876,373
1,763,154
5,518,288
934,064
1,001,383

201409090740(201409090740)
876,373
1,763,401
5,518,288
934,064
1,001,383

201409090741(201409090741)
876,373
1,763,706
5,518,288
934,064
1,001,383

201409090742(201409090742)
876,373
1,763,706
5,518,288
934,064
1,001,519

201409090743(201409090743)
876,373
1,763,706
5,518,288
934,064
1,001,519

201409090744(201409090744)
876,684
1,763,706
5,518,288
934,064
1,001,519

201409090745(201409090745)
876,684
1,763,706
5,518,288
934,268
1,001,519

201409090746(201409090746)
876,684
1,763,706
5,518,288
934,268
1,001,519

201409090747(201409090747)
876,684
1,766,301
5,518,288
934,268
1,001,519

201409090749(201409090749)
876,684
1,767,175
5,518,288
934,268
1,001,519

201409090750(201409090750)
876,684
1,767,175
5,518,288
934,268
1,001,519

201409090751(201409090751)
876,684
1,767,175
5,518,288
934,268
1,001,756

201409090752(201409090752)
876,684
1,767,175
5,518,288
934,268
1,001,756

201409090753(201409090753)
877,424
1,767,175
5,518,288
934,803
1,001,756

201409090754(201409090754)
877,586
1,767,175
5,518,288
934,803
1,003,091

201409090755(201409090755)
878,442
1,767,175
5,518,288
934,803
1,003,091

201409090756(201409090756)
878,442
1,767,175
5,518,288
934,803
1,003,832

201409090757(201409090757)
878,616
1,767,175
5,518,288
935,480
1,003,832

201409090759(201409090759)
879,417
1,767,175
5,518,288
935,480
1,003,832

201409090800(201409090800)
879,531
1,767,175
5,518,288
935,599
1,005,854

201409090801(201409090801)
879,531
1,767,175
5,518,288
935,599
1,005,854

201409090802(201409090802)
879,531
1,767,175
5,518,288
937,474
1,006,025

201409090803(201409090803)
879,531
1,767,175
5,518,288
937,474
1,006,253

201409090804(201409090804)
879,634
1,767,175
5,518,288
937,670
1,006,310

201409090805(201409090805)
879,634
1,767,175
5,518,288
938,275
1,006,310

201409090806(201409090806)
879,634
1,767,175
5,518,288
938,275
1,007,341

201409090807(201409090807)
879,634
1,767,175
5,518,288
938,275
1,007,775

201409090809(201409090809)
880,206
1,767,175
5,518,288
938,275
1,007,775

201409090810(201409090810)
880,206
1,767,175
5,518,288
938,275
1,007,775

201409090811(201409090811)
880,206
1,767,175
5,518,288
938,642
1,007,775

201409090812(201409090812)
880,206
1,767,175
5,518,288
938,642
1,007,775

201409090813(201409090813)
880,206
1,767,175
5,518,288
938,642
1,007,775

201409090814(201409090814)
880,206
1,767,175
5,518,288
939,411
1,007,775

201409090815(201409090815)
880,206
1,767,383
5,518,288
939,411
1,007,775

201409090816(201409090816)
880,206
1,767,383
5,518,288
939,411
1,007,775

201409090817(201409090817)
880,206
1,767,383
5,518,288
939,411
1,007,775

201409090819(201409090819)
880,206
1,767,383
5,518,288
939,411
1,007,775

201409090820(201409090820)
880,413
1,767,383
5,518,288
940,289
1,007,775

201409090821(201409090821)
880,413
1,767,383
5,518,288
940,289
1,008,051

201409090822(201409090822)
880,413
1,767,383
5,518,288
940,289
1,008,051

201409090823(201409090823)
880,529
1,767,383
5,518,288
940,289
1,008,051

201409090824(201409090824)
880,529
1,767,383
5,518,288
940,289
1,008,051

201409090825(201409090825)
880,706
1,767,383
5,518,288
940,289
1,008,051

201409090826(201409090826)
880,706
1,767,383
5,518,288
940,289
1,008,051

201409090827(201409090827)
880,706
1,767,383
5,518,288
940,289
1,008,507

201409090829(201409090829)
881,051
1,767,383
5,518,288
940,383
1,008,507

201409090830(201409090830)
881,051
1,767,383
5,518,288
940,383
1,008,507

201409090831(201409090831)
881,051
1,767,383
5,518,288
940,383
1,008,507

201409090832(201409090832)
881,051
1,767,383
5,518,288
940,383
1,008,507

201409090833(201409090833)
881,280
1,767,453
5,518,288
940,383
1,008,507

201409090834(201409090834)
881,280
1,767,453
5,518,288
940,383
1,008,507

201409090835(201409090835)
881,395
1,767,453
5,518,288
941,101
1,008,507

201409090836(201409090836)
881,395
1,767,453
5,518,288
941,627
1,009,276

201409090837(201409090837)
881,395
1,767,453
5,518,288
941,627
1,009,276

201409090839(201409090839)
881,395
1,767,453
5,518,288
941,627
1,009,276

201409090840(201409090840)
881,395
1,767,453
5,518,288
941,627
1,009,276

201409090841(201409090841)
881,654
1,767,453
5,518,288
941,937
1,009,885

201409090842(201409090842)
881,654
1,767,453
5,518,288
941,992
1,009,885

201409090843(201409090843)
881,654
1,767,453
5,518,288
942,297
1,009,885

201409090844(201409090844)
881,654
1,767,453
5,518,288
942,297
1,009,885

201409090845(201409090845)
881,654
1,767,453
5,518,288
942,297
1,009,885

201409090846(201409090846)
881,654
1,767,453
5,518,288
942,297
1,009,885

201409090847(201409090847)
881,654
1,767,453
5,518,288
942,664
1,009,885

201409090849(201409090849)
881,978
1,767,453
5,518,288
944,603
1,009,885

201409090850(201409090850)
881,978
1,767,453
5,518,288
944,603
1,010,237

201409090851(201409090851)
881,999
1,767,453
5,518,288
944,603
1,010,237

201409090852(201409090852)
881,999
1,767,453
5,518,288
944,603
1,011,051

201409090853(201409090853)
881,999
1,767,453
5,518,288
944,603
1,011,051

201409090854(201409090854)
881,999
1,767,453
5,518,288
944,603
1,011,051

201409090855(201409090855)
881,999
1,767,453
5,518,288
944,603
1,011,051

201409090856(201409090856)
881,999
1,767,453
5,518,288
944,603
1,011,051

201409090857(201409090857)
881,999
1,767,453
5,518,288
944,603
1,011,051

201409090859(201409090859)
881,999
1,775,247
5,518,288
945,757
1,012,308

201409090900(201409090900)
881,999
1,777,752
5,518,288
946,739
1,012,308

201409090901(201409090901)
881,999
1,777,752
5,518,288
946,739
1,012,308

201409090902(201409090902)
881,999
1,777,752
5,518,288
946,739
1,012,308

201409090903(201409090903)
881,999
1,777,752
5,518,288
946,739
1,012,308

201409090904(201409090904)
881,999
1,783,019
5,518,288
946,739
1,016,832

201409090905(201409090905)
881,999
1,783,019
5,518,288
948,834
1,017,097

201409090906(201409090906)
881,999
1,783,019
5,518,288
948,834
1,017,097

201409090907(201409090907)
881,999
1,783,019
5,518,288
948,834
1,017,097

201409090909(201409090909)
881,999
1,783,019
5,518,288
948,834
1,017,097

201409090910(201409090910)
881,999
1,783,019
5,518,288
948,834
1,017,097

201409090911(201409090911)
881,999
1,787,678
5,518,288
948,834
1,017,097

201409090912(201409090912)
881,999
1,787,678
5,518,288
949,221
1,017,097

201409090913(201409090913)
881,999
1,787,678
5,518,288
949,221
1,017,097

201409090914(201409090914)
881,999
1,794,259
5,518,288
949,221
1,017,097

201409090915(201409090915)
881,999
1,794,259
5,518,288
949,221
1,018,167

201409090916(201409090916)
882,104
1,794,259
5,518,288
949,221
1,018,167

201409090917(201409090917)
882,104
1,794,259
5,518,288
949,221
1,018,167

201409090919(201409090919)
882,104
1,794,259
5,518,288
949,424
1,018,910

201409090920(201409090920)
882,104
1,794,259
5,518,288
949,424
1,018,910

201409090921(201409090921)
882,104
1,794,259
5,518,288
949,424
1,018,910

201409090922(201409090922)
882,104
1,794,259
5,518,288
949,424
1,019,103

201409090923(201409090923)
882,104
1,794,259
5,518,288
949,424
1,019,103

201409090924(201409090924)
882,581
1,794,259
5,518,288
949,424
1,019,103

201409090925(201409090925)
882,581
1,794,259
5,518,288
949,424
1,019,103

201409090926(201409090926)
882,792
1,794,259
5,518,288
949,424
1,019,103

201409090927(201409090927)
883,145
1,794,259
5,518,288
949,424
1,019,103

201409090929(201409090929)
883,291
1,794,259
5,518,288
949,424
1,019,103

201409090930(201409090930)
883,291
1,794,259
5,518,288
949,689
1,019,736

201409090931(201409090931)
883,291
1,794,259
5,518,288
949,689
1,019,736

201409090932(201409090932)
883,291
1,794,259
5,518,288
949,689
1,019,736

201409090933(201409090933)
883,468
1,794,259
5,518,288
949,689
1,019,736

201409090934(201409090934)
883,468
1,794,259
5,518,288
949,689
1,020,575

201409090935(201409090935)
883,468
1,794,259
5,518,288
949,689
1,020,575

201409090936(201409090936)
883,468
1,794,259
5,518,288
949,689
1,020,575

201409090937(201409090937)
883,468
1,794,259
5,518,288
949,689
1,020,575

201409090939(201409090939)
884,292
1,794,259
5,518,288
949,689
1,020,856

201409090940(201409090940)
884,664
1,794,259
5,518,288
949,689
1,020,856

201409090941(201409090941)
884,664
1,794,259
5,518,288
951,020
1,020,856

201409090942(201409090942)
884,664
1,794,259
5,518,288
951,088
1,020,856

201409090943(201409090943)
884,664
1,794,259
5,518,288
951,088
1,020,856

201409090944(201409090944)
884,664
1,794,259
5,518,288
951,088
1,020,856

201409090945(201409090945)
884,892
1,794,259
5,518,288
951,088
1,020,856

201409090946(201409090946)
884,892
1,798,266
5,518,288
951,088
1,020,856

201409090947(201409090947)
884,892
1,798,266
5,518,288
951,088
1,020,856

201409090949(201409090949)
885,878
1,798,266
5,518,288
951,102
1,020,856

201409090950(201409090950)
885,878
1,798,266
5,518,288
951,102
1,020,856

201409090951(201409090951)
885,878
1,798,266
5,518,288
951,102
1,020,856

201409090952(201409090952)
885,878
1,798,266
5,518,288
951,102
1,020,856

201409090953(201409090953)
885,878
1,798,266
5,518,288
951,102
1,020,856

201409090954(201409090954)
885,878
1,798,266
5,518,288
951,102
1,020,856

201409090955(201409090955)
885,878
1,798,266
5,518,288
951,102
1,020,856

201409090956(201409090956)
885,878
1,798,266
5,518,288
951,102
1,020,856

201409090957(201409090957)
885,878
1,798,266
5,518,288
951,198
1,020,856

201409090959(201409090959)
885,878
1,798,266
5,518,288
951,419
1,023,037

201409091000(201409091000)
885,878
1,798,266
5,518,288
951,419
1,023,037

201409091001(201409091001)
885,878
1,798,266
5,518,288
951,419
1,023,037

201409091002(201409091002)
885,878
1,798,266
5,518,288
951,419
1,023,037

201409091003(201409091003)
885,878
1,798,266
5,518,288
951,419
1,023,037

201409091004(201409091004)
885,878
1,798,266
5,518,288
951,419
1,023,037

201409091005(201409091005)
885,878
1,798,266
5,518,288
951,419
1,023,037

201409091006(201409091006)
885,878
1,798,266
5,518,288
951,479
1,023,897

201409091007(201409091007)
885,878
1,798,266
5,518,288
951,479
1,023,897

201409091009(201409091009)
887,368
1,798,266
5,518,288
951,479
1,023,897

201409091010(201409091010)
887,368
1,798,266
5,518,288
951,479
1,023,897

201409091011(201409091011)
887,368
1,806,287
5,518,288
951,479
1,023,897

201409091012(201409091012)
887,368
1,806,287
5,518,288
951,479
1,023,897

201409091013(201409091013)
887,368
1,806,287
5,518,288
951,479
1,023,897

201409091014(201409091014)
887,368
1,806,287
5,518,288
951,479
1,023,897

201409091015(201409091015)
887,368
1,806,287
5,518,288
951,479
1,024,030

201409091016(201409091016)
887,368
1,806,287
5,518,288
951,479
1,024,853

201409091017(201409091017)
887,368
1,806,287
5,518,288
951,479
1,024,853

201409091019(201409091019)
887,577
1,806,287
5,518,288
951,479
1,024,853

201409091020(201409091020)
888,102
1,806,287
5,518,288
952,610
1,024,853

201409091021(201409091021)
888,102
1,806,287
5,550,289
954,040
1,024,853

201409091022(201409091022)
888,102
1,806,287
5,550,289
954,040
1,024,853

201409091023(201409091023)
888,102
1,806,287
5,550,289
954,040
1,024,853

201409091024(201409091024)
888,102
1,806,287
5,550,289
954,040
1,024,853

201409091025(201409091025)
888,102
1,806,287
5,550,289
954,040
1,024,853

201409091026(201409091026)
888,102
1,806,287
5,550,289
954,040
1,024,853

201409091027(201409091027)
888,487
1,806,287
5,550,289
954,040
1,024,853

201409091029(201409091029)
890,412
1,806,287
5,550,289
954,040
1,024,853

201409091030(201409091030)
890,905
1,806,287
5,550,289
954,309
1,024,853

201409091031(201409091031)
890,905
1,806,287
5,550,289
954,309
1,024,853

201409091032(201409091032)
890,905
1,806,287
5,550,289
954,662
1,026,383

201409091033(201409091033)
890,905
1,806,287
5,550,289
954,662
1,026,383

201409091034(201409091034)
890,905
1,806,287
5,550,289
954,662
1,026,483

201409091035(201409091035)
890,905
1,806,287
5,550,289
954,739
1,026,483

201409091036(201409091036)
890,905
1,806,287
5,550,289
954,739
1,026,483

201409091037(201409091037)
890,905
1,806,287
5,550,289
954,739
1,026,483

201409091039(201409091039)
890,905
1,806,981
5,550,289
954,739
1,026,483

201409091040(201409091040)
890,905
1,806,981
5,550,289
954,739
1,026,483

201409091041(201409091041)
890,905
1,806,981
5,550,289
954,739
1,026,483

201409091042(201409091042)
890,905
1,806,981
5,550,289
954,739
1,026,483

201409091043(201409091043)
890,905
1,806,981
5,550,289
954,739
1,026,483

201409091044(201409091044)
890,905
1,806,981
5,550,289
954,739
1,026,483

201409091045(201409091045)
890,905
1,806,981
5,550,289
954,739
1,026,866

201409091046(201409091046)
890,905
1,806,981
5,550,289
954,763
1,026,866

201409091047(201409091047)
890,905
1,806,981
5,550,289
954,763
1,026,866

201409091049(201409091049)
890,905
1,806,981
5,550,289
954,763
1,026,866

201409091050(201409091050)
890,905
1,806,981
5,550,289
954,763
1,026,866

201409091051(201409091051)
890,905
1,806,981
5,550,289
954,763
1,026,866

201409091052(201409091052)
890,905
1,806,981
5,550,289
955,308
1,029,470

201409091053(201409091053)
890,905
1,806,981
5,550,289
956,883
1,029,470

201409091054(201409091054)
890,905
1,806,981
5,550,289
956,883
1,029,769

201409091055(201409091055)
891,269
1,806,981
5,550,289
956,883
1,030,578

201409091056(201409091056)
891,269
1,806,981
5,550,289
957,185
1,030,851

201409091057(201409091057)
891,817
1,806,981
5,550,289
957,827
1,030,851

201409091059(201409091059)
891,817
1,806,981
5,550,289
957,827
1,030,851

201409091100(201409091100)
891,817
1,806,981
5,550,289
958,737
1,030,851

201409091101(201409091101)
891,902
1,806,981
5,550,289
960,391
1,030,851

201409091102(201409091102)
893,742
1,806,981
5,550,289
960,391
1,030,851

201409091103(201409091103)
893,742
1,806,981
5,550,289
961,051
1,030,851

201409091104(201409091104)
893,742
1,806,981
5,607,844
961,051
1,032,101

201409091105(201409091105)
893,778
1,806,981
5,610,821
961,051
1,032,243

201409091106(201409091106)
893,778
1,806,981
5,611,145
961,051
1,032,243

201409091107(201409091107)
895,182
1,806,981
5,611,469
961,051
1,032,243

201409091109(201409091109)
895,182
1,810,589
5,617,219
961,051
1,032,243

201409091110(201409091110)
895,182
1,810,589
5,617,219
961,051
1,032,243

201409091111(201409091111)
895,182
1,810,589
5,617,219
961,051
1,032,551

201409091112(201409091112)
895,182
1,810,589
5,617,219
961,051
1,032,897

201409091113(201409091113)
895,245
1,810,589
5,617,219
961,051
1,032,897

201409091114(201409091114)
896,452
1,810,589
5,617,219
961,244
1,032,897

201409091115(201409091115)
896,452
1,810,589
5,617,219
961,244
1,032,897

201409091116(201409091116)
896,452
1,810,589
5,617,219
961,665
1,033,047

201409091117(201409091117)
896,952
1,810,589
5,617,219
962,324
1,033,047

201409091119(201409091119)
896,952
1,810,589
5,617,219
962,324
1,033,047

201409091120(201409091120)
896,952
1,810,589
5,617,219
962,324
1,034,588

201409091121(201409091121)
896,952
1,810,589
5,617,219
962,324
1,034,588

201409091122(201409091122)
896,952
1,810,589
5,617,219
962,324
1,034,698

201409091123(201409091123)
896,952
1,810,589
5,617,219
962,324
1,034,698

201409091124(201409091124)
896,952
1,810,589
5,617,219
962,324
1,034,698

201409091125(201409091125)
896,952
1,810,589
5,617,219
962,324
1,034,698

201409091126(201409091126)
896,952
1,810,589
5,617,219
962,324
1,035,208

201409091127(201409091127)
896,952
1,810,589
5,617,219
962,324
1,035,208

201409091129(201409091129)
896,952
1,810,589
5,617,219
962,324
1,035,208

201409091130(201409091130)
896,952
1,810,589
5,617,219
962,324
1,035,208

201409091131(201409091131)
896,952
1,810,589
5,617,219
962,324
1,035,433

201409091132(201409091132)
896,952
1,810,589
5,617,219
962,324
1,035,815

201409091133(201409091133)
897,137
1,810,589
5,617,219
962,324
1,035,815

201409091134(201409091134)
897,137
1,810,589
5,617,219
962,324
1,035,815

201409091135(201409091135)
897,137
1,810,589
5,617,219
964,477
1,035,996

201409091136(201409091136)
897,216
1,810,589
5,617,219
964,591
1,035,996

201409091137(201409091137)
897,216
1,810,589
5,617,219
964,591
1,036,097

201409091139(201409091139)
898,643
1,813,318
5,626,531
964,591
1,038,116

201409091140(201409091140)
898,643
1,813,318
5,626,673
964,591
1,038,281

201409091141(201409091141)
898,705
1,813,318
5,626,673
964,591
1,038,391

201409091142(201409091142)
898,705
1,813,318
5,626,673
964,591
1,038,501

201409091143(201409091143)
898,705
1,813,318
5,626,673
964,591
1,038,666

201409091144(201409091144)
899,981
1,813,318
5,626,673
964,591
1,038,831

201409091145(201409091145)
901,025
1,813,318
5,626,673
964,591
1,038,884

201409091146(201409091146)
901,025
1,819,018
5,626,673
964,924
1,038,884

201409091147(201409091147)
901,025
1,819,018
5,626,673
964,924
1,038,884

201409091149(201409091149)
901,025
1,819,018
5,626,673
964,924
1,038,884

201409091150(201409091150)
901,115
1,819,018
5,626,673
964,924
1,038,884

201409091151(201409091151)
901,115
1,819,018
5,626,673
964,924
1,038,884

201409091152(201409091152)
901,115
1,819,018
5,626,673
964,924
1,038,922

201409091153(201409091153)
901,115
1,819,018
5,626,673
964,924
1,038,922

201409091154(201409091154)
901,115
1,819,018
5,626,673
964,924
1,038,922

201409091155(201409091155)
901,115
1,819,018
5,626,673
966,365
1,038,922

201409091156(201409091156)
901,115
1,819,018
5,626,673
966,365
1,038,922

201409091157(201409091157)
901,115
1,819,018
5,626,673
966,365
1,038,922

201409091159(201409091159)
901,115
1,819,018
5,626,673
966,365
1,038,922

201409091200(201409091200)
901,487
1,819,018
5,626,673
967,137
1,038,922

201409091201(201409091201)
903,180
1,819,018
5,626,673
967,137
1,039,423

201409091202(201409091202)
903,180
1,819,018
5,626,673
967,137
1,039,616

201409091203(201409091203)
903,180
1,819,018
5,626,673
967,297
1,039,616

201409091204(201409091204)
903,180
1,819,018
5,626,673
967,520
1,039,616

201409091205(201409091205)
903,180
1,819,801
5,626,673
967,520
1,039,616

201409091206(201409091206)
903,180
1,819,801
5,626,673
967,520
1,040,607

201409091207(201409091207)
903,180
1,819,801
5,626,673
967,520
1,040,607

201409091209(201409091209)
903,180
1,819,801
5,626,673
968,117
1,040,607

201409091210(201409091210)
903,180
1,819,801
5,626,673
968,117
1,040,607

201409091211(201409091211)
903,180
1,823,415
5,626,673
968,117
1,041,492

201409091212(201409091212)
903,180
1,823,713
5,626,673
968,117
1,041,492

201409091213(201409091213)
903,180
1,823,713
5,626,673
968,117
1,041,492

201409091214(201409091214)
903,180
1,823,713
5,626,673
968,117
1,041,492

201409091215(201409091215)
903,180
1,823,713
5,626,673
968,117
1,042,250

201409091216(201409091216)
903,338
1,823,713
5,626,673
968,117
1,042,296

201409091217(201409091217)
903,338
1,823,713
5,626,673
968,117
1,042,571

201409091219(201409091219)
903,696
1,823,713
5,626,673
968,117
1,044,610

201409091220(201409091220)
903,696
1,826,618
5,626,673
968,117
1,044,610

201409091221(201409091221)
903,696
1,826,618
5,626,673
968,117
1,044,610

201409091222(201409091222)
903,696
1,826,618
5,626,673
968,117
1,044,610

201409091223(201409091223)
903,785
1,826,618
5,626,673
968,117
1,044,610

201409091224(201409091224)
903,785
1,826,618
5,626,673
968,117
1,044,610

201409091225(201409091225)
903,785
1,826,618
5,626,673
968,117
1,044,610

201409091226(201409091226)
903,785
1,826,618
5,626,673
968,117
1,044,772

201409091227(201409091227)
903,785
1,826,618
5,626,673
968,117
1,044,772

201409091229(201409091229)
905,526
1,837,353
5,626,673
968,117
1,044,772

201409091230(201409091230)
905,763
1,837,353
5,626,673
970,197
1,044,772

201409091231(201409091231)
905,763
1,837,353
5,626,673
970,197
1,044,772

201409091232(201409091232)
905,763
1,837,353
5,626,815
970,197
1,044,772

201409091233(201409091233)
905,763
1,837,353
5,627,454
970,197
1,044,772

201409091234(201409091234)
905,763
1,837,353
5,628,164
970,852
1,044,772

201409091235(201409091235)
905,763
1,837,353
5,632,369
970,852
1,044,772

201409091236(201409091236)
907,230
1,837,353
5,635,635
972,192
1,045,747

201409091237(201409091237)
907,441
1,837,353
5,635,635
972,192
1,045,747

201409091239(201409091239)
908,367
1,837,353
5,635,635
973,055
1,045,961

201409091240(201409091240)
908,367
1,842,811
5,635,635
973,055
1,045,961

201409091241(201409091241)
908,367
1,842,811
5,635,635
973,055
1,046,185

201409091242(201409091242)
908,367
1,842,811
5,635,635
973,055
1,046,185

201409091243(201409091243)
909,228
1,842,811
5,635,635
973,121
1,046,185

201409091244(201409091244)
909,228
1,842,811
5,635,635
973,121
1,046,289

201409091245(201409091245)
910,522
1,843,024
5,635,635
973,569
1,046,726

201409091246(201409091246)
910,522
1,843,024
5,635,635
973,569
1,046,726

201409091247(201409091247)
910,522
1,843,024
5,635,635
973,569
1,046,726

201409091249(201409091249)
910,522
1,843,024
5,635,635
974,470
1,046,726

201409091250(201409091250)
910,522
1,843,024
5,635,635
975,569
1,046,726

201409091251(201409091251)
911,820
1,843,024
5,635,635
975,569
1,046,726

201409091252(201409091252)
911,820
1,843,024
5,635,635
975,569
1,046,726

201409091253(201409091253)
911,820
1,843,024
5,635,635
975,569
1,046,726

201409091254(201409091254)
911,820
1,843,024
5,635,635
975,569
1,046,726

201409091255(201409091255)
911,820
1,843,024
5,635,635
975,569
1,046,726

201409091256(201409091256)
911,820
1,843,024
5,635,635
975,569
1,046,726

201409091257(201409091257)
911,820
1,843,024
5,635,635
975,569
1,046,726

201409091259(201409091259)
912,811
1,845,709
5,635,635
975,846
1,046,726

201409091300(201409091300)
912,811
1,849,257
5,635,635
976,008
1,046,726

201409091301(201409091301)
914,639
1,851,152
5,635,635
976,224
1,046,726

201409091302(201409091302)
914,639
1,851,152
5,635,635
976,224
1,046,726

201409091303(201409091303)
914,639
1,851,152
5,635,635
976,224
1,046,726

201409091304(201409091304)
914,822
1,851,152
5,635,635
976,224
1,046,726

201409091305(201409091305)
914,822
1,851,152
5,635,635
976,224
1,047,258

201409091306(201409091306)
915,539
1,851,196
5,635,635
976,224
1,047,258

201409091307(201409091307)
915,737
1,851,196
5,635,635
976,224
1,047,258

201409091309(201409091309)
915,813
1,851,196
5,635,635
977,604
1,047,258

201409091310(201409091310)
916,413
1,851,196
5,635,635
977,604
1,047,258

201409091311(201409091311)
916,711
1,851,196
5,635,635
977,604
1,047,258

201409091312(201409091312)
916,711
1,851,196
5,635,635
977,741
1,047,982

201409091313(201409091313)
916,711
1,851,196
5,635,635
977,741
1,047,982

201409091314(201409091314)
916,711
1,851,196
5,635,635
978,854
1,047,982

201409091315(201409091315)
918,039
1,851,196
5,635,635
978,854
1,047,982

201409091316(201409091316)
918,039
1,851,196
5,635,635
978,854
1,047,982

201409091317(201409091317)
918,039
1,851,196
5,635,635
978,854
1,048,150

201409091319(201409091319)
918,039
1,851,196
5,635,635
978,854
1,049,013

201409091320(201409091320)
918,039
1,851,196
5,635,635
978,854
1,049,013

201409091321(201409091321)
918,039
1,851,196
5,635,635
978,854
1,049,013

201409091322(201409091322)
918,150
1,851,196
5,635,635
978,854
1,049,013

201409091323(201409091323)
918,362
1,851,196
5,635,635
978,854
1,049,013

201409091324(201409091324)
918,450
1,851,196
5,635,635
978,854
1,049,013

201409091325(201409091325)
918,539
1,851,196
5,635,635
978,854
1,049,013

201409091326(201409091326)
918,539
1,851,196
5,635,635
978,854
1,049,013

201409091327(201409091327)
918,539
1,851,196
5,635,635
978,854
1,049,013

201409091329(201409091329)
918,539
1,851,196
5,635,635
979,670
1,049,332

201409091330(201409091330)
919,614
1,851,196
5,635,635
979,925
1,049,332

201409091331(201409091331)
919,614
1,851,196
5,635,635
979,925
1,049,332

201409091332(201409091332)
919,664
1,851,196
5,635,635
980,156
1,049,332

201409091333(201409091333)
919,664
1,851,196
5,635,635
980,156
1,049,332

201409091334(201409091334)
919,664
1,851,196
5,635,635
980,413
1,049,332

201409091335(201409091335)
919,664
1,851,196
5,635,635
980,609
1,049,332

201409091336(201409091336)
919,664
1,851,196
5,635,635
981,057
1,049,364

201409091337(201409091337)
919,664
1,851,196
5,635,635
981,057
1,049,364

201409091339(201409091339)
919,664
1,859,309
5,635,635
981,057
1,049,364

201409091340(201409091340)
920,893
1,859,309
5,635,635
981,057
1,049,364

201409091341(201409091341)
920,893
1,862,527
5,635,635
981,057
1,049,364

201409091342(201409091342)
920,931
1,862,527
5,635,635
982,193
1,049,364

201409091343(201409091343)
920,931
1,862,527
5,635,635
982,193
1,049,364

201409091344(201409091344)
920,931
1,862,527
5,635,635
982,193
1,049,602

201409091345(201409091345)
920,931
1,862,527
5,635,635
982,193
1,049,602

201409091346(201409091346)
920,931
1,862,527
5,635,635
982,193
1,049,783

201409091347(201409091347)
920,931
1,862,527
5,635,635
982,193
1,049,783

201409091349(201409091349)
920,975
1,862,527
5,635,635
982,193
1,049,783

201409091350(201409091350)
920,975
1,862,527
5,635,635
982,193
1,049,783

201409091351(201409091351)
920,975
1,862,527
5,635,635
982,193
1,049,972

201409091352(201409091352)
920,975
1,862,527
5,635,635
982,193
1,049,972

201409091353(201409091353)
920,975
1,865,922
5,635,635
982,193
1,049,972

201409091354(201409091354)
921,032
1,869,424
5,635,635
982,193
1,050,421

201409091355(201409091355)
921,032
1,869,424
5,635,635
982,193
1,050,421

201409091356(201409091356)
921,032
1,869,424
5,635,635
982,193
1,050,421

201409091357(201409091357)
921,032
1,869,424
5,635,635
982,792
1,051,421

201409091359(201409091359)
921,032
1,869,424
5,635,635
982,792
1,051,421

201409091400(201409091400)
921,032
1,869,424
5,635,635
982,792
1,051,421

201409091401(201409091401)
921,032
1,869,424
5,635,635
982,792
1,051,421

201409091402(201409091402)
921,545
1,869,424
5,635,635
983,945
1,051,421

201409091403(201409091403)
921,545
1,869,424
5,635,635
983,945
1,051,421

201409091404(201409091404)
921,545
1,869,424
5,635,635
983,945
1,051,421

201409091405(201409091405)
921,910
1,869,424
5,635,635
983,945
1,051,421

201409091406(201409091406)
921,910
1,869,424
5,635,635
983,945
1,051,421

201409091407(201409091407)
921,910
1,869,424
5,635,635
983,945
1,051,421

201409091409(201409091409)
921,910
1,869,424
5,635,635
983,945
1,051,421

201409091410(201409091410)
921,910
1,869,424
5,635,635
983,945
1,051,421

201409091411(201409091411)
921,910
1,871,462
5,635,635
983,945
1,051,421

201409091412(201409091412)
921,963
1,871,462
5,635,635
983,945
1,051,421

201409091413(201409091413)
921,963
1,871,462
5,635,635
983,945
1,051,421

201409091414(201409091414)
922,204
1,871,462
5,635,635
983,945
1,051,421

201409091415(201409091415)
922,204
1,871,462
5,635,635
983,945
1,051,421

201409091416(201409091416)
922,204
1,871,462
5,635,635
983,945
1,051,421

201409091417(201409091417)
922,204
1,871,462
5,635,635
983,945
1,051,421

201409091419(201409091419)
922,595
1,871,462
5,635,851
984,463
1,051,421

201409091420(201409091420)
922,595
1,871,462
5,636,013
984,463
1,051,421

201409091421(201409091421)
922,595
1,874,224
5,636,175
984,463
1,051,421

201409091422(201409091422)
922,595
1,874,224
5,724,951
984,463
1,051,421

201409091423(201409091423)
922,595
1,874,224
5,724,951
984,484
1,051,421

201409091424(201409091424)
922,595
1,874,224
5,724,951
984,708
1,051,421

201409091425(201409091425)
922,595
1,874,224
5,724,951
985,146
1,051,421

201409091426(201409091426)
922,595
1,874,224
5,724,951
985,146
1,051,421

201409091427(201409091427)
922,595
1,874,224
5,724,951
985,146
1,051,421

201409091429(201409091429)
922,613
1,874,224
5,724,951
986,529
1,051,421

201409091430(201409091430)
922,613
1,874,224
5,724,951
988,795
1,051,807

201409091431(201409091431)
922,613
1,874,224
5,724,951
988,795
1,051,807

201409091432(201409091432)
922,613
1,874,224
5,724,951
988,795
1,052,272

201409091433(201409091433)
922,613
1,874,224
5,724,951
988,795
1,052,272

201409091434(201409091434)
922,613
1,874,224
5,724,951
988,795
1,052,272

201409091435(201409091435)
922,776
1,874,224
5,724,951
988,795
1,052,272

201409091436(201409091436)
922,776
1,874,224
5,724,951
988,795
1,052,272

201409091437(201409091437)
922,776
1,874,224
5,724,951
988,795
1,052,272

201409091439(201409091439)
923,734
1,874,224
5,724,951
988,795
1,054,977

201409091440(201409091440)
923,734
1,874,224
5,724,951
988,795
1,054,977

201409091441(201409091441)
923,734
1,874,224
5,724,951
988,795
1,054,977

201409091442(201409091442)
923,734
1,874,224
5,724,951
989,212
1,054,977

201409091443(201409091443)
923,734
1,874,224
5,724,951
989,212
1,054,977

201409091444(201409091444)
923,734
1,874,224
5,724,951
989,212
1,054,977

201409091445(201409091445)
923,734
1,874,224
5,724,951
989,212
1,054,977

201409091446(201409091446)
923,734
1,874,224
5,724,951
989,212
1,055,172

201409091447(201409091447)
924,586
1,874,224
5,724,951
989,212
1,055,172

201409091449(201409091449)
924,694
1,874,499
5,724,951
989,212
1,055,172

201409091450(201409091450)
924,694
1,874,499
5,724,951
989,212
1,055,172

201409091451(201409091451)
924,694
1,874,499
5,724,951
989,212
1,055,172

201409091452(201409091452)
924,694
1,874,499
5,724,951
989,212
1,055,172

201409091453(201409091453)
924,827
1,882,606
5,724,951
989,212
1,055,172

201409091454(201409091454)
924,827
1,886,370
5,724,951
989,212
1,055,172

201409091455(201409091455)
924,827
1,891,362
5,724,951
989,212
1,055,172

201409091456(201409091456)
924,827
1,891,362
5,724,951
989,212
1,056,009

201409091457(201409091457)
924,827
1,891,362
5,724,951
989,212
1,056,009

201409091459(201409091459)
924,827
1,891,362
5,724,951
989,212
1,056,009

201409091500(201409091500)
924,827
1,891,362
5,724,951
989,212
1,056,009

201409091501(201409091501)
925,893
1,891,362
5,724,951
989,212
1,056,137

201409091502(201409091502)
925,893
1,891,362
5,724,951
989,212
1,056,137

201409091503(201409091503)
925,893
1,891,362
5,727,269
989,212
1,056,137

201409091504(201409091504)
925,893
1,891,362
5,727,409
989,212
1,056,137

201409091505(201409091505)
925,893
1,891,362
5,727,409
989,212
1,056,137

201409091506(201409091506)
925,893
1,891,362
5,727,409
989,212
1,056,137

201409091507(201409091507)
925,893
1,891,362
5,731,438
989,212
1,056,137

201409091509(201409091509)
925,933
1,891,362
5,736,028
989,813
1,056,137

201409091510(201409091510)
925,933
1,891,362
5,747,213
989,938
1,057,397

201409091511(201409091511)
925,933
1,891,362
5,766,605
989,938
1,058,104

201409091512(201409091512)
925,967
1,891,362
5,766,605
989,938
1,059,135

201409091513(201409091513)
926,675
1,891,362
5,766,605
989,938
1,059,135

201409091514(201409091514)
926,675
1,891,362
5,766,605
989,938
1,059,135

201409091515(201409091515)
926,675
1,891,362
5,766,605
989,938
1,059,135

201409091516(201409091516)
926,675
1,891,362
5,766,605
989,938
1,059,135

201409091517(201409091517)
926,675
1,891,362
5,766,605
989,938
1,059,135

201409091519(201409091519)
926,675
1,891,362
5,766,605
990,241
1,059,983

201409091520(201409091520)
926,675
1,891,362
5,766,605
990,241
1,059,983

201409091521(201409091521)
926,675
1,891,362
5,766,605
990,241
1,059,983

201409091522(201409091522)
926,675
1,891,362
5,766,605
992,142
1,059,983

201409091523(201409091523)
926,675
1,891,362
5,766,605
992,142
1,059,983

201409091524(201409091524)
926,675
1,891,547
5,766,605
993,218
1,059,992

201409091525(201409091525)
926,675
1,891,547
5,766,605
993,218
1,059,992

201409091526(201409091526)
926,675
1,891,649
5,766,605
993,218
1,059,992

201409091527(201409091527)
926,675
1,891,649
5,766,605
993,218
1,059,992

201409091529(201409091529)
926,675
1,891,649
5,766,605
993,218
1,059,992

201409091530(201409091530)
926,966
1,891,649
5,766,605
993,218
1,059,992

201409091531(201409091531)
928,025
1,895,695
5,766,605
993,218
1,060,750

201409091532(201409091532)
928,403
1,895,695
5,766,605
993,218
1,060,750

201409091533(201409091533)
928,403
1,895,695
5,766,605
993,218
1,060,923

201409091534(201409091534)
928,403
1,895,695
5,766,605
993,218
1,060,923

201409091535(201409091535)
928,403
1,895,695
5,766,605
993,218
1,060,923

201409091536(201409091536)
928,403
1,895,695
5,766,605
993,218
1,060,923

201409091537(201409091537)
928,403
1,895,695
5,766,605
993,218
1,060,923

201409091539(201409091539)
928,403
1,895,695
5,766,605
993,218
1,060,923

201409091540(201409091540)
928,403
1,895,978
5,766,605
993,380
1,060,923

201409091541(201409091541)
928,403
1,895,978
5,766,605
994,429
1,060,923

201409091542(201409091542)
928,403
1,897,298
5,766,605
994,429
1,060,923

201409091543(201409091543)
928,403
1,897,298
5,766,605
994,429
1,060,923

201409091544(201409091544)
928,403
1,897,298
5,766,605
994,429
1,060,923

201409091545(201409091545)
928,403
1,897,298
5,766,605
994,429
1,060,923

201409091546(201409091546)
928,403
1,897,298
5,766,605
994,429
1,060,923

201409091547(201409091547)
928,403
1,897,298
5,766,605
995,625
1,060,923

201409091549(201409091549)
928,403
1,897,298
5,766,605
995,625
1,061,601

201409091550(201409091550)
928,403
1,897,298
5,766,605
995,625
1,061,601

201409091551(201409091551)
928,403
1,897,298
5,766,605
995,625
1,061,601

201409091552(201409091552)
928,403
1,897,298
5,766,605
995,625
1,061,601

201409091553(201409091553)
928,403
1,897,298
5,766,605
995,625
1,061,601

201409091554(201409091554)
928,403
1,897,298
5,766,605
995,625
1,061,601

201409091555(201409091555)
928,403
1,897,298
5,766,605
995,625
1,061,601

201409091556(201409091556)
928,403
1,897,298
5,766,605
995,625
1,061,601

201409091557(201409091557)
928,403
1,897,298
5,766,605
995,706
1,061,601

201409091559(201409091559)
929,372
1,897,298
5,766,605
995,706
1,061,601

201409091600(201409091600)
929,372
1,897,298
5,766,605
995,706
1,061,601

201409091601(201409091601)
929,372
1,900,071
5,766,605
995,706
1,061,601

201409091602(201409091602)
929,372
1,900,071
5,766,605
995,706
1,061,601

201409091603(201409091603)
929,372
1,900,071
5,766,605
995,706
1,061,601

201409091604(201409091604)
929,682
1,901,729
5,766,605
995,706
1,061,601

201409091605(201409091605)
929,682
1,901,729
5,766,605
995,957
1,061,601

201409091606(201409091606)
929,682
1,901,729
5,766,605
995,957
1,061,601

201409091607(201409091607)
929,682
1,901,729
5,766,605
995,957
1,061,601

201409091609(201409091609)
929,682
1,901,729
5,766,605
995,957
1,061,601

201409091610(201409091610)
929,682
1,901,729
5,766,605
995,957
1,061,601

201409091611(201409091611)
930,067
1,901,729
5,766,605
995,957
1,061,601

201409091612(201409091612)
931,018
1,902,950
5,766,605
995,957
1,061,601

201409091613(201409091613)
931,018
1,902,950
5,766,605
995,957
1,061,601

201409091614(201409091614)
931,018
1,902,950
5,766,605
995,957
1,061,601

201409091615(201409091615)
931,018
1,902,950
5,766,605
995,957
1,061,601

201409091616(201409091616)
931,018
1,902,950
5,766,605
995,957
1,061,601

201409091617(201409091617)
931,018
1,902,950
5,766,605
995,957
1,061,601

201409091619(201409091619)
931,018
1,902,950
5,766,605
996,248
1,061,601

201409091620(201409091620)
931,018
1,902,950
5,766,605
996,431
1,061,601

201409091621(201409091621)
931,018
1,902,950
5,766,605
996,431
1,061,601

201409091622(201409091622)
932,442
1,902,950
5,766,605
996,431
1,061,601

201409091623(201409091623)
932,442
1,902,950
5,766,605
996,431
1,061,601

201409091624(201409091624)
932,442
1,902,950
5,766,605
996,431
1,061,601

201409091625(201409091625)
932,442
1,902,950
5,766,605
996,431
1,061,601

201409091626(201409091626)
932,442
1,902,950
5,766,605
996,431
1,061,601

201409091627(201409091627)
932,442
1,902,950
5,766,605
996,431
1,062,192

201409091629(201409091629)
932,442
1,902,950
5,766,605
996,431
1,062,512

201409091630(201409091630)
932,442
1,902,950
5,766,605
996,431
1,062,512

201409091631(201409091631)
932,442
1,902,950
5,766,605
996,431
1,062,592

201409091632(201409091632)
932,442
1,902,950
5,766,605
996,431
1,062,592

201409091633(201409091633)
933,082
1,902,950
5,766,605
996,431
1,062,592

201409091634(201409091634)
933,082
1,902,950
5,766,605
996,431
1,062,592

201409091635(201409091635)
933,111
1,902,950
5,766,605
998,294
1,065,038

201409091636(201409091636)
933,111
1,902,950
5,766,605
998,294
1,065,038

201409091637(201409091637)
933,535
1,902,950
5,766,605
998,977
1,065,038

201409091639(201409091639)
933,993
1,902,950
5,766,605
998,977
1,066,181

201409091640(201409091640)
933,993
1,902,950
5,766,605
998,977
1,066,181

201409091641(201409091641)
934,167
1,902,950
5,766,605
998,977
1,066,234

201409091642(201409091642)
934,599
1,902,950
5,766,605
998,977
1,066,393

201409091643(201409091643)
934,599
1,903,931
5,766,605
998,977
1,066,412

201409091644(201409091644)
934,599
1,904,221
5,766,605
998,977
1,066,412

201409091645(201409091645)
934,599
1,906,454
5,766,605
998,977
1,066,446

201409091646(201409091646)
934,599
1,914,457
5,766,605
998,977
1,066,446

201409091647(201409091647)
934,599
1,919,716
5,766,605
998,977
1,066,446

201409091649(201409091649)
934,599
1,923,734
5,766,605
998,977
1,066,446

201409091650(201409091650)
934,599
1,928,238
5,766,605
998,977
1,066,446

201409091651(201409091651)
934,599
1,928,238
5,766,605
998,977
1,066,446

201409091652(201409091652)
934,599
1,928,238
5,766,605
998,977
1,066,446

201409091653(201409091653)
934,599
1,928,238
5,766,605
998,977
1,066,446

201409091654(201409091654)
934,599
1,934,666
5,768,708
998,977
1,066,446

201409091655(201409091655)
934,599
1,934,666
5,768,708
998,977
1,066,446

201409091656(201409091656)
934,599
1,934,666
5,768,708
998,977
1,066,446

201409091657(201409091657)
934,599
1,935,598
5,768,708
998,977
1,066,446

201409091659(201409091659)
934,599
1,935,598
5,768,708
998,977
1,066,446

201409091700(201409091700)
934,599
1,935,598
5,769,835
998,977
1,066,446

201409091701(201409091701)
934,599
1,939,025
5,769,835
998,977
1,066,446

201409091702(201409091702)
934,599
1,939,025
5,769,835
998,977
1,066,446

