201409191326(201409191326)
524,263
1,175,907
3,025,584
254,042
337,318
179,200

201409191327(201409191327)
524,263
1,175,907
3,025,584
254,042
337,318
179,200

201409191329(201409191329)
524,263
1,175,907
3,025,584
254,048
337,318
179,200

201409191330(201409191330)
524,263
1,175,907
3,025,584
254,170
337,318
179,200

201409191331(201409191331)
524,263
1,175,907
3,025,584
254,170
337,318
179,210

201409191332(201409191332)
524,263
1,175,907
3,025,584
254,170
337,318
179,262

201409191333(201409191333)
524,263
1,175,907
3,025,584
254,170
337,333
179,264

201409191334(201409191334)
524,263
1,175,907
3,025,584
254,179
337,333
179,308

201409191335(201409191335)
524,263
1,175,907
3,025,584
254,270
337,333
179,308

201409191336(201409191336)
524,263
1,175,907
3,025,584
254,455
337,385
179,308

201409191337(201409191337)
524,323
1,175,907
3,025,584
254,455
337,402
179,333

201409191339(201409191339)
524,486
1,176,351
3,025,584
254,455
337,402
179,333

201409191340(201409191340)
524,641
1,178,544
3,025,584
254,508
337,531
179,369

201409191341(201409191341)
524,646
1,178,646
3,025,584
254,547
337,531
179,422

201409191342(201409191342)
524,646
1,178,646
3,025,584
254,547
337,594
179,422

201409191343(201409191343)
524,646
1,178,646
3,025,584
254,547
337,594
179,422

201409191344(201409191344)
524,646
1,178,646
3,028,927
254,547
337,649
179,463

201409191345(201409191345)
524,646
1,178,646
3,030,266
254,547
337,649
179,463

201409191346(201409191346)
524,646
1,178,646
3,030,266
254,588
337,780
179,531

201409191347(201409191347)
524,646
1,178,646
3,030,266
254,588
337,780
179,558

201409191349(201409191349)
524,646
1,178,646
3,030,266
254,620
337,780
179,558

201409191350(201409191350)
524,646
1,178,646
3,030,266
254,620
337,780
179,690

201409191351(201409191351)
525,388
1,178,646
3,030,266
254,620
337,780
179,707

201409191352(201409191352)
526,120
1,178,646
3,030,266
254,620
337,780
179,707

201409191353(201409191353)
526,120
1,178,646
3,030,266
254,743
337,780
179,707

201409191354(201409191354)
526,120
1,178,646
3,030,266
254,743
337,780
179,707

201409191355(201409191355)
526,120
1,178,646
3,030,266
254,835
337,780
179,707

201409191356(201409191356)
526,120
1,178,646
3,030,266
254,835
337,780
179,787

201409191357(201409191357)
526,120
1,178,646
3,030,266
254,870
337,816
179,855

201409191359(201409191359)
526,120
1,183,293
3,030,266
254,870
337,816
179,882

201409191400(201409191400)
526,120
1,186,771
3,030,266
254,870
337,816
179,882

201409191401(201409191401)
526,120
1,186,771
3,030,266
254,870
337,816
179,882

201409191402(201409191402)
526,120
1,186,771
3,030,266
254,870
337,816
179,887

201409191403(201409191403)
526,120
1,186,771
3,030,266
254,870
337,816
179,887

201409191404(201409191404)
526,120
1,186,771
3,030,266
254,870
337,816
179,924

201409191405(201409191405)
526,120
1,186,771
3,030,266
254,870
337,816
179,926

201409191406(201409191406)
526,120
1,186,771
3,030,266
254,870
337,816
179,926

201409191407(201409191407)
526,120
1,186,771
3,030,266
254,870
338,139
179,930

201409191409(201409191409)
526,120
1,186,771
3,030,266
254,870
338,139
179,966

201409191410(201409191410)
526,120
1,186,771
3,030,266
254,870
338,139
179,966

201409191411(201409191411)
526,120
1,186,771
3,030,266
255,155
338,139
179,984

201409191412(201409191412)
526,120
1,186,771
3,030,266
255,155
338,139
179,984

201409191413(201409191413)
526,120
1,186,771
3,030,266
255,155
338,139
179,992

201409191414(201409191414)
526,120
1,186,771
3,030,266
255,155
338,139
180,051

201409191415(201409191415)
526,120
1,186,771
3,030,266
255,159
338,249
180,051

201409191416(201409191416)
526,120
1,186,771
3,030,266
255,159
338,249
180,097

201409191417(201409191417)
526,120
1,186,771
3,030,266
255,159
338,249
180,097

201409191419(201409191419)
526,120
1,189,658
3,030,266
255,159
338,479
180,142

201409191420(201409191420)
526,885
1,189,658
3,030,266
255,165
338,479
180,164

201409191421(201409191421)
526,885
1,189,658
3,030,266
255,165
338,479
180,173

201409191422(201409191422)
526,885
1,189,658
3,030,266
255,165
338,479
180,173

201409191423(201409191423)
526,885
1,189,658
3,030,266
255,165
338,479
180,177

201409191424(201409191424)
526,885
1,189,658
3,030,266
255,243
338,557
180,183

201409191425(201409191425)
526,885
1,189,658
3,030,266
255,243
338,557
180,208

201409191426(201409191426)
526,885
1,189,658
3,030,266
255,422
338,557
180,229

201409191427(201409191427)
526,885
1,189,658
3,030,266
255,422
338,557
180,229

201409191429(201409191429)
526,885
1,189,658
3,030,266
255,422
338,557
180,257

201409191430(201409191430)
526,885
1,189,658
3,030,266
255,422
338,557
180,268

201409191431(201409191431)
526,885
1,189,658
3,030,266
255,422
338,614
180,268

201409191432(201409191432)
526,885
1,189,658
3,030,266
255,422
338,614
180,308

201409191433(201409191433)
526,885
1,189,658
3,030,266
255,422
338,614
180,339

201409191434(201409191434)
527,659
1,189,658
3,030,266
255,422
338,614
180,374

201409191435(201409191435)
527,659
1,189,658
3,030,266
255,535
338,614
180,397

201409191436(201409191436)
527,659
1,189,658
3,030,266
255,563
338,614
180,397

201409191437(201409191437)
527,659
1,189,658
3,030,266
255,563
338,614
180,406

201409191439(201409191439)
527,659
1,189,658
3,030,266
255,563
338,614
180,422

201409191440(201409191440)
527,659
1,190,338
3,030,266
255,611
338,614
180,453

201409191441(201409191441)
527,659
1,190,338
3,030,266
255,611
338,614
180,469

201409191442(201409191442)
527,999
1,190,338
3,030,266
255,611
338,614
180,489

201409191443(201409191443)
527,999
1,190,338
3,030,266
255,611
338,614
180,490

201409191444(201409191444)
527,999
1,190,338
3,030,266
255,611
338,735
180,511

201409191445(201409191445)
527,999
1,192,761
3,030,266
255,611
338,735
180,511

201409191446(201409191446)
527,999
1,192,761
3,030,266
255,674
338,735
180,518

201409191447(201409191447)
527,999
1,192,761
3,030,266
255,686
338,735
180,549

201409191449(201409191449)
527,999
1,192,761
3,030,266
255,886
338,735
180,561

201409191450(201409191450)
527,999
1,192,761
3,030,266
255,886
338,735
180,561

201409191451(201409191451)
527,999
1,192,761
3,030,266
255,886
338,735
180,575

201409191452(201409191452)
527,999
1,192,761
3,030,266
255,886
338,735
180,575

201409191453(201409191453)
527,999
1,192,761
3,030,266
255,886
338,735
180,575

201409191454(201409191454)
527,999
1,192,761
3,030,266
255,886
338,735
180,575

201409191455(201409191455)
527,999
1,192,761
3,030,266
255,895
339,083
180,610

201409191456(201409191456)
527,999
1,192,761
3,030,266
255,895
339,083
180,610

201409191457(201409191457)
527,999
1,192,761
3,030,266
255,895
339,083
180,717

201409191459(201409191459)
527,999
1,192,761
3,030,266
255,895
339,192
180,791

201409191500(201409191500)
527,999
1,192,761
3,030,266
255,935
339,243
180,791

201409191501(201409191501)
527,999
1,192,761
3,030,266
255,938
339,243
180,810

201409191502(201409191502)
527,999
1,192,761
3,030,266
255,971
339,558
180,912

201409191503(201409191503)
527,999
1,192,761
3,030,266
256,014
339,613
180,917

201409191504(201409191504)
527,999
1,192,761
3,030,266
256,138
339,709
180,933

201409191505(201409191505)
527,999
1,192,761
3,030,266
256,420
339,709
180,941

201409191506(201409191506)
527,999
1,192,761
3,030,266
256,488
339,709
180,947

201409191507(201409191507)
528,316
1,192,761
3,030,266
256,488
339,757
181,001

201409191509(201409191509)
528,316
1,192,761
3,030,266
256,726
339,757
181,045

201409191510(201409191510)
528,316
1,192,761
3,030,266
256,726
339,757
181,077

201409191511(201409191511)
528,316
1,192,761
3,030,266
256,726
339,757
181,077

201409191512(201409191512)
528,966
1,192,761
3,030,266
256,726
339,757
181,077

201409191513(201409191513)
529,100
1,192,761
3,030,266
256,922
339,823
181,113

201409191514(201409191514)
529,100
1,192,761
3,030,266
256,922
339,884
181,194

201409191515(201409191515)
529,100
1,192,761
3,033,187
256,922
339,978
181,240

201409191516(201409191516)
529,100
1,193,797
3,034,146
257,005
340,160
181,243

201409191517(201409191517)
529,100
1,193,797
3,034,146
257,005
340,202
181,243

201409191519(201409191519)
529,100
1,193,797
3,034,146
257,005
340,268
181,292

201409191520(201409191520)
529,100
1,193,797
3,034,146
257,005
340,268
181,292

201409191521(201409191521)
529,100
1,193,825
3,034,146
257,005
340,268
181,374

201409191522(201409191522)
529,100
1,194,616
3,034,146
257,005
340,268
181,458

201409191523(201409191523)
529,100
1,195,154
3,034,146
257,005
340,461
181,482

201409191524(201409191524)
529,100
1,195,690
3,034,146
257,005
340,497
181,491

201409191525(201409191525)
529,100
1,196,782
3,034,146
257,005
340,497
181,537

201409191526(201409191526)
529,100
1,197,346
3,034,146
257,005
340,836
181,540

201409191527(201409191527)
529,100
1,198,019
3,034,146
257,005
340,836
181,551

201409191529(201409191529)
529,100
1,198,019
3,034,146
257,175
340,968
181,598

201409191530(201409191530)
529,100
1,198,019
3,034,146
257,175
340,968
181,618

201409191531(201409191531)
529,100
1,198,019
3,034,146
257,175
340,968
181,618

201409191532(201409191532)
529,100
1,198,019
3,034,146
257,175
340,968
181,618

201409191533(201409191533)
529,100
1,198,019
3,034,146
257,175
340,968
181,618

201409191534(201409191534)
529,725
1,198,019
3,034,146
257,175
340,968
181,618

201409191535(201409191535)
529,725
1,198,019
3,034,146
257,175
340,968
181,618

201409191536(201409191536)
529,725
1,198,019
3,034,146
257,187
340,968
181,618

201409191537(201409191537)
529,725
1,198,019
3,034,146
257,191
341,223
181,634

201409191539(201409191539)
529,725
1,198,019
3,034,146
257,191
341,304
181,647

201409191540(201409191540)
529,725
1,198,019
3,034,146
257,191
341,304
181,735

201409191541(201409191541)
529,725
1,198,019
3,034,146
257,225
341,304
181,763

201409191542(201409191542)
529,725
1,198,019
3,034,146
257,225
341,304
181,843

201409191543(201409191543)
529,725
1,198,019
3,034,146
257,244
341,304
181,852

201409191544(201409191544)
529,725
1,198,019
3,034,146
257,344
341,304
181,852

201409191545(201409191545)
529,725
1,198,019
3,034,146
257,344
341,333
181,905

201409191546(201409191546)
529,725
1,198,019
3,034,146
257,344
341,333
181,925

201409191547(201409191547)
529,725
1,198,019
3,034,146
257,344
341,883
181,925

201409191549(201409191549)
529,725
1,198,019
3,034,146
257,425
341,883
181,968

201409191550(201409191550)
529,725
1,198,019
3,034,146
257,425
341,883
181,975

201409191551(201409191551)
529,778
1,198,019
3,034,146
257,425
341,883
182,028

201409191552(201409191552)
529,778
1,198,019
3,034,146
257,425
341,883
182,028

201409191553(201409191553)
529,778
1,198,019
3,034,146
257,425
342,145
182,028

201409191554(201409191554)
529,791
1,198,019
3,034,146
257,470
342,145
182,076

201409191555(201409191555)
529,791
1,198,019
3,034,146
257,590
342,237
182,076

201409191556(201409191556)
529,791
1,199,286
3,034,146
257,681
342,297
182,076

201409191557(201409191557)
529,791
1,199,286
3,034,146
257,772
342,297
182,106

201409191559(201409191559)
529,791
1,199,286
3,034,146
257,797
342,297
182,109

201409191600(201409191600)
529,791
1,199,286
3,034,146
257,797
342,297
182,109

201409191601(201409191601)
529,791
1,199,286
3,034,146
257,797
342,297
182,109

201409191602(201409191602)
529,860
1,199,286
3,034,146
257,889
342,844
182,171

201409191603(201409191603)
529,860
1,199,286
3,034,146
257,967
342,844
182,171

201409191604(201409191604)
529,860
1,199,286
3,034,146
258,053
342,844
182,171

201409191605(201409191605)
529,860
1,199,286
3,034,146
258,053
342,866
182,197

201409191606(201409191606)
529,860
1,199,286
3,034,146
258,179
342,866
182,260

201409191607(201409191607)
529,860
1,199,286
3,034,146
258,179
342,866
182,319

201409191609(201409191609)
529,860
1,199,286
3,034,146
258,179
343,069
182,319

201409191610(201409191610)
529,860
1,199,286
3,034,146
258,322
343,069
182,336

201409191611(201409191611)
529,860
1,199,286
3,034,146
258,382
343,082
182,354

201409191612(201409191612)
529,860
1,199,286
3,035,937
258,382
343,082
182,385

201409191613(201409191613)
529,860
1,199,286
3,035,937
258,382
343,082
182,447

201409191614(201409191614)
529,860
1,199,286
3,035,937
258,382
343,082
182,447

201409191615(201409191615)
529,860
1,199,286
3,035,937
258,382
343,472
182,481

201409191616(201409191616)
529,860
1,199,898
3,035,937
258,382
343,472
182,491

201409191617(201409191617)
529,860
1,199,898
3,035,937
258,382
343,472
182,573

201409191619(201409191619)
529,906
1,199,898
3,035,937
258,382
343,472
182,624

201409191620(201409191620)
529,906
1,199,898
3,035,937
258,382
343,558
182,841

201409191621(201409191621)
529,906
1,199,898
3,035,937
258,382
343,743
182,841

201409191622(201409191622)
529,920
1,199,898
3,035,937
258,382
343,840
182,850

201409191623(201409191623)
530,417
1,199,898
3,035,937
258,382
343,844
182,871

201409191624(201409191624)
530,417
1,199,922
3,035,937
258,411
343,844
182,871

201409191625(201409191625)
530,417
1,199,922
3,035,937
258,411
344,005
182,871

201409191626(201409191626)
530,417
1,200,625
3,035,937
258,411
344,005
182,871

201409191627(201409191627)
530,417
1,200,625
3,035,937
258,519
344,005
182,891

201409191629(201409191629)
530,417
1,200,625
3,035,937
258,614
344,511
182,957

201409191630(201409191630)
530,417
1,200,625
3,035,937
258,614
344,511
182,957

201409191631(201409191631)
530,417
1,200,625
3,035,937
258,614
344,511
183,015

201409191632(201409191632)
530,417
1,200,625
3,035,937
258,614
344,526
183,015

201409191633(201409191633)
530,417
1,200,625
3,035,937
258,614
344,526
183,015

201409191634(201409191634)
530,549
1,200,625
3,035,937
258,627
344,526
183,023

201409191635(201409191635)
530,549
1,200,625
3,035,937
258,746
344,526
183,088

201409191636(201409191636)
530,549
1,200,625
3,035,937
258,793
344,526
183,198

201409191637(201409191637)
530,549
1,200,625
3,035,937
258,793
344,526
183,198

201409191639(201409191639)
531,856
1,200,625
3,035,937
258,903
344,526
183,266

201409191640(201409191640)
531,856
1,200,625
3,035,937
258,903
344,526
183,266

201409191641(201409191641)
531,856
1,200,625
3,035,937
258,903
344,526
183,278

201409191642(201409191642)
531,856
1,200,625
3,035,937
258,929
344,526
183,278

201409191643(201409191643)
531,856
1,200,625
3,035,937
258,929
344,526
183,278

201409191644(201409191644)
531,856
1,200,625
3,035,937
259,047
344,526
183,280

201409191645(201409191645)
531,856
1,200,625
3,035,937
259,047
344,526
183,280

201409191646(201409191646)
531,857
1,200,625
3,035,937
259,170
344,526
183,344

201409191647(201409191647)
531,857
1,200,625
3,035,937
259,170
344,526
183,541

201409191649(201409191649)
531,857
1,200,625
3,035,937
259,264
344,526
183,559

201409191650(201409191650)
531,857
1,200,625
3,035,937
259,264
344,622
183,596

201409191651(201409191651)
531,857
1,200,625
3,035,937
259,326
344,722
183,609

201409191652(201409191652)
531,857
1,200,625
3,035,937
259,326
344,740
183,621

201409191653(201409191653)
531,857
1,200,625
3,035,937
259,394
345,015
183,641

201409191654(201409191654)
531,943
1,200,625
3,035,937
259,475
345,273
183,641

201409191655(201409191655)
531,943
1,202,517
3,035,937
259,567
345,273
183,724

201409191656(201409191656)
531,943
1,202,517
3,036,256
259,702
345,273
183,805

201409191657(201409191657)
534,025
1,202,517
3,036,256
259,702
345,273
183,810

201409191659(201409191659)
534,025
1,202,517
3,036,256
259,843
345,339
183,824

201409191700(201409191700)
534,025
1,202,517
3,036,256
259,843
345,339
183,832

201409191701(201409191701)
534,025
1,202,517
3,036,256
259,909
345,339
183,922

201409191702(201409191702)
534,025
1,202,517
3,036,256
260,065
345,478
183,968

201409191703(201409191703)
534,025
1,202,517
3,036,256
260,102
345,797
183,974

201409191704(201409191704)
534,025
1,202,517
3,036,256
260,102
345,797
184,015

201409191705(201409191705)
534,025
1,202,517
3,036,256
260,102
345,797
184,018

201409191706(201409191706)
534,025
1,202,517
3,036,256
260,152
345,976
184,026

201409191707(201409191707)
534,025
1,202,517
3,036,256
260,171
345,976
184,059

