
201409171714(201409171714)
9,850
19,200
40,174
2,846
5,504
0

201409171717(201409171717)
13,326
25,475
54,462
4,397
8,391
821

201409171719(201409171719)
15,609
29,617
65,283
5,415
9,226
1,308

201409171720(201409171720)
16,686
31,767
69,500
5,874
9,926
1,693

201409171721(201409171721)
17,862
33,924
74,591
6,254
10,723
2,042

201409171722(201409171722)
19,003
36,658
79,701
6,713
11,470
2,313

201409171723(201409171723)
21,402
38,726
86,447
7,635
12,739
2,921

201409171724(201409171724)
22,701
44,190
96,072
8,141
13,411
3,211

201409171725(201409171725)
23,919
46,941
101,389
8,584
14,199
3,536

201409171726(201409171726)
25,056
49,190
106,597
9,039
14,906
3,819

201409171727(201409171727)
26,370
51,791
113,026
9,529
15,710
4,035

201409171729(201409171729)
27,680
57,441
124,681
10,011
16,992
4,263

201409171730(201409171730)
30,490
57,441
130,201
10,723
17,546
4,513

201409171731(201409171731)
31,703
62,726
136,318
11,093
18,179
5,005

201409171732(201409171732)
33,076
65,899
142,644
11,530
18,817
5,221

201409171733(201409171733)
34,273
68,701
149,104
11,906
19,337
5,442

201409171734(201409171734)
35,030
71,100
153,411
12,337
19,946
5,661

201409171735(201409171735)
36,200
74,488
156,026
12,686
20,641
5,831

201409171736(201409171736)
37,511
77,346
162,932
13,060
21,381
6,030

201409171738(201409171738)
38,331
79,899
170,384
13,463
22,038
6,225

201409171739(201409171739)
39,733
82,765
172,995
13,853
23,395
6,426

201409171740(201409171740)
41,215
89,286
187,352
14,608
23,887
6,638

201409171741(201409171741)
43,665
92,802
192,062
15,046
24,540
7,006

201409171742(201409171742)
44,630
94,889
193,535
15,379
25,438
7,246

201409171743(201409171743)
45,945
97,810
199,048
15,823
26,103
7,417

201409171744(201409171744)
47,251
100,509
203,647
16,177
26,686
7,609

201409171745(201409171745)
48,730
103,227
207,056
16,630
27,249
7,807

201409171746(201409171746)
50,081
105,508
210,937
17,020
28,036
8,018

201409171748(201409171748)
51,862
108,073
214,921
17,330
28,857
8,191

201409171750(201409171750)
54,194
111,854
224,505
18,112
30,386
8,812

201409171751(201409171751)
55,695
116,495
229,482
18,890
31,948
8,948

201409171752(201409171752)
58,638
118,390
234,516
19,352
32,661
9,135

201409171753(201409171753)
60,225
120,079
237,663
19,766
33,261
9,351

201409171754(201409171754)
61,959
121,672
242,033
20,119
33,998
9,549

201409171755(201409171755)
63,016
123,614
242,812
20,390
34,743
9,691

201409171756(201409171756)
64,483
125,959
248,637
20,885
35,339
9,928

201409171757(201409171757)
65,435
128,511
251,875
21,233
36,287
10,093

201409171759(201409171759)
67,076
131,383
257,929
22,004
37,688
10,315

201409171800(201409171800)
68,591
131,383
268,898
22,437
38,385
10,443

201409171801(201409171801)
71,020
136,605
273,163
22,707
39,254
10,764

201409171802(201409171802)
72,412
138,149
279,353
23,143
40,173
10,962

201409171803(201409171803)
73,318
139,989
282,453
23,563
41,018
11,118

201409171804(201409171804)
73,318
142,514
289,122
23,563
41,525
11,118

201409171805(201409171805)
74,611
145,864
289,122
23,839
42,232
11,473

201409171806(201409171806)
76,811
147,039
296,417
24,464
42,940
11,653

201409171807(201409171807)
78,386
148,310
300,249
24,964
43,490
11,820

201409171809(201409171809)
80,119
150,719
315,262
25,725
44,601
12,238

201409171810(201409171810)
80,648
151,665
319,345
26,278
45,451
12,393

201409171811(201409171811)
82,255
153,891
324,859
26,567
46,106
12,580


201409171816(201409171816)
87,369
159,801
340,493
28,006
48,917
13,307

201409171816(201409171816)
88,986
161,340
345,914
28,357
49,498
13,473

201409171817(201409171817)
89,862
162,932
349,651
28,662
50,110
13,596

201409171819(201409171819)
90,667
167,243
356,366
28,994
51,235
13,736

201409171820(201409171820)
93,282
167,243
358,632
29,359
51,235
13,927

201409171821(201409171821)
93,282
169,482
367,484
29,761
52,361
14,054

201409171822(201409171822)
94,609
169,482
367,484
30,037
52,998
14,187

201409171823(201409171823)
95,438
170,069
372,243
30,918
52,998
14,362

201409171824(201409171824)
96,376
171,606
372,243
31,375
53,754
14,533

201409171825(201409171825)
97,496
172,929
376,016
31,375
54,505
14,725

201409171826(201409171826)
98,773
175,076
387,317
31,532
55,047
14,860

201409171827(201409171827)
99,789
178,095
387,317
32,234
55,719
15,047

201409171829(201409171829)
101,002
181,339
397,791
32,674
58,282
15,365

201409171830(201409171830)
102,644
183,266
401,859
32,674
58,282
15,547

201409171831(201409171831)
103,337
186,437
409,240
33,070
59,764
15,684

201409171832(201409171832)
105,283
186,437
415,171
33,940
59,764
15,867

201409171833(201409171833)
106,202
188,055
417,001
33,940
60,216
16,017

201409171834(201409171834)
106,202
188,055
429,703
34,651
61,451
16,126

201409171835(201409171835)
106,573
190,123
432,169
34,651
61,451
16,262

201409171836(201409171836)
107,999
191,100
437,867
35,068
62,231
16,563

201409171837(201409171837)
107,999
191,459
441,382
35,384
63,737
16,563

201409171839(201409171839)
109,068
193,469
455,208
36,006
64,529
16,861

201409171840(201409171840)
111,470
194,483
455,208
36,395
65,019
16,991

201409171841(201409171841)
111,470
196,126
466,811
36,824
65,917
17,145

201409171842(201409171842)
111,713
198,113
466,811
37,059
65,917
17,311

201409171843(201409171843)
112,309
201,145
468,554
37,438
67,063
17,460

201409171844(201409171844)
113,754
201,145
480,283
38,406
67,063
17,589

201409171845(201409171845)
113,754
202,025
480,283
38,406
67,428
17,680

201409171846(201409171846)
115,692
202,647
483,782
39,003
68,162
17,878

201409171847(201409171847)
115,692
203,847
487,206
39,542
69,304
17,988

201409171849(201409171849)
117,305
208,028
493,464
39,824
70,291
18,336

201409171850(201409171850)
118,567
208,028
495,281
40,172
70,821
18,522

201409171851(201409171851)
119,025
208,823
497,262
40,859
71,788
18,683

201409171852(201409171852)
119,996
210,448
501,941
41,411
71,788
18,866

201409171853(201409171853)
121,100
212,614
506,572
41,752
73,022
18,959

201409171854(201409171854)
122,067
212,614
506,572
41,752
73,022
19,099

201409171855(201409171855)
123,018
213,430
515,523
42,237
73,689
19,302

201409171856(201409171856)
123,704
214,313
519,787
42,533
74,067
19,425

201409171857(201409171857)
124,353
215,585
519,787
42,986
74,530
19,681

201409171859(201409171859)
125,441
218,581
532,229
43,583
76,255
19,820

201409171900(201409171900)
125,855
219,365
532,229
43,919
76,255
19,996

201409171901(201409171901)
126,327
221,340
535,047
44,453
77,345
20,135

201409171902(201409171902)
128,096
221,340
536,700
45,012
78,984
20,316

201409171903(201409171903)
128,906
223,225
541,072
45,012
79,649
20,467

201409171904(201409171904)
129,373
223,225
548,073
45,594
80,119
20,580

201409171905(201409171905)
130,409
224,180
548,073
45,594
80,119
20,734

201409171906(201409171906)
131,256
224,328
556,543
46,100
80,683
20,927

201409171907(201409171907)
132,253
224,507
556,543
46,924
81,664
21,069

201409171909(201409171909)
132,967
227,524
565,371
47,306
82,255
21,489

201409171910(201409171910)
133,777
227,524
565,828
47,524
83,235
21,753

201409171911(201409171911)
135,343
228,073
569,702
48,258
84,062
22,004

201409171912(201409171912)
135,343
229,491
573,610
48,258
85,153
22,207

201409171913(201409171913)
136,112
229,491
573,610
49,092
85,792
22,450

201409171914(201409171914)
137,358
233,497
579,062
49,423
85,792
22,601

201409171915(201409171915)
137,991
234,875
589,925
49,423
86,261
22,732

201409171916(201409171916)
138,734
235,142
592,036
50,141
87,369
22,901

201409171917(201409171917)
139,900
235,837
592,036
50,141
87,369
23,108

201409171919(201409171919)
140,760
237,093
611,430
51,021
88,566
23,422

201409171920(201409171920)
141,102
238,110
615,035
51,435
88,566
23,640

201409171921(201409171921)
141,635
239,177
624,169
52,358
89,045
23,998

201409171922(201409171922)
142,272
239,855
625,681
52,358
90,171
23,998

201409171923(201409171923)
142,925
240,219
625,681
52,920
90,171
24,119

201409171924(201409171924)
142,925
241,469
628,913
53,554
91,255
24,300

201409171925(201409171925)
143,537
243,631
628,913
53,895
91,255
24,505

201409171926(201409171926)
144,415
244,560
628,913
54,497
92,628
24,835

201409171927(201409171927)
145,290
248,913
630,427
54,781
93,247
25,051

201409171929(201409171929)
146,915
252,402
631,479
56,003
93,921
25,397

201409171930(201409171930)
147,491
252,402
632,844
56,003
94,676
25,484

201409171931(201409171931)
147,834
252,402
640,083
56,729
95,310
25,618

201409171932(201409171932)
148,551
252,740
640,083
56,729
95,310
25,820

201409171933(201409171933)
148,976
253,638
645,743
57,279
96,914
26,119

201409171934(201409171934)
149,459
253,638
655,420
57,824
96,914
26,377

201409171935(201409171935)
150,230
254,688
662,516
58,465
97,516
26,599

201409171936(201409171936)
150,719
255,360
675,475
58,465
98,703
26,966

201409171937(201409171937)
150,791
255,460
675,475
58,638
99,484
27,156

201409171939(201409171939)
151,615
258,440
681,004
59,769
101,004
27,337

201409171940(201409171940)
152,414
258,440
681,004
60,147
101,004
27,524

201409171941(201409171941)
152,941
261,641
687,219
61,119
102,058
27,742

201409171942(201409171942)
153,427
261,649
694,701
61,524
102,593
27,963

201409171943(201409171943)
154,663
263,922
699,410
61,524
102,593
28,163

201409171944(201409171944)
154,663
263,922
702,736
62,657
102,681
28,331

201409171945(201409171945)
155,559
266,023
702,736
62,657
103,173
28,514

201409171946(201409171946)
156,457
267,739
702,736
62,978
104,063
28,789

201409171947(201409171947)
157,130
270,281
708,153
63,530
104,553
28,926

201409171949(201409171949)
158,525
273,570
715,877
64,499
104,909
29,250

201409171950(201409171950)
159,220
273,570
715,877
65,031
105,731
29,501

201409171951(201409171951)
160,672
273,734
721,071
66,055
106,507
29,643

201409171952(201409171952)
161,423
274,234
722,083
66,449
106,507
29,785

201409171953(201409171953)
161,515
274,234
729,689
66,639
107,676
30,011

201409171954(201409171954)
161,784
277,643
729,689
67,053
107,676
30,209

201409171955(201409171955)
162,033
277,643
730,415
67,053
107,970
30,421

201409171956(201409171956)
162,871
279,029
736,243
67,389
108,917
30,635

201409171957(201409171957)
163,079
280,540
743,237
68,207
109,281
30,789

201409171959(201409171959)
164,482
281,670
745,987
68,811
109,562
31,083

201409172000(201409172000)
165,468
283,622
750,267
68,811
110,152
31,263

201409172001(201409172001)
166,105
283,800
753,749
69,757
110,644
31,490

201409172002(201409172002)
166,607
286,170
757,506
69,757
111,200
31,607

201409172003(201409172003)
166,886
288,136
757,506
70,739
111,560
31,819

201409172004(201409172004)
168,207
288,684
760,044
71,281
111,804
31,922

201409172005(201409172005)
169,221
288,684
764,774
71,281
112,348
32,082

201409172006(201409172006)
169,638
292,063
770,296
71,722
112,607
32,275

201409172007(201409172007)
169,791
293,670
773,080
72,442
113,766
32,464

201409172009(201409172009)
170,459
297,335
779,540
72,989
114,916
33,037

201409172010(201409172010)
170,963
297,335
784,073
73,254
114,916
33,205

201409172011(201409172011)
172,193
300,811
787,730
74,428
115,628
33,413

201409172012(201409172012)
172,748
300,811
792,620
74,927
115,988
33,578

201409172013(201409172013)
174,201
301,892
792,620
74,927
116,384
33,835

201409172014(201409172014)
174,579
302,738
794,675
75,308
117,190
34,118

201409172015(201409172015)
174,579
302,738
797,806
75,972
117,190
34,304

201409172016(201409172016)
175,344
304,051
797,806
76,363
117,576
34,517

201409172017(201409172017)
176,303
304,376
805,218
77,039
117,975
34,808

201409172019(201409172019)
178,039
307,772
805,218
77,681
118,855
35,180

201409172020(201409172020)
178,433
308,173
805,218
77,974
119,245
35,410

201409172021(201409172021)
179,019
311,971
806,912
78,746
119,640
35,586

201409172022(201409172022)
180,058
311,971
808,883
78,746
119,914
35,769

201409172023(201409172023)
180,058
312,535
818,023
79,592
120,484
36,031

201409172024(201409172024)
180,366
315,102
824,901
79,592
121,211
36,329

201409172025(201409172025)
180,851
316,860
824,901
79,875
121,211
36,589

201409172026(201409172026)
181,142
319,947
826,583
80,427
121,820
36,853

201409172027(201409172027)
182,197
319,947
829,344
81,463
122,511
37,116

201409172029(201409172029)
183,266
323,874
832,822
81,750
123,665
37,664

201409172030(201409172030)
183,853
326,170
837,400
82,114
123,665
38,062

201409172031(201409172031)
183,892
329,732
837,400
83,397
124,170
38,242

201409172032(201409172032)
184,218
329,732
838,098
83,805
124,373
38,430

201409172033(201409172033)
185,004
331,165
839,089
84,215
124,373
38,593

201409172034(201409172034)
185,380
331,651
839,089
84,215
124,553
38,781

201409172035(201409172035)
185,380
333,589
839,089
84,842
124,997
39,142

201409172036(201409172036)
186,437
334,339
855,914
85,330
126,053
39,376

201409172037(201409172037)
186,437
336,698
855,914
86,101
126,053
39,733

201409172039(201409172039)
188,025
339,823
857,032
86,480
127,011
40,113

201409172040(201409172040)
188,025
341,927
860,782
86,782
127,011
40,205

201409172041(201409172041)
188,689
342,922
865,684
87,354
128,579
40,586

201409172042(201409172042)
189,258
343,174
870,768
87,354
128,579
40,777

201409172043(201409172043)
189,258
345,660
874,545
88,572
129,219
40,969

201409172044(201409172044)
189,396
348,332
876,915
88,832
130,549
41,220

201409172045(201409172045)
189,767
350,351
891,885
88,832
130,549
41,471

201409172046(201409172046)
190,123
351,776
893,591
89,271
131,383
41,683

201409172047(201409172047)
190,613
352,332
894,826
89,680
131,584
41,837

201409172049(201409172049)
191,784
356,108
899,477
90,133
132,287
42,309

201409172050(201409172050)
192,864
357,256
900,420
90,588
132,733
43,023

201409172051(201409172051)
193,853
358,158
911,814
91,349
133,033
43,023

201409172052(201409172052)
194,633
358,514
917,661
91,429
133,530
43,371

201409172053(201409172053)
195,355
361,392
918,695
91,842
134,168
43,659

201409172054(201409172054)
195,594
361,879
918,695
91,842
134,598
43,806

201409172055(201409172055)
195,870
361,879
922,687
92,088
134,598
43,962

201409172056(201409172056)
196,128
362,575
926,489
93,112
134,893
44,291

201409172057(201409172057)
196,801
362,575
930,284
93,681
136,030
44,431

201409172059(201409172059)
197,489
366,016
944,548
93,890
136,385
44,997

201409172100(201409172100)
198,206
366,400
944,548
94,145
137,185
45,234

201409172101(201409172101)
198,437
369,339
946,730
94,450
138,422
45,739

201409172102(201409172102)
198,750
369,677
960,404
95,131
138,422
45,739

201409172103(201409172103)
199,126
371,513
971,005
95,131
138,952
46,043

201409172104(201409172104)
200,216
373,975
974,436
96,141
139,123
46,328

201409172105(201409172105)
200,487
374,430
974,436
96,141
139,519
46,619

201409172106(201409172106)
201,172
374,957
987,907
96,567
139,989
46,914

201409172107(201409172107)
201,791
375,770
998,862
96,899
140,298
47,182

201409172109(201409172109)
202,818
378,343
998,862
98,373
141,104
47,668

201409172110(201409172110)
203,113
379,369
999,596
98,373
141,652
47,834

201409172111(201409172111)
203,498
379,948
999,596
98,714
141,950
48,153

201409172112(201409172112)
203,647
382,022
1,004,797
98,714
142,097
48,349

201409172113(201409172113)
203,821
383,693
1,004,797
98,883
142,097
48,633

201409172114(201409172114)
204,536
388,268
1,004,797
99,339
142,192
48,894

201409172115(201409172115)
204,536
388,268
1,015,650
99,728
142,551
49,077

201409172116(201409172116)
205,157
388,268
1,020,028
100,173
143,318
49,568

201409172117(201409172117)
205,475
388,666
1,020,028
100,554
143,318
49,718

201409172119(201409172119)
206,683
390,726
1,020,028
100,936
144,257
50,095

201409172120(201409172120)
207,173
391,719
1,036,860
100,986
144,571
50,346

201409172121(201409172121)
207,283
395,231
1,036,860
101,138
145,908
50,591

201409172122(201409172122)
208,028
395,337
1,036,860
101,451
145,908
50,953

201409172123(201409172123)
208,028
395,337
1,039,511
101,569
146,027
51,262

201409172124(201409172124)
208,887
397,588
1,047,075
102,058
146,745
51,629

201409172125(201409172125)
209,326
399,295
1,047,075
102,492
147,030
51,976

201409172126(201409172126)
209,981
401,840
1,047,075
102,994
147,385
52,094

201409172127(201409172127)
210,479
402,258
1,066,877
103,682
147,797
52,355

201409172129(201409172129)
212,163
403,902
1,071,577
104,149
148,014
53,414

201409172130(201409172130)
212,596
403,902
1,083,039
104,615
148,172
53,414

201409172131(201409172131)
213,123
404,037
1,083,853
104,883
148,484
53,584

201409172132(201409172132)
213,807
404,037
1,083,853
105,129
148,720
53,801

201409172133(201409172133)
214,771
404,932
1,087,675
105,340
148,873
54,141

201409172134(201409172134)
214,771
406,140
1,106,235
105,495
149,357
54,298

201409172135(201409172135)
215,521
406,140
1,106,235
105,784
149,357
54,504

201409172136(201409172136)
215,992
409,084
1,108,535
106,206
150,101
54,764

201409172137(201409172137)
216,435
409,084
1,117,534
106,506
150,511
54,952

201409172139(201409172139)
217,224
412,106
1,128,637
107,316
150,898
55,433

201409172140(201409172140)
217,945
412,429
1,135,994
107,316
150,898
55,695

201409172141(201409172141)
218,857
415,015
1,138,375
107,721
151,571
55,939

201409172142(201409172142)
218,857
417,386
1,142,229
107,969
152,228
56,229

201409172143(201409172143)
219,365
418,856
1,143,575
108,211
152,885
56,388

201409172144(201409172144)
219,495
421,367
1,143,575
108,533
152,885
56,591

201409172145(201409172145)
220,621
421,614
1,153,255
108,758
153,275
56,817

201409172146(201409172146)
220,629
422,376
1,153,394
109,120
153,603
56,889

201409172147(201409172147)
221,340
422,376
1,153,394
109,120
154,344
57,077

201409172149(201409172149)
222,006
423,099
1,157,686
109,774
154,823
57,634

201409172150(201409172150)
222,570
425,115
1,157,686
110,025
154,823
57,861

201409172151(201409172151)
223,447
426,454
1,157,686
110,166
154,859
57,987

201409172152(201409172152)
223,447
426,868
1,159,812
110,895
155,268
58,164

201409172153(201409172153)
223,930
427,904
1,167,535
111,135
156,298
58,369

201409172154(201409172154)
224,180
427,904
1,168,335
111,571
156,298
58,655

201409172155(201409172155)
224,445
429,890
1,174,415
112,024
156,586
58,880

201409172156(201409172156)
225,486
430,338
1,190,201
112,376
157,150
59,058

201409172157(201409172157)
225,486
431,619
1,197,917
112,603
157,431
59,295

201409172159(201409172159)
226,389
435,721
1,219,034
112,927
158,302
59,769

201409172200(201409172200)
227,501
436,094
1,219,034
113,141
158,824
60,025

201409172201(201409172201)
227,641
437,944
1,227,157
113,497
159,058
60,195

201409172202(201409172202)
228,738
438,532
1,230,160
113,514
159,528
60,309

201409172203(201409172203)
228,968
439,868
1,238,289
113,786
159,528
60,457

201409172204(201409172204)
229,123
439,868
1,242,954
114,335
160,655
60,677

201409172205(201409172205)
230,161
439,884
1,249,137
114,335
160,655
60,896

201409172206(201409172206)
230,470
443,124
1,250,198
114,812
160,684
61,206

201409172207(201409172207)
231,455
445,921
1,263,634
115,177
161,043
61,453

201409172209(201409172209)
232,312
448,413
1,263,634
115,731
161,895
61,614

201409172210(201409172210)
233,291
449,213
1,264,903
115,828
161,895
61,745

201409172211(201409172211)
234,819
449,295
1,264,959
116,409
162,618
61,820

201409172212(201409172212)
234,819
450,803
1,264,959
116,794
163,231
62,223

201409172213(201409172213)
235,232
451,622
1,277,566
117,240
163,641
62,652

201409172214(201409172214)
235,374
451,622
1,279,056
117,240
164,404
62,964

201409172215(201409172215)
235,837
455,653
1,281,187
117,576
164,404
63,230

201409172216(201409172216)
236,196
458,080
1,281,187
118,205
164,604
63,316

201409172217(201409172217)
236,196
460,224
1,281,187
118,600
165,201
63,409

201409172219(201409172219)
237,006
463,892
1,289,232
118,702
165,961
63,711

201409172220(201409172220)
237,313
465,534
1,289,232
119,212
165,961
63,868

201409172221(201409172221)
238,021
466,518
1,292,134
119,531
166,153
64,015

201409172222(201409172222)
238,559
467,449
1,292,134
119,598
166,709
64,267

201409172223(201409172223)
238,559
469,508
1,292,134
119,598
167,321
64,566

201409172224(201409172224)
239,133
469,508
1,294,657
120,056
167,321
64,795

201409172225(201409172225)
239,133
474,259
1,305,323
120,056
167,415
64,989

201409172226(201409172226)
239,857
475,159
1,309,633
120,423
167,616
65,235

201409172227(201409172227)
239,857
475,159
1,318,086
120,598
167,997
65,624

201409172229(201409172229)
240,956
475,901
1,322,336
121,181
168,579
66,004

201409172230(201409172230)
241,084
476,054
1,322,336
121,802
168,767
66,445

201409172231(201409172231)
241,084
476,496
1,323,222
122,017
169,221
66,637

201409172232(201409172232)
241,084
476,496
1,323,222
122,017
169,221
66,913

201409172233(201409172233)
241,820
478,285
1,326,433
122,213
169,627
67,270

201409172234(201409172234)
242,659
479,634
1,330,938
122,616
169,916
67,483

201409172235(201409172235)
242,659
479,634
1,330,938
122,877
170,245
67,746

201409172236(201409172236)
242,955
482,836
1,330,938
123,216
170,844
67,944

201409172237(201409172237)
243,137
485,117
1,336,762
123,602
171,699
68,117

201409172239(201409172239)
244,528
488,841
1,340,843
124,236
172,361
68,684

201409172240(201409172240)
245,004
490,437
1,345,306
124,401
172,647
68,684

201409172241(201409172241)
245,764
491,681
1,345,306
124,707
172,929
68,969

201409172242(201409172242)
246,272
496,092
1,345,491
124,781
173,028
69,146

201409172243(201409172243)
246,272
498,093
1,346,844
124,897
174,001
69,317

201409172244(201409172244)
246,547
498,093
1,351,305
125,144
174,001
69,580

201409172245(201409172245)
247,329
499,709
1,362,444
125,464
174,561
69,897

201409172246(201409172246)
247,735
500,068
1,363,917
125,811
175,347
70,152

201409172247(201409172247)
248,124
500,495
1,377,766
125,956
175,347
70,417

201409172249(201409172249)
248,886
501,688
1,391,770
126,573
176,015
70,923

201409172250(201409172250)
250,428
503,509
1,397,648
126,573
176,351
71,196

201409172251(201409172251)
250,578
503,509
1,397,648
126,865
176,705
71,421

201409172252(201409172252)
250,708
504,568
1,397,648
127,103
177,220
71,740

201409172253(201409172253)
251,038
504,568
1,399,168
127,471
178,182
71,789

201409172254(201409172254)
251,409
504,568
1,399,168
127,789
178,182
71,843

201409172255(201409172255)
251,959
505,192
1,403,821
128,087
178,413
72,166

201409172256(201409172256)
253,045
505,471
1,411,298
128,504
179,170
72,499

201409172257(201409172257)
253,045
506,155
1,411,298
129,571
179,170
72,728

201409172259(201409172259)
254,528
507,658
1,428,467
129,905
179,425
73,168

201409172300(201409172300)
255,040
507,947
1,436,464
130,001
179,835
73,348

201409172301(201409172301)
255,654
508,410
1,436,464
130,217
180,408
73,515

201409172302(201409172302)
255,654
511,014
1,436,464
130,516
180,825
73,786

201409172303(201409172303)
256,075
511,978
1,438,708
130,589
181,143
74,070

201409172304(201409172304)
256,572
513,055
1,438,708
131,259
181,465
74,327

201409172305(201409172305)
257,280
513,086
1,438,708
131,259
181,465
74,523

201409172306(201409172306)
258,159
514,479
1,438,883
131,331
182,184
74,747

201409172307(201409172307)
258,339
514,479
1,438,883
131,567
182,184
75,057

201409172309(201409172309)
259,172
516,614
1,445,488
131,819
182,853
75,462

201409172310(201409172310)
259,538
518,605
1,445,488
132,156
183,465
75,591

201409172311(201409172311)
259,604
519,809
1,445,488
132,283
183,853
75,885

201409172312(201409172312)
259,867
521,228
1,445,488
132,442
184,530
76,159

201409172313(201409172313)
261,310
523,549
1,447,948
132,981
184,864
76,270

201409172314(201409172314)
261,594
527,124
1,454,280
133,383
184,864
76,381

201409172315(201409172315)
261,664
530,082
1,464,271
133,635
185,248
76,632

201409172316(201409172316)
262,704
531,962
1,479,200
133,865
185,904
76,945

201409172317(201409172317)
263,135
531,962
1,489,037
134,349
185,904
77,102

201409172319(201409172319)
263,877
534,369
1,501,335
134,777
186,837
77,606

201409172320(201409172320)
264,219
538,314
1,505,390
135,117
186,837
77,846

201409172321(201409172321)
264,341
538,810
1,505,721
135,483
186,946
77,905

201409172322(201409172322)
264,993
540,246
1,520,271
135,567
187,058
78,063

201409172323(201409172323)
265,233
545,838
1,524,425
135,803
187,379
78,174

201409172324(201409172324)
265,617
545,838
1,533,221
136,181
187,886
78,316

201409172325(201409172325)
266,533
545,838
1,533,221
136,181
187,900
78,489

201409172326(201409172326)
267,073
545,838
1,535,266
136,765
187,973
78,655

201409172327(201409172327)
268,242
546,430
1,537,111
136,823
188,025
78,882

201409172329(201409172329)
268,450
547,064
1,561,228
137,388
188,518
79,250

201409172330(201409172330)
270,009
547,064
1,563,769
137,388
188,518
79,410

201409172331(201409172331)
270,531
547,827
1,567,644
137,481
189,145
79,668

201409172332(201409172332)
270,757
547,827
1,574,573
137,991
189,229
79,774

201409172333(201409172333)
271,334
548,499
1,581,366
138,315
189,626
79,984

201409172334(201409172334)
271,643
552,822
1,588,216
138,809
189,635
80,241

201409172335(201409172335)
272,642
552,822
1,591,321
138,809
189,930
80,407

201409172336(201409172336)
273,143
554,378
1,599,087
139,051
190,692
80,648

201409172337(201409172337)
273,307
555,830
1,608,179
139,094
190,692
80,936

201409172339(201409172339)
273,708
559,589
1,613,325
139,691
191,498
81,328

201409172340(201409172340)
274,134
559,589
1,614,102
139,989
191,784
81,519

201409172341(201409172341)
274,352
560,832
1,616,741
140,217
192,310
81,761

201409172342(201409172342)
275,684
564,059
1,616,741
140,643
192,930
81,930

201409172343(201409172343)
275,946
564,059
1,616,741
140,684
193,132
82,115

201409172344(201409172344)
276,082
564,059
1,631,582
140,752
193,132
82,213

201409172345(201409172345)
276,179
565,186
1,631,582
141,024
193,144
82,265

201409172346(201409172346)
277,450
565,784
1,643,078
141,126
193,473
82,556

201409172347(201409172347)
277,450
568,498
1,646,789
141,220
193,853
82,924

201409172349(201409172349)
278,744
570,336
1,649,250
141,584
194,152
83,204

201409172350(201409172350)
279,179
572,119
1,649,250
141,788
194,397
83,303

201409172351(201409172351)
279,467
572,119
1,656,308
142,105
194,633
83,457

201409172352(201409172352)
279,467
574,963
1,656,308
142,105
194,983
83,742

201409172353(201409172353)
279,902
575,512
1,656,308
142,233
195,456
83,822

201409172354(201409172354)
280,671
576,587
1,656,308
142,784
195,479
84,025

201409172355(201409172355)
280,905
576,587
1,656,308
142,784
195,594
84,207

201409172356(201409172356)
281,273
579,662
1,656,949
143,226
196,046
84,268

201409172357(201409172357)
281,273
580,865
1,656,949
143,377
196,046
84,290

201409172359(201409172359)
281,273
581,901
1,656,949
143,833
196,472
84,647

201409180000(201409180000)
281,670
581,901
1,656,949
143,974
196,607
84,801

201409180001(201409180001)
282,339
583,895
1,656,949
144,187
196,996
84,970

201409180002(201409180002)
282,727
585,626
1,656,949
144,413
197,240
85,249

201409180003(201409180003)
283,843
586,783
1,668,751
144,497
197,440
85,348

201409180004(201409180004)
283,843
590,365
1,671,999
144,814
198,020
85,645

201409180005(201409180005)
284,249
590,977
1,671,999
144,842
198,020
85,790

201409180006(201409180006)
284,832
590,977
1,686,275
144,988
198,573
85,979

201409180007(201409180007)
284,957
591,189
1,688,159
145,078
198,573
86,035

201409180009(201409180009)
285,713
593,992
1,688,159
145,353
198,704
86,355

201409180010(201409180010)
285,991
593,992
1,688,159
145,571
198,750
86,540

201409180011(201409180011)
286,943
595,042
1,692,756
145,861
198,974
86,831

201409180012(201409180012)
286,943
595,847
1,695,016
145,861
199,184
86,968

201409180013(201409180013)
287,270
601,220
1,699,383
145,917
199,796
87,086

201409180014(201409180014)
287,811
603,730
1,710,616
146,103
199,815
87,291

201409180015(201409180015)
287,867
603,730
1,710,616
146,589
199,982
87,532

201409180016(201409180016)
288,898
605,521
1,714,922
146,966
200,111
87,769

201409180017(201409180017)
288,990
611,019
1,721,630
147,491
200,186
87,882

201409180019(201409180019)
289,630
611,599
1,742,535
147,520
200,364
88,196

201409180020(201409180020)
291,759
611,980
1,742,535
147,696
200,705
88,492

201409180021(201409180021)
292,881
612,446
1,742,535
147,941
200,816
88,566

201409180022(201409180022)
293,106
612,446
1,757,138
148,518
201,138
88,877

201409180023(201409180023)
294,528
612,669
1,766,346
148,518
201,138
89,057

201409180024(201409180024)
294,528
612,669
1,766,346
148,720
201,158
89,173

201409180025(201409180025)
294,892
612,669
1,766,346
149,045
201,158
89,234

201409180026(201409180026)
295,113
616,289
1,766,902
149,257
201,973
89,302

201409180027(201409180027)
295,544
617,961
1,767,428
149,715
201,973
89,673

201409180029(201409180029)
296,155
617,961
1,769,069
149,846
202,385
89,979

201409180030(201409180030)
296,484
617,961
1,772,380
149,846
202,691
90,151

201409180031(201409180031)
297,011
617,961
1,775,752
149,937
202,896
90,349

201409180032(201409180032)
297,055
624,353
1,779,071
150,381
203,113
90,593

201409180033(201409180033)
297,055
629,495
1,782,443
150,381
203,651
90,835

201409180034(201409180034)
297,278
631,738
1,785,762
150,680
203,951
91,020

201409180035(201409180035)
299,234
631,738
1,800,527
150,779
203,975
91,116

201409180036(201409180036)
300,085
632,036
1,802,473
150,833
204,822
91,227

201409180037(201409180037)
300,393
633,050
1,809,995
150,895
204,908
91,392

201409180039(201409180039)
301,170
633,615
1,813,047
151,162
205,177
91,726

201409180040(201409180040)
301,170
633,615
1,816,594
151,220
205,177
91,848

201409180041(201409180041)
301,558
634,011
1,827,158
151,253
205,344
91,929

201409180042(201409180042)
302,410
636,366
1,833,190
151,262
205,352
92,095

201409180043(201409180043)
302,598
638,485
1,833,190
151,604
205,896
92,159

201409180044(201409180044)
302,598
639,444
1,836,039
151,604
206,151
92,326

201409180045(201409180045)
302,598
639,898
1,836,039
151,816
206,213
92,680

201409180046(201409180046)
302,738
640,083
1,836,039
152,049
206,331
92,845

201409180047(201409180047)
303,947
640,083
1,839,249
152,049
206,386
92,974

201409180049(201409180049)
304,669
640,253
1,866,379
152,187
206,662
93,135

201409180050(201409180050)
304,927
640,937
1,869,709
152,393
206,662
93,239

201409180051(201409180051)
304,954
642,085
1,870,626
152,726
206,770
93,529

201409180052(201409180052)
305,196
644,674
1,870,626
152,885
207,204
93,586

201409180053(201409180053)
305,695
645,283
1,870,626
152,944
207,538
93,741

201409180054(201409180054)
305,695
645,963
1,870,626
152,994
207,586
93,803

201409180055(201409180055)
305,860
645,963
1,870,626
153,116
207,706
94,096

201409180056(201409180056)
306,602
649,794
1,870,626
153,201
207,891
94,174

201409180057(201409180057)
306,602
654,106
1,870,626
153,291
208,159
94,350

201409180059(201409180059)
307,209
655,773
1,870,626
153,523
209,082
94,450

201409180100(201409180100)
307,209
655,773
1,870,626
153,626
209,082
94,604

201409180101(201409180101)
307,518
656,526
1,876,058
153,714
209,349
94,634

201409180102(201409180102)
308,135
658,068
1,876,058
153,967
209,683
94,730

201409180103(201409180103)
308,636
658,068
1,876,058
154,018
209,683
95,050

201409180104(201409180104)
308,636
658,068
1,876,058
154,168
209,688
95,114

201409180105(201409180105)
310,004
658,759
1,876,968
154,214
209,688
95,273

201409180106(201409180106)
310,475
660,474
1,876,968
154,319
209,688
95,399

201409180107(201409180107)
310,692
660,474
1,876,968
154,391
209,860
95,568

201409180109(201409180109)
311,183
660,682
1,876,968
154,564
210,206
95,785

201409180110(201409180110)
311,183
660,682
1,876,968
154,614
210,260
95,814

201409180111(201409180111)
311,223
660,682
1,877,347
154,636
210,658
95,913

201409180112(201409180112)
311,383
660,682
1,877,347
154,719
210,658
96,121

201409180113(201409180113)
311,383
660,682
1,877,347
154,719
210,903
96,245

201409180114(201409180114)
311,537
663,177
1,880,996
154,925
211,090
96,344

201409180115(201409180115)
312,487
666,839
1,883,933
154,925
211,273
96,475

201409180116(201409180116)
312,487
666,839
1,883,933
155,468
211,422
96,716

201409180117(201409180117)
312,487
668,939
1,889,466
155,927
211,503
96,858

201409180119(201409180119)
313,876
668,939
1,891,740
156,218
211,868
97,011

201409180120(201409180120)
313,970
668,939
1,896,074
156,312
211,941
97,049

201409180121(201409180121)
314,063
668,939
1,906,371
156,391
212,276
97,132

201409180122(201409180122)
314,063
668,939
1,909,150
157,019
212,513
97,334

201409180123(201409180123)
314,228
670,062
1,909,150
157,019
212,752
97,460

201409180124(201409180124)
314,935
670,062
1,909,150
157,281
212,775
97,473

201409180125(201409180125)
314,935
670,062
1,909,710
157,281
212,797
97,595

201409180126(201409180126)
315,130
670,062
1,924,243
157,491
212,800
97,705

201409180127(201409180127)
316,104
670,062
1,924,243
157,491
213,273
97,965

201409180129(201409180129)
316,132
672,506
1,939,145
157,776
213,372
98,092

201409180130(201409180130)
316,646
672,617
1,940,750
157,792
213,372
98,219

201409180131(201409180131)
317,077
672,617
1,954,505
157,977
213,618
98,329

201409180132(201409180132)
317,077
674,991
1,954,505
158,128
213,749
98,516

201409180133(201409180133)
317,160
679,282
1,956,853
158,389
213,878
98,697

201409180134(201409180134)
317,160
679,282
1,957,115
158,389
213,878
98,707

201409180135(201409180135)
317,810
680,461
1,957,115
158,412
213,878
98,819

201409180136(201409180136)
318,085
680,461
1,957,115
158,781
214,042
98,889

201409180137(201409180137)
318,262
680,461
1,959,441
158,781
214,042
99,066

201409180139(201409180139)
318,343
682,126
1,962,032
158,799
214,876
99,155

201409180140(201409180140)
318,343
682,126
1,962,032
158,862
214,876
99,283

201409180141(201409180141)
318,343
682,655
1,962,032
158,961
215,041
99,307

201409180142(201409180142)
318,599
682,655
1,962,032
159,195
215,041
99,348

201409180143(201409180143)
319,893
683,660
1,962,032
159,430
215,484
99,517

201409180144(201409180144)
319,893
686,042
1,962,032
159,468
215,484
99,571

201409180145(201409180145)
320,204
686,946
1,969,208
159,607
215,665
99,610

201409180146(201409180146)
320,232
687,009
1,989,308
159,646
215,919
99,746

201409180147(201409180147)
320,303
687,848
2,002,353
159,663
216,005
99,746

201409180149(201409180149)
322,291
687,848
2,002,353
159,690
216,031
99,860

201409180150(201409180150)
322,291
687,848
2,002,353
159,861
216,146
99,911

201409180151(201409180151)
322,530
692,276
2,002,353
159,942
216,387
99,953

201409180152(201409180152)
322,804
693,108
2,002,353
160,159
216,387
100,027

201409180153(201409180153)
324,175
693,108
2,002,353
160,159
216,414
100,061

201409180154(201409180154)
324,758
696,200
2,002,353
160,256
217,162
100,123

201409180155(201409180155)
325,150
696,200
2,002,353
160,256
217,162
100,192

201409180156(201409180156)
325,150
696,200
2,002,353
160,331
217,224
100,418

201409180157(201409180157)
325,706
696,262
2,002,353
160,395
217,539
100,443

201409180159(201409180159)
326,405
697,492
2,002,353
160,545
218,073
100,544

201409180200(201409180200)
326,405
697,492
2,002,353
160,548
218,284
100,701

201409180201(201409180201)
326,405
697,492
2,004,880
160,548
218,284
100,784

201409180202(201409180202)
326,444
698,470
2,008,897
160,548
218,436
100,847

201409180203(201409180203)
326,444
698,470
2,008,897
160,552
218,436
100,874

201409180204(201409180204)
326,444
698,470
2,008,897
160,647
218,522
100,951

201409180205(201409180205)
326,496
700,319
2,012,639
160,715
218,522
100,986

201409180206(201409180206)
326,496
702,225
2,013,893
160,784
218,691
100,986

201409180207(201409180207)
326,929
702,736
2,013,893
160,784
218,857
101,077

201409180209(201409180209)
327,066
704,425
2,013,893
160,995
218,885
101,186

201409180210(201409180210)
327,451
704,425
2,013,893
161,007
218,885
101,186

201409180211(201409180211)
327,451
704,425
2,013,893
161,007
218,949
101,334

201409180212(201409180212)
327,451
706,716
2,013,893
161,154
219,000
101,351

201409180213(201409180213)
327,451
706,716
2,013,893
161,287
219,135
101,401

201409180214(201409180214)
327,451
707,732
2,019,168
161,741
219,135
101,536

201409180215(201409180215)
327,451
708,719
2,019,168
161,741
219,171
101,581

201409180216(201409180216)
327,451
708,932
2,019,168
161,969
219,171
101,727

201409180217(201409180217)
328,522
709,594
2,019,168
161,969
219,171
101,968

201409180219(201409180219)
328,522
712,239
2,025,831
162,147
219,172
102,143

201409180220(201409180220)
329,677
712,239
2,028,351
162,147
219,369
102,143

201409180221(201409180221)
330,349
712,239
2,031,106
162,168
220,085
102,172

201409180222(201409180222)
330,349
712,239
2,034,153
162,168
220,193
102,322

201409180223(201409180223)
330,349
712,894
2,040,514
162,178
220,193
102,397

201409180224(201409180224)
330,527
712,894
2,040,514
162,367
220,278
102,397

201409180225(201409180225)
330,881
712,894
2,040,514
162,367
220,402
102,467

201409180226(201409180226)
330,881
713,336
2,047,803
162,463
220,402
102,615

201409180227(201409180227)
330,881
713,336
2,047,803
162,618
220,486
102,663

201409180229(201409180229)
330,881
714,110
2,057,766
163,051
220,621
102,731

201409180230(201409180230)
331,413
714,110
2,057,766
163,051
220,621
102,798

201409180231(201409180231)
331,413
714,110
2,057,766
163,062
220,760
102,995

201409180232(201409180232)
331,474
714,449
2,059,992
163,062
220,830
103,021

201409180233(201409180233)
331,651
715,927
2,062,643
163,094
221,052
103,088

201409180234(201409180234)
331,830
715,927
2,062,643
163,150
221,052
103,148

201409180235(201409180235)
331,890
715,927
2,062,643
163,150
221,052
103,191

201409180236(201409180236)
332,005
715,927
2,062,643
163,186
221,052
103,307

201409180237(201409180237)
332,005
715,927
2,064,654
163,309
221,052
103,393

201409180239(201409180239)
332,957
717,293
2,066,039
163,388
221,052
103,422

201409180240(201409180240)
332,957
717,293
2,066,039
163,388
221,052
103,474

201409180241(201409180241)
332,957
717,293
2,066,039
163,495
221,081
103,474

201409180242(201409180242)
333,195
717,293
2,066,039
163,495
221,122
103,474

201409180243(201409180243)
333,726
717,293
2,066,039
163,557
221,122
103,474

201409180244(201409180244)
333,726
718,375
2,066,039
163,769
221,122
103,530

201409180245(201409180245)
333,726
718,375
2,066,039
163,769
221,326
103,793

201409180246(201409180246)
334,019
721,065
2,066,039
163,830
221,699
103,793

201409180247(201409180247)
334,019
721,065
2,066,039
163,876
221,699
103,870

201409180249(201409180249)
334,339
721,071
2,066,039
163,883
221,805
103,914

201409180250(201409180250)
334,339
721,613
2,066,039
163,883
222,007
103,921

201409180251(201409180251)
334,339
721,613
2,066,039
164,109
222,152
103,958

201409180252(201409180252)
334,339
722,205
2,066,039
164,109
222,213
103,964

201409180253(201409180253)
334,345
722,205
2,066,039
164,170
222,213
104,058

201409180254(201409180254)
334,413
722,205
2,066,039
164,196
222,213
104,111

201409180255(201409180255)
334,713
722,205
2,066,039
164,360
222,213
104,189

201409180256(201409180256)
335,035
723,340
2,084,096
164,452
222,213
104,320

201409180257(201409180257)
335,555
723,340
2,104,157
164,452
222,213
104,546

201409180259(201409180259)
335,776
723,953
2,117,062
164,552
222,324
104,601

201409180300(201409180300)
335,776
724,496
2,117,062
164,552
222,324
104,629

201409180301(201409180301)
335,776
727,695
2,117,062
164,703
222,324
104,639

201409180302(201409180302)
335,776
727,695
2,117,062
164,703
222,468
104,639

201409180303(201409180303)
335,776
727,695
2,117,062
164,747
222,635
104,654

201409180304(201409180304)
335,776
727,695
2,117,062
164,747
222,635
104,733

201409180305(201409180305)
335,776
727,695
2,117,062
164,774
222,635
104,733

201409180306(201409180306)
335,776
729,062
2,117,062
164,876
222,670
104,838

201409180307(201409180307)
335,776
729,062
2,117,062
164,876
222,686
104,887

201409180309(201409180309)
336,217
731,452
2,120,443
164,878
222,848
104,969

201409180310(201409180310)
336,217
731,452
2,120,443
164,894
222,848
105,045

201409180311(201409180311)
336,217
731,452
2,120,443
164,920
222,848
105,096

201409180312(201409180312)
336,217
731,452
2,120,443
165,153
222,866
105,159

201409180313(201409180313)
336,217
732,186
2,120,443
165,243
222,963
105,163

201409180314(201409180314)
336,217
732,186
2,123,995
165,361
222,963
105,216

201409180315(201409180315)
336,416
732,186
2,123,995
165,451
222,963
105,283

201409180316(201409180316)
336,416
733,387
2,132,093
165,456
222,963
105,300

201409180317(201409180317)
336,416
735,332
2,141,560
165,546
222,963
105,321

201409180319(201409180319)
336,636
735,332
2,157,479
165,577
223,282
105,444

201409180320(201409180320)
336,636
735,332
2,157,566
165,607
223,321
105,533

201409180321(201409180321)
337,501
735,332
2,157,566
165,742
223,321
105,543

201409180322(201409180322)
338,393
735,332
2,158,548
165,742
223,321
105,617

201409180323(201409180323)
338,712
736,565
2,170,986
165,782
223,321
105,617

201409180324(201409180324)
338,712
736,565
2,170,986
165,906
223,321
105,677

201409180325(201409180325)
338,712
736,565
2,174,972
165,906
223,321
105,709

201409180326(201409180326)
338,735
736,565
2,181,016
165,994
223,565
105,728

201409180327(201409180327)
338,735
736,565
2,181,016
166,066
223,565
105,740

201409180329(201409180329)
338,832
736,953
2,181,016
166,096
223,848
105,750

201409180330(201409180330)
338,832
736,953
2,181,016
166,096
223,982
105,857

201409180331(201409180331)
338,980
738,939
2,184,826
166,132
223,982
105,875

201409180332(201409180332)
339,215
739,062
2,188,025
166,160
223,982
105,896

201409180333(201409180333)
339,215
740,936
2,188,025
166,160
223,982
105,926

201409180334(201409180334)
339,215
740,936
2,188,025
166,164
223,982
106,022

201409180335(201409180335)
339,215
740,936
2,188,025
166,170
223,982
106,040

201409180336(201409180336)
339,215
740,936
2,188,025
166,231
223,982
106,040

201409180337(201409180337)
340,016
740,936
2,188,025
166,298
223,982
106,040

201409180339(201409180339)
340,016
740,936
2,195,665
166,624
224,153
106,164

201409180340(201409180340)
340,016
740,936
2,195,665
166,632
224,381
106,186

201409180341(201409180341)
340,016
742,889
2,195,665
166,632
224,686
106,186

201409180342(201409180342)
340,055
742,898
2,195,665
166,698
224,818
106,199

201409180343(201409180343)
340,546
743,259
2,197,394
166,698
224,818
106,199

201409180344(201409180344)
340,546
743,259
2,197,394
166,718
224,818
106,267

201409180345(201409180345)
340,546
743,259
2,197,394
166,718
224,819
106,357

201409180346(201409180346)
340,952
743,259
2,197,394
166,718
224,829
106,428

201409180347(201409180347)
340,952
743,259
2,197,394
166,718
224,829
106,472

201409180349(201409180349)
341,057
743,259
2,197,394
166,990
224,967
106,506

201409180350(201409180350)
341,057
743,259
2,197,394
166,990
225,022
106,560

201409180351(201409180351)
341,057
743,259
2,197,394
166,990
225,272
106,560

201409180352(201409180352)
341,388
743,259
2,197,394
167,003
225,338
106,560

201409180353(201409180353)
341,573
743,259
2,197,394
167,003
225,338
106,610

201409180354(201409180354)
341,573
743,418
2,197,394
167,003
225,393
106,625

201409180355(201409180355)
341,573
743,897
2,197,394
167,080
225,393
106,670

201409180356(201409180356)
341,573
745,518
2,197,394
167,091
225,557
106,675

201409180357(201409180357)
341,604
746,312
2,201,269
167,091
225,557
106,682

201409180359(201409180359)
342,217
746,312
2,215,760
167,262
225,557
106,804

201409180400(201409180400)
342,647
746,312
2,215,760
167,321
225,557
106,853

201409180401(201409180401)
342,647
746,312
2,215,760
167,321
225,642
106,866

201409180402(201409180402)
342,647
746,312
2,215,760
167,321
225,697
106,967

201409180403(201409180403)
342,647
746,312
2,215,760
167,321
225,697
106,967

201409180404(201409180404)
342,647
746,312
2,215,760
167,321
225,697
107,015

201409180405(201409180405)
343,022
746,312
2,218,484
167,321
225,738
107,029

201409180406(201409180406)
343,887
746,312
2,218,484
167,321
225,738
107,068

201409180407(201409180407)
343,985
746,312
2,218,484
167,373
225,738
107,255

201409180409(201409180409)
344,313
746,312
2,222,873
167,373
225,833
107,265

201409180410(201409180410)
344,313
746,312
2,223,155
167,373
225,833
107,353

201409180411(201409180411)
344,313
746,312
2,226,465
167,405
225,849
107,359

201409180412(201409180412)
344,313
746,312
2,226,465
167,405
225,849
107,406

201409180413(201409180413)
344,313
746,312
2,226,465
167,405
225,902
107,436

201409180414(201409180414)
344,313
746,312
2,226,465
167,405
226,058
107,436

201409180415(201409180415)
344,313
746,312
2,226,465
167,405
226,058
107,446

201409180416(201409180416)
344,313
746,312
2,226,465
167,513
226,180
107,446

201409180417(201409180417)
344,768
746,312
2,226,465
167,513
226,180
107,559

201409180419(201409180419)
344,791
747,728
2,226,465
167,604
226,335
107,629

201409180420(201409180420)
344,891
747,728
2,226,465
167,717
226,335
107,631

201409180421(201409180421)
344,891
747,728
2,226,465
167,796
226,335
107,666

201409180422(201409180422)
344,994
747,728
2,226,465
167,813
226,335
107,666

201409180423(201409180423)
345,598
747,728
2,226,465
167,997
226,335
107,688

201409180424(201409180424)
345,645
748,634
2,226,465
167,997
226,335
107,688

201409180425(201409180425)
345,919
749,436
2,226,465
167,997
226,335
107,707

201409180426(201409180426)
345,919
749,436
2,226,465
168,186
226,335
107,769

201409180427(201409180427)
345,919
749,436
2,229,009
168,186
226,495
107,782

201409180429(201409180429)
345,919
749,436
2,237,829
168,194
226,974
107,841

201409180430(201409180430)
345,919
752,841
2,239,802
168,194
226,974
107,873

201409180431(201409180431)
345,919
755,848
2,252,947
168,205
226,974
107,882

201409180432(201409180432)
345,919
755,848
2,265,499
168,330
226,974
107,882

201409180433(201409180433)
345,919
755,848
2,265,499
168,537
227,085
107,915

201409180434(201409180434)
345,919
755,848
2,265,499
168,579
227,085
107,970

201409180435(201409180435)
345,919
755,848
2,265,499
168,579
227,216
108,050

201409180436(201409180436)
345,919
755,848
2,268,728
168,579
227,219
108,059

201409180437(201409180437)
345,919
755,848
2,272,444
168,579
227,219
108,128

201409180439(201409180439)
345,919
755,848
2,283,327
168,746
227,219
108,128

201409180440(201409180440)
345,919
755,848
2,283,327
168,767
227,637
108,128

201409180441(201409180441)
345,919
755,848
2,290,802
168,872
227,637
108,128

201409180442(201409180442)
345,919
755,848
2,294,195
168,872
227,810
108,128

201409180443(201409180443)
345,919
755,848
2,294,195
168,872
227,810
108,134

201409180444(201409180444)
345,961
755,848
2,297,785
168,872
227,810
108,134

201409180445(201409180445)
345,976
755,848
2,301,526
168,982
227,810
108,141

201409180446(201409180446)
346,386
755,848
2,309,001
169,000
227,852
108,162

201409180447(201409180447)
346,386
755,848
2,312,740
169,093
227,868
108,291

201409180449(201409180449)
346,386
757,017
2,314,865
169,168
227,868
108,301

201409180450(201409180450)
346,386
757,017
2,314,865
169,168
227,868
108,301

201409180451(201409180451)
346,415
757,249
2,318,979
169,168
227,868
108,312

201409180452(201409180452)
346,415
757,249
2,319,199
169,191
227,868
108,312

201409180453(201409180453)
346,415
757,249
2,319,199
169,191
227,868
108,325

201409180454(201409180454)
346,415
757,249
2,319,199
169,282
227,868
108,348

201409180455(201409180455)
347,115
757,249
2,319,199
169,282
227,868
108,397

201409180456(201409180456)
347,115
757,249
2,319,199
169,282
227,868
108,556

201409180457(201409180457)
347,115
757,249
2,319,199
169,282
227,868
108,556

201409180459(201409180459)
347,404
757,249
2,319,199
169,428
227,894
108,620

201409180500(201409180500)
347,404
757,249
2,319,199
169,428
227,894
108,623

201409180501(201409180501)
347,404
757,249
2,319,199
169,428
228,048
108,625

201409180502(201409180502)
347,923
759,215
2,319,199
169,428
228,048
108,701

201409180503(201409180503)
347,923
761,687
2,319,199
169,626
228,048
108,719

201409180504(201409180504)
347,923
761,687
2,319,199
169,695
228,167
108,755

201409180505(201409180505)
347,923
761,687
2,319,199
169,695
228,167
108,783

201409180506(201409180506)
347,977
761,687
2,319,199
169,695
228,167
108,783

201409180507(201409180507)
348,791
761,687
2,324,127
169,855
228,366
108,799

201409180509(201409180509)
348,791
761,687
2,330,478
170,055
228,423
108,834

201409180510(201409180510)
348,791
761,687
2,330,478
170,063
228,423
108,834

201409180511(201409180511)
348,791
761,687
2,330,478
170,069
228,423
108,834

201409180512(201409180512)
348,791
761,687
2,330,478
170,069
228,433
108,842

201409180513(201409180513)
348,791
761,687
2,330,478
170,069
228,499
108,842

201409180514(201409180514)
348,791
761,687
2,330,478
170,137
228,499
108,849

201409180515(201409180515)
348,791
761,687
2,335,859
170,162
228,499
108,917

201409180516(201409180516)
348,791
761,687
2,335,859
170,162
228,631
108,925

201409180517(201409180517)
348,791
761,687
2,335,859
170,162
228,741
108,939

201409180519(201409180519)
348,791
761,687
2,335,859
170,245
228,741
109,035

201409180520(201409180520)
348,791
761,687
2,335,859
170,245
228,847
109,035

201409180521(201409180521)
348,791
761,687
2,337,889
170,281
228,847
109,035

201409180522(201409180522)
348,791
762,963
2,340,380
170,281
228,847
109,045

201409180523(201409180523)
348,802
763,265
2,360,070
170,301
228,847
109,049

201409180524(201409180524)
349,869
763,265
2,360,070
170,301
228,885
109,068

201409180525(201409180525)
349,869
763,265
2,360,070
170,323
228,885
109,089

201409180526(201409180526)
349,869
763,627
2,360,070
170,337
228,968
109,089

201409180527(201409180527)
349,869
763,627
2,360,070
170,337
228,968
109,094

201409180529(201409180529)
349,869
763,627
2,360,070
170,389
228,968
109,142

201409180530(201409180530)
349,869
763,627
2,367,368
170,389
228,968
109,171

201409180531(201409180531)
349,869
763,627
2,367,860
170,709
228,968
109,283

201409180532(201409180532)
349,869
763,627
2,367,860
170,709
228,968
109,323

201409180533(201409180533)
349,869
763,627
2,375,381
170,811
228,968
109,333

201409180534(201409180534)
350,525
763,627
2,375,381
170,811
229,266
109,380

201409180535(201409180535)
350,525
763,627
2,375,381
170,822
229,266
109,380

201409180536(201409180536)
350,525
763,627
2,375,381
170,844
229,673
109,380

201409180537(201409180537)
350,525
763,627
2,375,381
170,885
229,673
109,404

201409180539(201409180539)
350,525
763,627
2,375,381
171,027
229,673
109,438

201409180540(201409180540)
350,525
763,627
2,375,381
171,032
229,673
109,438

201409180541(201409180541)
350,525
765,853
2,375,381
171,032
229,791
109,462

201409180542(201409180542)
350,525
765,853
2,375,381
171,185
229,791
109,462

201409180543(201409180543)
350,525
765,853
2,375,381
171,185
229,993
109,471

201409180544(201409180544)
350,588
767,146
2,375,381
171,209
229,993
109,477

201409180545(201409180545)
350,588
767,146
2,375,381
171,241
230,045
109,477

201409180546(201409180546)
350,588
767,146
2,375,381
171,241
230,045
109,477

201409180547(201409180547)
350,588
767,146
2,375,381
171,241
230,045
109,493

201409180549(201409180549)
350,588
767,229
2,375,381
171,241
230,045
109,603

201409180550(201409180550)
350,588
767,229
2,375,381
171,257
230,045
109,603

201409180551(201409180551)
350,588
767,229
2,375,381
171,257
230,045
109,609

201409180552(201409180552)
350,588
767,229
2,375,381
171,305
230,045
109,609

201409180553(201409180553)
350,588
767,229
2,375,381
171,305
230,045
109,624

201409180554(201409180554)
350,659
767,229
2,375,381
171,305
230,227
109,648

201409180555(201409180555)
350,659
767,229
2,375,381
171,305
230,227
109,650

201409180556(201409180556)
350,710
767,229
2,375,381
171,305
230,263
109,709

201409180557(201409180557)
350,710
767,229
2,375,381
171,305
230,299
109,739

201409180559(201409180559)
350,710
769,107
2,375,381
171,364
230,299
109,765

201409180600(201409180600)
350,825
769,395
2,375,381
171,364
230,299
109,766

201409180601(201409180601)
350,828
769,395
2,375,381
171,422
230,299
109,766

201409180602(201409180602)
350,828
769,395
2,375,381
171,460
230,463
109,864

201409180603(201409180603)
351,499
769,395
2,375,381
171,604
230,463
109,893

201409180604(201409180604)
351,499
769,395
2,375,381
171,604
230,463
109,893

201409180605(201409180605)
351,499
769,395
2,375,381
171,638
230,470
109,896

201409180606(201409180606)
351,499
772,412
2,375,381
171,699
230,484
109,918

201409180607(201409180607)
351,499
772,412
2,375,381
171,699
230,527
109,960

201409180609(201409180609)
351,499
772,589
2,375,381
171,715
230,649
110,025

201409180610(201409180610)
352,829
772,589
2,375,381
171,757
230,649
110,025

201409180611(201409180611)
353,022
772,589
2,375,381
171,757
230,649
110,025

201409180612(201409180612)
353,352
772,589
2,375,381
171,887
230,665
110,025

201409180613(201409180613)
353,372
772,589
2,375,381
171,887
230,735
110,091

201409180614(201409180614)
353,372
772,589
2,375,381
171,887
230,762
110,109

201409180615(201409180615)
353,372
772,636
2,375,381
171,901
230,770
110,166

201409180616(201409180616)
353,372
772,636
2,375,381
171,901
230,770
110,183

201409180617(201409180617)
353,372
772,636
2,375,381
171,901
230,770
110,211

201409180619(201409180619)
353,372
772,636
2,375,381
171,938
230,990
110,267

201409180620(201409180620)
353,372
772,636
2,375,381
171,938
230,990
110,267

201409180621(201409180621)
353,372
772,636
2,375,381
172,121
230,990
110,322

201409180622(201409180622)
353,372
772,636
2,375,381
172,162
231,121
110,339

201409180623(201409180623)
353,372
772,636
2,382,765
172,162
231,305
110,433

201409180624(201409180624)
353,372
773,493
2,385,546
172,162
231,347
110,542

201409180625(201409180625)
353,372
773,493
2,385,546
172,222
231,481
110,620

201409180626(201409180626)
353,372
773,493
2,385,546
172,262
231,481
110,620

201409180627(201409180627)
353,372
773,493
2,385,546
172,361
231,492
110,620

201409180629(201409180629)
353,405
773,493
2,385,546
172,477
231,595
110,774

201409180630(201409180630)
353,487
773,493
2,385,546
172,520
231,595
110,811

201409180631(201409180631)
353,487
773,493
2,385,546
172,647
231,595
110,821

201409180632(201409180632)
353,627
773,493
2,385,546
172,707
231,595
110,858

201409180633(201409180633)
353,945
773,493
2,385,546
172,707
231,595
110,880

201409180634(201409180634)
353,945
773,493
2,394,285
172,707
231,664
110,895

201409180635(201409180635)
353,945
773,493
2,410,017
172,775
231,664
110,920

201409180636(201409180636)
353,945
774,178
2,411,977
172,786
231,664
110,928

201409180637(201409180637)
353,945
777,572
2,411,977
172,893
232,029
111,004

201409180639(201409180639)
355,094
777,572
2,411,977
172,949
232,029
111,024

201409180640(201409180640)
355,556
777,572
2,411,977
172,949
232,366
111,050

201409180641(201409180641)
355,556
777,572
2,411,977
172,949
232,397
111,065

201409180642(201409180642)
355,556
777,572
2,411,977
172,949
232,397
111,240

201409180643(201409180643)
355,556
777,572
2,411,977
173,022
232,435
111,248

201409180644(201409180644)
355,860
777,572
2,411,977
173,022
232,526
111,388

201409180645(201409180645)
355,860
777,572
2,411,977
173,089
232,526
111,411

201409180646(201409180646)
355,860
777,572
2,411,977
173,180
232,653
111,470

201409180647(201409180647)
355,860
777,572
2,411,977
173,237
232,676
111,509

201409180649(201409180649)
355,860
777,572
2,411,977
173,241
232,688
111,553

201409180650(201409180650)
355,860
777,572
2,411,977
173,272
232,688
111,561

201409180651(201409180651)
356,509
777,832
2,411,977
173,376
232,688
111,571

201409180652(201409180652)
356,509
777,832
2,411,977
173,376
232,798
111,595

201409180653(201409180653)
356,509
777,832
2,411,977
173,385
232,798
111,595

201409180654(201409180654)
356,509
777,832
2,411,977
173,410
232,798
111,696

201409180655(201409180655)
356,646
777,832
2,411,977
173,597
233,090
111,730

201409180656(201409180656)
356,730
777,832
2,411,977
173,685
233,483
111,754

201409180657(201409180657)
356,730
778,624
2,411,977
173,985
233,483
111,858

201409180659(201409180659)
356,948
778,624
2,411,977
174,212
233,773
111,912

201409180700(201409180700)
356,948
778,954
2,411,977
174,233
233,773
112,022

201409180701(201409180701)
356,948
778,954
2,411,977
174,269
233,773
112,024

201409180702(201409180702)
357,325
778,954
2,411,977
174,292
233,942
112,064

201409180703(201409180703)
357,325
779,973
2,411,977
174,292
234,178
112,129

201409180704(201409180704)
357,326
779,973
2,411,977
174,292
234,178
112,149

201409180705(201409180705)
357,341
779,973
2,411,977
174,326
234,323
112,232

201409180706(201409180706)
357,341
780,134
2,411,977
174,488
234,394
112,285

201409180707(201409180707)
357,341
780,134
2,411,977
174,488
234,394
112,341

201409180709(201409180709)
357,574
780,134
2,411,977
174,571
234,394
112,341

201409180710(201409180710)
357,574
780,134
2,411,977
174,571
234,394
112,387

201409180711(201409180711)
357,574
780,134
2,411,977
174,899
234,406
112,402

201409180712(201409180712)
357,574
780,134
2,411,977
174,899
234,618
112,572

201409180713(201409180713)
357,574
784,003
2,411,977
174,899
234,618
112,659

201409180714(201409180714)
357,574
784,003
2,411,977
174,899
234,649
112,665

201409180715(201409180715)
358,505
784,003
2,411,977
174,918
234,765
112,720

201409180716(201409180716)
358,516
784,003
2,411,977
175,116
234,765
112,770

201409180717(201409180717)
358,690
784,003
2,411,977
175,121
234,765
112,848

201409180719(201409180719)
358,690
784,003
2,411,977
175,327
234,775
112,938

201409180720(201409180720)
358,690
784,003
2,411,977
175,327
234,837
112,994

201409180721(201409180721)
358,732
784,003
2,411,977
175,333
234,853
113,144

201409180722(201409180722)
358,858
784,003
2,411,977
175,370
234,898
113,201

201409180723(201409180723)
358,858
784,263
2,411,977
175,446
234,898
113,348

201409180724(201409180724)
358,858
784,675
2,411,977
175,451
235,015
113,473

201409180725(201409180725)
358,879
784,675
2,411,977
175,518
235,133
113,502

201409180726(201409180726)
358,879
784,675
2,411,977
175,604
235,212
113,531

201409180727(201409180727)
358,879
784,675
2,411,977
175,714
235,232
113,583

201409180729(201409180729)
359,090
784,675
2,411,977
176,039
235,260
113,698

201409180730(201409180730)
359,090
784,675
2,411,977
176,057
235,260
113,714

201409180731(201409180731)
359,246
784,675
2,411,977
176,057
235,374
113,808

201409180732(201409180732)
359,246
784,675
2,411,977
176,130
235,383
113,832

201409180733(201409180733)
359,246
784,675
2,411,977
176,160
235,507
113,841

201409180734(201409180734)
359,246
784,675
2,411,977
176,212
235,591
113,878

201409180735(201409180735)
359,246
784,675
2,411,977
176,303
235,651
114,001

201409180736(201409180736)
359,246
784,811
2,411,977
176,303
235,651
114,074

201409180737(201409180737)
359,246
784,811
2,411,977
176,303
235,764
114,219

201409180739(201409180739)
359,246
784,811
2,411,977
176,319
236,065
114,334

201409180740(201409180740)
359,246
784,811
2,411,977
176,319
236,065
114,482

201409180741(201409180741)
359,246
786,378
2,411,977
176,351
236,065
114,484

201409180742(201409180742)
359,260
786,378
2,411,977
176,404
236,140
114,523

201409180743(201409180743)
359,260
786,378
2,414,287
176,404
236,212
114,568

201409180744(201409180744)
359,260
786,378
2,417,996
176,432
236,212
114,695

201409180745(201409180745)
359,260
786,378
2,418,309
176,432
236,340
114,708

201409180746(201409180746)
359,260
788,027
2,418,309
176,543
236,340
114,762

201409180747(201409180747)
359,260
788,027
2,418,927
176,543
236,367
114,824

201409180749(201409180749)
359,729
788,027
2,419,744
176,580
236,534
115,058

201409180750(201409180750)
359,729
788,027
2,420,675
176,580
236,534
115,061

201409180751(201409180751)
359,729
794,211
2,421,552
176,618
236,538
115,121

201409180752(201409180752)
361,375
794,211
2,422,177
176,834
236,538
115,269

201409180753(201409180753)
361,375
794,211
2,422,177
176,893
236,689
115,287

201409180754(201409180754)
361,392
794,211
2,422,177
176,893
236,810
115,440

201409180755(201409180755)
361,392
794,211
2,422,177
176,893
236,810
115,458

201409180756(201409180756)
361,392
794,211
2,422,177
177,031
236,843
115,471

201409180757(201409180757)
361,392
794,211
2,422,177
177,206
236,843
115,681

201409180759(201409180759)
361,911
795,272
2,432,820
177,257
236,948
115,805

201409180800(201409180800)
362,187
795,438
2,432,820
177,429
236,954
115,889

201409180801(201409180801)
362,187
795,438
2,432,820
177,561
236,960
115,948

201409180802(201409180802)
362,253
795,438
2,432,820
177,579
236,960
115,988

201409180803(201409180803)
362,253
795,438
2,432,820
177,579
237,052
116,072

201409180804(201409180804)
362,253
795,438
2,432,820
177,626
237,090
116,132

201409180805(201409180805)
362,253
795,438
2,432,820
177,716
237,151
116,176

201409180806(201409180806)
362,253
795,438
2,432,820
177,856
237,151
116,245

201409180807(201409180807)
362,253
795,438
2,432,820
177,867
237,151
116,271

201409180809(201409180809)
362,253
795,438
2,432,820
177,872
237,174
116,338

201409180810(201409180810)
362,253
795,438
2,432,820
177,891
237,174
116,359

201409180811(201409180811)
362,253
795,438
2,432,820
178,318
237,259
116,514

201409180812(201409180812)
362,253
795,438
2,432,820
178,399
237,259
116,525

201409180813(201409180813)
362,253
795,438
2,432,820
178,399
237,259
116,644

201409180814(201409180814)
362,345
795,438
2,432,820
178,608
237,398
116,707

201409180815(201409180815)
362,345
795,715
2,432,820
178,739
237,398
116,810

201409180816(201409180816)
362,345
795,715
2,432,820
178,910
237,398
116,866

201409180817(201409180817)
362,345
796,445
2,432,820
178,910
237,398
116,872

201409180819(201409180819)
362,345
798,973
2,432,820
178,966
237,470
116,899

201409180820(201409180820)
362,345
798,973
2,432,820
179,013
237,512
116,940

201409180821(201409180821)
362,345
798,973
2,432,820
179,013
237,525
116,989

201409180822(201409180822)
362,345
799,793
2,432,820
179,013
237,525
117,009

201409180823(201409180823)
362,345
799,793
2,432,820
179,133
237,525
117,015

201409180824(201409180824)
362,345
802,219
2,432,820
179,200
237,525
117,027

201409180825(201409180825)
362,709
802,219
2,432,820
179,234
237,568
117,155

201409180826(201409180826)
362,709
802,219
2,432,820
179,378
237,732
117,211

201409180827(201409180827)
362,985
802,219
2,432,820
179,378
237,732
117,323

201409180829(201409180829)
362,985
802,219
2,432,820
179,547
238,005
117,378

201409180830(201409180830)
362,985
802,219
2,432,820
179,547
238,005
117,440

201409180831(201409180831)
362,999
802,219
2,432,820
179,568
238,021
117,537

201409180832(201409180832)
363,017
802,219
2,432,820
179,966
238,192
117,537

201409180833(201409180833)
363,254
802,219
2,432,820
180,011
238,192
117,576

201409180834(201409180834)
363,254
802,219
2,432,820
180,194
238,443
117,633

201409180835(201409180835)
363,254
802,219
2,432,820
180,194
238,443
117,736

201409180836(201409180836)
363,254
802,219
2,432,820
180,303
238,443
117,808

201409180837(201409180837)
363,254
802,219
2,432,820
180,438
238,559
117,834

201409180839(201409180839)
363,254
802,219
2,432,820
180,867
238,597
118,030

201409180840(201409180840)
363,254
802,385
2,432,820
180,867
238,782
118,075

201409180841(201409180841)
363,254
802,385
2,432,820
180,891
238,890
118,075

201409180842(201409180842)
363,359
802,385
2,457,384
181,016
238,890
118,075

201409180843(201409180843)
363,359
802,385
2,462,199
181,096
238,900
118,175

201409180844(201409180844)
364,006
802,385
2,462,199
181,339
238,900
118,258

201409180845(201409180845)
364,006
802,385
2,462,199
181,339
238,993
118,282

201409180846(201409180846)
364,040
802,385
2,462,199
181,339
238,993
118,282

201409180847(201409180847)
364,040
802,385
2,462,199
181,400
238,993
118,437

201409180849(201409180849)
364,040
802,385
2,462,199
181,618
238,993
118,542

201409180850(201409180850)
364,109
802,385
2,462,199
181,691
238,993
118,542

201409180851(201409180851)
364,315
802,385
2,462,199
181,691
239,123
118,600

201409180852(201409180852)
364,315
802,385
2,462,199
181,691
239,255
118,657

201409180853(201409180853)
364,315
802,385
2,462,199
181,691
239,255
118,664

201409180854(201409180854)
364,315
802,385
2,462,199
181,772
239,312
118,753

201409180855(201409180855)
364,315
802,385
2,462,199
181,782
239,312
118,836

201409180856(201409180856)
364,315
802,385
2,462,199
181,783
239,312
118,836

201409180857(201409180857)
364,315
802,385
2,462,199
181,783
239,312
118,853

201409180859(201409180859)
364,856
804,280
2,462,199
181,997
239,469
118,901

201409180900(201409180900)
365,089
804,280
2,462,199
182,028
239,532
119,052

201409180901(201409180901)
365,089
804,280
2,462,199
182,068
239,608
119,063

201409180902(201409180902)
365,110
804,280
2,462,199
182,082
239,674
119,116

201409180903(201409180903)
365,110
804,280
2,462,199
182,105
239,676
119,193

201409180904(201409180904)
365,110
804,280
2,462,199
182,117
239,788
119,280

201409180905(201409180905)
365,150
807,299
2,462,199
182,120
239,788
119,291

201409180906(201409180906)
365,150
807,299
2,462,199
182,127
239,788
119,381

201409180907(201409180907)
365,515
807,299
2,462,199
182,182
239,788
119,468

201409180909(201409180909)
365,803
807,299
2,462,199
182,184
239,788
119,490

201409180910(201409180910)
366,107
807,299
2,462,199
182,196
239,805
119,496

201409180911(201409180911)
366,107
807,299
2,462,199
182,197
239,805
119,523

201409180912(201409180912)
366,107
807,299
2,462,199
182,535
240,062
119,548

201409180913(201409180913)
366,217
807,299
2,462,199
182,623
240,062
119,548

201409180914(201409180914)
366,277
807,299
2,462,199
182,740
240,062
119,626

201409180915(201409180915)
366,277
807,299
2,462,199
182,740
240,066
119,654

201409180916(201409180916)
366,277
807,808
2,462,199
182,740
240,247
119,674

201409180917(201409180917)
366,289
808,518
2,462,199
182,819
240,320
119,742

201409180919(201409180919)
366,289
811,570
2,462,199
182,939
240,320
119,752

201409180920(201409180920)
366,310
811,570
2,462,199
183,111
240,746
119,778

201409180921(201409180921)
366,555
811,570
2,462,199
183,111
240,746
119,778

201409180922(201409180922)
366,555
813,185
2,462,199
183,157
240,909
120,024

201409180923(201409180923)
366,555
813,185
2,462,199
183,216
240,909
120,046

201409180924(201409180924)
366,555
813,185
2,462,199
183,724
240,956
120,046

201409180925(201409180925)
366,555
813,185
2,462,199
183,724
241,179
120,084

201409180926(201409180926)
366,555
813,185
2,462,199
183,724
241,179
120,111

201409180927(201409180927)
366,713
813,185
2,462,199
183,785
241,233
120,186

201409180929(201409180929)
366,713
813,185
2,462,199
183,785
241,435
120,227

201409180930(201409180930)
366,713
813,185
2,462,199
183,820
241,589
120,229

201409180931(201409180931)
367,268
813,185
2,462,199
183,856
241,589
120,259

201409180932(201409180932)
367,268
813,185
2,462,199
183,856
241,637
120,348

201409180933(201409180933)
367,291
813,185
2,462,199
183,856
241,637
120,366

201409180934(201409180934)
367,329
813,185
2,462,199
183,878
241,637
120,366

201409180935(201409180935)
367,329
813,185
2,462,199
183,958
241,637
120,370

201409180936(201409180936)
367,354
813,185
2,462,199
184,055
241,637
120,450

201409180937(201409180937)
367,354
813,185
2,462,199
184,283
241,637
120,471

201409180939(201409180939)
367,354
813,185
2,462,199
184,289
241,637
120,570

201409180940(201409180940)
367,354
813,185
2,462,199
184,408
241,637
120,595

201409180941(201409180941)
367,354
813,185
2,462,199
184,478
241,637
120,595

201409180942(201409180942)
367,354
813,185
2,462,199
184,546
241,637
120,714

201409180943(201409180943)
367,535
814,323
2,462,199
184,546
241,753
120,768

201409180944(201409180944)
367,535
815,739
2,462,199
184,548
241,753
120,768

201409180945(201409180945)
367,535
815,739
2,462,199
184,548
241,753
120,828

201409180946(201409180946)
367,535
815,739
2,462,199
184,548
241,764
120,861

201409180947(201409180947)
367,535
815,739
2,462,199
184,548
241,764
120,918

201409180949(201409180949)
368,358
815,739
2,462,199
184,746
241,857
121,134

201409180950(201409180950)
368,358
815,739
2,462,199
184,811
241,886
121,212

201409180951(201409180951)
368,401
815,739
2,462,199
184,964
241,943
121,212

201409180952(201409180952)
368,692
815,739
2,462,199
185,096
242,006
121,236

201409180953(201409180953)
368,692
815,739
2,462,199
185,096
242,006
121,236

201409180954(201409180954)
368,692
815,739
2,462,199
185,123
242,010
121,236

201409180953(201409180953)
368,692
815,739
2,462,199
185,123
242,010
121,254

201409180954(201409180954)
368,692
815,739
2,462,199
185,123
242,161
121,254

201409180955(201409180955)
368,692
815,739
2,462,199
185,123
242,161
121,254

201409180956(201409180956)
368,692
815,739
2,462,199
185,146
242,161
121,285

201409180957(201409180957)
368,692
815,739
2,462,199
185,147
242,161
121,300

201409180958(201409180958)
368,881
818,035
2,462,199
185,300
242,161
121,325

201409180959(201409180959)
368,881
818,710
2,462,199
185,400
242,196
121,332

201409181000(201409181000)
368,881
818,710
2,462,199
185,409
242,256
121,359

201409181001(201409181001)
368,881
818,710
2,462,199
185,495
242,552
121,499

201409181002(201409181002)
368,881
818,710
2,462,199
185,495
242,556
121,557

201409181003(201409181003)
368,881
818,710
2,462,199
185,495
242,565
121,570

201409181004(201409181004)
368,881
818,710
2,462,199
185,614
242,672
121,571

201409181005(201409181005)
369,339
818,710
2,462,199
185,614
242,825
121,638

201409181006(201409181006)
369,677
818,710
2,462,199
185,684
242,862
121,777

201409181007(201409181007)
369,756
818,710
2,462,199
185,684
242,862
121,803

201409181009(201409181009)
369,756
818,710
2,462,199
185,695
243,031
121,998

201409181010(201409181010)
369,756
818,710
2,462,199
185,802
243,031
122,155

201409181011(201409181011)
369,756
819,765
2,462,199
185,828
243,080
122,174

201409181012(201409181012)
369,756
819,765
2,462,199
185,932
243,080
122,174

201409181013(201409181013)
369,756
821,349
2,462,199
186,066
243,137
122,226

201409181014(201409181014)
369,756
821,349
2,462,199
186,076
243,201
122,249

201409181015(201409181015)
369,756
821,531
2,462,199
186,127
243,228
122,298

201409181016(201409181016)
369,756
821,531
2,462,199
186,217
243,228
122,299

201409181017(201409181017)
369,974
821,531
2,462,199
186,292
243,237
122,299

201409181019(201409181019)
370,052
821,531
2,462,199
186,394
243,303
122,454

201409181020(201409181020)
370,052
821,531
2,462,199
186,437
243,394
122,509

201409181021(201409181021)
370,052
821,531
2,462,199
186,506
243,496
122,527

201409181022(201409181022)
370,052
821,531
2,462,199
186,506
243,527
122,560

201409181023(201409181023)
370,052
821,531
2,462,199
186,596
243,527
122,560

201409181024(201409181024)
370,052
821,531
2,462,199
186,648
243,592
122,623

201409181025(201409181025)
370,080
822,663
2,462,199
186,649
243,838
122,634

201409181026(201409181026)
370,080
824,901
2,462,199
186,649
244,052
122,638

201409181027(201409181027)
370,080
824,901
2,462,199
186,697
244,106
122,668

201409181029(201409181029)
370,080
826,583
2,462,199
186,859
244,279
122,768

201409181030(201409181030)
370,080
826,583
2,462,199
186,873
244,279
122,826

201409181031(201409181031)
370,080
826,583
2,462,199
186,891
244,838
122,845

201409181032(201409181032)
370,080
826,583
2,462,199
186,946
244,935
122,863

201409181033(201409181033)
370,080
826,583
2,462,199
187,009
245,141
122,919

201409181034(201409181034)
370,080
826,583
2,462,199
187,036
245,141
123,106

201409181035(201409181035)
370,080
826,583
2,462,199
187,095
245,228
123,287

201409181036(201409181036)
370,080
826,583
2,462,199
187,095
245,228
123,287

201409181037(201409181037)
370,080
826,583
2,462,199
187,153
245,228
123,290

201409181039(201409181039)
370,394
826,583
2,462,199
187,153
245,228
123,441

201409181040(201409181040)
370,394
826,583
2,462,199
187,203
245,489
123,466

201409181041(201409181041)
370,635
826,583
2,462,199
187,203
245,489
123,466

201409181042(201409181042)
371,402
826,583
2,462,199
187,245
245,498
123,530

201409181043(201409181043)
371,402
826,583
2,462,199
187,245
245,498
123,571

201409181044(201409181044)
371,402
826,583
2,462,199
187,245
245,890
123,605

201409181045(201409181045)
371,402
829,767
2,462,199
187,290
245,890
123,787

201409181046(201409181046)
371,402
829,767
2,462,199
187,290
245,890
123,861

201409181047(201409181047)
372,638
829,767
2,462,199
187,328
245,921
123,951

201409181049(201409181049)
372,638
829,767
2,462,199
187,372
245,977
123,980

201409181050(201409181050)
372,638
829,767
2,462,199
187,379
246,226
124,056

201409181051(201409181051)
372,638
829,767
2,462,199
187,471
246,341
124,056

201409181052(201409181052)
372,638
829,767
2,462,199
187,516
246,652
124,168

201409181052(201409181052)
372,638
829,767
2,462,199
187,548
246,716
124,168

201409181053(201409181053)
372,638
829,767
2,462,199
187,548
246,716
124,270

201409181053(201409181053)
372,638
829,767
2,462,199
187,548
246,716
124,394

201409181054(201409181054)
372,638
829,767
2,462,199
187,550
246,716
124,394

201409181055(201409181055)
372,638
829,767
2,462,199
187,550
246,716
124,394

201409181056(201409181056)
372,638
829,767
2,462,199
187,771
246,922
124,403

201409181057(201409181057)
372,814
829,767
2,462,199
187,927
246,922
124,437

201409181058(201409181058)
372,934
829,767
2,462,199
187,927
246,958
124,448

201409181059(201409181059)
372,934
829,767
2,462,199
187,927
247,108
124,537

201409181100(201409181100)
373,981
829,767
2,462,199
188,012
247,108
124,597

201409181101(201409181101)
373,981
829,767
2,462,199
188,027
247,108
124,602

201409181102(201409181102)
373,981
829,987
2,462,199
188,027
247,233
124,740

201409181103(201409181103)
373,981
829,987
2,462,199
188,081
247,587
124,827

201409181104(201409181104)
373,981
829,987
2,462,199
188,081
247,587
124,946

201409181105(201409181105)
373,981
829,987
2,462,199
188,147
247,587
125,006

201409181106(201409181106)
373,981
829,987
2,462,199
188,147
247,811
125,055

201409181107(201409181107)
373,981
829,987
2,462,199
188,157
247,811
125,055

201409181109(201409181109)
373,981
830,356
2,462,199
188,224
247,911
125,076

201409181110(201409181110)
374,808
830,356
2,462,199
188,352
247,937
125,178

201409181111(201409181111)
375,099
830,356
2,462,199
188,367
247,937
125,260

201409181112(201409181112)
375,099
830,356
2,462,199
188,455
247,997
125,307

201409181113(201409181113)
375,403
830,356
2,462,199
188,455
247,997
125,405

201409181114(201409181114)
375,403
830,356
2,462,199
188,509
247,997
125,429

201409181115(201409181115)
375,403
830,356
2,462,199
188,519
247,997
125,431

201409181116(201409181116)
375,403
830,356
2,462,199
188,633
247,997
125,438

201409181117(201409181117)
375,403
830,356
2,462,199
188,633
248,022
125,440

201409181119(201409181119)
375,403
830,356
2,462,199
188,754
248,362
125,475

201409181120(201409181120)
375,403
830,356
2,462,199
188,811
248,362
125,514

201409181121(201409181121)
375,403
830,356
2,462,199
188,852
248,362
125,514

201409181122(201409181122)
375,403
830,356
2,462,199
188,852
248,362
125,531

201409181123(201409181123)
375,403
830,356
2,462,199
188,987
248,376
125,573

201409181124(201409181124)
375,403
830,463
2,462,199
189,132
248,376
125,581

201409181125(201409181125)
375,403
830,463
2,462,199
189,163
248,376
125,581

201409181126(201409181126)
375,403
830,463
2,467,086
189,182
248,376
125,662

201409181127(201409181127)
375,772
830,463
2,467,086
189,195
248,479
125,722

201409181129(201409181129)
376,205
830,463
2,467,086
189,266
248,490
125,769

201409181130(201409181130)
376,566
830,463
2,467,086
189,327
248,490
125,772

201409181131(201409181131)
376,572
830,463
2,467,086
189,335
248,490
125,788

201409181132(201409181132)
376,572
830,463
2,467,086
189,335
248,719
125,806

201409181133(201409181133)
377,450
830,463
2,467,086
189,385
248,719
125,806

201409181134(201409181134)
377,750
833,162
2,467,086
189,518
248,770
125,855

201409181135(201409181135)
377,750
833,814
2,467,086
189,518
248,770
125,872

201409181136(201409181136)
378,020
833,814
2,467,086
189,573
248,770
126,007

201409181137(201409181137)
378,020
833,814
2,467,086
189,573
249,073
126,117

201409181139(201409181139)
378,020
834,052
2,467,086
189,588
249,175
126,195

201409181140(201409181140)
378,020
834,052
2,467,086
189,588
249,332
126,265

201409181141(201409181141)
378,020
834,052
2,467,086
189,614
249,332
126,333

201409181142(201409181142)
378,294
834,052
2,467,086
189,729
249,460
126,333

201409181143(201409181143)
378,294
834,052
2,467,086
189,729
249,460
126,418

201409181144(201409181144)
378,437
834,052
2,467,086
189,767
249,536
126,437

201409181145(201409181145)
378,437
834,052
2,467,086
189,873
249,536
126,462

201409181146(201409181146)
378,840
834,052
2,467,086
189,901
249,669
126,506

201409181147(201409181147)
378,840
834,052
2,467,086
189,901
249,669
126,573

201409181149(201409181149)
379,395
834,052
2,467,086
190,046
249,741
126,663

201409181150(201409181150)
379,395
834,052
2,467,086
190,092
249,778
126,700

201409181151(201409181151)
379,395
834,052
2,467,086
190,223
249,778
126,776

201409181151(201409181151)
379,931
834,052
2,467,086
190,279
249,882
126,813

201409181152(201409181152)
380,930
834,052
2,467,086
190,279
250,228
126,813

201409181152(201409181152)
381,083
834,648
2,467,086
190,302
250,270
126,997

201409181153(201409181153)
381,083
834,648
2,467,086
190,302
250,270
127,053

201409181154(201409181154)
381,083
834,648
2,467,086
190,302
250,270
127,053

201409181155(201409181155)
381,135
834,648
2,467,086
190,323
250,318
127,070

201409181156(201409181156)
381,135
834,648
2,467,086
190,378
250,318
127,079

201409181157(201409181157)
381,135
834,648
2,467,086
190,443
250,318
127,085

201409181159(201409181159)
381,497
834,648
2,467,086
190,654
250,373
127,153

201409181200(201409181200)
381,515
834,648
2,467,086
190,686
250,476
127,192

201409181201(201409181201)
381,515
834,648
2,467,086
190,906
250,486
127,321

201409181202(201409181202)
381,515
834,648
2,467,086
191,037
250,486
127,324

201409181203(201409181203)
381,515
834,648
2,467,086
191,104
250,486
127,471

201409181204(201409181204)
381,515
834,648
2,467,086
191,104
250,534
127,481

201409181205(201409181205)
381,515
835,416
2,467,086
191,104
250,536
127,537

201409181206(201409181206)
381,570
835,416
2,467,086
191,244
250,536
127,638

201409181207(201409181207)
382,126
835,416
2,467,086
191,321
250,626
127,655

201409181209(201409181209)
382,629
835,416
2,467,086
191,469
250,626
127,757

201409181210(201409181210)
382,629
835,416
2,467,086
191,469
250,626
127,776

201409181211(201409181211)
382,629
835,416
2,467,086
191,476
250,638
127,776

201409181212(201409181212)
382,629
835,416
2,467,086
191,519
250,638
127,819

201409181213(201409181213)
382,629
835,416
2,467,086
191,632
250,638
127,891

201409181214(201409181214)
382,629
835,416
2,467,086
191,723
250,638
127,931

201409181215(201409181215)
382,629
835,986
2,467,086
191,821
250,676
128,011

201409181216(201409181216)
382,872
835,986
2,469,595
191,884
250,676
128,106

201409181217(201409181217)
382,872
835,986
2,469,595
191,889
250,676
128,170

201409181219(201409181219)
382,872
836,446
2,469,595
192,014
250,806
128,309

201409181220(201409181220)
382,872
836,446
2,469,595
192,149
250,809
128,348

201409181221(201409181221)
382,872
836,446
2,469,595
192,190
250,821
128,383

201409181222(201409181222)
382,993
836,446
2,470,270
192,199
250,825
128,462

201409181223(201409181223)
384,237
836,446
2,470,270
192,335
250,825
128,504

201409181224(201409181224)
384,237
836,446
2,470,270
192,347
251,303
128,504

201409181225(201409181225)
384,237
836,923
2,470,270
192,353
251,303
128,504

201409181226(201409181226)
384,584
836,923
2,470,270
192,432
251,303
128,511

201409181227(201409181227)
384,738
836,923
2,470,270
192,464
251,635
128,626

201409181229(201409181229)
385,801
836,923
2,470,270
192,783
251,766
128,727

201409181230(201409181230)
386,051
838,204
2,470,270
192,783
252,045
128,775

201409181231(201409181231)
386,051
838,204
2,470,270
192,783
252,045
128,775

201409181232(201409181232)
386,051
838,204
2,470,270
192,797
252,391
128,892

201409181233(201409181233)
386,051
838,204
2,470,270
192,849
252,391
128,947

201409181234(201409181234)
386,954
838,204
2,470,270
192,940
252,829
128,976

201409181235(201409181235)
387,606
838,204
2,470,270
193,045
253,058
129,102

201409181236(201409181236)
387,606
838,204
2,470,270
193,069
253,058
129,134

201409181237(201409181237)
387,606
838,204
2,470,270
193,123
253,058
129,170

201409181239(201409181239)
387,606
838,204
2,470,270
193,329
253,162
129,284

201409181240(201409181240)
387,606
838,204
2,470,270
193,473
253,481
129,342

201409181241(201409181241)
387,611
838,519
2,470,270
193,497
253,501
129,402

201409181242(201409181242)
387,651
838,519
2,470,270
193,574
253,611
129,452

201409181243(201409181243)
387,651
838,519
2,470,270
193,574
253,611
129,573

201409181244(201409181244)
387,651
838,519
2,470,270
193,592
253,611
129,584

201409181245(201409181245)
387,651
839,040
2,470,270
193,597
253,796
129,617

201409181246(201409181246)
387,740
839,040
2,470,270
193,597
253,803
129,639

201409181247(201409181247)
387,740
839,040
2,470,270
193,669
253,803
129,639

201409181249(201409181249)
387,740
841,127
2,470,270
193,772
253,956
129,804

201409181249(201409181249)
387,740
841,127
2,470,270
193,772
254,155
129,804

201409181250(201409181250)
388,227
841,127
2,470,270
193,858
254,350
129,822

201409181251(201409181251)
388,227
844,700
2,470,270
194,016
254,350
129,875

201409181252(201409181252)
388,227
844,700
2,470,270
194,047
254,350
129,910

201409181252(201409181252)
388,227
845,186
2,470,270
194,047
254,485
129,974

201409181253(201409181253)
388,396
847,539
2,470,270
194,095
254,508
130,043

201409181254(201409181254)
388,396
847,539
2,470,270
194,095
254,508
130,043

201409181255(201409181255)
388,396
847,539
2,470,270
194,122
255,054
130,064

201409181256(201409181256)
388,396
847,539
2,470,270
194,122
255,054
130,098

201409181257(201409181257)
388,396
847,539
2,470,270
194,190
255,054
130,167

201409181259(201409181259)
388,754
847,539
2,470,270
194,262
255,133
130,261

201409181300(201409181300)
389,059
847,539
2,470,270
194,378
255,133
130,416

201409181301(201409181301)
389,195
847,539
2,470,270
194,386
255,173
130,468

201409181302(201409181302)
389,195
847,539
2,470,270
194,435
255,229
130,481

201409181303(201409181303)
389,195
847,539
2,470,270
194,435
255,238
130,549

201409181304(201409181304)
389,222
847,539
2,470,270
194,557
255,429
130,549

201409181305(201409181305)
389,456
849,451
2,470,270
194,557
255,577
130,572

201409181306(201409181306)
389,456
849,451
2,470,270
194,649
255,577
130,608

201409181307(201409181307)
389,456
849,451
2,470,270
194,712
255,577
130,645

201409181309(201409181309)
389,692
849,451
2,470,270
194,802
255,647
130,707

201409181310(201409181310)
389,772
849,451
2,470,270
194,836
255,647
130,721

201409181311(201409181311)
389,772
849,451
2,470,270
194,866
255,647
130,742

201409181312(201409181312)
389,772
849,451
2,470,270
194,980
255,647
130,816

201409181313(201409181313)
389,772
849,451
2,470,270
195,055
255,702
130,816

201409181314(201409181314)
389,772
849,451
2,471,271
195,169
255,837
130,895

201409181315(201409181315)
389,772
849,451
2,471,271
195,245
255,837
130,952

201409181316(201409181316)
389,772
849,451
2,471,271
195,248
255,905
130,984

201409181317(201409181317)
390,289
849,835
2,471,271
195,259
255,905
130,984

201409181319(201409181319)
390,289
849,835
2,471,271
195,299
255,905
131,097

201409181320(201409181320)
390,289
849,835
2,471,271
195,399
255,905
131,190

201409181321(201409181321)
390,836
849,835
2,471,271
195,423
255,905
131,223

201409181322(201409181322)
390,836
849,835
2,471,271
195,423
255,905
131,238

201409181323(201409181323)
390,836
849,835
2,471,271
195,483
255,905
131,413

201409181324(201409181324)
390,836
849,835
2,471,271
195,571
255,905
131,413

201409181325(201409181325)
390,836
849,835
2,471,271
195,615
256,019
131,505

201409181326(201409181326)
390,836
849,835
2,471,271
195,615
256,019
131,526

201409181327(201409181327)
390,836
854,678
2,471,271
195,615
256,308
131,556

201409181329(201409181329)
390,836
854,678
2,471,271
195,670
256,308
131,588

201409181330(201409181330)
390,836
854,678
2,471,271
195,742
256,473
131,627

201409181331(201409181331)
390,836
854,678
2,471,271
195,927
256,575
131,627

201409181332(201409181332)
391,322
854,678
2,471,271
195,983
256,695
131,742

201409181333(201409181333)
391,322
854,678
2,475,101
196,031
256,695
131,788

201409181334(201409181334)
391,369
854,678
2,487,886
196,031
256,820
131,788

201409181335(201409181335)
391,369
854,678
2,487,886
196,213
256,820
131,875

201409181336(201409181336)
391,593
854,678
2,491,481
196,213
256,856
131,883

201409181337(201409181337)
391,593
854,678
2,491,481
196,223
256,856
131,883

201409181339(201409181339)
391,593
854,678
2,491,481
196,223
257,073
131,890

201409181340(201409181340)
391,713
854,678
2,491,481
196,223
257,097
131,966

201409181341(201409181341)
391,713
854,678
2,491,481
196,223
257,097
132,025

201409181342(201409181342)
392,296
854,678
2,491,481
196,223
257,097
132,064

201409181343(201409181343)
392,296
854,678
2,491,481
196,223
257,157
132,064

201409181344(201409181344)
392,296
854,678
2,491,481
196,223
257,157
132,076

201409181345(201409181345)
392,296
854,678
2,491,481
196,223
257,189
132,076

201409181346(201409181346)
392,310
854,678
2,491,481
196,223
257,280
132,084

201409181347(201409181347)
392,401
854,692
2,491,481
196,296
257,280
132,128

201409181348(201409181348)
392,563
854,692
2,491,481
196,358
257,280
132,212

201409181349(201409181349)
392,662
855,031
2,491,481
196,358
257,280
132,342

201409181350(201409181350)
392,716
855,031
2,491,481
196,358
257,280
132,401

201409181351(201409181351)
393,141
855,031
2,491,481
196,371
257,320
132,401

201409181352(201409181352)
393,141
855,031
2,491,481
196,371
257,425
132,404

201409181353(201409181353)
393,141
855,031
2,491,481
196,371
257,425
132,615

201409181354(201409181354)
393,141
855,031
2,491,481
196,373
257,425
132,675

201409181355(201409181355)
393,219
855,031
2,491,481
196,379
257,425
132,722

201409181356(201409181356)
393,219
855,031
2,491,481
196,379
257,425
132,735

201409181357(201409181357)
393,219
855,031
2,491,481
196,379
257,425
132,739

201409181359(201409181359)
393,219
855,031
2,491,481
196,462
257,515
132,820

201409181400(201409181400)
393,219
855,031
2,491,481
196,482
257,590
132,920

201409181401(201409181401)
393,461
855,031
2,491,481
196,506
257,615
132,954

201409181402(201409181402)
394,019
855,031
2,491,481
196,530
257,615
132,954

201409181403(201409181403)
394,019
855,031
2,491,481
196,560
257,630
133,011

201409181404(201409181404)
394,304
855,031
2,491,481
196,560
257,630
133,012

201409181405(201409181405)
394,304
855,031
2,491,481
196,560
257,630
133,052

201409181406(201409181406)
394,304
855,031
2,491,481
196,560
257,630
133,061

201409181407(201409181407)
394,304
855,031
2,491,481
196,566
257,630
133,071

201409181409(201409181409)
394,330
855,031
2,491,481
196,574
257,731
133,223

201409181410(201409181410)
394,330
855,031
2,491,481
196,583
257,731
133,223

201409181411(201409181411)
394,330
855,031
2,491,481
196,583
257,731
133,231

201409181412(201409181412)
394,330
855,031
2,491,481
196,617
257,886
133,275

201409181413(201409181413)
394,330
855,031
2,491,481
196,633
257,886
133,275

201409181414(201409181414)
394,779
855,031
2,491,481
196,721
258,035
133,312

201409181415(201409181415)
395,590
855,031
2,491,481
196,768
258,035
133,330

201409181416(201409181416)
395,590
855,031
2,491,481
196,768
258,035
133,406

201409181417(201409181417)
395,590
855,031
2,491,481
196,849
258,035
133,428

201409181419(201409181419)
395,678
855,031
2,491,481
196,855
258,043
133,493

201409181420(201409181420)
395,678
855,031
2,491,481
196,855
258,113
133,498

201409181421(201409181421)
395,678
855,031
2,491,481
196,897
258,213
133,550

201409181422(201409181422)
395,678
855,031
2,491,481
196,965
258,327
133,572

201409181423(201409181423)
395,678
855,031
2,491,481
197,246
258,327
133,655

201409181424(201409181424)
395,678
855,031
2,491,481
197,359
258,411
133,742

201409181425(201409181425)
395,733
855,031
2,491,481
197,359
258,467
133,854

201409181426(201409181426)
395,733
855,031
2,491,481
197,359
258,467
133,866

201409181427(201409181427)
396,999
857,497
2,491,481
197,526
258,712
133,866

201409181429(201409181429)
396,999
857,497
2,491,481
197,527
258,853
133,890

201409181430(201409181430)
397,203
857,497
2,491,481
197,566
258,853
133,894

201409181431(201409181431)
397,203
857,497
2,491,481
197,566
258,853
133,894

201409181432(201409181432)
397,203
857,497
2,491,481
197,683
258,872
134,079

201409181433(201409181433)
397,280
857,497
2,491,481
197,686
258,903
134,079

201409181434(201409181434)
397,280
857,497
2,491,481
197,695
258,903
134,079

201409181435(201409181435)
397,280
857,497
2,491,481
197,744
258,903
134,079

201409181436(201409181436)
397,280
857,497
2,491,481
197,747
258,930
134,079

201409181437(201409181437)
397,592
857,497
2,491,481
197,771
258,930
134,168

201409181439(201409181439)
397,592
859,940
2,491,481
197,825
259,153
134,251

201409181440(201409181440)
398,152
859,940
2,491,700
197,825
259,153
134,337

201409181441(201409181441)
398,152
859,940
2,491,968
197,896
259,157
134,348

201409181442(201409181442)
398,152
859,940
2,491,968
197,928
259,172
134,391

201409181443(201409181443)
398,179
865,798
2,493,060
197,928
259,172
134,391

201409181444(201409181444)
398,181
867,209
2,494,524
197,936
259,172
134,408

201409181445(201409181445)
398,181
867,209
2,494,824
197,936
259,224
134,431

201409181446(201409181446)
398,527
867,209
2,495,635
197,936
259,224
134,433

201409181446(201409181446)
398,527
867,209
2,497,273
197,937
259,224
134,433

201409181447(201409181447)
398,527
867,209
2,497,537
197,968
259,224
134,464

201409181447(201409181447)
398,527
868,425
2,498,873
197,972
259,637
134,464

201409181449(201409181449)
398,917
868,425
2,518,304
198,070
259,647
134,535

201409181450(201409181450)
399,394
868,425
2,526,597
198,070
259,647
134,584

201409181451(201409181451)
399,394
868,425
2,526,597
198,074
259,647
134,600

201409181452(201409181452)
399,394
868,425
2,526,597
198,074
259,647
134,626

201409181453(201409181453)
399,394
868,596
2,526,597
198,074
259,647
134,629

201409181454(201409181454)
399,394
869,520
2,526,597
198,074
259,684
134,744

201409181455(201409181455)
399,398
869,520
2,526,597
198,111
259,684
134,767

201409181456(201409181456)
399,398
869,520
2,526,597
198,111
259,758
134,772

201409181457(201409181457)
399,398
869,520
2,526,597
198,111
259,861
134,839

201409181459(201409181459)
399,398
869,520
2,526,597
198,111
260,067
134,917

201409181500(201409181500)
399,398
869,520
2,526,597
198,123
260,266
134,917

201409181501(201409181501)
399,904
869,520
2,526,597
198,163
260,268
134,928

201409181502(201409181502)
399,904
869,585
2,526,597
198,292
260,268
134,928

201409181503(201409181503)
400,031
870,769
2,526,597
198,292
260,317
134,928

201409181504(201409181504)
400,031
871,273
2,526,597
198,292
260,317
134,937

201409181505(201409181505)
400,031
871,632
2,526,597
198,299
260,317
134,941

201409181506(201409181506)
400,031
872,141
2,526,597
198,313
260,317
134,967

201409181507(201409181507)
400,038
872,141
2,526,597
198,313
260,389
135,025

201409181509(201409181509)
400,275
872,359
2,526,597
198,313
260,435
135,114

201409181510(201409181510)
400,275
873,385
2,526,597
198,313
260,435
135,114

201409181511(201409181511)
400,275
874,411
2,526,597
198,507
260,567
135,192

201409181512(201409181512)
400,275
874,756
2,526,597
198,507
260,567
135,199

201409181513(201409181513)
400,275
874,756
2,526,597
198,507
260,567
135,230

201409181514(201409181514)
400,275
876,315
2,526,597
198,532
260,682
135,278

201409181515(201409181515)
400,656
876,315
2,526,597
198,532
260,682
135,291

201409181516(201409181516)
400,656
876,315
2,526,597
198,567
260,684
135,312

201409181517(201409181517)
400,656
876,433
2,526,597
198,572
260,684
135,346

201409181519(201409181519)
401,194
878,033
2,526,597
198,572
260,684
135,475

201409181520(201409181520)
401,194
878,033
2,526,597
198,572
260,974
135,569

201409181521(201409181521)
401,194
878,033
2,526,597
198,580
260,974
135,569

201409181522(201409181522)
401,194
878,033
2,533,787
198,608
260,992
135,608

201409181523(201409181523)
401,194
878,033
2,533,787
198,608
260,992
135,608

201409181524(201409181524)
401,194
878,033
2,533,787
198,681
260,992
135,615

201409181525(201409181525)
401,194
878,033
2,533,787
198,718
261,271
135,619

201409181526(201409181526)
401,331
878,033
2,533,787
198,793
261,273
135,693

201409181527(201409181527)
401,331
878,033
2,533,787
198,793
261,273
135,755

201409181529(201409181529)
401,547
880,427
2,538,671
198,793
261,273
135,799

201409181530(201409181530)
401,840
883,648
2,538,671
198,793
261,273
135,799

201409181531(201409181531)
401,840
883,648
2,538,671
198,793
261,273
135,799

201409181532(201409181532)
401,840
883,648
2,538,671
199,008
261,273
135,799

201409181533(201409181533)
401,840
883,648
2,538,671
199,050
261,273
135,916

201409181534(201409181534)
401,840
883,847
2,542,877
199,050
261,340
135,916

201409181535(201409181535)
402,347
883,847
2,542,877
199,050
261,340
135,964

201409181536(201409181536)
402,347
883,847
2,542,877
199,126
261,624
136,029

201409181537(201409181537)
402,413
885,144
2,542,877
199,173
261,624
136,038

201409181539(201409181539)
402,444
885,282
2,543,528
199,173
261,624
136,048

201409181540(201409181540)
402,444
885,282
2,543,528
199,255
261,624
136,050

201409181541(201409181541)
402,444
886,120
2,544,633
199,414
261,624
136,093

201409181542(201409181542)
402,444
886,994
2,545,747
199,485
261,624
136,148

201409181543(201409181543)
402,444
889,211
2,546,285
199,593
261,624
136,161

201409181544(201409181544)
403,339
890,237
2,547,934
199,611
261,624
136,296

201409181545(201409181545)
403,339
890,425
2,548,995
199,636
261,641
136,311

201409181545(201409181545)
403,339
890,425
2,548,995
199,636
261,788
136,347

201409181546(201409181546)
403,339
890,425
2,548,995
199,636
261,788
136,356

201409181547(201409181547)
403,339
890,425
2,549,264
199,697
261,788
136,376

201409181547(201409181547)
403,339
890,425
2,550,080
199,697
261,788
136,478

201409181548(201409181548)
403,339
890,425
2,551,654
199,697
261,788
136,478

201409181550(201409181550)
403,339
890,900
2,551,654
199,754
262,364
136,570

201409181550(201409181550)
403,339
890,900
2,553,288
199,754
262,399
136,607

201409181551(201409181551)
403,339
890,900
2,554,353
199,852
262,452
136,607

201409181552(201409181552)
403,375
893,007
2,554,353
199,852
262,452
136,711

201409181553(201409181553)
403,375
893,007
2,554,818
199,882
262,452
136,756

201409181554(201409181554)
403,375
893,007
2,555,355
199,882
262,452
136,817

201409181555(201409181555)
403,375
893,007
2,556,964
200,042
262,460
136,937

201409181556(201409181556)
403,564
893,007
2,557,780
200,042
262,460
136,958

201409181557(201409181557)
403,564
893,007
2,559,228
200,049
262,460
136,958

201409181559(201409181559)
403,564
894,758
2,560,558
200,506
262,536
137,120

201409181600(201409181600)
403,564
894,758
2,561,901
200,569
262,536
137,120

201409181601(201409181601)
403,564
894,758
2,562,718
200,573
262,536
137,162

201409181602(201409181602)
403,564
894,758
2,563,029
200,595
262,536
137,170

201409181603(201409181603)
403,564
894,758
2,563,029
200,596
262,536
137,183

201409181604(201409181604)
403,662
894,758
2,563,029
200,596
262,536
137,269

201409181605(201409181605)
403,662
894,758
2,563,029
200,596
262,704
137,412

201409181606(201409181606)
403,662
894,758
2,563,029
200,613
262,704
137,412

201409181607(201409181607)
403,662
894,758
2,563,029
200,618
262,704
137,438

201409181609(201409181609)
403,770
894,758
2,563,029
201,092
262,797
137,481

201409181610(201409181610)
403,770
894,758
2,563,029
201,153
262,831
137,637

201409181611(201409181611)
403,770
894,758
2,563,029
201,153
262,835
137,637

201409181612(201409181612)
403,770
894,758
2,563,029
201,167
262,835
137,682

201409181613(201409181613)
403,770
894,758
2,563,029
201,256
262,861
137,793

201409181614(201409181614)
403,770
894,758
2,563,029
201,262
262,861
137,829

201409181615(201409181615)
403,770
894,758
2,563,029
201,284
262,861
137,834

201409181616(201409181616)
403,770
894,758
2,563,029
201,307
262,896
137,834

201409181617(201409181617)
404,068
894,758
2,563,029
201,307
262,896
137,941

201409181619(201409181619)
404,068
894,758
2,567,483
201,426
262,896
137,962

201409181620(201409181620)
404,068
894,758
2,567,483
201,426
262,896
137,981

201409181621(201409181621)
404,068
894,758
2,567,483
201,426
262,990
137,981

201409181622(201409181622)
404,068
894,758
2,567,483
201,449
263,135
137,991

201409181623(201409181623)
404,101
894,758
2,567,483
201,556
263,148
138,072

201409181624(201409181624)
404,101
894,758
2,567,483
201,556
263,148
138,076

201409181625(201409181625)
404,101
894,758
2,567,483
201,556
263,219
138,076

201409181626(201409181626)
404,131
894,758
2,567,483
201,556
263,219
138,076

201409181627(201409181627)
404,131
894,758
2,567,483
201,629
263,219
138,080

201409181629(201409181629)
405,116
894,758
2,567,483
201,712
263,219
138,155

201409181630(201409181630)
405,131
897,940
2,567,483
201,712
263,219
138,177

201409181631(201409181631)
405,131
897,940
2,567,483
201,789
263,291
138,212

201409181632(201409181632)
405,131
897,940
2,567,483
201,789
263,395
138,213

201409181633(201409181633)
405,394
897,940
2,567,483
201,789
263,395
138,248

201409181634(201409181634)
405,394
899,854
2,567,483
201,789
263,395
138,262

201409181635(201409181635)
405,394
900,479
2,567,483
201,789
263,542
138,262

201409181636(201409181636)
406,110
900,995
2,567,483
201,789
263,933
138,288

201409181637(201409181637)
406,110
901,377
2,567,483
201,869
263,955
138,302

201409181639(201409181639)
406,110
902,721
2,567,483
201,890
264,134
138,400

201409181640(201409181640)
406,110
903,171
2,567,483
201,901
264,134
138,415

201409181641(201409181641)
406,110
903,171
2,567,483
201,901
264,134
138,537

201409181642(201409181642)
406,110
903,171
2,567,483
201,901
264,134
138,553

201409181643(201409181643)
406,110
903,171
2,567,483
201,901
264,135
138,553

201409181644(201409181644)
407,373
903,171
2,567,483
201,953
264,140
138,553

201409181644(201409181644)
407,373
903,171
2,567,483
202,016
264,225
138,553

201409181644(201409181644)
407,373
903,171
2,567,483
202,021
264,225
138,634

201409181645(201409181645)
407,373
903,171
2,567,483
202,042
264,229
138,669

201409181646(201409181646)
407,373
903,171
2,567,483
202,042
264,229
138,669

201409181647(201409181647)
407,373
903,171
2,567,483
202,042
264,229
138,847

201409181649(201409181649)
407,478
903,171
2,567,483
202,156
264,335
138,963

201409181650(201409181650)
407,478
903,171
2,567,483
202,229
264,335
138,995

201409181651(201409181651)
407,478
903,171
2,567,483
202,373
264,335
139,024

201409181652(201409181652)
407,478
903,171
2,567,483
202,411
264,336
139,033

201409181653(201409181653)
407,478
903,171
2,567,483
202,411
264,391
139,051

201409181654(201409181654)
407,478
903,171
2,567,483
202,411
264,539
139,127

201409181655(201409181655)
407,633
903,171
2,567,483
202,411
264,631
139,169

201409181656(201409181656)
408,004
903,171
2,567,483
202,411
264,654
139,199

201409181657(201409181657)
408,189
903,171
2,567,483
202,411
264,654
139,199

