201409222300(201409222300)
1,058,373
2,299,306
4,705,050
598,314
677,230
309,233

201409222301(201409222301)
1,058,373
2,299,306
4,714,138
598,314
677,230
309,237

201409222302(201409222302)
1,058,373
2,299,306
4,714,138
598,329
677,266
309,237

201409222304(201409222304)
1,058,660
2,299,306
4,714,138
598,392
677,266
309,259

201409222305(201409222305)
1,060,006
2,299,306
4,714,138
598,469
677,266
309,389

201409222306(201409222306)
1,060,006
2,299,306
4,714,138
598,469
677,266
309,636

201409222309(201409222309)
1,060,006
2,299,306
4,714,138
598,469
677,266
309,649

201409222310(201409222310)
1,060,006
2,299,306
4,714,138
598,469
677,313
309,667

201409222311(201409222311)
1,060,006
2,299,306
4,714,138
598,469
677,313
309,667

201409222312(201409222312)
1,060,006
2,299,306
4,714,138
598,955
677,316
309,667

201409222314(201409222314)
1,060,006
2,300,045
4,714,138
598,955
677,336
309,791

201409222315(201409222315)
1,060,006
2,300,045
4,714,138
598,955
677,372
309,791

201409222316(201409222316)
1,060,006
2,300,045
4,714,138
598,955
677,372
309,791

201409222319(201409222319)
1,060,006
2,300,045
4,714,138
599,018
677,372
309,871

201409222320(201409222320)
1,060,006
2,302,459
4,714,138
599,018
677,372
309,918

201409222321(201409222321)
1,060,006
2,302,459
4,714,138
599,018
677,372
309,918

201409222322(201409222322)
1,060,006
2,302,459
4,714,138
599,219
677,434
309,918

201409222324(201409222324)
1,060,127
2,302,459
4,722,956
599,219
677,434
310,001

201409222325(201409222325)
1,060,724
2,304,336
4,722,956
599,222
677,434
310,032

201409222326(201409222326)
1,060,724
2,305,931
4,723,243
599,243
677,615
310,105

201409222329(201409222329)
1,060,724
2,307,225
4,725,455
599,370
677,624
310,253

201409222330(201409222330)
1,060,724
2,307,225
4,725,455
599,404
677,624
310,253

201409222331(201409222331)
1,060,724
2,307,225
4,726,447
599,452
677,624
310,253

201409222332(201409222332)
1,060,724
2,307,225
4,726,447
599,507
677,624
310,253

201409222334(201409222334)
1,060,724
2,307,225
4,726,447
599,525
677,624
310,411

201409222335(201409222335)
1,060,724
2,307,225
4,726,447
599,525
677,624
310,425

201409222336(201409222336)
1,060,724
2,307,225
4,726,447
599,525
677,624
310,425

201409222339(201409222339)
1,062,376
2,310,138
4,726,447
599,525
677,794
310,578

201409222340(201409222340)
1,062,376
2,310,138
4,726,447
599,525
677,794
310,582

201409222341(201409222341)
1,062,376
2,310,138
4,726,447
599,525
677,794
310,582

201409222342(201409222342)
1,062,376
2,310,138
4,726,447
599,525
677,794
310,582

201409222344(201409222344)
1,062,376
2,310,138
4,726,447
599,525
678,078
310,599

201409222345(201409222345)
1,062,376
2,310,918
4,726,447
599,525
678,078
310,652

201409222346(201409222346)
1,062,376
2,310,918
4,726,447
599,525
678,078
310,652

201409222348(201409222348)
1,062,376
2,310,918
4,726,447
599,525
678,175
310,788

201409222349(201409222349)
1,062,656
2,310,918
4,726,447
599,525
678,317
310,788

201409222350(201409222350)
1,062,980
2,319,142
4,726,447
599,525
678,317
310,849

201409222351(201409222351)
1,062,980
2,319,615
4,726,447
599,525
678,422
310,849

201409222352(201409222352)
1,062,980
2,319,615
4,726,447
599,555
678,483
310,858

201409222354(201409222354)
1,062,980
2,319,615
4,726,447
599,555
678,483
310,953

201409222355(201409222355)
1,062,980
2,319,615
4,726,447
599,555
678,483
311,091

201409222356(201409222356)
1,063,145
2,321,543
4,726,447
599,555
678,483
311,111

201409222359(201409222359)
1,063,145
2,321,543
4,726,447
599,561
678,780
311,137

201409230000(201409230000)
1,063,145
2,321,543
4,726,447
599,622
678,862
311,137

201409230001(201409230001)
1,063,145
2,321,543
4,726,447
599,622
678,862
311,137

201409230002(201409230002)
1,063,253
2,321,543
4,726,447
599,622
678,862
311,142

201409230004(201409230004)
1,063,253
2,335,840
4,726,447
599,622
678,862
311,142

201409230005(201409230005)
1,063,253
2,335,840
4,726,447
599,622
678,862
311,228

201409230006(201409230006)
1,063,253
2,335,840
4,726,447
599,622
679,132
311,228

201409230009(201409230009)
1,065,450
2,335,840
4,726,447
599,741
679,372
311,228

201409230010(201409230010)
1,065,450
2,335,840
4,726,447
599,741
679,372
311,264

201409230011(201409230011)
1,065,450
2,340,605
4,726,447
599,792
679,372
311,300

201409230012(201409230012)
1,065,450
2,340,605
4,726,447
599,792
679,372
311,404

201409230014(201409230014)
1,065,450
2,340,739
4,726,447
599,792
679,372
311,444

201409230015(201409230015)
1,065,450
2,340,739
4,726,447
599,792
679,372
311,444

201409230016(201409230016)
1,065,450
2,340,739
4,726,447
599,792
679,396
311,503

201409230019(201409230019)
1,066,607
2,342,047
4,726,517
599,810
680,120
311,515

201409230020(201409230020)
1,066,624
2,342,047
4,726,517
599,810
680,248
311,515

201409230021(201409230021)
1,067,154
2,342,047
4,726,517
599,810
680,248
311,536

201409230022(201409230022)
1,067,154
2,342,047
4,726,517
599,810
680,248
311,672

201409230024(201409230024)
1,067,154
2,342,047
4,726,517
599,810
680,364
311,672

201409230025(201409230025)
1,067,154
2,342,047
4,726,517
599,810
680,364
311,672

201409230026(201409230026)
1,067,154
2,342,047
4,726,517
599,810
680,364
311,672

201409230029(201409230029)
1,067,154
2,342,047
4,726,743
599,870
680,410
311,765

201409230030(201409230030)
1,067,154
2,342,047
4,730,009
599,870
680,410
311,784

201409230031(201409230031)
1,067,154
2,342,047
4,730,009
600,030
680,410
311,784

201409230032(201409230032)
1,067,154
2,342,754
4,740,439
600,030
680,410
311,784

201409230034(201409230034)
1,067,154
2,347,916
4,740,940
600,030
680,410
311,826

201409230035(201409230035)
1,067,154
2,347,916
4,740,940
600,030
680,410
311,826

201409230036(201409230036)
1,067,154
2,347,916
4,740,940
600,030
680,410
311,826

201409230039(201409230039)
1,067,154
2,347,916
4,740,940
600,102
680,410
312,105

201409230040(201409230040)
1,067,154
2,347,916
4,742,119
600,102
680,410
312,108

201409230041(201409230041)
1,068,052
2,347,916
4,745,481
600,102
680,410
312,120

201409230042(201409230042)
1,068,367
2,347,916
4,748,752
600,102
680,410
312,120

201409230044(201409230044)
1,068,367
2,347,916
4,774,940
600,108
680,659
312,120

201409230045(201409230045)
1,068,367
2,347,916
4,774,940
600,108
680,732
312,162

201409230046(201409230046)
1,068,367
2,347,916
4,774,940
600,108
680,732
312,192

201409230049(201409230049)
1,068,367
2,349,152
4,774,940
600,195
680,732
312,192

201409230050(201409230050)
1,068,537
2,349,152
4,774,940
600,195
680,732
312,192

201409230051(201409230051)
1,069,384
2,349,152
4,774,940
600,267
680,732
312,192

201409230052(201409230052)
1,069,384
2,349,152
4,779,277
600,267
680,732
312,192

201409230054(201409230054)
1,069,384
2,349,152
4,782,071
600,267
680,732
312,294

201409230055(201409230055)
1,069,384
2,349,152
4,782,071
600,267
680,732
312,294

201409230056(201409230056)
1,069,384
2,349,152
4,782,071
600,267
680,732
312,294

201409230059(201409230059)
1,069,476
2,349,152
4,782,071
600,332
680,821
312,294

201409230100(201409230100)
1,071,154
2,349,152
4,782,071
600,332
680,821
312,294

201409230101(201409230101)
1,071,154
2,349,152
4,782,071
600,332
680,821
312,294

201409230102(201409230102)
1,071,154
2,349,152
4,782,071
600,332
680,821
312,294

201409230104(201409230104)
1,071,154
2,349,152
4,782,071
600,332
680,821
312,437

201409230105(201409230105)
1,071,154
2,349,152
4,782,071
600,342
680,821
312,477

201409230106(201409230106)
1,071,154
2,349,152
4,782,071
600,342
680,821
312,477

201409230109(201409230109)
1,071,154
2,349,152
4,782,071
600,342
680,886
312,479

201409230110(201409230110)
1,071,462
2,349,152
4,782,071
600,342
680,886
312,479

201409230111(201409230111)
1,071,462
2,349,152
4,782,071
600,342
680,886
312,479

201409230112(201409230112)
1,071,462
2,349,152
4,782,071
600,342
680,886
312,657

201409230114(201409230114)
1,073,487
2,349,152
4,782,071
600,342
681,015
312,657

201409230115(201409230115)
1,073,487
2,349,152
4,785,531
600,342
681,015
312,657

201409230116(201409230116)
1,073,487
2,349,152
4,786,602
600,342
681,015
312,657

201409230119(201409230119)
1,074,195
2,349,152
4,793,121
600,342
681,015
312,657

201409230120(201409230120)
1,074,195
2,349,436
4,793,121
600,342
681,015
312,657

201409230121(201409230121)
1,074,195
2,349,436
4,793,121
600,342
681,015
312,657

201409230122(201409230122)
1,074,195
2,349,436
4,793,121
600,342
681,398
312,657

201409230124(201409230124)
1,074,491
2,349,436
4,793,121
600,391
681,398
312,657

201409230125(201409230125)
1,074,784
2,352,596
4,793,121
600,391
681,398
312,657

201409230126(201409230126)
1,074,784
2,352,596
4,793,121
600,391
681,398
312,657

201409230129(201409230129)
1,074,784
2,352,596
4,793,121
600,391
681,656
312,657

201409230130(201409230130)
1,074,784
2,352,596
4,793,121
600,391
681,656
312,657

201409230131(201409230131)
1,074,784
2,352,596
4,793,121
600,391
681,656
312,754

201409230132(201409230132)
1,074,784
2,352,596
4,793,121
600,391
681,656
312,768

201409230134(201409230134)
1,074,784
2,352,596
4,793,121
600,391
681,656
312,856

201409230135(201409230135)
1,074,784
2,352,596
4,793,121
600,391
681,656
312,856

201409230136(201409230136)
1,075,119
2,352,596
4,793,121
600,391
681,656
312,856

201409230139(201409230139)
1,076,650
2,352,596
4,801,542
600,391
681,678
312,873

201409230140(201409230140)
1,076,650
2,354,113
4,802,268
600,391
681,693
312,989

201409230141(201409230141)
1,076,650
2,354,113
4,802,840
600,419
681,693
312,989

201409230142(201409230142)
1,076,650
2,354,113
4,802,840
600,419
681,725
312,990

201409230144(201409230144)
1,076,653
2,354,113
4,802,840
600,419
681,725
312,990

201409230145(201409230145)
1,076,653
2,354,113
4,802,840
600,419
681,725
313,022

201409230146(201409230146)
1,077,440
2,354,113
4,802,840
600,586
681,725
313,022

201409230146(201409230146)
1,077,440
2,354,113
4,802,840
600,586
681,725
313,130

201409230147(201409230147)
1,077,440
2,354,113
4,802,840
600,586
681,725
313,130

201409230149(201409230149)
1,077,440
2,354,113
4,802,840
600,680
681,725
313,130

201409230150(201409230150)
1,077,584
2,354,113
4,802,840
600,680
681,725
313,130

201409230151(201409230151)
1,077,584
2,354,113
4,802,840
600,680
681,725
313,130

201409230152(201409230152)
1,077,584
2,354,113
4,802,840
600,680
681,725
313,130

201409230154(201409230154)
1,078,534
2,354,113
4,802,840
600,680
681,725
313,130

201409230155(201409230155)
1,078,534
2,354,113
4,802,840
600,680
681,725
313,130

201409230156(201409230156)
1,078,534
2,354,113
4,802,840
600,680
681,725
313,130

201409230159(201409230159)
1,078,534
2,354,113
4,802,840
600,947
681,725
313,130

201409230200(201409230200)
1,078,724
2,354,113
4,802,840
600,947
681,725
313,130

201409230201(201409230201)
1,079,307
2,354,113
4,802,840
600,947
681,725
313,130

201409230202(201409230202)
1,079,307
2,354,113
4,802,840
600,947
681,725
313,130

201409230204(201409230204)
1,079,307
2,354,113
4,802,840
600,947
681,725
313,130

201409230205(201409230205)
1,079,307
2,354,113
4,802,840
600,947
681,725
313,130

201409230206(201409230206)
1,079,307
2,354,113
4,802,840
600,947
681,725
313,156

201409230209(201409230209)
1,079,307
2,354,113
4,802,840
600,947
681,901
313,174

201409230210(201409230210)
1,079,307
2,354,113
4,802,840
600,947
681,949
313,174

201409230211(201409230211)
1,079,307
2,354,113
4,802,840
600,947
681,949
313,215

201409230212(201409230212)
1,079,307
2,354,113
4,802,840
600,947
682,009
313,243

201409230214(201409230214)
1,079,307
2,354,113
4,802,840
601,060
682,018
313,243

201409230215(201409230215)
1,079,307
2,354,113
4,802,840
601,060
682,018
313,243

201409230216(201409230216)
1,079,307
2,354,113
4,802,840
601,060
682,018
313,359

201409230219(201409230219)
1,079,307
2,354,113
4,802,840
601,060
682,018
313,359

201409230220(201409230220)
1,079,307
2,354,113
4,802,840
601,060
682,117
313,359

201409230221(201409230221)
1,079,307
2,354,113
4,802,840
601,060
682,329
313,359

201409230222(201409230222)
1,079,307
2,356,939
4,802,840
601,060
682,369
313,445

201409230224(201409230224)
1,079,307
2,356,939
4,802,840
601,060
682,369
313,445

201409230225(201409230225)
1,079,307
2,356,939
4,802,840
601,060
682,369
313,445

201409230226(201409230226)
1,079,307
2,359,026
4,802,840
601,060
682,369
313,488

201409230229(201409230229)
1,081,197
2,360,682
4,802,840
601,113
682,680
313,549

201409230230(201409230230)
1,081,197
2,360,682
4,802,840
601,175
682,680
313,563

201409230231(201409230231)
1,081,197
2,360,682
4,802,840
601,175
682,680
313,563

201409230232(201409230232)
1,081,909
2,360,682
4,802,840
601,175
682,686
313,563

201409230234(201409230234)
1,082,021
2,360,682
4,802,840
601,175
682,686
313,571

201409230235(201409230235)
1,082,021
2,360,682
4,802,840
601,175
682,686
313,571

201409230236(201409230236)
1,082,185
2,360,682
4,802,840
601,175
682,686
313,653

201409230239(201409230239)
1,082,418
2,360,682
4,802,840
601,175
682,740
313,801

201409230240(201409230240)
1,082,418
2,360,682
4,802,840
601,175
682,740
313,825

201409230241(201409230241)
1,082,418
2,360,682
4,802,840
601,175
682,740
313,875

201409230242(201409230242)
1,082,418
2,360,682
4,802,840
601,175
682,740
313,875

201409230244(201409230244)
1,082,418
2,360,682
4,802,840
601,175
682,740
313,875

201409230245(201409230245)
1,082,418
2,362,994
4,802,840
601,315
682,740
313,875

201409230245(201409230245)
1,082,418
2,363,373
4,802,840
601,315
682,740
313,875

201409230246(201409230246)
1,082,418
2,363,373
4,802,840
601,315
682,740
313,889

201409230246(201409230246)
1,082,418
2,363,373
4,804,528
601,315
682,740
313,889

201409230249(201409230249)
1,082,418
2,363,373
4,817,382
601,315
682,740
313,940

201409230250(201409230250)
1,082,418
2,363,373
4,833,376
601,315
682,740
313,940

201409230251(201409230251)
1,082,418
2,363,373
4,833,376
601,315
682,740
313,940

201409230252(201409230252)
1,082,418
2,363,373
4,833,376
601,315
682,740
313,950

201409230254(201409230254)
1,082,418
2,364,103
4,833,376
601,315
682,849
314,134

201409230255(201409230255)
1,082,418
2,364,103
4,833,376
601,315
682,849
314,134

201409230256(201409230256)
1,082,418
2,364,103
4,833,376
601,315
682,849
314,134

201409230259(201409230259)
1,082,418
2,364,103
4,833,376
601,315
682,849
314,172

201409230300(201409230300)
1,082,418
2,364,103
4,833,376
601,315
683,257
314,212

201409230301(201409230301)
1,082,418
2,364,103
4,833,376
601,315
683,257
314,218

201409230302(201409230302)
1,082,418
2,364,103
4,833,376
601,315
683,257
314,269

201409230304(201409230304)
1,082,418
2,364,103
4,833,376
601,315
683,319
314,314

201409230305(201409230305)
1,082,418
2,364,103
4,833,376
601,315
683,319
314,314

201409230306(201409230306)
1,082,418
2,364,103
4,833,376
601,315
683,366
314,459

201409230309(201409230309)
1,082,418
2,364,103
4,833,376
601,315
683,366
314,595

201409230310(201409230310)
1,082,418
2,364,103
4,833,376
601,315
683,366
314,705

201409230311(201409230311)
1,082,418
2,366,434
4,833,376
601,315
683,366
314,766

201409230312(201409230312)
1,082,418
2,366,434
4,833,376
601,315
683,366
314,766

201409230314(201409230314)
1,082,588
2,366,434
4,833,376
601,315
684,129
314,770

201409230315(201409230315)
1,082,588
2,366,434
4,833,376
601,315
684,129
314,770

201409230316(201409230316)
1,082,588
2,366,434
4,833,376
601,370
684,129
314,770

201409230319(201409230319)
1,082,588
2,366,434
4,833,376
601,370
684,291
314,770

201409230320(201409230320)
1,082,588
2,366,434
4,833,376
601,370
684,291
314,770

201409230321(201409230321)
1,082,588
2,366,434
4,833,376
601,370
684,291
314,770

201409230322(201409230322)
1,082,588
2,366,434
4,833,376
601,370
684,291
314,770

201409230324(201409230324)
1,082,588
2,366,434
4,833,376
601,370
684,291
314,770

201409230325(201409230325)
1,082,588
2,366,434
4,833,376
601,370
684,291
314,770

201409230326(201409230326)
1,082,588
2,366,434
4,833,376
601,370
684,291
314,770

201409230329(201409230329)
1,082,588
2,366,434
4,833,376
601,370
684,291
314,810

201409230330(201409230330)
1,082,588
2,366,434
4,833,376
601,370
684,291
314,810

201409230331(201409230331)
1,082,588
2,366,434
4,833,376
601,370
684,291
314,810

201409230332(201409230332)
1,082,588
2,366,434
4,833,376
601,378
684,291
314,849

201409230334(201409230334)
1,082,588
2,366,434
4,833,376
601,409
684,291
314,849

201409230335(201409230335)
1,082,588
2,366,434
4,833,376
601,409
684,291
314,849

201409230336(201409230336)
1,082,588
2,366,434
4,833,376
601,409
684,291
314,849

201409230339(201409230339)
1,082,588
2,366,434
4,833,376
601,476
684,291
314,849

201409230340(201409230340)
1,082,588
2,369,347
4,833,376
601,476
684,291
314,849

201409230341(201409230341)
1,082,588
2,369,347
4,833,376
601,560
684,291
314,849

201409230342(201409230342)
1,082,588
2,369,347
4,833,376
601,560
684,291
314,849

201409230343(201409230343)
1,082,588
2,369,347
4,833,376
601,560
684,291
314,849

201409230344(201409230344)
1,082,588
2,369,347
4,833,376
601,608
684,291
314,849

201409230345(201409230345)
1,082,588
2,369,347
4,833,376
601,608
684,291
314,850

201409230346(201409230346)
1,082,588
2,369,347
4,833,376
601,608
684,291
314,850

201409230349(201409230349)
1,082,731
2,369,347
4,833,376
601,608
684,291
314,850

201409230350(201409230350)
1,082,731
2,369,347
4,833,376
601,608
684,291
314,850

201409230351(201409230351)
1,082,731
2,369,347
4,833,376
601,608
684,291
314,850

201409230352(201409230352)
1,082,731
2,369,347
4,833,376
601,608
684,291
314,850

201409230354(201409230354)
1,082,731
2,369,347
4,833,376
601,718
684,291
314,850

201409230355(201409230355)
1,082,731
2,369,347
4,833,376
601,718
684,291
314,850

201409230356(201409230356)
1,082,731
2,369,347
4,833,376
601,718
684,291
315,037

201409230359(201409230359)
1,082,731
2,369,347
4,833,376
601,718
684,291
315,037

201409230400(201409230400)
1,082,731
2,369,347
4,833,376
601,718
684,291
315,091

201409230401(201409230401)
1,082,731
2,369,347
4,833,376
601,718
684,291
315,091

201409230402(201409230402)
1,082,731
2,369,347
4,833,376
601,718
684,291
315,091

201409230404(201409230404)
1,082,731
2,369,347
4,833,376
601,718
684,291
315,145

201409230405(201409230405)
1,082,731
2,369,347
4,833,376
601,718
684,291
315,145

201409230406(201409230406)
1,082,731
2,369,347
4,833,376
601,718
684,291
315,145

201409230409(201409230409)
1,082,731
2,374,564
4,833,376
601,718
684,291
315,157

201409230410(201409230410)
1,082,731
2,374,564
4,833,376
601,718
684,291
315,200

201409230411(201409230411)
1,082,731
2,375,613
4,833,376
601,718
684,291
315,200

201409230412(201409230412)
1,082,731
2,375,926
4,833,376
601,718
684,291
315,200

201409230414(201409230414)
1,082,731
2,376,680
4,833,376
601,718
684,291
315,200

201409230415(201409230415)
1,082,731
2,376,997
4,833,376
601,718
684,291
315,200

201409230416(201409230416)
1,082,731
2,378,465
4,833,376
601,718
684,291
315,200

201409230419(201409230419)
1,082,731
2,379,614
4,833,376
601,718
684,291
315,200

201409230420(201409230420)
1,082,731
2,379,614
4,833,376
601,718
684,291
315,200

201409230421(201409230421)
1,082,731
2,379,614
4,833,376
601,718
684,291
315,200

201409230422(201409230422)
1,082,731
2,379,614
4,833,376
601,718
684,291
315,206

201409230424(201409230424)
1,082,731
2,379,614
4,833,376
601,718
684,291
315,206

201409230425(201409230425)
1,082,731
2,379,614
4,833,376
601,718
684,291
315,206

201409230426(201409230426)
1,082,731
2,379,614
4,833,376
601,718
684,291
315,206

201409230429(201409230429)
1,082,731
2,379,614
4,833,376
601,718
684,291
315,206

201409230430(201409230430)
1,082,731
2,379,614
4,833,376
601,718
684,291
315,206

201409230431(201409230431)
1,082,731
2,379,614
4,833,376
601,718
684,291
315,206

201409230432(201409230432)
1,082,731
2,379,614
4,833,376
601,718
684,291
315,206

201409230434(201409230434)
1,082,731
2,379,614
4,833,376
601,718
685,138
315,206

201409230435(201409230435)
1,082,731
2,379,614
4,833,376
601,718
685,138
315,206

201409230436(201409230436)
1,082,731
2,379,614
4,833,376
601,718
685,138
315,206

201409230439(201409230439)
1,082,731
2,379,614
4,833,376
601,718
685,138
315,361

201409230440(201409230440)
1,082,731
2,379,614
4,833,376
601,718
685,138
315,361

201409230441(201409230441)
1,082,731
2,379,614
4,833,376
601,718
685,138
315,361

201409230442(201409230442)
1,082,731
2,379,614
4,833,376
601,718
685,138
315,361

201409230442(201409230442)
1,082,731
2,379,614
4,833,376
601,725
685,138
315,361

201409230444(201409230444)
1,082,731
2,379,614
4,833,376
601,725
685,138
315,433

201409230445(201409230445)
1,082,731
2,379,614
4,833,376
601,725
685,138
315,433

201409230446(201409230446)
1,082,731
2,379,614
4,833,376
601,725
685,138
315,433

201409230449(201409230449)
1,082,731
2,379,614
4,833,376
601,725
685,406
315,460

201409230450(201409230450)
1,082,731
2,379,614
4,833,376
601,725
685,406
315,460

201409230451(201409230451)
1,082,731
2,379,614
4,833,376
601,725
685,406
315,460

201409230452(201409230452)
1,082,731
2,379,614
4,833,376
601,725
685,406
315,460

201409230454(201409230454)
1,082,731
2,379,614
4,833,376
601,725
685,406
315,460

201409230455(201409230455)
1,082,731
2,379,614
4,833,376
601,725
685,406
315,460

201409230456(201409230456)
1,082,731
2,379,614
4,833,376
601,725
685,406
315,460

201409230459(201409230459)
1,082,731
2,379,614
4,833,376
601,828
685,406
315,460

201409230500(201409230500)
1,082,731
2,379,614
4,833,376
601,828
685,900
315,460

201409230501(201409230501)
1,082,731
2,379,614
4,833,376
601,828
685,945
315,571

201409230502(201409230502)
1,082,731
2,379,614
4,833,376
601,835
685,945
315,571

201409230504(201409230504)
1,082,731
2,379,614
4,833,376
601,835
686,413
315,571

201409230505(201409230505)
1,082,731
2,379,614
4,833,376
601,897
686,430
315,571

201409230506(201409230506)
1,083,748
2,379,614
4,833,376
601,956
686,574
315,571

201409230509(201409230509)
1,083,748
2,384,677
4,833,376
601,956
686,574
315,571

201409230510(201409230510)
1,083,748
2,385,692
4,833,376
601,956
686,574
315,571

201409230511(201409230511)
1,083,748
2,385,692
4,833,376
601,956
686,574
315,571

201409230512(201409230512)
1,083,748
2,385,692
4,833,376
601,956
686,574
315,571

201409230514(201409230514)
1,083,748
2,385,692
4,833,376
601,956
686,574
315,677

201409230515(201409230515)
1,083,748
2,385,692
4,833,376
601,956
686,574
315,677

201409230516(201409230516)
1,083,748
2,385,692
4,833,376
601,956
686,574
315,677

201409230519(201409230519)
1,083,792
2,385,692
4,833,376
601,969
686,574
315,682

201409230520(201409230520)
1,083,792
2,385,692
4,833,376
601,970
686,574
315,682

201409230521(201409230521)
1,083,792
2,385,692
4,833,376
601,970
686,574
315,682

201409230522(201409230522)
1,083,792
2,385,692
4,833,376
602,011
686,574
315,682

201409230524(201409230524)
1,083,792
2,385,692
4,833,376
602,011
686,574
315,682

201409230525(201409230525)
1,083,792
2,385,692
4,833,376
602,011
686,574
315,682

201409230526(201409230526)
1,083,792
2,385,692
4,833,376
602,011
686,574
315,682

201409230529(201409230529)
1,083,792
2,385,692
4,833,376
602,011
686,574
315,894

201409230530(201409230530)
1,083,792
2,385,692
4,833,376
602,011
686,574
315,910

201409230531(201409230531)
1,083,792
2,385,692
4,833,376
602,011
686,574
315,910

201409230532(201409230532)
1,084,040
2,385,692
4,833,376
602,011
686,574
315,910

201409230534(201409230534)
1,084,040
2,385,692
4,833,376
602,011
686,574
315,910

201409230535(201409230535)
1,084,040
2,385,692
4,833,376
602,011
686,574
315,990

201409230536(201409230536)
1,084,040
2,385,692
4,833,376
602,011
686,574
315,990

201409230539(201409230539)
1,084,040
2,385,692
4,833,376
602,011
686,574
315,990

201409230540(201409230540)
1,084,040
2,385,692
4,833,376
602,011
686,574
315,990

201409230541(201409230541)
1,084,040
2,385,692
4,833,376
602,011
686,574
316,036

201409230541(201409230541)
1,084,040
2,385,692
4,833,376
602,011
686,574
316,036

201409230542(201409230542)
1,084,107
2,385,692
4,833,376
602,011
686,574
316,036

201409230543(201409230543)
1,084,107
2,385,692
4,833,376
602,011
686,574
316,036

201409230544(201409230544)
1,084,107
2,385,692
4,833,376
602,011
686,574
316,036

201409230544(201409230544)
1,084,107
2,385,692
4,833,376
602,011
686,574
316,036

201409230545(201409230545)
1,084,107
2,385,692
4,833,376
602,011
686,574
316,036

201409230546(201409230546)
1,084,107
2,385,836
4,833,376
602,011
686,574
316,036

201409230549(201409230549)
1,084,107
2,385,836
4,834,096
602,011
686,574
316,131

201409230550(201409230550)
1,084,107
2,385,836
4,835,883
602,011
686,574
316,131

201409230551(201409230551)
1,084,107
2,385,836
4,837,332
602,011
686,574
316,131

201409230552(201409230552)
1,084,107
2,388,441
4,837,730
602,011
686,574
316,131

201409230554(201409230554)
1,084,107
2,394,440
4,841,045
602,063
686,574
316,131

201409230555(201409230555)
1,084,253
2,399,362
4,842,096
602,063
686,574
316,131

201409230556(201409230556)
1,084,253
2,399,362
4,842,096
602,063
686,574
316,131

201409230559(201409230559)
1,084,253
2,399,362
4,847,288
602,106
686,574
316,156

201409230600(201409230600)
1,084,253
2,399,362
4,851,175
602,106
686,574
316,156

201409230601(201409230601)
1,084,253
2,399,362
4,852,621
602,106
686,574
316,279

201409230602(201409230602)
1,084,253
2,399,362
4,854,413
602,106
686,574
316,279

201409230604(201409230604)
1,084,253
2,399,362
4,856,560
602,106
686,654
316,301

201409230605(201409230605)
1,084,253
2,400,566
4,859,059
602,106
686,654
316,301

201409230606(201409230606)
1,084,253
2,402,324
4,860,693
602,168
686,654
316,301

201409230609(201409230609)
1,084,253
2,403,399
4,865,109
602,168
686,731
316,301

201409230610(201409230610)
1,084,253
2,403,399
4,867,724
602,168
686,731
316,301

201409230611(201409230611)
1,084,253
2,407,736
4,869,653
602,168
686,731
316,301

201409230612(201409230612)
1,084,475
2,407,736
4,871,310
602,168
686,731
316,508

201409230614(201409230614)
1,084,475
2,407,736
4,873,575
602,168
686,731
316,508

201409230615(201409230615)
1,084,475
2,407,736
4,875,884
602,168
686,731
316,531

201409230616(201409230616)
1,084,475
2,407,736
4,877,533
602,168
686,731
316,531

201409230619(201409230619)
1,084,475
2,407,736
4,880,669
602,168
686,780
316,531

201409230620(201409230620)
1,084,475
2,407,736
4,882,309
602,168
686,780
316,531

201409230621(201409230621)
1,084,475
2,407,736
4,882,309
602,168
686,780
316,531

201409230622(201409230622)
1,084,475
2,407,736
4,884,897
602,168
686,780
316,531

201409230624(201409230624)
1,084,475
2,407,736
4,888,835
602,168
686,824
316,541

201409230625(201409230625)
1,084,475
2,407,736
4,889,867
602,168
686,824
316,596

201409230626(201409230626)
1,084,475
2,407,736
4,891,175
602,168
686,824
316,596

201409230629(201409230629)
1,084,475
2,408,566
4,895,515
602,202
686,930
316,668

201409230630(201409230630)
1,084,475
2,408,566
4,897,267
602,202
687,406
316,668

201409230631(201409230631)
1,084,475
2,408,566
4,898,285
602,202
687,406
316,668

201409230632(201409230632)
1,084,475
2,408,673
4,898,947
602,202
687,406
316,687

201409230634(201409230634)
1,084,475
2,412,236
4,899,878
602,225
687,675
316,687

201409230635(201409230635)
1,084,475
2,412,583
4,902,436
602,225
687,675
316,734

201409230636(201409230636)
1,084,475
2,412,583
4,903,767
602,225
687,675
316,774

201409230639(201409230639)
1,084,475
2,412,583
4,906,498
602,225
687,675
316,774

201409230640(201409230640)
1,084,475
2,412,583
4,907,918
602,225
687,675
316,774

201409230640(201409230640)
1,084,475
2,412,583
4,910,886
602,225
687,675
316,774

201409230641(201409230641)
1,084,475
2,412,583
4,911,915
602,225
687,675
316,774

201409230642(201409230642)
1,084,475
2,412,583
4,913,539
602,225
687,675
316,774

201409230642(201409230642)
1,084,475
2,412,583
4,915,184
602,229
687,675
316,774

201409230644(201409230644)
1,084,475
2,412,583
4,916,544
602,370
687,675
316,818

201409230645(201409230645)
1,084,740
2,412,583
4,917,241
602,370
687,675
316,818

201409230646(201409230646)
1,084,740
2,412,583
4,917,241
602,370
687,675
316,818

201409230649(201409230649)
1,084,740
2,412,583
4,923,624
602,370
687,675
316,856

201409230650(201409230650)
1,084,740
2,412,583
4,925,589
602,370
687,675
316,856

201409230651(201409230651)
1,084,740
2,412,583
4,925,589
602,370
687,675
316,856

201409230652(201409230652)
1,084,740
2,412,583
4,925,963
602,370
687,675
316,856

201409230654(201409230654)
1,084,740
2,412,583
4,926,558
602,401
687,771
316,856

201409230655(201409230655)
1,084,740
2,412,583
4,926,558
602,401
687,771
316,856

201409230656(201409230656)
1,084,740
2,412,583
4,926,558
602,401
687,771
316,905

201409230659(201409230659)
1,084,740
2,412,583
4,926,558
602,485
687,771
317,000

201409230700(201409230700)
1,084,740
2,412,583
4,926,558
602,485
687,771
317,000

201409230701(201409230701)
1,084,740
2,412,583
4,926,558
602,485
688,174
317,009

201409230702(201409230702)
1,084,740
2,412,583
4,926,558
602,485
688,174
317,009

201409230704(201409230704)
1,084,740
2,412,583
4,926,558
602,485
688,191
317,029

201409230705(201409230705)
1,085,375
2,412,583
4,926,558
602,546
688,191
317,029

201409230706(201409230706)
1,085,375
2,412,583
4,929,594
602,546
688,191
317,124

201409230709(201409230709)
1,085,375
2,413,692
4,940,504
602,546
688,191
317,124

201409230710(201409230710)
1,085,375
2,414,058
4,941,853
602,546
688,191
317,124

201409230711(201409230711)
1,085,375
2,414,058
4,943,202
602,546
688,191
317,124

201409230712(201409230712)
1,085,375
2,415,246
4,943,202
602,546
688,191
317,124

201409230714(201409230714)
1,085,375
2,415,246
4,945,511
602,546
688,284
317,124

201409230715(201409230715)
1,085,375
2,415,246
4,947,451
602,546
688,816
317,158

201409230716(201409230716)
1,085,375
2,415,246
4,951,051
602,546
688,816
317,177

201409231259(201409231259)
1,122,723
2,457,086
5,092,389
605,523
697,245
323,342

201409231300(201409231300)
1,122,723
2,457,112
5,092,389
605,523
697,245
323,351

201409231301(201409231301)
1,122,723
2,457,266
5,092,389
605,523
697,271
323,351

201409231302(201409231302)
1,122,723
2,457,266
5,092,389
605,541
697,530
323,351

201409231304(201409231304)
1,122,777
2,457,266
5,092,389
605,541
697,530
323,394

201409231305(201409231305)
1,123,234
2,457,266
5,092,389
605,541
697,819
323,515

201409231306(201409231306)
1,123,703
2,457,266
5,092,389
605,541
697,849
323,583

201409231309(201409231309)
1,123,875
2,459,112
5,092,389
605,541
697,849
323,609

201409231310(201409231310)
1,123,875
2,459,112
5,092,389
605,541
697,849
323,609

201409231311(201409231311)
1,123,875
2,459,112
5,092,389
605,541
697,849
323,652

201409231312(201409231312)
1,123,875
2,459,112
5,092,389
605,541
697,849
323,740

201409231314(201409231314)
1,123,875
2,463,092
5,092,389
605,541
697,849
323,840

201409231315(201409231315)
1,123,875
2,463,092
5,092,389
605,541
697,849
323,840

201409231316(201409231316)
1,123,875
2,463,092
5,092,389
605,541
697,849
323,874

201409231317(201409231317)
1,123,875
2,463,092
5,092,389
605,541
697,849
323,874

201409231319(201409231319)
1,123,875
2,463,092
5,092,389
605,541
697,849
323,953

201409231320(201409231320)
1,123,875
2,463,092
5,092,389
605,541
697,849
324,002

201409231321(201409231321)
1,123,875
2,463,337
5,092,389
605,541
697,849
324,002

201409231322(201409231322)
1,125,291
2,463,337
5,092,389
605,541
697,849
324,135

201409231324(201409231324)
1,126,771
2,468,719
5,092,389
605,590
697,849
324,135

201409231325(201409231325)
1,126,771
2,468,719
5,092,389
605,590
697,849
324,154

201409231326(201409231326)
1,126,771
2,468,719
5,092,389
605,590
697,849
324,217

201409231329(201409231329)
1,126,771
2,468,719
5,095,311
605,590
697,849
324,247

201409231330(201409231330)
1,126,771
2,468,719
5,095,638
605,590
697,849
324,247

201409231331(201409231331)
1,126,771
2,468,719
5,095,638
605,590
697,849
324,324

201409231332(201409231332)
1,126,771
2,468,719
5,095,638
605,590
697,849
324,324

201409231334(201409231334)
1,126,771
2,468,719
5,095,638
605,590
697,849
324,324

201409231335(201409231335)
1,126,771
2,468,719
5,095,638
605,590
697,849
324,324

201409231336(201409231336)
1,126,771
2,468,719
5,095,960
605,590
697,849
324,324

201409231339(201409231339)
1,126,771
2,470,150
5,105,195
605,636
697,849
324,324

201409231340(201409231340)
1,126,771
2,472,680
5,106,475
605,636
697,849
324,324

201409231341(201409231341)
1,126,771
2,472,984
5,106,475
605,636
697,849
324,324

201409231342(201409231342)
1,126,771
2,472,984
5,106,475
605,636
697,849
324,324

201409231344(201409231344)
1,127,125
2,472,984
5,107,168
605,636
697,964
324,354

201409231345(201409231345)
1,127,125
2,472,984
5,107,818
605,636
697,964
324,354

201409231346(201409231346)
1,127,583
2,472,984
5,109,487
605,636
697,964
324,354

201409231349(201409231349)
1,127,583
2,472,984
5,112,726
605,671
697,964
324,354

201409231350(201409231350)
1,127,583
2,472,984
5,112,726
605,671
697,964
324,354

201409231351(201409231351)
1,127,583
2,472,984
5,112,726
605,671
697,964
324,354

201409231352(201409231352)
1,127,583
2,472,984
5,112,792
605,671
698,118
324,354

201409231354(201409231354)
1,127,583
2,472,984
5,112,792
605,671
698,118
324,443

201409231355(201409231355)
1,127,583
2,472,984
5,112,792
605,671
698,118
324,443

201409231356(201409231356)
1,127,583
2,472,984
5,113,736
605,671
698,118
324,443

201409231359(201409231359)
1,128,561
2,472,984
5,113,810
605,671
698,360
324,522

201409231400(201409231400)
1,128,561
2,472,984
5,113,810
605,671
698,417
324,652

201409231401(201409231401)
1,129,809
2,472,984
5,113,810
605,671
698,617
324,652

201409231402(201409231402)
1,130,072
2,472,984
5,113,810
605,671
698,617
324,821

201409231404(201409231404)
1,130,402
2,472,984
5,113,810
605,756
698,623
324,821

201409231405(201409231405)
1,130,402
2,472,984
5,113,810
605,756
698,623
324,821

201409231406(201409231406)
1,130,402
2,472,984
5,113,810
605,756
698,623
324,957

201409231409(201409231409)
1,130,402
2,472,984
5,113,810
605,756
699,111
324,957

201409231410(201409231410)
1,130,402
2,473,499
5,113,810
605,756
699,111
325,034

201409231411(201409231411)
1,130,402
2,473,867
5,113,810
605,756
699,111
325,034

201409231412(201409231412)
1,130,402
2,475,244
5,113,810
605,756
699,111
325,034

201409231413(201409231413)
1,130,512
2,475,244
5,113,810
605,756
699,111
325,034

201409231414(201409231414)
1,130,512
2,475,244
5,113,810
605,756
699,570
325,055

201409231415(201409231415)
1,130,648
2,475,244
5,113,810
605,756
699,577
325,055

201409231416(201409231416)
1,130,648
2,475,244
5,113,810
605,756
699,682
325,055

201409231419(201409231419)
1,130,648
2,475,244
5,113,810
605,756
699,682
325,055

201409231420(201409231420)
1,130,648
2,475,244
5,113,810
605,756
699,682
325,055

201409231421(201409231421)
1,130,648
2,475,244
5,113,810
605,756
699,682
325,055

201409231422(201409231422)
1,130,648
2,475,869
5,113,810
605,899
699,682
325,055

201409231424(201409231424)
1,130,648
2,479,160
5,113,810
605,919
700,214
325,055

201409231425(201409231425)
1,130,648
2,479,948
5,113,810
605,919
700,214
325,055

201409231426(201409231426)
1,130,648
2,479,948
5,113,810
605,919
700,214
325,119

201409231429(201409231429)
1,130,648
2,480,941
5,113,810
605,919
700,238
325,248

201409231430(201409231430)
1,130,648
2,480,941
5,113,810
605,919
700,238
325,314

201409231431(201409231431)
1,130,648
2,480,941
5,113,810
605,919
700,238
325,314

201409231432(201409231432)
1,130,648
2,480,941
5,113,810
605,919
700,238
325,314

201409231434(201409231434)
1,130,648
2,480,941
5,113,810
605,919
700,330
325,314

201409231435(201409231435)
1,132,706
2,480,941
5,113,810
605,919
700,330
325,314

201409231436(201409231436)
1,132,999
2,480,941
5,113,810
605,919
700,330
325,314

201409231439(201409231439)
1,132,999
2,484,419
5,113,810
605,919
700,330
325,623

201409231440(201409231440)
1,135,963
2,484,419
5,113,810
605,919
700,330
325,780

201409231441(201409231441)
1,135,963
2,485,381
5,113,810
605,919
700,330
325,780

201409231442(201409231442)
1,135,963
2,485,578
5,113,810
605,919
700,330
325,780

201409231444(201409231444)
1,137,745
2,485,578
5,113,810
605,981
700,330
325,798

201409231445(201409231445)
1,138,039
2,485,578
5,113,810
605,981
700,330
325,798

201409231446(201409231446)
1,138,039
2,485,578
5,115,535
605,981
700,381
325,800

201409231449(201409231449)
1,138,039
2,486,042
5,116,355
605,981
700,483
326,024

201409231450(201409231450)
1,138,039
2,486,042
5,116,355
605,981
700,483
326,024

201409231451(201409231451)
1,139,037
2,486,042
5,116,355
605,981
700,483
326,024

201409231452(201409231452)
1,139,037
2,486,042
5,116,355
605,981
700,483
326,082

201409231454(201409231454)
1,139,037
2,486,042
5,116,355
605,981
700,483
326,170

201409231455(201409231455)
1,139,037
2,486,042
5,116,355
605,981
700,483
326,243

201409231456(201409231456)
1,139,037
2,487,581
5,116,355
605,981
700,483
326,448

201409231459(201409231459)
1,139,037
2,488,517
5,116,355
605,981
700,483
326,461

201409231500(201409231500)
1,139,037
2,488,517
5,116,355
605,981
700,483
326,461

201409231501(201409231501)
1,139,037
2,488,517
5,116,355
605,981
700,483
326,461

201409231502(201409231502)
1,139,770
2,488,594
5,116,355
605,981
700,483
326,461

201409231504(201409231504)
1,139,770
2,490,991
5,116,355
605,981
700,483
326,512

201409231505(201409231505)
1,139,770
2,490,991
5,116,355
605,981
700,483
326,512

201409231506(201409231506)
1,139,770
2,490,991
5,116,355
605,981
700,483
326,512

201409231509(201409231509)
1,139,770
2,490,991
5,116,355
606,113
700,532
326,611

201409231510(201409231510)
1,139,770
2,490,991
5,116,355
606,113
700,532
326,733

201409231511(201409231511)
1,139,770
2,490,991
5,116,355
606,113
700,532
326,980

201409231512(201409231512)
1,139,770
2,491,642
5,116,355
606,113
700,675
326,985

201409231514(201409231514)
1,139,770
2,501,177
5,116,355
606,113
700,675
327,024

201409231515(201409231515)
1,139,770
2,501,177
5,116,355
606,113
700,675
327,024

201409231516(201409231516)
1,139,770
2,501,177
5,116,355
606,158
700,790
327,024

201409231519(201409231519)
1,139,770
2,501,177
5,116,355
606,158
701,098
327,162

201409231520(201409231520)
1,139,770
2,501,177
5,116,355
606,158
701,098
327,286

201409231521(201409231521)
1,139,770
2,501,177
5,116,355
606,207
701,098
327,329

201409231522(201409231522)
1,139,770
2,501,177
5,120,184
606,244
701,098
327,359

201409231524(201409231524)
1,139,770
2,501,177
5,124,972
606,340
701,098
327,387

201409231525(201409231525)
1,139,770
2,501,177
5,128,626
606,340
701,098
327,387

201409231526(201409231526)
1,139,770
2,501,177
5,128,968
606,340
701,098
327,387

201409231529(201409231529)
1,139,770
2,501,177
5,132,046
606,372
701,098
327,415

201409231530(201409231530)
1,139,770
2,501,177
5,132,046
606,372
701,098
327,415

201409231531(201409231531)
1,139,770
2,501,177
5,133,756
606,372
701,098
327,415

201409231532(201409231532)
1,139,770
2,501,177
5,137,410
606,372
701,098
327,422

201409231534(201409231534)
1,139,770
2,501,177
5,141,856
606,372
701,098
327,565

201409231535(201409231535)
1,139,770
2,501,177
5,142,540
606,372
701,260
327,565

201409231536(201409231536)
1,139,770
2,501,177
5,146,472
606,372
701,260
327,565

201409231539(201409231539)
1,141,481
2,501,858
5,153,546
606,387
701,260
327,575

201409231540(201409231540)
1,141,481
2,501,858
5,155,858
606,387
701,260
327,575

201409231541(201409231541)
1,141,481
2,501,858
5,155,858
606,387
701,260
327,597

201409231542(201409231542)
1,141,481
2,501,858
5,155,858
606,423
701,260
327,706

201409231544(201409231544)
1,141,481
2,502,338
5,155,858
606,423
701,285
327,706

201409231545(201409231545)
1,141,481
2,502,338
5,155,858
606,423
701,285
327,738

201409231546(201409231546)
1,141,481
2,502,338
5,155,858
606,423
701,285
327,769

201409231549(201409231549)
1,141,481
2,503,691
5,155,858
606,423
701,564
327,769

201409231550(201409231550)
1,141,481
2,504,066
5,155,858
606,426
701,564
327,854

201409231551(201409231551)
1,142,281
2,504,066
5,155,858
606,426
701,564
327,890

201409231552(201409231552)
1,142,281
2,504,491
5,155,858
606,426
701,564
327,890

201409231554(201409231554)
1,142,281
2,504,491
5,155,858
606,426
701,564
327,890

201409231555(201409231555)
1,142,281
2,504,491
5,155,858
606,426
701,564
327,890

201409231556(201409231556)
1,142,281
2,504,491
5,155,858
606,426
701,564
327,890

201409231559(201409231559)
1,142,281
2,504,491
5,155,858
606,426
701,564
327,960

201409231600(201409231600)
1,142,281
2,504,491
5,155,858
606,426
702,101
327,960

201409231601(201409231601)
1,142,281
2,504,491
5,155,858
606,426
702,101
327,960

201409231602(201409231602)
1,142,281
2,504,491
5,155,858
606,426
702,101
327,960

201409231604(201409231604)
1,142,281
2,504,491
5,157,696
606,599
702,101
327,974

201409231605(201409231605)
1,142,281
2,504,491
5,157,696
606,599
702,101
327,974

201409231606(201409231606)
1,142,281
2,504,491
5,157,696
606,599
702,103
327,974

201409231609(201409231609)
1,142,281
2,504,491
5,157,696
606,625
702,213
327,974

201409231610(201409231610)
1,142,281
2,504,491
5,157,696
606,625
702,213
328,010

201409231611(201409231611)
1,142,281
2,504,491
5,157,696
606,625
702,213
328,010

201409231611(201409231611)
1,142,281
2,504,491
5,157,696
606,625
702,213
328,010

201409231612(201409231612)
1,142,281
2,505,908
5,157,696
606,625
702,213
328,021

201409231613(201409231613)
1,142,281
2,507,916
5,157,696
606,625
702,864
328,034

201409231613(201409231613)
1,142,281
2,507,916
5,157,696
606,625
702,864
328,034

201409231614(201409231614)
1,142,281
2,507,916
5,157,696
606,625
702,864
328,034

201409231615(201409231615)
1,142,281
2,507,916
5,157,696
606,767
702,864
328,207

201409231616(201409231616)
1,142,281
2,507,916
5,157,696
606,767
702,864
328,207

201409231619(201409231619)
1,142,281
2,507,916
5,157,696
606,767
702,864
328,207

201409231620(201409231620)
1,142,281
2,507,916
5,157,696
606,767
702,864
328,207

201409231621(201409231621)
1,142,281
2,507,916
5,157,696
606,777
702,864
328,258

201409231622(201409231622)
1,142,281
2,507,916
5,157,696
606,777
702,914
328,258

201409231624(201409231624)
1,142,281
2,507,916
5,157,696
606,777
703,073
328,338

201409231625(201409231625)
1,142,281
2,510,018
5,157,696
606,777
703,073
328,341

201409231626(201409231626)
1,142,281
2,510,230
5,157,696
606,777
703,073
328,341

201409231629(201409231629)
1,143,478
2,513,985
5,157,696
606,860
703,073
328,341

201409231630(201409231630)
1,143,478
2,513,985
5,157,696
606,860
703,073
328,341

201409231631(201409231631)
1,143,478
2,514,504
5,157,696
606,879
703,073
328,341

201409231632(201409231632)
1,143,478
2,517,567
5,157,696
606,879
703,073
328,341

201409231634(201409231634)
1,143,478
2,517,892
5,157,696
606,879
703,167
328,341

201409231635(201409231635)
1,143,478
2,518,229
5,157,696
606,879
703,405
328,341

201409231636(201409231636)
1,143,478
2,518,229
5,157,696
606,879
703,405
328,341

201409231639(201409231639)
1,143,478
2,518,558
5,157,696
606,879
703,462
328,341

201409231640(201409231640)
1,143,478
2,519,013
5,157,696
606,879
703,567
328,341

201409231641(201409231641)
1,143,478
2,519,187
5,157,696
606,880
703,763
328,341

201409231642(201409231642)
1,143,478
2,519,187
5,157,696
606,880
703,763
328,341

201409231644(201409231644)
1,145,322
2,520,506
5,158,799
606,880
703,763
328,398

201409231645(201409231645)
1,146,598
2,521,172
5,159,172
606,880
703,763
328,398

201409231646(201409231646)
1,148,248
2,521,172
5,160,676
606,880
703,763
328,398

201409231649(201409231649)
1,148,618
2,522,150
5,161,409
606,880
703,763
328,460

201409231650(201409231650)
1,148,618
2,522,374
5,162,472
606,880
703,943
328,460

201409231650(201409231650)
1,148,618
2,522,374
5,162,472
606,880
703,943
328,460

201409231651(201409231651)
1,148,618
2,522,374
5,162,472
606,880
703,943
328,460

201409231652(201409231652)
1,148,618
2,522,374
5,162,472
606,880
703,943
328,460

201409231653(201409231653)
1,148,618
2,522,457
5,162,472
606,880
704,075
328,460

201409231654(201409231654)
1,148,618
2,523,766
5,162,472
606,880
704,075
328,460

201409231655(201409231655)
1,148,618
2,523,821
5,164,442
606,880
704,075
328,460

201409231656(201409231656)
1,148,618
2,524,440
5,164,442
606,880
704,075
328,460

201409231659(201409231659)
1,148,618
2,525,093
5,164,442
606,940
704,168
328,483

201409231700(201409231700)
1,148,618
2,525,093
5,164,442
606,940
704,168
328,483

201409231701(201409231701)
1,148,618
2,525,431
5,164,442
606,940
704,168
328,483

201409231702(201409231702)
1,148,618
2,525,718
5,164,442
606,940
704,168
328,483

201409231704(201409231704)
1,148,618
2,525,718
5,164,442
606,940
704,312
328,483

201409231705(201409231705)
1,148,618
2,525,718
5,164,442
606,940
704,312
328,483

201409231706(201409231706)
1,148,618
2,525,718
5,164,442
606,940
704,312
328,483

