201409241634(201409241634)
1,266,061
2,784,084
5,659,320
617,316
740,451
350,006

201409241635(201409241635)
1,266,061
2,784,084
5,659,320
617,316
740,451
350,006

201409241636(201409241636)
1,266,061
2,784,084
5,659,320
617,936
741,116
350,006

201409241639(201409241639)
1,266,061
2,784,084
5,659,320
618,002
741,592
350,006

201409241640(201409241640)
1,266,061
2,784,084
5,659,320
618,002
741,592
350,006

201409241641(201409241641)
1,266,061
2,784,084
5,659,320
618,002
741,592
350,070

201409241642(201409241642)
1,266,061
2,784,084
5,659,320
618,002
741,592
350,070

201409241644(201409241644)
1,266,061
2,784,084
5,659,320
618,002
741,592
350,097

201409241645(201409241645)
1,266,061
2,784,084
5,659,320
618,002
741,997
350,097

201409241646(201409241646)
1,266,061
2,784,084
5,659,320
618,011
741,997
350,097

201409241649(201409241649)
1,266,061
2,788,459
5,659,320
618,011
741,997
350,125

201409241650(201409241650)
1,266,061
2,788,459
5,659,320
618,011
741,997
350,125

201409241651(201409241651)
1,266,061
2,788,459
5,659,320
618,011
741,997
350,125

201409241652(201409241652)
1,266,061
2,788,459
5,659,320
618,011
741,997
350,125

201409241654(201409241654)
1,266,061
2,788,459
5,659,320
618,011
741,997
350,186

201409241655(201409241655)
1,266,061
2,788,459
5,659,320
618,011
741,997
350,186

201409241656(201409241656)
1,266,061
2,788,459
5,659,320
618,011
741,997
350,186

201409241659(201409241659)
1,266,061
2,788,573
5,659,320
618,011
741,997
350,321

201409241700(201409241700)
1,266,061
2,788,573
5,659,320
618,034
741,997
350,321

201409241701(201409241701)
1,266,061
2,788,573
5,659,320
618,058
741,997
350,321

201409241702(201409241702)
1,266,061
2,788,573
5,659,320
618,058
741,997
350,321

201409241704(201409241704)
1,266,061
2,788,573
5,659,320
618,058
741,997
350,321

201409241705(201409241705)
1,266,061
2,788,573
5,659,320
618,058
741,997
350,321

201409241706(201409241706)
1,266,061
2,788,573
5,659,320
618,058
741,997
350,321

201409241709(201409241709)
1,266,061
2,789,428
5,659,320
618,058
741,997
350,326

201409241710(201409241710)
1,266,061
2,789,428
5,659,320
618,167
741,997
350,326

201409241711(201409241711)
1,266,061
2,789,428
5,659,320
618,167
742,052
350,326

201409241712(201409241712)
1,266,061
2,789,428
5,659,320
618,167
742,385
350,326

201409241714(201409241714)
1,266,061
2,789,428
5,659,320
618,167
742,385
350,326

201409241715(201409241715)
1,266,061
2,789,428
5,659,320
618,167
742,385
350,326

201409241715(201409241715)
1,266,061
2,789,428
5,659,320
618,167
742,385
350,326

201409241716(201409241716)
1,266,061
2,789,428
5,659,320
618,167
742,385
350,326

201409241717(201409241717)
1,266,061
2,789,428
5,659,320
618,167
742,385
350,326

201409241719(201409241719)
1,266,061
2,789,428
5,659,320
618,167
742,385
350,326

201409241720(201409241720)
1,266,061
2,789,428
5,659,320
618,167
742,385
350,326

201409241721(201409241721)
1,266,061
2,789,428
5,659,320
618,167
742,385
350,326

201409241722(201409241722)
1,266,061
2,789,428
5,659,320
618,167
742,385
350,403

201409241724(201409241724)
1,266,061
2,789,428
5,659,320
618,167
742,385
350,421

201409241725(201409241725)
1,266,061
2,789,428
5,659,320
618,167
742,385
350,421

201409241726(201409241726)
1,266,061
2,789,428
5,659,320
618,167
742,385
350,421

201409241729(201409241729)
1,266,061
2,789,428
5,659,320
618,335
742,385
350,421

201409241730(201409241730)
1,266,061
2,789,428
5,659,320
618,335
742,385
350,426

201409241731(201409241731)
1,266,061
2,789,428
5,659,320
618,335
742,385
350,426

201409241732(201409241732)
1,266,061
2,789,428
5,659,320
618,335
742,385
350,426

201409241734(201409241734)
1,266,061
2,789,428
5,659,320
618,335
742,550
350,426

201409241735(201409241735)
1,266,061
2,789,428
5,659,320
618,335
742,550
350,426

201409241736(201409241736)
1,266,061
2,789,428
5,659,320
618,335
742,550
350,426

201409241739(201409241739)
1,266,061
2,789,428
5,659,320
618,462
742,550
350,656

201409241740(201409241740)
1,266,061
2,789,428
5,659,320
618,462
742,550
350,780

201409241741(201409241741)
1,266,061
2,793,548
5,659,320
618,462
742,630
350,780

201409241742(201409241742)
1,266,061
2,793,548
5,659,320
618,462
742,731
350,780

201409241744(201409241744)
1,266,061
2,793,548
5,659,320
618,462
742,871
350,780

201409241745(201409241745)
1,266,061
2,793,548
5,659,320
618,462
742,871
350,780

201409241746(201409241746)
1,266,061
2,793,548
5,659,320
618,462
742,871
350,780

201409241749(201409241749)
1,266,061
2,793,548
5,659,320
618,462
742,871
350,782

201409241750(201409241750)
1,266,061
2,793,548
5,659,320
618,462
742,871
350,782

201409241751(201409241751)
1,266,061
2,793,548
5,659,320
618,462
742,871
350,782

201409241752(201409241752)
1,266,061
2,793,548
5,659,320
618,462
742,871
350,811

201409241754(201409241754)
1,266,061
2,793,548
5,659,320
618,462
742,871
350,886

201409241755(201409241755)
1,266,061
2,793,548
5,659,320
618,462
742,871
350,886

201409241756(201409241756)
1,266,061
2,793,548
5,659,320
618,462
742,871
350,886

201409241759(201409241759)
1,266,061
2,793,548
5,659,320
618,499
742,871
351,010

201409241800(201409241800)
1,266,061
2,793,548
5,659,320
618,499
742,871
351,116

201409241801(201409241801)
1,266,061
2,793,662
5,659,320
618,499
742,871
351,116

201409241802(201409241802)
1,266,061
2,793,662
5,659,320
618,499
742,871
351,116

201409241804(201409241804)
1,266,061
2,793,662
5,659,320
618,499
742,871
351,132

201409241805(201409241805)
1,266,061
2,793,662
5,659,320
618,499
742,871
351,132

201409241806(201409241806)
1,266,061
2,793,662
5,659,320
618,499
742,871
351,132

201409241807(201409241807)
1,266,061
2,793,662
5,659,320
618,499
742,871
351,132

201409241807(201409241807)
1,266,061
2,793,662
5,659,320
618,499
742,871
351,132

201409241809(201409241809)
1,266,061
2,793,662
5,659,320
618,499
742,871
351,132

201409241810(201409241810)
1,266,061
2,793,662
5,659,320
618,499
742,871
351,139

201409241811(201409241811)
1,266,061
2,793,662
5,659,320
618,499
742,871
351,168

201409241812(201409241812)
1,266,061
2,793,662
5,659,320
618,499
742,871
351,168

201409241814(201409241814)
1,266,061
2,793,662
5,659,320
618,499
742,871
351,168

201409241815(201409241815)
1,266,061
2,793,662
5,659,320
618,499
742,940
351,168

201409241816(201409241816)
1,266,132
2,793,662
5,659,320
618,499
742,940
351,168

201409241819(201409241819)
1,266,132
2,793,662
5,659,320
618,535
742,940
351,293

201409241820(201409241820)
1,266,132
2,793,662
5,659,320
618,535
742,940
351,304

201409241821(201409241821)
1,266,132
2,793,662
5,659,320
618,535
742,940
351,304

201409241822(201409241822)
1,266,132
2,793,662
5,659,320
618,535
742,952
351,304

201409241824(201409241824)
1,266,132
2,793,662
5,659,320
618,535
742,952
351,304

201409241825(201409241825)
1,266,132
2,793,662
5,659,320
618,535
742,952
351,304

201409241826(201409241826)
1,266,132
2,793,662
5,659,320
618,535
742,952
351,304

201409241829(201409241829)
1,269,504
2,793,662
5,659,320
618,535
742,952
351,445

201409241830(201409241830)
1,269,504
2,793,662
5,659,320
618,535
742,952
351,447

201409241831(201409241831)
1,269,504
2,794,657
5,659,320
618,535
742,952
351,447

201409241832(201409241832)
1,269,504
2,794,657
5,659,320
618,535
743,001
351,465

201409241834(201409241834)
1,269,504
2,794,657
5,659,320
618,535
743,001
351,484

201409241835(201409241835)
1,269,504
2,795,734
5,659,320
618,535
743,001
351,484

201409241836(201409241836)
1,269,504
2,795,734
5,659,320
618,535
743,001
351,507

201409241839(201409241839)
1,269,504
2,795,734
5,659,320
618,535
743,036
351,577

201409241840(201409241840)
1,269,504
2,795,734
5,659,320
618,535
743,036
351,577

201409241841(201409241841)
1,269,504
2,795,734
5,659,320
618,535
743,699
351,738

201409241842(201409241842)
1,269,504
2,795,734
5,659,320
618,535
743,699
351,814

201409241844(201409241844)
1,269,504
2,795,734
5,659,320
618,535
743,699
351,814

201409241845(201409241845)
1,269,504
2,795,734
5,659,320
618,535
743,699
351,909

201409241846(201409241846)
1,269,504
2,796,193
5,659,320
618,535
743,699
351,909

201409241849(201409241849)
1,269,504
2,797,568
5,659,320
618,535
743,699
351,997

201409241850(201409241850)
1,269,504
2,797,568
5,659,320
618,535
743,699
351,997

201409241851(201409241851)
1,269,504
2,797,568
5,659,320
618,535
743,699
352,016

201409241852(201409241852)
1,269,504
2,797,568
5,659,320
618,535
743,699
352,100

201409241854(201409241854)
1,269,504
2,797,568
5,659,320
618,574
743,699
352,133

201409241854(201409241854)
1,269,504
2,797,568
5,659,320
618,574
743,699
352,133

201409241855(201409241855)
1,269,504
2,797,568
5,659,320
618,574
743,856
352,133

201409241856(201409241856)
1,269,504
2,797,568
5,659,320
618,575
743,950
352,133

201409241859(201409241859)
1,269,504
2,797,568
5,659,320
618,575
744,248
352,394

201409241900(201409241900)
1,269,504
2,797,568
5,659,320
618,575
744,248
352,421

201409241901(201409241901)
1,269,504
2,797,568
5,659,320
618,575
744,248
352,421

201409241902(201409241902)
1,269,504
2,797,568
5,659,320
618,575
744,248
352,506

201409241904(201409241904)
1,269,551
2,797,568
5,659,320
618,575
744,248
352,519

201409241905(201409241905)
1,269,551
2,797,568
5,659,320
618,575
744,248
352,519

201409241906(201409241906)
1,269,551
2,797,568
5,659,320
618,575
744,248
352,519

201409241909(201409241909)
1,269,551
2,797,568
5,659,320
618,575
744,586
352,519

201409241910(201409241910)
1,269,551
2,797,568
5,659,320
618,575
744,656
352,519

201409241911(201409241911)
1,269,551
2,798,229
5,659,320
618,575
745,231
352,519

201409241912(201409241912)
1,269,551
2,798,608
5,659,320
618,575
745,314
352,519

201409241914(201409241914)
1,269,551
2,798,608
5,659,320
618,575
745,314
352,548

201409241915(201409241915)
1,269,551
2,798,608
5,659,320
618,575
745,314
352,556

201409241916(201409241916)
1,269,551
2,798,608
5,659,320
618,575
745,314
352,556

201409241919(201409241919)
1,269,551
2,798,608
5,659,320
618,760
745,314
352,566

201409241920(201409241920)
1,269,551
2,798,608
5,659,320
618,760
745,314
352,627

201409241921(201409241921)
1,269,551
2,798,608
5,659,320
618,760
745,314
352,627

201409241922(201409241922)
1,269,551
2,798,608
5,659,320
618,760
745,314
352,627

201409241924(201409241924)
1,269,551
2,801,248
5,659,320
618,760
745,314
352,627

201409241925(201409241925)
1,269,551
2,801,995
5,659,320
618,760
745,314
352,627

201409241926(201409241926)
1,269,551
2,801,995
5,659,320
618,760
745,314
352,627

201409241929(201409241929)
1,269,551
2,803,322
5,659,320
618,760
745,635
352,677

201409241930(201409241930)
1,271,510
2,803,963
5,659,320
618,760
745,748
352,677

201409241931(201409241931)
1,271,510
2,803,963
5,659,320
618,811
745,748
352,677

201409241932(201409241932)
1,271,510
2,803,963
5,659,320
618,811
745,748
352,677

201409241934(201409241934)
1,271,510
2,803,963
5,659,320
618,811
745,748
352,677

201409241935(201409241935)
1,271,510
2,803,963
5,659,320
618,811
745,748
352,677

201409241936(201409241936)
1,271,510
2,803,963
5,659,320
618,811
745,748
352,733

201409241939(201409241939)
1,271,607
2,803,963
5,659,320
618,999
745,748
352,918

201409241940(201409241940)
1,271,609
2,803,963
5,659,320
618,999
745,748
352,918

201409241941(201409241941)
1,271,609
2,803,963
5,659,320
618,999
745,748
352,918

201409241942(201409241942)
1,271,609
2,803,963
5,659,320
618,999
745,748
353,084

201409241944(201409241944)
1,271,609
2,803,963
5,659,320
618,999
745,771
353,114

201409241945(201409241945)
1,271,609
2,803,963
5,659,320
618,999
745,771
353,115

201409241946(201409241946)
1,271,609
2,803,963
5,659,320
618,999
745,771
353,141

201409241949(201409241949)
1,271,609
2,803,963
5,659,320
618,999
746,515
353,293

201409241950(201409241950)
1,271,609
2,803,963
5,659,320
619,046
746,561
353,346

201409241951(201409241951)
1,271,609
2,803,963
5,659,320
619,054
746,561
353,346

201409241952(201409241952)
1,271,609
2,803,963
5,659,320
619,054
746,595
353,346

201409241954(201409241954)
1,271,609
2,803,963
5,659,320
619,170
746,769
353,405

201409241955(201409241955)
1,271,609
2,803,963
5,659,320
619,170
746,769
353,405

201409241956(201409241956)
1,271,609
2,808,547
5,659,320
619,170
746,769
353,434

201409241959(201409241959)
1,271,609
2,808,547
5,659,320
619,170
746,952
353,434

201409242000(201409242000)
1,271,609
2,808,547
5,659,320
619,170
746,952
353,434

201409242001(201409242001)
1,271,609
2,808,547
5,659,320
619,170
746,952
353,434

201409242002(201409242002)
1,271,609
2,808,547
5,659,320
619,267
746,952
353,521

201409242004(201409242004)
1,271,609
2,808,547
5,659,320
619,267
746,952
353,579

201409242005(201409242005)
1,271,609
2,808,547
5,659,320
619,267
746,952
353,579

201409242006(201409242006)
1,271,609
2,808,547
5,659,320
619,379
746,952
353,596

201409242009(201409242009)
1,271,609
2,808,547
5,659,320
619,379
747,131
353,645

201409242010(201409242010)
1,271,609
2,808,547
5,659,320
619,379
747,131
353,645

201409242011(201409242011)
1,271,609
2,808,547
5,659,320
619,506
747,131
353,645

201409242012(201409242012)
1,271,609
2,808,547
5,659,320
619,506
747,131
353,645

201409242014(201409242014)
1,271,609
2,808,547
5,659,320
619,647
747,131
353,871

201409242015(201409242015)
1,271,609
2,808,547
5,659,320
619,647
747,278
354,051

201409242016(201409242016)
1,271,609
2,808,547
5,659,320
619,647
747,285
354,292

201409242019(201409242019)
1,271,609
2,808,547
5,659,852
619,688
747,706
354,306

201409242020(201409242020)
1,271,609
2,808,547
5,662,475
619,688
747,706
354,322

201409242021(201409242021)
1,271,609
2,808,547
5,665,959
619,688
747,706
354,322

201409242022(201409242022)
1,271,609
2,813,252
5,668,587
619,688
747,706
354,322

201409242024(201409242024)
1,271,609
2,813,252
5,668,587
619,688
747,706
354,322

201409242025(201409242025)
1,271,609
2,813,252
5,668,587
619,688
747,706
354,322

201409242026(201409242026)
1,271,609
2,813,252
5,668,587
619,688
747,706
354,322

201409242029(201409242029)
1,271,609
2,813,252
5,668,587
620,104
747,784
354,361

201409242030(201409242030)
1,271,609
2,813,252
5,668,587
620,104
747,784
354,361

201409242031(201409242031)
1,271,609
2,813,252
5,668,587
620,157
747,784
354,361

201409242032(201409242032)
1,271,609
2,813,252
5,668,587
620,157
747,784
354,361

201409242034(201409242034)
1,271,609
2,813,252
5,668,587
620,157
747,784
354,583

201409242035(201409242035)
1,271,609
2,813,252
5,668,587
620,157
747,784
354,654

201409242036(201409242036)
1,271,609
2,813,252
5,668,587
620,157
747,784
354,676

201409242039(201409242039)
1,271,609
2,813,252
5,668,587
620,157
747,784
354,676

201409242040(201409242040)
1,271,609
2,813,252
5,668,587
620,157
748,113
354,676

201409242041(201409242041)
1,271,609
2,813,252
5,668,587
620,157
748,143
354,676

201409242042(201409242042)
1,271,609
2,813,252
5,668,587
620,157
748,143
354,676

201409242044(201409242044)
1,271,609
2,813,631
5,668,587
620,157
748,143
354,676

201409242045(201409242045)
1,271,609
2,814,426
5,668,587
620,157
748,143
354,676

201409242046(201409242046)
1,271,609
2,814,426
5,668,587
620,157
748,315
354,676

201409242049(201409242049)
1,271,609
2,814,426
5,668,587
620,157
748,315
354,823

201409242050(201409242050)
1,271,609
2,814,426
5,668,587
620,157
748,315
354,823

201409242051(201409242051)
1,271,609
2,814,426
5,668,587
620,157
748,471
354,823

201409242052(201409242052)
1,271,609
2,814,426
5,668,587
620,157
748,706
354,968

201409242053(201409242053)
1,271,609
2,814,426
5,668,587
620,157
748,706
355,118

201409242054(201409242054)
1,271,609
2,814,426
5,668,587
620,157
748,706
355,135

201409242055(201409242055)
1,271,609
2,814,426
5,668,587
620,157
748,706
355,155

201409242055(201409242055)
1,271,609
2,814,426
5,668,587
620,157
748,706
355,155

201409242056(201409242056)
1,271,609
2,814,426
5,668,587
620,157
748,706
355,155

201409242059(201409242059)
1,271,652
2,814,426
5,668,587
620,157
748,706
355,301

201409242100(201409242100)
1,272,836
2,814,426
5,668,587
620,157
748,706
355,301

201409242101(201409242101)
1,272,836
2,814,426
5,668,587
620,157
748,706
355,301

201409242102(201409242102)
1,272,836
2,814,426
5,668,587
620,157
748,706
355,301

201409242104(201409242104)
1,272,836
2,814,426
5,668,587
620,157
748,706
355,386

201409242105(201409242105)
1,272,836
2,814,426
5,668,587
620,157
748,706
355,476

201409242106(201409242106)
1,272,836
2,814,426
5,668,587
620,157
748,748
355,476

201409242109(201409242109)
1,272,836
2,814,426
5,668,587
620,157
749,463
355,509

201409242110(201409242110)
1,272,836
2,814,426
5,668,587
620,157
749,463
355,509

201409242111(201409242111)
1,272,836
2,814,426
5,668,587
620,157
749,463
355,509

201409242112(201409242112)
1,272,836
2,814,426
5,668,587
620,157
749,603
355,509

201409242114(201409242114)
1,272,836
2,814,426
5,668,587
620,654
749,603
355,692

201409242115(201409242115)
1,273,036
2,814,426
5,668,587
620,663
749,891
355,692

201409242116(201409242116)
1,273,036
2,814,426
5,668,587
620,761
749,891
355,754

201409242119(201409242119)
1,275,135
2,817,011
5,668,587
620,761
750,212
355,816

201409242120(201409242120)
1,275,135
2,817,928
5,668,587
620,769
750,212
355,816

201409242121(201409242121)
1,275,135
2,819,230
5,668,587
620,806
750,212
355,816

201409242122(201409242122)
1,275,135
2,820,853
5,669,403
620,806
750,212
355,816

201409242124(201409242124)
1,275,135
2,824,629
5,671,627
620,806
750,212
355,842

201409242125(201409242125)
1,275,135
2,826,021
5,671,627
620,806
750,212
355,842

201409242126(201409242126)
1,275,135
2,826,673
5,671,627
620,806
750,212
355,842

201409242129(201409242129)
1,275,135
2,826,673
5,672,822
620,806
750,212
356,019

201409242130(201409242130)
1,275,135
2,826,673
5,673,733
620,806
750,212
356,019

201409242131(201409242131)
1,275,135
2,826,673
5,675,256
620,806
750,212
356,019

201409242132(201409242132)
1,275,135
2,826,673
5,675,545
620,806
750,212
356,042

201409242134(201409242134)
1,275,505
2,833,132
5,676,742
620,806
750,212
356,071

201409242135(201409242135)
1,275,505
2,836,121
5,677,615
620,806
750,212
356,214

201409242136(201409242136)
1,275,505
2,836,121
5,687,716
620,806
750,212
356,231

201409242139(201409242139)
1,275,505
2,836,121
5,695,440
620,806
750,972
356,231

201409242140(201409242140)
1,275,505
2,836,121
5,695,440
620,806
750,972
356,231

201409242141(201409242141)
1,275,505
2,836,121
5,695,440
620,806
750,972
356,231

201409242142(201409242142)
1,275,505
2,836,121
5,695,440
620,906
750,972
356,231

201409242144(201409242144)
1,275,505
2,837,286
5,695,440
620,906
750,972
356,231

201409242145(201409242145)
1,275,505
2,837,286
5,695,440
620,906
750,972
356,231

201409242146(201409242146)
1,275,505
2,837,286
5,695,440
620,906
750,972
356,231

201409242149(201409242149)
1,275,505
2,837,286
5,695,440
620,906
751,510
356,231

201409242150(201409242150)
1,275,505
2,837,286
5,695,440
620,906
751,510
356,231

201409242151(201409242151)
1,275,505
2,837,286
5,695,440
620,906
751,510
356,231

201409242152(201409242152)
1,275,714
2,837,286
5,695,440
620,906
751,510
356,231

201409242154(201409242154)
1,277,254
2,837,286
5,695,440
620,906
751,510
356,334

201409242155(201409242155)
1,277,254
2,837,286
5,697,212
621,026
751,801
356,334

201409242156(201409242156)
1,277,254
2,837,286
5,697,809
621,026
751,801
356,334

201409242159(201409242159)
1,277,254
2,839,377
5,702,212
621,026
752,107
356,334

201409242200(201409242200)
1,277,254
2,839,377
5,704,157
621,026
752,107
356,372

201409242201(201409242201)
1,277,254
2,839,377
5,705,395
621,026
752,107
356,377

201409242202(201409242202)
1,277,254
2,839,377
5,705,705
621,026
752,107
356,377

201409242204(201409242204)
1,277,254
2,839,377
5,705,705
621,026
752,107
356,377

201409242205(201409242205)
1,277,254
2,839,377
5,705,705
621,026
752,107
356,377

201409242206(201409242206)
1,277,254
2,839,377
5,705,705
621,026
752,107
356,377

201409242209(201409242209)
1,277,254
2,839,377
5,705,705
621,026
752,107
356,377

201409242210(201409242210)
1,279,580
2,840,586
5,705,705
621,026
752,575
356,427

201409242211(201409242211)
1,279,580
2,841,264
5,705,705
621,026
752,612
356,586

201409242212(201409242212)
1,279,580
2,842,303
5,705,705
621,026
752,612
356,586

201409242214(201409242214)
1,279,580
2,843,002
5,705,705
621,026
752,752
356,599

201409242215(201409242215)
1,279,580
2,843,850
5,705,705
621,166
752,752
356,629

201409242216(201409242216)
1,279,580
2,843,850
5,705,705
621,166
752,752
356,629

201409242219(201409242219)
1,279,580
2,843,850
5,705,705
621,196
752,752
356,636

201409242220(201409242220)
1,279,580
2,843,850
5,705,705
621,196
752,752
356,636

201409242221(201409242221)
1,279,580
2,843,850
5,705,705
621,196
752,752
356,636

201409242222(201409242222)
1,279,580
2,843,850
5,705,705
621,196
752,752
356,636

201409242224(201409242224)
1,279,580
2,843,850
5,705,705
621,196
752,752
356,636

201409242225(201409242225)
1,279,580
2,843,850
5,705,705
621,196
752,752
356,642

201409242226(201409242226)
1,279,580
2,843,850
5,705,705
621,196
752,752
356,642

201409242229(201409242229)
1,279,580
2,846,404
5,705,705
621,196
752,752
356,666

201409242230(201409242230)
1,279,580
2,847,902
5,705,705
621,196
752,856
356,694

201409242231(201409242231)
1,279,580
2,849,397
5,705,705
621,196
752,856
356,694

201409242232(201409242232)
1,279,580
2,850,492
5,705,705
621,196
752,856
356,694

201409242234(201409242234)
1,279,580
2,851,613
5,705,705
621,196
752,889
356,694

201409242235(201409242235)
1,279,580
2,854,693
5,705,705
621,196
752,889
356,694

201409242236(201409242236)
1,279,580
2,855,177
5,705,705
621,196
752,889
356,694

201409242239(201409242239)
1,280,841
2,855,177
5,705,705
621,196
753,044
356,969

201409242240(201409242240)
1,280,841
2,855,177
5,705,705
621,196
753,044
356,969

201409242240(201409242240)
1,280,841
2,855,177
5,705,705
621,196
753,044
356,969

201409242241(201409242241)
1,280,841
2,855,177
5,705,705
621,196
753,044
356,969

201409242242(201409242242)
1,280,841
2,855,177
5,705,705
621,196
753,044
356,980

201409242243(201409242243)
1,280,841
2,855,450
5,705,705
621,196
753,044
357,061

201409242244(201409242244)
1,280,841
2,855,450
5,705,705
621,196
753,044
357,061

201409242245(201409242245)
1,280,841
2,855,450
5,705,705
621,196
753,044
357,079

201409242246(201409242246)
1,280,841
2,855,468
5,705,705
621,196
753,044
357,079

201409242249(201409242249)
1,282,102
2,857,863
5,705,705
621,196
753,229
357,152

201409242250(201409242250)
1,282,102
2,857,863
5,705,705
621,196
753,624
357,152

201409242251(201409242251)
1,282,109
2,857,863
5,705,705
621,196
753,624
357,152

201409242252(201409242252)
1,282,109
2,857,863
5,705,705
621,196
753,624
357,218

201409242254(201409242254)
1,283,363
2,857,863
5,705,705
621,196
753,799
357,218

201409242255(201409242255)
1,283,363
2,857,863
5,705,705
621,196
753,799
357,218

201409242256(201409242256)
1,283,363
2,857,863
5,705,705
621,196
753,799
357,290

201409242259(201409242259)
1,283,363
2,857,863
5,705,705
621,196
753,967
357,387

201409242300(201409242300)
1,283,363
2,857,863
5,705,705
621,196
753,967
357,387

201409242301(201409242301)
1,283,363
2,858,526
5,705,705
621,196
753,967
357,417

201409242302(201409242302)
1,283,363
2,859,565
5,705,705
621,288
754,047
357,417

201409242302(201409242302)
1,283,363
2,859,565
5,706,713
621,288
754,116
357,417

201409242303(201409242303)
1,283,363
2,860,264
5,706,713
621,288
754,116
357,465

201409242304(201409242304)
1,283,363
2,860,264
5,717,118
621,288
754,116
357,465

201409242305(201409242305)
1,283,363
2,861,054
5,718,215
621,422
754,116
357,576

201409242306(201409242306)
1,283,363
2,861,859
5,718,215
621,422
754,116
357,576

201409242309(201409242309)
1,283,363
2,861,859
5,718,215
621,422
754,116
357,576

201409242310(201409242310)
1,283,363
2,861,859
5,718,215
621,422
754,116
357,590

201409242311(201409242311)
1,283,363
2,862,011
5,718,215
621,422
754,116
357,590

201409242312(201409242312)
1,283,363
2,863,431
5,718,215
621,422
754,116
357,649

201409242314(201409242314)
1,283,363
2,863,431
5,718,215
621,422
754,116
357,649

201409242315(201409242315)
1,283,363
2,863,431
5,718,215
621,422
754,116
357,674

201409242316(201409242316)
1,283,363
2,863,431
5,718,215
621,533
754,116
357,674

201409242319(201409242319)
1,283,363
2,864,808
5,718,215
621,628
754,116
357,736

201409242320(201409242320)
1,283,363
2,866,148
5,718,215
622,146
754,116
357,774

201409242321(201409242321)
1,283,363
2,866,483
5,718,215
622,155
754,116
357,848

201409242322(201409242322)
1,283,363
2,867,154
5,718,215
622,155
754,116
357,913

201409242324(201409242324)
1,284,531
2,869,137
5,718,215
622,155
754,116
357,913

201409242325(201409242325)
1,284,531
2,870,431
5,718,215
622,155
754,304
357,953

201409242326(201409242326)
1,284,531
2,871,437
5,718,215
622,155
754,304
358,011

201409242329(201409242329)
1,284,531
2,874,985
5,721,167
622,155
754,304
358,159

201409242330(201409242330)
1,284,531
2,876,970
5,722,774
622,155
754,304
358,178

201409242331(201409242331)
1,284,531
2,877,305
5,724,356
622,155
754,304
358,178

201409242332(201409242332)
1,284,531
2,877,544
5,725,456
622,155
754,320
358,188

201409242334(201409242334)
1,284,531
2,877,544
5,725,456
622,155
754,512
358,296

201409242335(201409242335)
1,284,531
2,877,544
5,725,456
622,155
754,512
358,296

201409242336(201409242336)
1,284,531
2,877,544
5,725,456
622,155
754,512
358,341

201409242339(201409242339)
1,284,531
2,882,637
5,725,456
622,155
754,512
358,342

201409242340(201409242340)
1,285,684
2,882,641
5,725,456
622,155
754,512
358,531

201409242341(201409242341)
1,285,684
2,882,641
5,725,456
622,155
754,985
358,631

201409242342(201409242342)
1,285,684
2,883,000
5,725,456
622,155
754,985
358,693

201409242344(201409242344)
1,285,684
2,883,491
5,725,456
622,155
754,985
358,717

201409242345(201409242345)
1,285,684
2,883,491
5,725,456
622,155
754,985
358,717

201409242346(201409242346)
1,285,684
2,883,491
5,725,456
622,155
754,985
358,717

201409242349(201409242349)
1,285,684
2,883,491
5,725,456
622,155
754,985
358,998

201409242350(201409242350)
1,285,684
2,883,491
5,725,456
622,196
754,985
358,998

201409242351(201409242351)
1,285,684
2,883,491
5,725,456
622,196
754,985
359,008

201409242352(201409242352)
1,285,684
2,883,491
5,725,456
622,196
755,375
359,008

201409242354(201409242354)
1,287,297
2,883,491
5,725,456
622,196
755,439
359,073

201409242355(201409242355)
1,287,297
2,883,491
5,725,456
622,196
755,439
359,073

201409242356(201409242356)
1,287,537
2,883,491
5,725,456
622,196
755,529
359,073

201409242359(201409242359)
1,287,537
2,883,491
5,725,456
622,196
755,659
359,239

201409250000(201409250000)
1,287,537
2,883,491
5,725,456
622,196
755,659
359,290

201409250001(201409250001)
1,287,537
2,883,491
5,725,456
622,196
755,659
359,290

201409250001(201409250001)
1,287,537
2,883,491
5,725,456
622,196
755,659
359,337

201409250002(201409250002)
1,287,537
2,883,491
5,725,456
622,196
755,659
359,337

201409250004(201409250004)
1,289,035
2,883,926
5,725,456
622,196
755,659
359,388

201409250005(201409250005)
1,289,035
2,883,926
5,725,456
622,196
755,659
359,388

201409250006(201409250006)
1,289,035
2,883,926
5,725,456
622,196
755,659
359,388

201409250009(201409250009)
1,289,035
2,883,926
5,725,456
622,196
755,894
359,555

201409250010(201409250010)
1,289,035
2,883,926
5,725,456
622,196
755,894
359,564

201409250011(201409250011)
1,289,035
2,883,926
5,725,456
622,196
755,894
359,564

201409250012(201409250012)
1,289,035
2,883,926
5,725,456
622,196
755,894
359,564

201409250014(201409250014)
1,289,111
2,883,926
5,725,456
622,196
755,894
359,590

201409250015(201409250015)
1,289,111
2,883,926
5,725,456
622,196
755,894
359,630

201409250016(201409250016)
1,290,109
2,883,926
5,725,456
622,196
755,894
359,642

201409250019(201409250019)
1,290,109
2,884,130
5,725,456
622,196
755,894
359,642

201409250020(201409250020)
1,290,109
2,884,130
5,725,456
622,196
755,894
359,642

201409250021(201409250021)
1,290,109
2,884,130
5,725,456
622,196
755,894
359,642

201409250022(201409250022)
1,290,109
2,884,130
5,725,456
622,285
755,894
359,642

201409250024(201409250024)
1,291,255
2,884,130
5,725,456
622,285
755,894
359,642

201409250025(201409250025)
1,291,255
2,885,105
5,725,456
622,285
756,230
359,642

201409250026(201409250026)
1,291,255
2,885,610
5,725,456
622,296
756,230
359,737

201409250029(201409250029)
1,292,407
2,885,610
5,725,456
622,296
756,230
359,756

201409250030(201409250030)
1,293,480
2,885,610
5,725,456
622,296
756,230
359,770

201409250031(201409250031)
1,293,480
2,885,610
5,725,456
622,296
756,644
359,770

201409250032(201409250032)
1,293,480
2,885,610
5,725,456
622,296
757,039
359,770

201409250034(201409250034)
1,293,935
2,885,610
5,725,456
622,296
757,039
359,794

201409250035(201409250035)
1,293,935
2,885,610
5,725,456
622,296
757,039
359,805

201409250036(201409250036)
1,293,935
2,885,610
5,725,456
622,296
757,039
359,805

201409250039(201409250039)
1,293,935
2,885,610
5,725,456
622,296
757,051
359,809

201409250040(201409250040)
1,294,609
2,885,610
5,725,456
622,296
757,051
359,809

201409250041(201409250041)
1,297,278
2,885,610
5,725,456
622,296
757,051
359,827

201409250042(201409250042)
1,297,498
2,885,610
5,725,456
622,296
757,051
359,827

201409250044(201409250044)
1,297,498
2,885,610
5,725,456
622,296
757,051
359,827

201409250045(201409250045)
1,297,498
2,885,610
5,725,456
622,296
757,051
359,827

201409250046(201409250046)
1,297,498
2,885,610
5,725,456
622,296
757,051
359,827

201409250049(201409250049)
1,297,935
2,885,610
5,725,456
622,296
757,051
359,827

201409250050(201409250050)
1,297,935
2,885,610
5,725,456
622,296
757,088
359,827

201409250051(201409250051)
1,297,935
2,885,610
5,725,456
622,296
757,088
360,063

201409250052(201409250052)
1,297,935
2,885,610
5,725,456
622,296
757,088
360,063

201409250054(201409250054)
1,297,935
2,885,610
5,725,456
622,296
757,088
360,266

201409250055(201409250055)
1,297,935
2,885,610
5,725,456
622,296
757,088
360,266

201409250056(201409250056)
1,299,523
2,885,610
5,725,456
622,296
757,088
360,385

201409250059(201409250059)
1,299,523
2,886,115
5,725,456
622,296
757,102
360,385

201409250100(201409250100)
1,299,523
2,886,115
5,725,456
622,364
757,362
360,399

201409250101(201409250101)
1,299,523
2,886,115
5,725,456
622,364
757,401
360,450

201409250102(201409250102)
1,299,523
2,886,115
5,725,897
622,364
757,401
360,457

201409250104(201409250104)
1,299,523
2,887,075
5,727,580
622,539
757,724
360,477

201409250105(201409250105)
1,299,523
2,887,075
5,727,580
622,539
757,862
360,477

201409250106(201409250106)
1,299,523
2,887,075
5,727,580
622,539
757,862
360,543

201409250109(201409250109)
1,299,523
2,905,809
5,727,580
622,539
757,862
360,543

201409250110(201409250110)
1,299,523
2,905,809
5,727,580
622,539
757,938
360,618

201409250111(201409250111)
1,299,523
2,905,809
5,727,580
622,539
757,938
360,654

201409250112(201409250112)
1,299,523
2,905,809
5,727,580
622,539
757,938
360,654

201409250114(201409250114)
1,299,967
2,905,809
5,727,580
622,577
757,938
360,654

201409250115(201409250115)
1,299,967
2,905,809
5,727,580
622,577
757,938
360,673

201409250116(201409250116)
1,299,967
2,905,809
5,727,580
622,577
757,938
360,673

201409250119(201409250119)
1,299,967
2,905,809
5,727,580
622,577
757,938
361,119

201409250120(201409250120)
1,299,967
2,907,017
5,727,580
622,577
758,014
361,119

201409250121(201409250121)
1,299,967
2,911,237
5,727,580
622,577
758,014
361,119

201409250122(201409250122)
1,299,967
2,911,237
5,727,580
622,577
758,014
361,119

201409250124(201409250124)
1,299,967
2,911,237
5,727,580
622,577
758,380
361,140

201409250125(201409250125)
1,299,967
2,911,237
5,727,580
622,577
758,380
361,140

201409250126(201409250126)
1,299,967
2,911,237
5,727,580
622,577
758,380
361,236

201409250129(201409250129)
1,299,967
2,911,237
5,727,580
622,577
758,380
361,371

201409250130(201409250130)
1,299,967
2,911,237
5,727,580
622,640
758,380
361,371

201409250131(201409250131)
1,299,967
2,911,237
5,727,580
622,640
758,380
361,371

201409250132(201409250132)
1,299,967
2,911,237
5,727,580
622,640
758,380
361,371

201409250134(201409250134)
1,300,670
2,911,237
5,727,580
622,640
758,531
361,401

201409250135(201409250135)
1,302,282
2,911,237
5,727,580
622,640
758,531
361,401

201409250136(201409250136)
1,302,282
2,911,237
5,727,580
622,640
758,531
361,401

201409250137(201409250137)
1,302,282
2,911,237
5,729,692
622,640
758,531
361,401

201409250139(201409250139)
1,302,282
2,911,237
5,730,644
622,640
758,531
361,500

201409250140(201409250140)
1,302,282
2,911,237
5,733,121
622,640
758,531
361,502

201409250141(201409250141)
1,302,282
2,911,750
5,734,394
622,640
758,531
361,527

201409250142(201409250142)
1,302,282
2,911,750
5,741,191
622,640
758,531
361,527

201409250144(201409250144)
1,302,282
2,911,750
5,755,010
622,655
758,900
361,563

201409250145(201409250145)
1,302,282
2,911,750
5,755,010
622,655
758,900
361,563

201409250146(201409250146)
1,302,282
2,911,750
5,755,010
622,655
758,900
361,664

201409250149(201409250149)
1,302,282
2,911,750
5,755,010
622,701
758,900
361,664

201409250150(201409250150)
1,302,282
2,911,750
5,755,010
622,701
758,900
361,764

201409250151(201409250151)
1,302,282
2,912,209
5,755,010
622,701
758,900
361,764

201409250152(201409250152)
1,302,282
2,912,209
5,755,010
622,701
758,900
361,764

201409250154(201409250154)
1,302,282
2,912,209
5,755,010
622,701
758,900
361,764

201409250155(201409250155)
1,302,282
2,912,209
5,755,010
622,701
758,900
361,764

201409250156(201409250156)
1,302,282
2,912,209
5,755,010
622,701
758,900
361,767

201409250159(201409250159)
1,302,282
2,912,209
5,758,745
622,701
758,900
361,829

201409250200(201409250200)
1,302,282
2,912,209
5,761,863
622,890
759,206
361,829

201409250201(201409250201)
1,302,282
2,912,209
5,765,017
622,890
759,206
361,829

201409250202(201409250202)
1,302,282
2,912,209
5,766,611
622,890
759,206
361,942

201409250204(201409250204)
1,302,282
2,912,209
5,766,611
622,944
759,206
362,034

201409250205(201409250205)
1,302,282
2,912,209
5,766,611
622,944
759,564
362,034

201409250206(201409250206)
1,302,282
2,912,209
5,766,611
622,944
759,564
362,034

201409250209(201409250209)
1,302,282
2,912,209
5,766,611
622,944
759,564
362,171

201409250210(201409250210)
1,302,282
2,912,209
5,766,611
622,944
759,564
362,171

201409250211(201409250211)
1,302,282
2,912,521
5,769,783
622,944
759,564
362,171

201409250212(201409250212)
1,302,282
2,912,521
5,769,783
622,944
759,564
362,364

201409250214(201409250214)
1,302,282
2,913,181
5,773,486
622,944
759,564
362,364

201409250215(201409250215)
1,302,282
2,913,181
5,773,486
622,944
759,564
362,364

201409250216(201409250216)
1,303,324
2,914,413
5,773,486
622,944
759,958
362,364

201409250219(201409250219)
1,303,324
2,914,413
5,778,176
622,944
759,958
362,405

201409250220(201409250220)
1,303,324
2,914,413
5,780,676
622,944
759,958
362,405

201409250221(201409250221)
1,303,324
2,914,413
5,782,258
622,944
759,958
362,405

201409250222(201409250222)
1,303,324
2,914,413
5,784,153
622,944
759,958
362,405

201409250224(201409250224)
1,303,589
2,914,413
5,791,371
622,944
759,958
362,421

201409250225(201409250225)
1,303,589
2,914,413
5,794,840
622,944
760,220
362,471

201409250226(201409250226)
1,303,589
2,914,413
5,797,965
622,944
760,220
362,471

201409250229(201409250229)
1,303,589
2,914,645
5,802,016
622,944
760,220
362,471

201409250230(201409250230)
1,303,589
2,914,645
5,802,016
622,944
760,220
362,471

201409250231(201409250231)
1,303,854
2,914,645
5,802,016
622,944
761,020
362,471

201409250232(201409250232)
1,303,854
2,914,645
5,802,016
622,944
761,020
362,471

201409250234(201409250234)
1,303,854
2,914,645
5,802,016
622,944
761,020
362,539

201409250235(201409250235)
1,303,854
2,914,645
5,802,016
622,944
761,020
362,539

201409250236(201409250236)
1,303,854
2,914,645
5,802,016
623,051
761,020
362,539

201409250239(201409250239)
1,303,854
2,921,219
5,802,016
623,051
761,020
362,539

201409250240(201409250240)
1,303,854
2,922,147
5,802,016
623,051
761,020
362,539

201409250241(201409250241)
1,303,854
2,922,147
5,802,016
623,051
761,020
362,539

201409250242(201409250242)
1,303,854
2,924,774
5,802,016
623,051
761,020
362,539

201409250244(201409250244)
1,303,854
2,925,572
5,802,016
623,051
761,020
362,539

201409250245(201409250245)
1,303,854
2,925,808
5,802,016
623,051
761,020
362,539

201409250245(201409250245)
1,303,854
2,925,808
5,802,016
623,051
761,020
362,539

201409250246(201409250246)
1,303,854
2,925,808
5,802,016
623,132
761,020
362,539

201409250247(201409250247)
1,303,854
2,925,808
5,802,016
623,132
761,020
362,539

201409250249(201409250249)
1,303,854
2,925,808
5,802,016
623,147
761,020
362,546

201409250250(201409250250)
1,303,854
2,925,808
5,802,016
623,147
761,020
362,546

201409250251(201409250251)
1,303,854
2,925,808
5,802,016
623,147
761,020
362,546

201409250252(201409250252)
1,303,854
2,925,808
5,802,016
623,147
761,020
362,546

201409250254(201409250254)
1,303,854
2,925,808
5,802,016
623,234
761,020
362,546

201409250255(201409250255)
1,303,854
2,925,808
5,802,016
623,234
761,020
362,546

201409250256(201409250256)
1,303,854
2,925,808
5,802,016
623,234
761,020
362,546

201409250259(201409250259)
1,303,854
2,926,025
5,802,016
623,234
761,105
362,571

201409250300(201409250300)
1,303,854
2,926,025
5,802,016
623,234
761,105
362,571

201409250301(201409250301)
1,303,854
2,926,025
5,802,016
623,497
761,213
362,571

201409250302(201409250302)
1,303,854
2,926,025
5,802,016
623,497
761,213
362,571

201409250304(201409250304)
1,303,854
2,926,025
5,802,016
623,497
761,213
362,893

201409250305(201409250305)
1,303,854
2,926,413
5,802,016
623,497
761,213
362,910

201409250306(201409250306)
1,303,854
2,926,413
5,802,016
623,497
761,213
362,910

201409250307(201409250307)
1,303,854
2,926,413
5,802,016
623,497
761,213
362,910

201409250308(201409250308)
1,303,854
2,926,413
5,802,016
623,497
761,213
362,935

