201409221712(201409221712)
1,026,192
2,246,530
4,435,452
592,669
662,057
299,796

201409221713(201409221713)
1,026,192
2,246,530
4,435,452
593,137
662,057
299,796

201409221714(201409221714)
1,026,192
2,246,530
4,435,452
593,137
662,074
299,826

201409221715(201409221715)
1,026,192
2,246,530
4,435,452
593,137
662,074
299,831

201409221716(201409221716)
1,026,192
2,246,530
4,435,452
593,137
662,074
299,831

201409221718(201409221718)
1,026,192
2,247,148
4,435,452
593,160
662,074
299,853

201409221719(201409221719)
1,026,375
2,247,148
4,435,452
593,160
662,074
299,853

201409221720(201409221720)
1,026,375
2,247,148
4,435,452
593,160
662,078
299,998

201409221721(201409221721)
1,026,375
2,247,148
4,435,452
593,356
662,149
300,033

201409221722(201409221722)
1,026,375
2,247,148
4,435,452
593,356
662,149
300,059

201409221723(201409221723)
1,026,375
2,247,148
4,435,452
593,356
662,149
300,059

201409221724(201409221724)
1,026,375
2,247,148
4,435,452
593,356
662,184
300,059

201409221725(201409221725)
1,026,375
2,247,148
4,435,452
593,356
662,216
300,059

201409221726(201409221726)
1,026,375
2,247,148
4,435,452
593,356
662,216
300,111

201409221728(201409221728)
1,026,375
2,247,148
4,435,452
593,356
662,216
300,150

201409221729(201409221729)
1,026,375
2,247,148
4,435,452
593,356
662,216
300,154

201409221730(201409221730)
1,026,375
2,247,148
4,435,452
593,356
662,216
300,285

201409221731(201409221731)
1,026,375
2,247,148
4,435,452
593,356
662,216
300,285

201409221732(201409221732)
1,026,375
2,247,148
4,435,452
593,356
662,216
300,285

201409221733(201409221733)
1,026,375
2,247,148
4,435,452
593,356
662,216
300,285

201409221734(201409221734)
1,026,375
2,247,148
4,435,452
593,356
662,387
300,292

201409221735(201409221735)
1,026,375
2,247,148
4,435,452
593,356
662,387
300,329

201409221736(201409221736)
1,026,375
2,247,148
4,435,452
593,356
662,387
300,329

201409221738(201409221738)
1,026,375
2,247,148
4,435,452
593,356
662,432
300,329

201409221739(201409221739)
1,027,765
2,247,148
4,435,452
593,356
662,432
300,329

201409221740(201409221740)
1,027,765
2,247,148
4,435,452
593,356
662,432
300,340

201409221741(201409221741)
1,027,765
2,247,148
4,435,452
593,574
662,432
300,432

201409221742(201409221742)
1,027,765
2,247,148
4,435,452
593,574
662,507
300,469

201409221743(201409221743)
1,027,765
2,247,148
4,435,452
593,574
662,507
300,469

201409221744(201409221744)
1,027,765
2,247,148
4,435,452
593,574
662,507
300,548

201409221745(201409221745)
1,027,765
2,247,148
4,435,452
593,574
662,620
300,591

201409221746(201409221746)
1,027,765
2,247,148
4,435,452
593,574
662,620
300,623

201409221748(201409221748)
1,027,765
2,247,148
4,435,452
593,574
662,620
300,763

201409221749(201409221749)
1,027,765
2,247,148
4,435,452
593,574
662,620
300,832

201409221750(201409221750)
1,027,765
2,247,148
4,435,452
593,574
662,620
300,832

201409221751(201409221751)
1,027,765
2,247,195
4,435,452
593,574
662,620
300,832

201409221752(201409221752)
1,027,765
2,247,195
4,435,452
593,574
662,620
300,860

201409221753(201409221753)
1,027,765
2,247,195
4,435,452
593,574
663,154
300,880

201409221754(201409221754)
1,028,067
2,247,195
4,435,452
593,574
663,170
300,880

201409221755(201409221755)
1,028,518
2,247,195
4,435,452
593,716
663,236
300,880

201409221756(201409221756)
1,029,222
2,247,195
4,435,452
593,716
663,236
300,880

201409221758(201409221758)
1,029,679
2,247,195
4,435,452
593,716
663,236
300,904

201409221759(201409221759)
1,029,686
2,247,195
4,437,452
593,716
663,236
300,904

201409221800(201409221800)
1,029,686
2,247,195
4,440,213
593,716
663,236
300,905

201409221800(201409221800)
1,029,686
2,247,195
4,440,342
593,716
663,236
300,905

201409221801(201409221801)
1,029,686
2,247,195
4,440,342
593,716
663,236
300,905

201409221802(201409221802)
1,029,686
2,247,195
4,440,342
593,735
663,236
300,979

201409221802(201409221802)
1,029,686
2,248,478
4,440,342
593,735
663,236
300,979

201409221803(201409221803)
1,029,686
2,248,478
4,440,342
593,735
663,236
300,979

201409221804(201409221804)
1,029,686
2,248,478
4,440,342
593,735
663,236
301,049

201409221805(201409221805)
1,029,686
2,248,478
4,447,125
593,735
663,239
301,081

201409221806(201409221806)
1,029,690
2,248,585
4,448,920
593,735
663,239
301,081

201409221807(201409221807)
1,030,843
2,249,224
4,448,920
593,735
663,239
301,249

201409221808(201409221808)
1,030,843
2,249,224
4,448,920
593,735
663,239
301,249

201409221809(201409221809)
1,030,843
2,249,224
4,448,920
593,735
663,239
301,249

201409221810(201409221810)
1,030,843
2,249,224
4,448,920
593,793
663,239
301,260

201409221811(201409221811)
1,030,843
2,249,224
4,448,920
593,793
663,239
301,303

201409221812(201409221812)
1,030,843
2,249,224
4,448,920
593,793
663,239
301,303

201409221813(201409221813)
1,030,843
2,249,224
4,448,920
593,793
663,239
301,303

201409221814(201409221814)
1,030,843
2,249,224
4,448,920
593,793
663,239
301,303

201409221815(201409221815)
1,030,843
2,249,224
4,461,172
593,793
663,239
301,305

201409221816(201409221816)
1,030,843
2,249,224
4,462,389
593,793
663,239
301,323

201409221818(201409221818)
1,030,843
2,251,212
4,463,787
593,793
663,317
301,323

201409221819(201409221819)
1,030,843
2,251,212
4,463,787
593,793
663,675
301,457

201409221820(201409221820)
1,030,843
2,251,212
4,463,787
593,793
663,675
301,528

201409221821(201409221821)
1,030,866
2,251,212
4,463,787
593,793
663,675
301,540

201409221822(201409221822)
1,030,866
2,253,706
4,463,787
594,070
663,869
301,581

201409221823(201409221823)
1,030,866
2,254,648
4,466,107
594,070
663,955
301,593

201409221824(201409221824)
1,030,866
2,254,648
4,468,722
594,070
663,955
301,640

201409221825(201409221825)
1,030,866
2,254,648
4,471,720
594,070
663,955
301,640

201409221826(201409221826)
1,030,866
2,255,256
4,474,894
594,070
663,955
301,655

201409221828(201409221828)
1,030,957
2,255,256
4,481,838
594,072
663,955
301,655

201409221829(201409221829)
1,030,957
2,255,256
4,484,838
594,072
663,997
301,655

201409221830(201409221830)
1,030,957
2,255,256
4,486,669
594,072
663,997
301,682

201409221832(201409221832)
1,030,957
2,255,256
4,494,570
594,072
664,297
301,809

201409221833(201409221833)
1,030,957
2,255,256
4,497,351
594,072
664,434
301,809

201409221834(201409221834)
1,030,957
2,255,256
4,500,135
594,072
664,434
301,809

201409221835(201409221835)
1,030,957
2,255,256
4,502,456
594,072
664,434
301,809

201409221836(201409221836)
1,030,957
2,255,256
4,505,063
594,072
664,434
301,809

201409221838(201409221838)
1,030,977
2,255,256
4,512,165
594,072
664,623
301,910

201409221839(201409221839)
1,030,977
2,255,256
4,515,491
594,072
664,623
301,910

201409221840(201409221840)
1,030,977
2,255,256
4,518,431
594,072
664,737
301,910

201409221841(201409221841)
1,030,977
2,255,256
4,521,116
594,072
665,078
301,910

201409221842(201409221842)
1,030,977
2,255,256
4,523,738
594,072
665,391
301,910

201409221843(201409221843)
1,030,977
2,255,256
4,527,104
594,072
665,391
302,029

201409221844(201409221844)
1,030,977
2,255,256
4,531,269
594,072
665,429
302,138

201409221845(201409221845)
1,030,977
2,255,256
4,533,574
594,072
665,429
302,138

201409221846(201409221846)
1,030,977
2,255,256
4,534,475
594,072
665,429
302,138

201409221848(201409221848)
1,031,148
2,255,256
4,537,594
594,072
666,239
302,372

201409221849(201409221849)
1,031,148
2,255,256
4,537,594
594,072
666,239
302,392

201409221850(201409221850)
1,031,148
2,255,256
4,537,594
594,072
666,239
302,392

201409221850(201409221850)
1,031,148
2,255,256
4,537,594
594,072
666,239
302,392

201409221851(201409221851)
1,031,148
2,255,256
4,537,594
594,072
666,239
302,392

201409221852(201409221852)
1,032,509
2,255,256
4,537,594
594,105
666,239
302,392

201409221853(201409221853)
1,032,509
2,255,256
4,537,594
594,266
666,239
302,495

201409221854(201409221854)
1,032,509
2,255,256
4,537,594
594,285
666,239
302,495

201409221855(201409221855)
1,032,509
2,255,256
4,547,164
594,285
666,239
302,538

201409221856(201409221856)
1,032,509
2,255,256
4,547,164
594,285
666,239
302,574

201409221856(201409221856)
1,032,509
2,255,256
4,547,164
594,285
666,323
302,574

201409221858(201409221858)
1,032,509
2,255,256
4,547,164
594,285
666,323
302,624

201409221859(201409221859)
1,032,814
2,255,256
4,547,164
594,314
666,323
302,653

201409221900(201409221900)
1,032,833
2,255,256
4,547,164
594,314
666,323
302,676

201409221901(201409221901)
1,032,833
2,255,256
4,547,164
594,314
666,323
302,916

201409221902(201409221902)
1,032,833
2,255,256
4,547,164
594,314
666,323
302,986

201409221903(201409221903)
1,032,833
2,257,304
4,547,164
594,314
666,622
302,986

201409221904(201409221904)
1,032,833
2,258,241
4,547,164
594,314
666,747
302,989

201409221905(201409221905)
1,033,052
2,258,241
4,547,164
594,476
666,747
303,030

201409221906(201409221906)
1,033,052
2,258,241
4,550,799
594,476
666,755
303,030

201409221908(201409221908)
1,033,052
2,258,241
4,551,210
594,487
666,755
303,151

201409221909(201409221909)
1,033,342
2,258,241
4,551,210
594,487
667,210
303,163

201409221910(201409221910)
1,033,342
2,258,241
4,551,210
594,487
667,210
303,204

201409221911(201409221911)
1,033,342
2,258,241
4,551,210
594,487
667,210
303,204

201409221912(201409221912)
1,033,342
2,258,241
4,551,210
594,487
667,210
303,234

201409221913(201409221913)
1,034,794
2,258,241
4,551,210
594,487
668,060
303,438

201409221914(201409221914)
1,035,037
2,258,241
4,551,210
594,487
668,060
303,438

201409221915(201409221915)
1,035,925
2,258,241
4,551,210
594,487
668,060
303,455

201409221916(201409221916)
1,036,048
2,258,241
4,551,210
594,487
668,060
303,455

201409221918(201409221918)
1,036,398
2,258,241
4,551,210
594,487
668,060
303,587

201409221919(201409221919)
1,037,314
2,258,241
4,551,210
594,487
668,060
303,587

201409221920(201409221920)
1,037,314
2,258,241
4,551,210
594,487
668,060
303,587

201409221921(201409221921)
1,037,314
2,258,669
4,551,210
594,487
668,060
303,587

201409221922(201409221922)
1,037,314
2,259,484
4,551,210
594,511
668,060
303,587

201409221923(201409221923)
1,037,314
2,259,484
4,551,210
594,511
668,060
303,587

201409221924(201409221924)
1,037,314
2,259,484
4,551,210
594,511
668,060
303,613

201409221925(201409221925)
1,037,314
2,259,484
4,551,210
594,511
668,306
303,627

201409221926(201409221926)
1,037,314
2,259,484
4,551,210
594,511
668,357
303,748

201409221928(201409221928)
1,037,462
2,259,484
4,551,210
594,511
668,363
303,748

201409221929(201409221929)
1,037,462
2,259,484
4,551,210
594,700
668,370
303,748

201409221930(201409221930)
1,037,587
2,259,484
4,551,210
594,700
668,370
303,834

201409221931(201409221931)
1,037,587
2,259,484
4,551,210
594,700
668,370
303,947

201409221932(201409221932)
1,037,587
2,259,484
4,551,210
594,700
668,427
303,947

201409221933(201409221933)
1,037,587
2,259,484
4,551,210
594,700
668,427
303,947

201409221934(201409221934)
1,037,661
2,259,484
4,551,210
594,700
668,427
303,947

201409221935(201409221935)
1,037,661
2,259,484
4,551,210
594,700
668,427
303,947

201409221936(201409221936)
1,039,382
2,259,484
4,551,210
594,754
668,427
303,947

