201409231729(201409231729)
1,148,618
2,528,922
5,164,442
607,351
705,313
329,005

201409231730(201409231730)
1,148,618
2,528,922
5,164,442
607,351
705,313
329,005

201409231731(201409231731)
1,148,692
2,528,922
5,164,442
607,351
705,313
329,075

201409231732(201409231732)
1,149,757
2,528,922
5,166,772
607,505
705,324
329,075

201409231734(201409231734)
1,152,240
2,528,922
5,169,441
607,554
705,324
329,154

201409231735(201409231735)
1,152,240
2,528,922
5,169,441
607,554
705,324
329,154

201409231736(201409231736)
1,153,200
2,528,922
5,169,441
607,554
705,324
329,159

201409231739(201409231739)
1,155,466
2,528,922
5,169,441
607,783
705,324
329,241

201409231740(201409231740)
1,156,573
2,530,951
5,169,441
607,783
705,324
329,241

201409231741(201409231741)
1,156,713
2,530,951
5,169,441
607,783
705,324
329,241

201409231742(201409231742)
1,156,713
2,530,951
5,169,441
607,783
705,324
329,241

201409231744(201409231744)
1,158,368
2,530,951
5,169,441
607,783
705,789
329,241

201409231745(201409231745)
1,158,955
2,530,951
5,169,441
607,783
705,789
329,241

201409231746(201409231746)
1,159,455
2,530,951
5,169,441
607,853
705,789
329,375

201409231749(201409231749)
1,162,203
2,530,951
5,169,441
607,853
705,789
329,401

201409231750(201409231750)
1,162,203
2,530,951
5,169,441
607,853
705,789
329,401

201409231751(201409231751)
1,162,203
2,530,951
5,169,441
607,853
705,789
329,536

201409231752(201409231752)
1,162,203
2,530,951
5,169,441
607,857
705,789
329,536

201409231754(201409231754)
1,162,203
2,533,051
5,169,441
608,018
705,789
329,536

201409231755(201409231755)
1,162,203
2,533,051
5,169,441
608,018
705,789
329,536

201409231756(201409231756)
1,162,203
2,533,051
5,169,441
608,018
705,789
329,575

201409231759(201409231759)
1,162,203
2,533,051
5,169,441
608,018
705,789
329,664

201409231800(201409231800)
1,162,203
2,533,051
5,169,441
608,018
705,789
329,664

201409231801(201409231801)
1,163,119
2,533,051
5,169,441
608,018
705,789
329,687

201409231802(201409231802)
1,165,447
2,533,051
5,169,441
608,018
705,789
329,794

201409231804(201409231804)
1,166,531
2,533,051
5,169,441
608,018
705,789
329,865

201409231805(201409231805)
1,166,531
2,533,343
5,169,441
608,018
705,789
329,865

201409231806(201409231806)
1,166,531
2,533,343
5,169,441
608,018
705,883
329,895

201409231809(201409231809)
1,166,590
2,533,343
5,169,441
608,018
705,883
329,941

201409231810(201409231810)
1,166,590
2,533,343
5,169,441
608,018
705,883
329,941

201409231811(201409231811)
1,166,590
2,533,343
5,171,369
608,018
705,883
329,941

201409231812(201409231812)
1,166,590
2,533,343
5,179,696
608,018
705,883
329,941

201409231814(201409231814)
1,166,590
2,533,343
5,193,912
608,018
705,883
330,007

201409231815(201409231815)
1,166,590
2,533,343
5,200,063
608,018
705,883
330,007

201409231816(201409231816)
1,166,590
2,535,451
5,200,063
608,018
705,883
330,023

201409231819(201409231819)
1,166,590
2,536,488
5,200,063
608,018
705,883
330,236

201409231820(201409231820)
1,166,734
2,536,888
5,200,063
608,018
705,883
330,236

201409231821(201409231821)
1,166,734
2,538,460
5,200,063
608,018
705,883
330,236

201409231822(201409231822)
1,166,744
2,538,460
5,200,063
608,018
705,883
330,236

201409231823(201409231823)
1,166,895
2,538,460
5,200,063
608,018
705,883
330,289

201409231824(201409231824)
1,166,895
2,538,460
5,200,063
608,018
705,955
330,289

201409231824(201409231824)
1,166,895
2,538,460
5,200,063
608,018
705,955
330,289

201409231825(201409231825)
1,166,895
2,538,460
5,200,063
608,018
706,100
330,289

201409231826(201409231826)
1,166,895
2,538,460
5,200,063
608,018
706,100
330,321

201409231829(201409231829)
1,167,266
2,538,460
5,202,204
608,018
706,100
330,451

201409231830(201409231830)
1,167,266
2,538,460
5,203,129
608,018
706,100
330,475

201409231831(201409231831)
1,167,344
2,538,460
5,203,744
608,018
706,100
330,487

201409231832(201409231832)
1,167,526
2,538,460
5,204,306
608,018
706,100
330,493

201409231834(201409231834)
1,168,048
2,538,460
5,204,640
608,018
706,226
330,495

201409231835(201409231835)
1,168,048
2,538,846
5,204,640
608,018
706,226
330,495

201409231836(201409231836)
1,168,048
2,538,846
5,204,640
608,018
706,226
330,527

201409231839(201409231839)
1,168,048
2,538,846
5,206,128
608,191
706,226
330,590

201409231840(201409231840)
1,168,048
2,538,846
5,209,455
608,191
706,226
330,642

201409231841(201409231841)
1,168,048
2,538,846
5,212,026
608,191
706,226
330,642

201409231842(201409231842)
1,168,048
2,538,846
5,212,604
608,191
706,226
330,642

201409231844(201409231844)
1,168,048
2,547,316
5,212,604
608,191
706,226
330,642

201409231845(201409231845)
1,168,048
2,547,316
5,212,604
608,191
706,226
330,642

201409231846(201409231846)
1,168,048
2,547,317
5,212,604
608,191
706,226
330,642

201409231849(201409231849)
1,168,048
2,551,720
5,212,604
608,191
706,226
330,658

201409231850(201409231850)
1,168,048
2,553,496
5,212,604
608,191
706,226
330,669

201409231851(201409231851)
1,168,048
2,555,502
5,212,604
608,191
706,226
330,669

201409231852(201409231852)
1,168,048
2,555,502
5,212,604
608,191
706,226
330,669

201409231854(201409231854)
1,168,048
2,556,860
5,212,604
608,256
706,439
330,669

201409231855(201409231855)
1,168,048
2,557,220
5,212,604
608,267
706,439
330,669

201409231856(201409231856)
1,168,048
2,557,220
5,212,604
608,267
706,951
330,669

201409231859(201409231859)
1,168,048
2,557,346
5,212,604
608,356
706,951
330,669

201409231900(201409231900)
1,168,048
2,557,346
5,212,604
608,356
706,951
330,669

201409231901(201409231901)
1,168,048
2,557,346
5,212,604
608,356
706,951
330,669

201409231902(201409231902)
1,168,048
2,557,346
5,212,604
608,356
706,951
330,669

201409231904(201409231904)
1,168,777
2,560,969
5,212,604
608,417
706,951
330,800

201409231905(201409231905)
1,170,503
2,560,969
5,212,604
608,417
707,318
330,800

201409231906(201409231906)
1,174,052
2,560,969
5,212,604
608,417
708,002
330,800

201409231909(201409231909)
1,174,142
2,566,175
5,212,604
608,417
708,002
330,858

201409231910(201409231910)
1,174,142
2,566,175
5,212,604
608,417
708,002
330,858

201409231911(201409231911)
1,174,142
2,566,175
5,212,604
608,417
708,002
330,858

201409231912(201409231912)
1,174,142
2,566,175
5,212,604
608,417
708,002
330,858

201409231914(201409231914)
1,174,142
2,566,175
5,212,604
608,417
708,002
330,868

201409231915(201409231915)
1,174,142
2,566,175
5,212,604
608,417
708,002
330,868

201409231916(201409231916)
1,174,142
2,566,175
5,212,604
608,417
708,002
330,928

201409231919(201409231919)
1,174,142
2,567,230
5,212,604
608,417
708,002
330,953

201409231920(201409231920)
1,174,142
2,567,230
5,212,604
608,417
708,002
330,953

201409231921(201409231921)
1,174,142
2,570,114
5,212,604
608,417
708,002
330,953

201409231921(201409231921)
1,174,142
2,570,114
5,212,604
608,417
708,002
330,953

201409231922(201409231922)
1,174,142
2,571,455
5,212,604
608,417
708,002
330,953

201409231923(201409231923)
1,174,142
2,574,364
5,212,604
608,417
708,002
330,957

201409231924(201409231924)
1,174,142
2,574,364
5,212,604
608,417
708,002
330,976

201409231925(201409231925)
1,174,142
2,574,364
5,212,604
608,417
708,008
331,021

201409231926(201409231926)
1,174,142
2,574,364
5,212,604
608,417
708,008
331,131

201409231929(201409231929)
1,174,142
2,580,371
5,212,604
608,417
708,008
331,131

201409231930(201409231930)
1,174,142
2,584,147
5,212,604
608,417
708,008
331,134

201409231931(201409231931)
1,174,142
2,584,147
5,212,604
608,510
708,008
331,136

201409231932(201409231932)
1,174,142
2,584,147
5,212,604
608,510
708,008
331,136

201409231934(201409231934)
1,174,142
2,584,998
5,212,604
608,533
708,008
331,225

201409231935(201409231935)
1,174,142
2,584,998
5,212,604
608,533
708,295
331,225

201409231936(201409231936)
1,174,142
2,584,998
5,212,604
608,533
708,295
331,225

201409231939(201409231939)
1,174,583
2,584,998
5,212,604
608,533
708,596
331,271

201409231940(201409231940)
1,174,583
2,584,998
5,212,604
608,533
708,690
331,280

201409231941(201409231941)
1,174,583
2,584,998
5,212,604
608,533
708,690
331,280

201409231942(201409231942)
1,174,583
2,584,998
5,212,604
608,533
708,690
331,280

201409231944(201409231944)
1,174,583
2,584,998
5,212,604
608,546
708,690
331,280

201409231945(201409231945)
1,174,583
2,585,074
5,212,604
608,546
708,873
331,280

201409231946(201409231946)
1,174,583
2,585,074
5,212,604
608,546
708,873
331,280

201409231949(201409231949)
1,174,583
2,587,277
5,212,604
608,546
708,873
331,329

201409231950(201409231950)
1,174,583
2,587,277
5,212,604
608,546
708,873
331,329

201409231951(201409231951)
1,174,583
2,587,277
5,212,604
608,582
709,327
331,520

201409231952(201409231952)
1,174,583
2,587,277
5,212,604
608,582
709,327
331,520

201409231954(201409231954)
1,174,583
2,589,870
5,212,604
608,582
709,648
331,535

201409231955(201409231955)
1,174,749
2,589,870
5,212,604
608,642
709,648
331,535

201409231956(201409231956)
1,176,696
2,589,870
5,212,604
608,642
709,648
331,535

201409231959(201409231959)
1,179,094
2,592,415
5,212,604
608,642
709,656
331,535

201409232000(201409232000)
1,179,094
2,593,838
5,212,604
608,642
709,656
331,535

201409232001(201409232001)
1,179,094
2,594,575
5,212,604
608,642
709,779
331,535

201409232002(201409232002)
1,179,094
2,594,575
5,212,604
608,642
709,985
331,535

201409232004(201409232004)
1,179,094
2,594,575
5,212,604
608,642
709,985
331,608

201409232005(201409232005)
1,179,094
2,594,575
5,212,604
608,642
709,985
331,608

201409232006(201409232006)
1,179,094
2,594,575
5,212,604
608,665
709,985
331,608

201409232009(201409232009)
1,179,094
2,594,575
5,212,604
608,665
710,024
331,608

201409232010(201409232010)
1,179,094
2,594,575
5,212,604
608,665
710,024
331,608

201409232011(201409232011)
1,179,094
2,594,575
5,212,604
608,665
710,024
331,608

201409232012(201409232012)
1,179,094
2,594,575
5,212,604
608,665
710,024
331,608

201409232014(201409232014)
1,179,094
2,594,575
5,212,604
608,665
710,024
331,640

201409232015(201409232015)
1,179,094
2,594,575
5,212,604
608,665
710,024
331,640

201409232016(201409232016)
1,179,094
2,594,575
5,212,604
608,665
710,102
331,640

201409232019(201409232019)
1,179,094
2,598,213
5,212,604
608,665
710,102
331,649

201409232020(201409232020)
1,179,094
2,598,213
5,212,604
608,922
710,102
331,649

201409232021(201409232021)
1,179,094
2,598,213
5,212,604
608,922
710,102
331,662

201409232022(201409232022)
1,179,094
2,599,698
5,212,604
608,922
710,102
331,794

201409232024(201409232024)
1,179,094
2,600,417
5,212,604
608,922
710,102
331,890

201409232025(201409232025)
1,179,094
2,601,732
5,212,604
608,922
710,102
331,890

201409232026(201409232026)
1,179,094
2,604,410
5,213,089
608,922
710,102
331,890

201409232029(201409232029)
1,179,094
2,604,410
5,216,689
608,922
710,551
331,955

201409232030(201409232030)
1,179,094
2,604,410
5,216,689
608,932
710,551
331,955

201409232031(201409232031)
1,179,094
2,604,410
5,216,689
608,932
710,551
332,188

201409232032(201409232032)
1,179,094
2,607,554
5,216,689
608,932
710,551
332,209

201409232034(201409232034)
1,179,094
2,607,554
5,216,689
608,950
710,551
332,209

201409232035(201409232035)
1,179,094
2,607,554
5,216,689
608,950
710,551
332,209

201409232036(201409232036)
1,179,094
2,607,554
5,216,689
608,950
710,551
332,209

201409232039(201409232039)
1,180,524
2,607,753
5,216,689
608,950
710,709
332,445

201409232040(201409232040)
1,180,887
2,609,047
5,216,689
608,950
710,724
332,445

201409232041(201409232041)
1,180,887
2,609,047
5,216,689
608,950
710,724
332,445

201409232042(201409232042)
1,180,887
2,609,047
5,216,689
609,144
710,724
332,451

201409232044(201409232044)
1,180,887
2,616,330
5,216,689
609,144
710,724
332,490

201409232045(201409232045)
1,180,887
2,616,330
5,216,689
609,144
710,724
332,490

201409232046(201409232046)
1,180,887
2,616,330
5,216,689
609,144
710,724
332,492

201409232049(201409232049)
1,180,887
2,616,330
5,217,107
609,144
710,768
332,555

201409232049(201409232049)
1,180,887
2,616,330
5,219,014
609,144
711,017
332,555

201409232050(201409232050)
1,181,373
2,616,330
5,221,202
609,144
711,131
332,555

201409232051(201409232051)
1,181,373
2,616,330
5,223,034
609,144
711,131
332,599

201409232051(201409232051)
1,181,373
2,616,330
5,223,034
609,144
711,131
332,599

201409232052(201409232052)
1,181,373
2,616,330
5,224,732
609,144
711,131
332,599

201409232054(201409232054)
1,181,373
2,616,330
5,226,479
609,144
711,189
332,916

201409232055(201409232055)
1,181,373
2,616,330
5,227,929
609,144
711,218
332,916

201409232056(201409232056)
1,181,373
2,616,330
5,229,993
609,144
711,218
332,935

201409232059(201409232059)
1,182,444
2,616,330
5,235,208
609,144
711,218
332,935

201409232100(201409232100)
1,183,389
2,616,330
5,236,451
609,144
711,218
332,935

201409232101(201409232101)
1,183,389
2,616,330
5,237,132
609,144
711,218
332,935

201409232102(201409232102)
1,185,971
2,616,330
5,237,132
609,183
711,544
332,935

201409232102(201409232102)
1,185,971
2,616,330
5,237,132
609,183
711,544
332,935

201409232104(201409232104)
1,185,971
2,616,330
5,237,132
609,183
711,652
333,119

201409232105(201409232105)
1,185,971
2,616,330
5,237,132
609,183
711,652
333,214

201409232106(201409232106)
1,186,254
2,616,330
5,237,132
609,183
711,652
333,258

201409232109(201409232109)
1,186,254
2,616,330
5,237,132
609,221
711,652
333,314

201409232110(201409232110)
1,186,254
2,616,330
5,237,132
609,221
711,652
333,314

201409232111(201409232111)
1,186,254
2,616,330
5,237,132
609,221
711,652
333,314

201409232112(201409232112)
1,186,411
2,616,330
5,237,132
609,221
711,652
333,368

201409232114(201409232114)
1,187,200
2,616,330
5,237,132
609,221
711,652
333,456

201409232115(201409232115)
1,187,200
2,616,330
5,237,132
609,221
711,652
333,456

201409232116(201409232116)
1,187,200
2,616,330
5,237,132
609,221
712,101
333,456

201409232119(201409232119)
1,187,200
2,616,330
5,238,152
609,221
712,158
333,456

201409232120(201409232120)
1,187,200
2,616,330
5,238,152
609,221
712,158
333,456

201409232121(201409232121)
1,187,200
2,618,066
5,238,152
609,221
712,158
333,519

201409232122(201409232122)
1,187,200
2,618,066
5,238,152
609,221
712,158
333,519

201409232124(201409232124)
1,187,200
2,618,066
5,240,073
609,221
712,158
333,560

201409232125(201409232125)
1,187,200
2,618,066
5,242,625
609,243
712,158
333,560

201409232126(201409232126)
1,187,200
2,618,066
5,244,840
609,243
712,325
333,578

201409232129(201409232129)
1,190,159
2,618,066
5,246,936
609,243
712,602
333,578

201409232130(201409232130)
1,190,159
2,621,119
5,248,161
609,243
712,734
333,578

201409232131(201409232131)
1,191,625
2,621,119
5,250,167
609,278
712,734
333,589

201409232132(201409232132)
1,191,680
2,621,119
5,251,961
609,278
712,734
333,589

201409232134(201409232134)
1,191,680
2,621,119
5,261,560
609,278
712,896
333,589

201409232135(201409232135)
1,191,680
2,621,119
5,263,821
609,278
712,896
333,589

201409232136(201409232136)
1,191,930
2,621,119
5,265,476
609,278
712,896
333,589

201409232139(201409232139)
1,191,930
2,621,119
5,269,580
609,278
712,896
333,632

201409232140(201409232140)
1,191,930
2,621,119
5,271,977
609,278
712,896
333,632

201409232141(201409232141)
1,192,722
2,621,119
5,274,428
609,278
712,896
333,647

201409232142(201409232142)
1,192,722
2,621,119
5,275,283
609,278
712,896
333,647

201409232144(201409232144)
1,192,722
2,624,231
5,283,314
609,287
712,937
333,753

201409232145(201409232145)
1,192,722
2,624,358
5,285,476
609,312
713,072
333,753

201409232146(201409232146)
1,192,722
2,624,358
5,286,104
609,312
713,072
333,753

201409232149(201409232149)
1,194,311
2,624,597
5,291,794
609,312
713,103
333,753

201409232150(201409232150)
1,195,538
2,624,597
5,292,186
609,312
713,103
333,753

201409232151(201409232151)
1,196,206
2,624,597
5,294,489
609,312
713,103
333,768

201409232152(201409232152)
1,196,206
2,624,597
5,297,246
609,312
713,472
333,768

201409232154(201409232154)
1,196,206
2,625,840
5,298,037
609,312
713,701
333,780

201409232155(201409232155)
1,196,206
2,625,840
5,298,037
609,312
713,701
333,780

201409232156(201409232156)
1,196,206
2,625,840
5,299,590
609,312
713,701
333,780

201409232159(201409232159)
1,196,206
2,625,840
5,305,145
609,364
713,866
333,780

201409232200(201409232200)
1,197,379
2,625,840
5,305,145
609,364
713,866
333,780

201409232201(201409232201)
1,197,379
2,625,840
5,309,900
609,364
713,866
333,780

201409232202(201409232202)
1,197,379
2,625,840
5,313,086
609,364
713,967
333,780

201409232204(201409232204)
1,198,900
2,625,840
5,313,086
609,739
713,967
333,845

201409232205(201409232205)
1,198,900
2,637,783
5,313,086
609,739
713,967
333,845

201409232206(201409232206)
1,198,900
2,640,502
5,313,086
609,739
713,967
333,845

201409232209(201409232209)
1,198,900
2,640,502
5,313,086
609,739
714,110
334,093

201409232210(201409232210)
1,199,093
2,640,502
5,313,086
609,739
714,110
334,093

201409232211(201409232211)
1,199,093
2,640,502
5,313,086
609,739
714,110
334,143

201409232212(201409232212)
1,199,093
2,640,502
5,313,086
609,739
714,110
334,143

201409232214(201409232214)
1,199,806
2,640,502
5,313,086
609,739
714,232
334,173

201409232215(201409232215)
1,199,806
2,640,502
5,313,086
609,739
714,256
334,207

201409232216(201409232216)
1,199,806
2,640,502
5,313,086
609,739
714,256
334,207

201409232219(201409232219)
1,199,806
2,640,502
5,314,161
609,739
714,500
334,207

201409232220(201409232220)
1,199,806
2,640,502
5,316,523
609,739
714,600
334,207

201409232221(201409232221)
1,199,806
2,640,502
5,317,110
609,739
714,724
334,207

201409232222(201409232222)
1,199,806
2,640,502
5,318,857
609,739
714,880
334,207

201409232224(201409232224)
1,199,806
2,640,502
5,333,894
609,739
714,880
334,207

201409232225(201409232225)
1,199,806
2,643,122
5,336,667
609,739
714,896
334,207

201409232226(201409232226)
1,199,806
2,643,122
5,336,667
609,980
714,896
334,207

201409232229(201409232229)
1,200,678
2,656,490
5,340,923
609,980
715,498
334,403

201409232230(201409232230)
1,200,678
2,656,490
5,340,923
609,980
715,498
334,403

201409232231(201409232231)
1,200,801
2,656,490
5,340,923
609,980
715,522
334,486

201409232232(201409232232)
1,201,618
2,656,490
5,340,923
609,980
715,522
334,617

201409232234(201409232234)
1,201,618
2,656,688
5,340,923
609,980
715,522
334,617

201409232235(201409232235)
1,201,618
2,656,688
5,340,923
609,980
715,522
334,758

201409232236(201409232236)
1,201,618
2,656,688
5,342,943
609,980
715,522
334,758

201409232239(201409232239)
1,201,618
2,656,688
5,342,972
609,980
715,522
334,919

201409232240(201409232240)
1,201,992
2,656,729
5,345,296
609,980
715,522
334,920

201409232241(201409232241)
1,201,992
2,657,768
5,346,623
609,980
715,522
334,920

201409232242(201409232242)
1,201,992
2,657,768
5,351,094
609,980
715,975
334,920

201409232244(201409232244)
1,201,992
2,657,768
5,354,654
609,980
715,975
334,956

201409232245(201409232245)
1,201,992
2,657,768
5,354,654
609,980
715,975
334,956

201409232246(201409232246)
1,201,992
2,658,302
5,354,654
609,980
715,975
335,094

201409232249(201409232249)
1,201,992
2,664,315
5,361,348
609,980
715,975
335,227

201409232250(201409232250)
1,201,992
2,666,042
5,361,348
610,093
716,052
335,227

201409232251(201409232251)
1,201,992
2,667,360
5,361,348
610,093
716,052
335,227

201409232252(201409232252)
1,201,992
2,669,424
5,361,348
610,093
716,167
335,227

201409232254(201409232254)
1,201,992
2,669,424
5,363,869
610,093
716,167
335,227

201409232255(201409232255)
1,201,992
2,669,424
5,366,221
610,093
716,167
335,227

201409232256(201409232256)
1,204,945
2,669,424
5,369,278
610,134
716,167
335,227

201409232257(201409232257)
1,205,517
2,671,652
5,374,665
610,134
716,167
335,227

201409232259(201409232259)
1,205,938
2,671,652
5,377,723
610,134
716,167
335,227

201409232300(201409232300)
1,205,938
2,671,652
5,378,811
610,134
716,332
335,232

201409232301(201409232301)
1,205,938
2,671,652
5,380,885
610,134
716,332
335,277

201409232302(201409232302)
1,205,938
2,671,652
5,380,885
610,134
716,696
335,277

201409232304(201409232304)
1,206,619
2,671,652
5,382,248
610,134
716,867
335,308

201409232305(201409232305)
1,206,675
2,671,652
5,385,680
610,134
716,964
335,308

201409232306(201409232306)
1,206,675
2,671,652
5,389,644
610,134
716,964
335,308

201409232309(201409232309)
1,206,675
2,673,720
5,395,405
610,134
716,964
335,478

201409232310(201409232310)
1,206,675
2,673,720
5,395,405
610,134
717,067
335,478

201409232311(201409232311)
1,206,675
2,673,720
5,395,405
610,134
717,067
335,478

201409232312(201409232312)
1,206,675
2,673,720
5,395,405
610,134
717,067
335,500

201409232314(201409232314)
1,206,675
2,673,720
5,395,405
610,134
717,067
335,500

201409232315(201409232315)
1,206,675
2,674,338
5,395,405
610,134
717,067
335,500

201409232316(201409232316)
1,206,675
2,674,338
5,395,405
610,134
717,067
335,500

201409232319(201409232319)
1,206,675
2,674,338
5,395,405
610,134
717,067
335,690

201409232320(201409232320)
1,206,675
2,674,338
5,395,405
610,134
717,067
335,690

201409232321(201409232321)
1,206,675
2,674,338
5,395,405
610,135
717,067
335,690

201409232322(201409232322)
1,206,675
2,674,338
5,395,405
610,135
717,067
335,690

201409232324(201409232324)
1,206,675
2,674,338
5,395,405
610,135
717,067
335,690

201409232325(201409232325)
1,206,675
2,674,338
5,395,405
610,135
717,067
335,690

201409232326(201409232326)
1,206,675
2,674,338
5,395,405
610,135
717,067
335,690

201409232329(201409232329)
1,206,675
2,674,338
5,395,405
610,135
717,390
335,857

201409232330(201409232330)
1,206,675
2,674,338
5,395,405
610,135
717,390
335,857

201409232331(201409232331)
1,206,675
2,674,338
5,395,405
610,135
717,390
335,857

201409232332(201409232332)
1,206,675
2,674,338
5,395,405
610,135
717,402
335,857

201409232334(201409232334)
1,206,675
2,674,338
5,395,405
610,172
717,480
335,862

201409232335(201409232335)
1,206,675
2,674,338
5,395,405
610,172
717,480
335,979

201409232336(201409232336)
1,206,675
2,674,338
5,395,405
610,172
717,480
335,979

201409232339(201409232339)
1,206,675
2,674,338
5,398,367
610,172
717,480
336,130

201409232340(201409232340)
1,206,675
2,677,144
5,398,367
610,172
717,480
336,130

201409232341(201409232341)
1,206,675
2,677,584
5,398,367
610,172
717,480
336,130

201409232342(201409232342)
1,206,675
2,677,584
5,398,895
610,172
717,531
336,130

201409232344(201409232344)
1,206,675
2,684,850
5,402,189
610,172
717,531
336,130

201409232345(201409232345)
1,206,675
2,687,170
5,406,042
610,250
717,531
336,130

201409232346(201409232346)
1,206,675
2,691,648
5,411,579
610,250
717,531
336,130

201409232349(201409232349)
1,206,675
2,691,648
5,420,511
610,250
717,684
336,340

201409232350(201409232350)
1,206,675
2,691,648
5,420,511
610,250
717,684
336,340

201409232351(201409232351)
1,206,675
2,691,648
5,420,511
610,250
717,684
336,469

201409232352(201409232352)
1,206,675
2,691,648
5,420,511
610,541
717,684
336,530

201409232354(201409232354)
1,206,675
2,691,648
5,420,511
610,541
717,684
336,596

201409232355(201409232355)
1,206,675
2,691,648
5,420,511
610,541
717,684
336,596

201409232356(201409232356)
1,207,558
2,691,648
5,420,511
610,653
717,684
336,596

201409232359(201409232359)
1,208,316
2,701,031
5,420,511
610,681
717,981
336,603

201409240000(201409240000)
1,208,316
2,701,031
5,420,511
610,681
717,981
336,603

201409240001(201409240001)
1,208,316
2,701,031
5,420,511
610,681
717,981
336,603

201409240002(201409240002)
1,208,316
2,701,031
5,420,511
610,681
717,981
336,665

201409240004(201409240004)
1,208,316
2,701,031
5,420,511
610,681
718,214
336,665

201409240005(201409240005)
1,208,316
2,701,031
5,420,511
610,681
718,214
336,683

201409240006(201409240006)
1,208,316
2,701,031
5,420,511
610,681
718,214
336,683

201409240009(201409240009)
1,208,316
2,703,343
5,422,791
610,681
718,690
336,704

201409240010(201409240010)
1,208,316
2,704,585
5,424,474
610,681
718,690
336,704

201409240011(201409240011)
1,208,316
2,705,119
5,424,474
610,681
718,690
336,704

201409240012(201409240012)
1,208,316
2,705,119
5,427,417
610,681
718,690
336,704

201409240014(201409240014)
1,208,836
2,705,119
5,429,667
610,681
718,878
336,704

201409240015(201409240015)
1,208,836
2,705,119
5,429,667
610,681
718,878
336,704

201409240015(201409240015)
1,208,836
2,705,119
5,429,667
610,681
718,878
336,841

201409240016(201409240016)
1,208,836
2,705,119
5,429,667
610,681
718,878
336,841

201409240017(201409240017)
1,208,836
2,705,119
5,429,667
610,681
718,878
336,841

201409240019(201409240019)
1,208,836
2,705,119
5,432,295
610,681
719,183
336,874

201409240020(201409240020)
1,208,836
2,705,119
5,436,791
610,681
719,183
336,874

201409240021(201409240021)
1,208,836
2,705,119
5,442,986
610,681
720,091
336,980

201409240022(201409240022)
1,208,836
2,705,119
5,445,364
610,681
720,091
336,980

201409240024(201409240024)
1,208,836
2,705,119
5,447,299
610,681
720,091
336,980

201409240025(201409240025)
1,208,836
2,705,119
5,449,234
610,681
720,091
336,980

201409240026(201409240026)
1,208,976
2,705,119
5,449,234
610,681
720,328
336,980

201409240029(201409240029)
1,208,976
2,705,119
5,449,234
610,681
720,328
336,980

201409240030(201409240030)
1,208,976
2,705,480
5,451,422
610,681
720,328
336,980

201409240031(201409240031)
1,208,976
2,706,640
5,451,422
610,681
720,328
336,980

201409240032(201409240032)
1,208,976
2,706,640
5,453,506
610,681
720,328
336,980

201409240034(201409240034)
1,208,976
2,706,640
5,463,393
610,681
720,328
336,980

201409240035(201409240035)
1,209,020
2,706,640
5,473,981
610,681
720,328
336,980

201409240036(201409240036)
1,209,020
2,706,640
5,488,930
610,698
720,328
336,980

201409240039(201409240039)
1,209,035
2,707,844
5,511,716
610,698
720,370
337,039

201409240040(201409240040)
1,209,035
2,707,844
5,511,716
610,698
720,370
337,163

201409240041(201409240041)
1,209,035
2,707,844
5,511,716
610,819
720,370
337,166

201409240042(201409240042)
1,209,035
2,707,844
5,511,716
610,819
720,370
337,166

201409240044(201409240044)
1,209,035
2,707,844
5,511,716
610,939
720,370
337,166

201409240045(201409240045)
1,209,035
2,707,844
5,511,716
610,939
720,370
337,207

201409240046(201409240046)
1,209,035
2,707,844
5,511,716
610,939
720,370
337,215

201409240049(201409240049)
1,209,035
2,707,844
5,511,716
610,939
720,763
337,379

201409240050(201409240050)
1,209,035
2,707,844
5,511,716
610,939
720,763
337,379

201409240051(201409240051)
1,209,035
2,707,844
5,511,716
610,939
720,763
337,379

201409240052(201409240052)
1,209,035
2,707,844
5,511,716
610,939
720,763
337,459

201409240054(201409240054)
1,209,035
2,711,426
5,511,716
610,939
720,763
337,459

201409240055(201409240055)
1,209,035
2,711,426
5,511,716
610,964
720,763
337,547

201409240055(201409240055)
1,209,035
2,711,426
5,511,716
610,964
720,763
337,547

201409240056(201409240056)
1,209,035
2,711,426
5,511,716
611,315
720,763
337,547

201409240057(201409240057)
1,209,035
2,711,426
5,511,716
611,315
720,763
337,547

201409240059(201409240059)
1,209,035
2,716,850
5,511,716
611,315
720,763
337,618

201409240100(201409240100)
1,209,035
2,716,850
5,511,716
611,315
720,763
337,735

201409240101(201409240101)
1,209,035
2,716,850
5,511,716
611,315
720,763
337,740

201409240102(201409240102)
1,209,035
2,716,850
5,511,716
611,315
720,763
337,740

201409240104(201409240104)
1,209,035
2,716,850
5,511,716
611,315
720,763
337,740

201409240105(201409240105)
1,209,035
2,716,850
5,511,716
611,315
720,763
337,740

201409240106(201409240106)
1,209,035
2,716,850
5,511,716
611,315
720,763
337,836

201409240109(201409240109)
1,209,035
2,716,850
5,511,716
611,463
720,763
337,841

201409240110(201409240110)
1,209,035
2,716,850
5,511,716
611,463
720,763
337,859

201409240111(201409240111)
1,210,244
2,716,850
5,511,716
611,463
720,763
337,859

201409240112(201409240112)
1,210,244
2,716,850
5,511,716
611,463
720,763
337,859

201409240114(201409240114)
1,210,244
2,716,850
5,511,716
611,463
720,763
337,975

201409240115(201409240115)
1,210,244
2,716,850
5,511,716
611,463
720,763
338,018

201409240116(201409240116)
1,210,244
2,716,850
5,511,716
611,463
720,763
338,018

201409240119(201409240119)
1,214,207
2,716,850
5,511,716
611,635
720,763
338,087

201409240120(201409240120)
1,214,207
2,716,850
5,511,716
611,635
720,788
338,087

201409240121(201409240121)
1,214,207
2,716,850
5,511,716
611,635
720,788
338,150

201409240122(201409240122)
1,214,207
2,716,850
5,511,716
611,635
720,788
338,150

201409240124(201409240124)
1,214,207
2,716,850
5,511,716
611,635
720,788
338,150

201409240125(201409240125)
1,214,207
2,716,850
5,511,716
611,635
720,788
338,150

201409240126(201409240126)
1,214,207
2,716,850
5,511,716
611,635
720,788
338,150

201409240129(201409240129)
1,214,207
2,716,850
5,515,989
611,635
720,788
338,153

201409240130(201409240130)
1,214,207
2,716,850
5,515,989
611,635
720,788
338,153

201409240131(201409240131)
1,214,207
2,716,850
5,515,989
611,635
720,788
338,153

201409240132(201409240132)
1,214,565
2,716,850
5,515,989
611,635
720,788
338,153

201409240134(201409240134)
1,215,507
2,716,850
5,515,989
611,635
720,788
338,217

201409240135(201409240135)
1,215,507
2,716,850
5,515,989
611,635
720,788
338,217

201409240136(201409240136)
1,215,507
2,716,850
5,515,989
611,635
720,788
338,217

201409240139(201409240139)
1,215,507
2,717,687
5,515,989
611,635
720,843
338,575

201409240140(201409240140)
1,215,507
2,718,258
5,515,989
611,635
720,843
338,575

201409240141(201409240141)
1,215,507
2,718,258
5,515,989
611,635
720,843
338,575

201409240142(201409240142)
1,215,507
2,719,859
5,515,989
611,644
720,843
338,575

201409240144(201409240144)
1,215,507
2,720,460
5,515,989
611,644
720,843
338,575

201409240145(201409240145)
1,215,507
2,720,971
5,515,989
611,644
720,843
338,575

201409240146(201409240146)
1,215,507
2,720,971
5,515,989
611,644
720,843
338,575

201409240149(201409240149)
1,215,507
2,723,672
5,515,989
611,644
720,843
338,616

201409240150(201409240150)
1,215,507
2,723,672
5,515,989
611,708
720,843
338,616

201409240151(201409240151)
1,215,507
2,726,721
5,515,989
611,708
720,843
338,616

201409240152(201409240152)
1,215,507
2,726,721
5,515,989
611,708
720,843
338,632

201409240154(201409240154)
1,215,507
2,726,721
5,515,989
611,708
720,843
338,632

201409240155(201409240155)
1,215,507
2,726,721
5,515,989
611,708
720,970
338,754

201409240156(201409240156)
1,215,507
2,727,000
5,515,989
611,708
720,970
338,754

201409240159(201409240159)
1,215,507
2,728,117
5,515,989
611,708
720,970
338,754

201409240200(201409240200)
1,215,507
2,728,117
5,515,989
611,708
720,970
338,754

201409240201(201409240201)
1,215,507
2,728,117
5,515,989
611,708
720,970
338,754

201409240202(201409240202)
1,215,507
2,730,690
5,515,989
611,708
720,970
338,848

201409240204(201409240204)
1,215,507
2,730,690
5,515,989
611,708
720,970
338,862

201409240205(201409240205)
1,215,507
2,730,690
5,515,989
611,708
721,089
338,862

201409240206(201409240206)
1,215,507
2,730,690
5,515,989
611,708
721,089
339,112

201409240209(201409240209)
1,215,507
2,730,690
5,515,989
611,708
721,089
339,148

201409240210(201409240210)
1,215,507
2,730,690
5,515,989
611,708
721,089
339,148

201409240211(201409240211)
1,215,507
2,730,690
5,515,989
611,918
721,503
339,192

201409240212(201409240212)
1,215,507
2,730,690
5,515,989
611,918
721,503
339,192

201409240214(201409240214)
1,215,507
2,730,690
5,515,989
611,918
721,503
339,192

201409240214(201409240214)
1,215,507
2,730,690
5,515,989
611,918
721,503
339,192

201409240215(201409240215)
1,215,507
2,730,690
5,515,989
611,918
721,673
339,192

201409240216(201409240216)
1,215,507
2,730,690
5,515,989
611,918
721,673
339,192

201409240219(201409240219)
1,215,507
2,730,690
5,515,989
611,918
721,998
339,192

201409240220(201409240220)
1,215,507
2,730,690
5,515,989
611,918
721,998
339,192

201409240221(201409240221)
1,215,507
2,730,690
5,515,989
611,918
721,998
339,192

201409240222(201409240222)
1,215,507
2,730,690
5,515,989
611,918
721,998
339,192

201409240224(201409240224)
1,215,507
2,730,690
5,515,989
611,918
721,998
339,192

201409240225(201409240225)
1,215,507
2,730,690
5,515,989
611,918
722,139
339,192

201409240226(201409240226)
1,215,507
2,730,690
5,515,989
611,918
722,139
339,192

201409240229(201409240229)
1,215,507
2,730,690
5,515,989
611,918
722,139
339,300

201409240230(201409240230)
1,215,507
2,730,690
5,515,989
611,918
722,139
339,300

201409240231(201409240231)
1,215,507
2,730,715
5,515,989
611,918
722,139
339,300

201409240232(201409240232)
1,215,507
2,732,764
5,515,989
612,143
722,139
339,300

201409240234(201409240234)
1,217,410
2,732,764
5,515,989
612,143
722,139
339,300

201409240235(201409240235)
1,217,410
2,732,764
5,515,989
612,143
722,139
339,321

201409240236(201409240236)
1,217,410
2,732,764
5,515,989
612,143
722,139
339,321

201409240239(201409240239)
1,217,410
2,732,764
5,515,989
612,164
722,139
339,332

201409240240(201409240240)
1,217,410
2,732,764
5,515,989
612,164
722,139
339,332

201409240241(201409240241)
1,217,410
2,732,764
5,515,989
612,164
722,139
339,332

201409240242(201409240242)
1,217,410
2,732,764
5,515,989
612,164
722,139
339,332

201409240244(201409240244)
1,217,410
2,732,764
5,515,989
612,164
722,139
339,380

201409240245(201409240245)
1,217,410
2,732,764
5,515,989
612,164
722,139
339,380

201409240246(201409240246)
1,217,410
2,732,764
5,515,989
612,171
722,139
339,409

201409240249(201409240249)
1,217,410
2,732,764
5,515,989
612,171
722,139
339,409

201409240250(201409240250)
1,217,410
2,732,764
5,515,989
612,171
722,139
339,409

201409240251(201409240251)
1,217,435
2,732,764
5,515,989
612,171
722,139
339,409

201409240252(201409240252)
1,217,435
2,732,764
5,515,989
612,171
722,139
339,409

201409240254(201409240254)
1,217,435
2,733,048
5,515,989
612,171
722,245
339,409

201409240255(201409240255)
1,217,435
2,733,048
5,515,989
612,171
722,245
339,409

201409240256(201409240256)
1,217,435
2,733,048
5,515,989
612,171
722,245
339,409

201409240259(201409240259)
1,217,435
2,733,048
5,515,989
612,171
722,245
339,418

201409240300(201409240300)
1,217,435
2,733,048
5,515,989
612,171
722,245
339,418

201409240301(201409240301)
1,217,435
2,733,048
5,515,989
612,171
722,245
339,418

201409240302(201409240302)
1,217,435
2,733,048
5,515,989
612,171
722,245
339,418

201409240303(201409240303)
1,217,435
2,733,048
5,515,989
612,171
722,245
339,418

201409240304(201409240304)
1,217,435
2,733,048
5,515,989
612,171
722,245
339,462

201409240305(201409240305)
1,220,356
2,733,048
5,515,989
612,171
722,245
339,462

201409240306(201409240306)
1,220,356
2,733,048
5,515,989
612,171
722,245
339,462

201409240309(201409240309)
1,220,356
2,733,048
5,515,989
612,247
722,245
339,462

201409240310(201409240310)
1,220,356
2,733,048
5,515,989
612,247
722,245
339,500

201409240311(201409240311)
1,220,356
2,733,048
5,515,989
612,247
722,245
339,500

201409240312(201409240312)
1,220,356
2,734,412
5,515,989
612,247
722,245
339,500

201409240314(201409240314)
1,220,356
2,734,412
5,515,989
612,247
722,245
339,500

201409240315(201409240315)
1,220,356
2,734,412
5,515,989
612,247
722,245
339,500

201409240316(201409240316)
1,220,356
2,734,412
5,515,989
612,247
722,245
339,500

201409240319(201409240319)
1,220,356
2,734,412
5,515,989
612,247
722,245
339,500

201409240320(201409240320)
1,220,356
2,734,412
5,515,989
612,247
722,245
339,500

201409240321(201409240321)
1,220,356
2,734,412
5,515,989
612,247
722,245
339,500

201409240322(201409240322)
1,220,356
2,736,448
5,515,989
612,247
722,245
339,500

201409240324(201409240324)
1,220,356
2,740,056
5,515,989
612,247
722,245
339,501

201409240325(201409240325)
1,220,356
2,740,056
5,515,989
612,325
722,245
339,501

201409240326(201409240326)
1,220,356
2,740,056
5,515,989
612,373
722,245
339,501

201409240329(201409240329)
1,220,356
2,740,056
5,515,989
612,400
722,245
339,501

201409240330(201409240330)
1,220,356
2,740,056
5,515,989
612,400
722,245
339,501

201409240331(201409240331)
1,220,356
2,740,056
5,518,300
612,400
722,245
339,501

201409240332(201409240332)
1,220,356
2,740,056
5,521,777
612,400
722,245
339,501

201409240334(201409240334)
1,220,356
2,740,056
5,546,033
612,400
722,245
339,523

201409240335(201409240335)
1,220,356
2,740,056
5,549,532
612,400
722,245
339,523

201409240336(201409240336)
1,220,356
2,740,056
5,557,912
612,400
722,245
339,553

201409240339(201409240339)
1,220,356
2,740,056
5,557,912
612,400
722,245
339,553

201409240340(201409240340)
1,220,356
2,740,056
5,557,912
612,400
722,245
339,553

201409240341(201409240341)
1,221,756
2,740,056
5,557,912
612,400
722,245
339,556

201409240342(201409240342)
1,221,756
2,740,056
5,557,912
612,400
722,245
339,556

201409240344(201409240344)
1,221,756
2,740,056
5,557,912
612,400
722,245
339,754

201409240345(201409240345)
1,221,756
2,740,056
5,557,912
612,400
722,245
339,754

201409240346(201409240346)
1,221,756
2,740,056
5,557,912
612,400
722,245
339,754

201409240349(201409240349)
1,221,756
2,740,056
5,557,912
612,400
722,245
339,754

201409240350(201409240350)
1,221,756
2,740,056
5,557,912
612,400
722,245
339,861

201409240351(201409240351)
1,221,756
2,740,056
5,557,912
612,400
722,245
339,861

201409240352(201409240352)
1,221,756
2,740,056
5,557,912
612,400
722,245
339,861

201409240354(201409240354)
1,221,756
2,740,056
5,557,912
612,400
722,278
339,861

201409240355(201409240355)
1,221,756
2,740,056
5,557,912
612,400
722,278
339,861

201409240356(201409240356)
1,221,756
2,740,056
5,557,912
612,400
722,278
339,861

201409240359(201409240359)
1,221,756
2,740,056
5,557,912
612,400
722,278
339,861

201409240400(201409240400)
1,221,756
2,740,056
5,557,912
612,400
722,278
339,861

201409240401(201409240401)
1,221,756
2,740,056
5,557,912
612,400
722,278
339,861

201409240402(201409240402)
1,221,756
2,740,056
5,557,912
612,400
722,278
339,861

201409240404(201409240404)
1,221,756
2,740,056
5,557,912
612,400
722,278
339,861

201409240405(201409240405)
1,221,756
2,740,056
5,557,912
612,400
722,278
339,861

201409240406(201409240406)
1,221,756
2,740,056
5,557,912
612,400
722,278
339,861

201409240409(201409240409)
1,221,756
2,740,056
5,557,912
612,400
722,278
339,861

201409240410(201409240410)
1,221,756
2,740,056
5,557,912
612,400
722,278
339,861

201409240411(201409240411)
1,221,756
2,740,056
5,557,912
612,400
722,278
339,971

201409240412(201409240412)
1,221,756
2,740,056
5,557,912
612,400
722,278
339,971

201409240414(201409240414)
1,221,756
2,740,056
5,557,912
612,400
722,278
339,971

201409240415(201409240415)
1,221,756
2,740,056
5,557,912
612,400
722,278
339,971

201409240416(201409240416)
1,221,756
2,740,056
5,557,912
612,400
722,278
339,971

201409240419(201409240419)
1,221,756
2,740,056
5,557,912
612,400
722,498
339,971

201409240420(201409240420)
1,221,756
2,740,056
5,557,912
612,400
722,498
339,971

201409240421(201409240421)
1,221,756
2,740,056
5,557,912
612,400
722,498
339,971

201409240422(201409240422)
1,221,756
2,740,056
5,557,912
612,400
722,498
339,971

201409240424(201409240424)
1,221,756
2,740,056
5,557,912
612,400
722,498
339,983

201409240425(201409240425)
1,221,756
2,740,056
5,557,912
612,400
722,498
339,983

201409240426(201409240426)
1,221,756
2,740,056
5,557,912
612,400
722,498
339,983

201409240429(201409240429)
1,221,756
2,740,056
5,557,912
612,400
722,498
339,983

201409240430(201409240430)
1,221,756
2,740,056
5,557,912
612,400
722,498
339,983

201409240431(201409240431)
1,221,756
2,740,056
5,557,912
612,400
722,498
339,983

201409240431(201409240431)
1,221,756
2,740,056
5,557,912
612,400
722,498
339,983

201409240432(201409240432)
1,221,756
2,740,056
5,557,912
612,400
722,498
339,983

201409240433(201409240433)
1,221,756
2,740,056
5,557,912
612,400
722,498
339,983

201409240434(201409240434)
1,221,756
2,740,056
5,557,912
612,400
722,498
339,983

201409240435(201409240435)
1,221,756
2,740,056
5,557,912
612,400
722,498
339,983

201409240436(201409240436)
1,221,756
2,740,056
5,557,912
612,400
722,498
339,983

201409240439(201409240439)
1,221,756
2,740,056
5,557,912
612,400
722,498
340,024

201409240440(201409240440)
1,222,476
2,740,056
5,557,912
612,400
722,498
340,024

201409240441(201409240441)
1,222,476
2,740,056
5,557,912
612,400
722,498
340,024

201409240442(201409240442)
1,222,476
2,740,056
5,557,912
612,400
722,498
340,024

201409240444(201409240444)
1,222,476
2,740,056
5,557,912
612,400
722,498
340,024

201409240445(201409240445)
1,222,476
2,740,056
5,557,912
612,400
722,498
340,024

201409240446(201409240446)
1,222,476
2,740,300
5,557,912
612,400
722,498
340,024

201409240449(201409240449)
1,222,476
2,742,276
5,557,912
612,400
722,498
340,096

201409240450(201409240450)
1,222,476
2,742,276
5,557,912
612,400
722,498
340,096

201409240451(201409240451)
1,222,476
2,742,276
5,557,912
612,400
722,498
340,096

201409240452(201409240452)
1,222,476
2,742,276
5,557,912
612,400
722,498
340,096

201409240453(201409240453)
1,222,476
2,742,276
5,557,912
612,400
722,498
340,096

201409240453(201409240453)
1,222,476
2,742,276
5,557,912
612,400
722,498
340,096

201409240454(201409240454)
1,222,476
2,742,276
5,557,912
612,400
722,498
340,096

201409240455(201409240455)
1,222,476
2,742,276
5,557,912
612,400
722,498
340,096

201409240456(201409240456)
1,222,476
2,742,276
5,557,912
612,400
722,498
340,096

201409240459(201409240459)
1,222,476
2,742,276
5,564,619
612,400
723,255
340,096

201409240500(201409240500)
1,222,476
2,742,276
5,566,364
612,400
723,255
340,096

201409240501(201409240501)
1,222,476
2,742,276
5,566,730
612,400
723,255
340,096

201409240502(201409240502)
1,222,476
2,742,276
5,566,730
612,400
723,255
340,096

201409240504(201409240504)
1,222,476
2,742,276
5,566,730
612,400
723,255
340,096

201409240505(201409240505)
1,222,476
2,742,276
5,566,730
612,400
723,255
340,096

201409240506(201409240506)
1,222,476
2,742,276
5,566,730
612,400
723,255
340,096

201409240509(201409240509)
1,222,476
2,742,276
5,566,730
612,400
723,255
340,169

201409240510(201409240510)
1,222,476
2,742,276
5,566,730
612,400
723,255
340,169

201409240511(201409240511)
1,222,476
2,742,276
5,566,730
612,400
723,328
340,169

201409240512(201409240512)
1,222,476
2,742,276
5,566,730
612,400
723,328
340,169

201409240514(201409240514)
1,222,476
2,742,276
5,566,730
612,400
723,328
340,169

201409240515(201409240515)
1,222,476
2,742,276
5,566,730
612,400
723,328
340,169

201409240516(201409240516)
1,222,476
2,742,276
5,566,730
612,400
723,328
340,169

201409240519(201409240519)
1,222,476
2,742,276
5,566,730
612,400
723,328
340,169

201409240520(201409240520)
1,222,476
2,742,276
5,566,730
612,400
723,328
340,169

201409240521(201409240521)
1,222,476
2,742,276
5,566,730
612,400
723,328
340,169

201409240522(201409240522)
1,222,476
2,742,276
5,566,730
612,400
723,328
340,169

201409240524(201409240524)
1,222,476
2,742,276
5,566,730
612,400
723,328
340,169

201409240525(201409240525)
1,222,476
2,742,276
5,566,730
612,400
723,642
340,265

201409240526(201409240526)
1,222,476
2,742,276
5,566,730
612,446
723,795
340,265

201409240529(201409240529)
1,222,476
2,742,276
5,566,730
612,446
723,795
340,348

201409240530(201409240530)
1,222,476
2,742,276
5,566,730
612,446
723,795
340,348

201409240531(201409240531)
1,222,476
2,742,276
5,566,730
612,446
723,795
340,359

201409240532(201409240532)
1,222,476
2,742,276
5,566,730
612,726
723,795
340,359

201409240534(201409240534)
1,222,476
2,742,276
5,566,730
612,726
724,123
340,359

201409240535(201409240535)
1,222,476
2,742,276
5,566,730
612,726
724,123
340,359

201409240536(201409240536)
1,222,476
2,742,276
5,566,730
612,726
724,123
340,359

201409240539(201409240539)
1,222,476
2,742,276
5,566,730
612,726
724,123
340,359

201409240540(201409240540)
1,222,476
2,742,276
5,566,730
612,726
724,123
340,359

201409240541(201409240541)
1,222,476
2,742,276
5,566,730
612,726
724,123
340,359

201409240542(201409240542)
1,222,476
2,742,276
5,566,730
612,748
724,123
340,359

201409240542(201409240542)
1,222,476
2,742,276
5,566,730
612,748
724,123
340,359

201409240543(201409240543)
1,222,476
2,742,276
5,566,730
612,748
724,123
340,359

201409240544(201409240544)
1,222,476
2,742,276
5,566,730
612,748
724,123
340,359

201409240545(201409240545)
1,222,723
2,742,276
5,566,730
612,748
724,123
340,359

201409240546(201409240546)
1,224,485
2,742,276
5,566,730
612,748
724,123
340,359

201409240549(201409240549)
1,226,176
2,742,276
5,566,730
612,748
724,123
340,404

201409240550(201409240550)
1,226,176
2,742,276
5,566,730
612,748
724,123
340,442

201409240551(201409240551)
1,226,176
2,742,276
5,566,730
612,748
724,123
340,442

201409240552(201409240552)
1,226,176
2,742,276
5,566,730
612,748
724,123
340,442

201409240554(201409240554)
1,226,176
2,742,276
5,566,730
612,748
724,123
340,442

201409240555(201409240555)
1,226,176
2,742,276
5,566,730
612,748
724,123
340,442

201409240556(201409240556)
1,226,176
2,742,276
5,566,730
612,748
724,123
340,452

201409240559(201409240559)
1,226,176
2,742,276
5,566,730
612,748
724,123
340,452

201409240600(201409240600)
1,226,176
2,742,276
5,566,730
612,748
724,123
340,452

201409240601(201409240601)
1,226,176
2,742,276
5,566,730
612,748
724,123
340,452

201409240602(201409240602)
1,226,176
2,742,276
5,566,730
612,748
724,123
340,452

201409240604(201409240604)
1,226,176
2,742,276
5,566,730
612,748
724,123
340,452

201409240605(201409240605)
1,226,176
2,742,276
5,566,730
612,748
724,123
340,452

201409240606(201409240606)
1,226,176
2,742,276
5,566,730
612,748
724,123
340,452

201409240609(201409240609)
1,226,176
2,742,276
5,566,730
612,748
724,820
340,452

201409240610(201409240610)
1,226,176
2,742,276
5,566,730
612,748
724,820
340,452

201409240611(201409240611)
1,226,176
2,742,561
5,566,730
612,748
725,149
340,464

201409240612(201409240612)
1,226,176
2,742,561
5,566,730
612,748
725,149
340,626

201409240614(201409240614)
1,226,176
2,742,561
5,566,730
612,748
725,149
340,626

201409240615(201409240615)
1,226,176
2,742,561
5,566,730
612,748
725,156
340,626

201409240616(201409240616)
1,226,176
2,742,561
5,566,730
612,748
725,156
340,626

201409240619(201409240619)
1,226,176
2,742,561
5,566,730
612,748
725,156
340,824

201409240620(201409240620)
1,226,176
2,742,561
5,566,730
612,748
725,156
340,824

201409240621(201409240621)
1,226,176
2,742,561
5,566,730
612,748
725,156
340,824

201409240622(201409240622)
1,226,176
2,742,561
5,566,730
612,748
725,156
340,850

201409240624(201409240624)
1,226,176
2,742,561
5,566,730
612,748
725,156
340,850

201409240625(201409240625)
1,226,176
2,742,561
5,566,730
612,756
725,156
340,850

201409240626(201409240626)
1,226,176
2,742,561
5,566,730
612,756
725,156
340,850

201409240629(201409240629)
1,226,176
2,742,561
5,566,730
612,756
725,156
340,876

201409240630(201409240630)
1,226,176
2,742,561
5,566,730
612,756
725,156
340,876

201409240631(201409240631)
1,226,176
2,742,561
5,566,730
612,756
725,156
340,876

201409240632(201409240632)
1,226,176
2,742,561
5,566,730
612,952
725,156
340,997

201409240634(201409240634)
1,226,176
2,742,561
5,566,730
612,952
725,216
341,011

201409240635(201409240635)
1,226,176
2,742,561
5,566,730
612,952
725,216
341,011

201409240636(201409240636)
1,226,176
2,742,561
5,566,730
612,952
725,845
341,172

201409240639(201409240639)
1,226,176
2,742,561
5,566,730
612,952
725,845
341,259

201409240640(201409240640)
1,226,176
2,742,561
5,566,730
613,054
725,845
341,259

201409240641(201409240641)
1,226,176
2,742,561
5,566,730
613,054
725,845
341,259

201409240642(201409240642)
1,226,176
2,742,561
5,566,730
613,054
725,845
341,277

201409240644(201409240644)
1,226,176
2,742,561
5,566,730
613,232
725,845
341,277

201409240645(201409240645)
1,226,176
2,742,561
5,566,730
613,232
725,845
341,277

201409240646(201409240646)
1,226,176
2,742,561
5,566,730
613,232
725,845
341,277

201409240649(201409240649)
1,226,176
2,742,561
5,567,717
613,232
725,845
341,277

201409240650(201409240650)
1,226,176
2,742,561
5,568,667
613,232
725,845
341,277

201409240651(201409240651)
1,226,176
2,742,561
5,568,667
613,232
725,845
341,277

201409240652(201409240652)
1,226,176
2,742,561
5,568,667
613,232
725,845
341,277

201409240654(201409240654)
1,226,176
2,742,561
5,569,979
613,232
725,845
341,277

201409240655(201409240655)
1,226,176
2,742,561
5,569,979
613,232
725,845
341,320

201409240656(201409240656)
1,226,176
2,742,561
5,569,979
613,232
725,845
341,320

201409240658(201409240658)
1,226,176
2,742,561
5,569,979
613,232
725,845
341,347

201409240659(201409240659)
1,226,176
2,742,561
5,569,979
613,232
725,845
341,384

201409240700(201409240700)
1,226,176
2,742,561
5,569,979
613,232
725,845
341,384

201409240701(201409240701)
1,226,176
2,742,561
5,569,979
613,256
725,845
341,384

201409240702(201409240702)
1,226,176
2,742,561
5,569,979
613,256
725,845
341,411

201409240704(201409240704)
1,226,176
2,742,561
5,572,649
613,341
725,845
341,411

201409240705(201409240705)
1,228,659
2,742,561
5,573,757
613,341
725,845
341,413

201409240706(201409240706)
1,228,659
2,742,561
5,574,406
613,474
725,845
341,413

201409240709(201409240709)
1,228,659
2,742,561
5,577,649
613,474
725,845
341,413

201409240710(201409240710)
1,228,659
2,742,561
5,579,071
613,474
725,845
341,413

201409240711(201409240711)
1,228,659
2,742,561
5,580,576
613,474
725,845
341,413

201409240712(201409240712)
1,228,659
2,742,561
5,582,161
613,474
725,845
341,413

201409240714(201409240714)
1,228,659
2,746,412
5,582,161
613,474
725,845
341,413

201409240715(201409240715)
1,228,659
2,746,412
5,582,161
613,474
725,845
341,413

201409240716(201409240716)
1,228,659
2,746,412
5,582,161
613,474
725,845
341,413

201409240719(201409240719)
1,228,659
2,746,412
5,582,161
613,574
725,845
341,493

201409240720(201409240720)
1,228,659
2,746,412
5,582,161
613,574
725,845
341,493

201409240721(201409240721)
1,228,659
2,746,412
5,582,161
613,574
725,845
341,505

201409240722(201409240722)
1,228,659
2,746,412
5,582,161
613,596
725,845
341,505

201409240724(201409240724)
1,228,659
2,746,412
5,582,161
613,895
725,845
341,617

201409240725(201409240725)
1,228,659
2,746,412
5,582,161
614,010
725,949
341,639

201409240726(201409240726)
1,228,659
2,746,412
5,582,161
614,010
725,949
341,740

201409240729(201409240729)
1,228,659
2,746,412
5,582,161
614,181
725,949
341,852

201409240730(201409240730)
1,228,659
2,746,412
5,582,161
614,181
725,949
341,852

201409240731(201409240731)
1,228,659
2,746,412
5,582,161
614,181
725,949
342,020

201409240732(201409240732)
1,228,659
2,746,412
5,582,161
614,181
725,949
342,089

201409240734(201409240734)
1,228,659
2,746,412
5,582,161
614,323
725,949
342,117

201409240735(201409240735)
1,228,659
2,746,412
5,582,161
614,341
725,949
342,165

201409240736(201409240736)
1,228,659
2,746,412
5,582,161
614,341
725,949
342,165

201409240739(201409240739)
1,228,659
2,746,412
5,582,161
614,437
726,801
342,278

201409240740(201409240740)
1,228,659
2,746,412
5,582,161
614,437
727,002
342,306

201409240741(201409240741)
1,228,659
2,746,412
5,582,161
614,437
727,002
342,306

201409240742(201409240742)
1,228,659
2,746,412
5,582,161
614,437
727,002
342,409

201409240744(201409240744)
1,228,659
2,746,412
5,582,161
614,437
727,002
342,418

201409240745(201409240745)
1,228,659
2,746,412
5,582,161
614,437
727,002
342,418

201409240746(201409240746)
1,228,659
2,746,412
5,582,161
614,437
727,002
342,418

201409240749(201409240749)
1,228,659
2,746,412
5,582,161
614,613
727,002
342,418

201409240750(201409240750)
1,228,659
2,746,412
5,582,161
614,613
727,002
342,418

201409240751(201409240751)
1,228,659
2,746,412
5,582,161
614,613
727,002
342,418

201409240752(201409240752)
1,228,659
2,746,412
5,582,161
614,613
727,002
342,418

201409240754(201409240754)
1,228,659
2,746,412
5,582,161
614,641
727,002
342,419

201409240755(201409240755)
1,228,659
2,746,412
5,582,161
614,782
727,002
342,454

201409240756(201409240756)
1,228,659
2,746,412
5,582,161
614,782
727,002
342,454

201409240759(201409240759)
1,228,659
2,746,412
5,582,161
614,782
727,738
342,454

201409240800(201409240800)
1,228,659
2,746,412
5,585,788
614,782
727,738
342,454

201409240801(201409240801)
1,228,659
2,746,412
5,587,546
614,816
727,738
342,454

201409240802(201409240802)
1,228,659
2,746,412
5,589,308
614,816
727,738
342,454

201409240804(201409240804)
1,228,659
2,746,412
5,590,409
614,816
727,738
342,454

201409240805(201409240805)
1,228,659
2,746,412
5,590,409
614,816
727,738
342,486

201409240806(201409240806)
1,228,659
2,746,412
5,590,409
614,842
727,738
342,536

201409240809(201409240809)
1,228,659
2,746,412
5,590,409
614,853
727,738
342,842

201409240810(201409240810)
1,228,659
2,746,412
5,590,409
614,853
727,738
342,842

201409240811(201409240811)
1,228,659
2,746,412
5,590,409
614,853
727,738
342,887

201409240812(201409240812)
1,228,659
2,746,412
5,590,409
614,853
727,738
342,887

201409240814(201409240814)
1,228,659
2,746,412
5,590,409
614,853
727,738
342,887

201409240815(201409240815)
1,228,659
2,746,412
5,590,409
614,853
727,738
342,887

201409240816(201409240816)
1,228,659
2,746,412
5,590,409
614,853
727,738
342,932

201409240819(201409240819)
1,228,659
2,746,412
5,590,409
614,853
727,738
343,088

201409240820(201409240820)
1,228,659
2,746,412
5,590,409
614,853
727,738
343,088

201409240821(201409240821)
1,228,659
2,746,412
5,590,409
614,853
727,738
343,088

201409240822(201409240822)
1,228,659
2,746,412
5,590,409
614,853
727,738
343,088

201409240824(201409240824)
1,228,659
2,746,412
5,590,409
614,853
727,738
343,088

201409240825(201409240825)
1,228,659
2,746,412
5,590,409
614,853
727,738
343,088

201409240826(201409240826)
1,228,659
2,746,412
5,590,409
614,853
727,738
343,178

201409240829(201409240829)
1,228,659
2,746,412
5,590,409
614,853
727,738
343,178

201409240830(201409240830)
1,228,659
2,746,412
5,590,409
614,853
727,771
343,178

201409240831(201409240831)
1,228,659
2,746,412
5,590,409
614,853
727,771
343,178

201409240832(201409240832)
1,228,659
2,746,412
5,590,409
614,853
727,771
343,178

201409240834(201409240834)
1,228,659
2,746,412
5,590,409
614,853
728,363
343,178

201409240835(201409240835)
1,228,659
2,746,412
5,590,409
614,865
728,365
343,178

201409240836(201409240836)
1,231,423
2,746,412
5,590,409
614,865
728,365
343,178

201409240839(201409240839)
1,231,423
2,746,412
5,590,409
614,889
728,365
343,281

201409240840(201409240840)
1,231,423
2,746,412
5,590,409
614,889
728,365
343,281

201409240841(201409240841)
1,231,423
2,746,412
5,590,409
614,889
728,365
343,391

201409240842(201409240842)
1,231,423
2,746,412
5,590,409
614,889
728,365
343,391

201409240844(201409240844)
1,231,423
2,746,412
5,590,409
614,889
728,365
343,391

201409240845(201409240845)
1,231,423
2,746,412
5,590,409
614,980
728,365
343,391

201409240846(201409240846)
1,231,423
2,746,412
5,590,409
614,980
728,365
343,536

201409240849(201409240849)
1,231,423
2,746,412
5,591,697
614,980
728,365
343,621

201409240850(201409240850)
1,231,423
2,746,412
5,592,120
614,980
728,365
343,621

201409240851(201409240851)
1,231,423
2,746,412
5,592,120
614,980
728,365
343,621

201409240852(201409240852)
1,231,423
2,746,412
5,592,120
614,980
728,365
343,621

201409240854(201409240854)
1,231,423
2,746,412
5,592,120
614,980
728,365
343,621

201409240855(201409240855)
1,231,423
2,746,412
5,592,120
614,980
728,365
343,676

201409240856(201409240856)
1,231,423
2,746,412
5,592,120
614,980
728,365
343,676

201409240857(201409240857)
1,231,423
2,746,412
5,592,120
614,980
728,365
343,676

201409240858(201409240858)
1,231,423
2,746,412
5,592,120
614,980
728,365
343,676

201409240859(201409240859)
1,231,423
2,746,412
5,592,120
614,980
728,365
343,676

201409240900(201409240900)
1,231,423
2,746,412
5,592,120
614,980
728,365
343,676

201409240901(201409240901)
1,231,423
2,746,412
5,592,120
614,980
728,365
343,676

201409240902(201409240902)
1,231,423
2,746,412
5,592,548
614,980
728,365
343,676

201409240904(201409240904)
1,231,423
2,746,412
5,594,174
614,980
728,365
343,676

201409240905(201409240905)
1,231,423
2,746,412
5,594,174
614,980
728,365
343,676

201409240906(201409240906)
1,231,423
2,746,412
5,594,174
615,146
728,365
343,676

201409240909(201409240909)
1,231,423
2,746,412
5,594,174
615,146
728,365
343,676

201409240910(201409240910)
1,231,423
2,746,412
5,594,174
615,146
728,365
343,676

201409240911(201409240911)
1,231,423
2,746,412
5,594,174
615,159
728,365
343,676

201409240912(201409240912)
1,231,423
2,746,412
5,594,174
615,159
728,365
343,676

201409240914(201409240914)
1,231,423
2,746,412
5,594,174
615,159
728,365
343,676

201409240915(201409240915)
1,231,423
2,746,412
5,594,174
615,159
728,365
343,774

201409240916(201409240916)
1,231,423
2,746,412
5,594,174
615,159
728,365
343,774

201409240919(201409240919)
1,231,423
2,746,412
5,594,174
615,196
728,365
343,774

201409240920(201409240920)
1,231,423
2,746,412
5,594,174
615,196
728,365
343,774

201409240921(201409240921)
1,231,423
2,746,412
5,594,174
615,196
728,365
343,774

201409240922(201409240922)
1,231,423
2,746,412
5,594,174
615,196
729,285
343,874

201409240924(201409240924)
1,231,423
2,746,412
5,594,174
615,196
729,285
343,936

201409240925(201409240925)
1,231,849
2,746,412
5,594,174
615,196
729,285
343,936

201409240926(201409240926)
1,233,341
2,746,412
5,594,174
615,196
729,285
343,936

201409240929(201409240929)
1,233,341
2,746,412
5,594,174
615,196
729,285
343,986

201409240930(201409240930)
1,233,341
2,746,412
5,594,174
615,196
729,285
343,986

201409240931(201409240931)
1,233,341
2,748,640
5,594,174
615,196
729,285
343,986

201409240932(201409240932)
1,233,341
2,749,297
5,594,174
615,196
729,285
344,005

201409240934(201409240934)
1,233,341
2,751,084
5,594,174
615,223
729,285
344,005

201409240935(201409240935)
1,233,341
2,751,084
5,594,174
615,223
729,285
344,005

201409240936(201409240936)
1,233,341
2,751,321
5,594,174
615,223
729,285
344,005

