
201409221110(201409221110)
953,411
2,172,262
4,343,494
487,574
612,624
283,919

201409221111(201409221111)
953,411
2,172,262
4,343,494
488,132
612,624
283,919

201409221112(201409221112)
953,411
2,172,262
4,343,494
488,172
612,748
283,980

201409221112(201409221112)
953,411
2,172,262
4,343,494
488,172
612,748
283,980

201409221113(201409221113)
953,411
2,172,262
4,343,494
488,172
612,836
283,980

201409221114(201409221114)
953,411
2,172,262
4,343,494
488,172
612,836
283,980

201409221115(201409221115)
953,411
2,172,262
4,345,627
488,172
612,836
283,980

201409221116(201409221116)
953,411
2,172,262
4,345,627
488,636
613,313
283,980

201409221118(201409221118)
953,411
2,172,262
4,345,627
488,636
613,313
284,074

201409221119(201409221119)
953,411
2,172,262
4,345,627
488,636
613,313
284,074

201409221120(201409221120)
953,411
2,172,262
4,345,627
489,011
613,313
284,076

201409221121(201409221121)
953,411
2,172,262
4,345,627
489,409
613,313
284,076

201409221122(201409221122)
953,411
2,172,262
4,345,627
489,602
613,420
284,120

201409221123(201409221123)
953,411
2,172,262
4,345,627
489,602
613,616
284,135

201409221124(201409221124)
955,822
2,177,818
4,345,627
489,602
613,616
284,135

201409221125(201409221125)
956,440
2,177,818
4,345,627
489,665
613,616
284,135

201409221126(201409221126)
956,440
2,177,818
4,345,627
489,665
613,616
284,135

201409221128(201409221128)
956,863
2,177,818
4,345,627
490,190
613,616
284,217

201409221129(201409221129)
956,863
2,177,818
4,345,627
490,194
613,616
284,299

201409221130(201409221130)
957,683
2,177,818
4,345,627
490,301
613,616
284,299

201409221131(201409221131)
958,366
2,177,818
4,345,627
490,556
613,616
284,299

201409221132(201409221132)
958,366
2,177,818
4,345,627
490,556
613,616
284,352

201409221133(201409221133)
958,366
2,177,818
4,345,627
490,556
613,947
284,404

201409221134(201409221134)
958,366
2,177,818
4,345,627
490,556
613,947
284,449

201409221135(201409221135)
958,366
2,177,818
4,345,627
490,629
613,947
284,449

201409221136(201409221136)
958,366
2,177,818
4,345,627
491,103
614,018
284,449

201409221138(201409221138)
958,366
2,177,818
4,345,627
491,308
614,260
284,489

201409221139(201409221139)
958,366
2,177,818
4,345,627
491,308
614,409
284,489

201409221140(201409221140)
961,860
2,177,818
4,345,627
491,796
614,409
284,515

201409221141(201409221141)
962,498
2,177,818
4,345,627
491,796
614,409
284,575

201409221142(201409221142)
962,498
2,177,818
4,345,627
492,150
614,409
284,610

201409221143(201409221143)
962,498
2,177,818
4,345,627
492,395
614,409
284,610

201409221144(201409221144)
962,498
2,177,818
4,345,627
492,443
614,409
284,610

201409221145(201409221145)
962,498
2,177,818
4,345,627
492,443
614,409
284,653

201409221146(201409221146)
962,498
2,177,818
4,345,627
492,670
614,409
284,653

201409221148(201409221148)
962,498
2,177,818
4,345,627
492,850
614,409
284,653

201409221514(201409221514)
977,281
2,200,296
4,353,021
533,440
638,619
290,566

201409221515(201409221515)
979,603
2,200,296
4,353,021
533,537
638,619
290,603

201409221516(201409221516)
979,603
2,200,296
4,353,021
533,537
638,619
290,617

201409221518(201409221518)
979,603
2,200,296
4,353,021
533,727
638,925
290,693

201409221519(201409221519)
979,603
2,200,296
4,353,021
533,783
638,925
290,748

201409221520(201409221520)
979,603
2,200,296
4,353,021
533,970
638,925
290,748

201409221521(201409221521)
979,603
2,200,296
4,353,021
534,997
638,925
290,811

201409221522(201409221522)
979,603
2,200,296
4,353,021
535,349
638,925
290,811

201409221523(201409221523)
979,603
2,200,296
4,353,021
535,381
638,925
290,811

201409221524(201409221524)
979,603
2,200,296
4,353,021
535,668
639,535
290,878

201409221525(201409221525)
980,849
2,200,296
4,353,021
535,768
639,730
290,946

201409221526(201409221526)
982,625
2,200,296
4,353,021
535,976
639,925
290,946

201409221528(201409221528)
982,996
2,200,296
4,353,021
536,337
640,026
290,963

201409221529(201409221529)
982,996
2,200,296
4,353,021
536,648
640,026
291,039

201409221530(201409221530)
982,996
2,200,296
4,353,021
536,706
640,428
291,050

201409221531(201409221531)
982,996
2,200,296
4,353,021
536,830
640,428
291,050

201409221532(201409221532)
982,996
2,200,296
4,353,021
537,321
640,697
291,127

201409221533(201409221533)
983,118
2,200,296
4,353,021
537,542
640,968
291,155

201409221534(201409221534)
986,189
2,200,296
4,353,021
538,147
641,026
291,190

201409221535(201409221535)
986,733
2,200,296
4,353,021
538,692
641,026
291,225

201409221536(201409221536)
986,984
2,200,296
4,353,021
538,708
641,516
291,225

201409221538(201409221538)
986,984
2,200,296
4,353,021
539,904
642,130
291,225

201409221539(201409221539)
986,984
2,206,510
4,353,021
540,905
642,180
291,225

201409221540(201409221540)
986,984
2,206,510
4,353,021
540,905
642,180
291,280

201409221541(201409221541)
987,784
2,206,510
4,353,021
540,947
642,180
291,288

201409221542(201409221542)
987,784
2,206,510
4,353,021
540,947
642,390
291,307

201409221543(201409221543)
987,784
2,206,510
4,353,021
541,419
642,505
291,307

201409221544(201409221544)
987,784
2,206,510
4,353,021
541,485
642,937
291,334

201409221545(201409221545)
987,784
2,206,510
4,353,021
541,568
642,937
291,393

201409221546(201409221546)
987,784
2,206,510
4,353,021
541,810
642,937
291,393

201409221548(201409221548)
987,784
2,206,510
4,353,021
542,319
643,296
291,530

201409221549(201409221549)
987,784
2,206,510
4,353,021
542,861
643,296
291,530

201409221550(201409221550)
987,784
2,206,510
4,353,021
542,861
643,296
291,602

201409221551(201409221551)
987,784
2,206,510
4,353,021
543,267
643,296
291,841

201409221552(201409221552)
987,784
2,206,510
4,353,021
543,296
643,572
291,922

201409221552(201409221552)
987,784
2,206,510
4,353,021
543,363
643,604
291,922

201409221553(201409221553)
987,784
2,206,510
4,353,021
543,817
643,685
291,922

201409221554(201409221554)
987,784
2,206,510
4,353,021
543,817
643,685
291,922

201409221555(201409221555)
987,784
2,206,510
4,353,021
544,131
643,975
291,964

201409221556(201409221556)
987,784
2,206,510
4,353,021
545,041
644,602
291,964

201409221557(201409221557)
987,784
2,206,510
4,353,021
545,238
645,490
292,150

201409221558(201409221558)
988,584
2,206,510
4,353,021
545,463
645,589
292,176

201409221559(201409221559)
988,584
2,206,510
4,353,021
545,463
645,798
292,176

201409221600(201409221600)
988,584
2,206,510
4,353,021
545,716
645,798
292,176

201409221601(201409221601)
988,584
2,206,510
4,353,021
545,944
646,002
292,176

201409221602(201409221602)
988,584
2,206,510
4,353,021
546,456
646,076
292,281

201409221603(201409221603)
988,584
2,206,510
4,353,021
547,755
646,404
292,375

201409221604(201409221604)
988,584
2,206,510
4,353,021
547,825
646,471
292,375

201409221605(201409221605)
988,584
2,206,510
4,353,021
547,825
646,471
292,375

201409221606(201409221606)
988,584
2,206,510
4,353,021
548,662
646,852
292,471

201409221608(201409221608)
988,584
2,206,510
4,353,021
548,926
647,184
292,476

201409221609(201409221609)
988,584
2,206,510
4,353,021
548,955
647,184
292,476

201409221610(201409221610)
988,768
2,206,510
4,353,021
549,394
647,184
292,505

201409221611(201409221611)
991,584
2,206,510
4,353,021
549,732
647,184
292,505

201409221612(201409221612)
991,584
2,206,510
4,353,021
550,092
647,184
292,516

201409221613(201409221613)
991,926
2,206,510
4,353,021
551,140
647,184
292,572

201409221614(201409221614)
991,926
2,206,510
4,353,021
551,921
647,184
292,572

201409221615(201409221615)
991,926
2,206,510
4,353,021
552,430
647,198
292,589

201409221616(201409221616)
991,926
2,206,510
4,353,021
552,625
647,279
292,889

201409221618(201409221618)
992,000
2,206,510
4,353,021
553,770
647,367
292,902

201409221619(201409221619)
992,000
2,206,510
4,353,021
554,098
647,592
292,914

201409221620(201409221620)
992,000
2,206,510
4,353,021
554,605
647,901
292,914

201409221621(201409221621)
992,000
2,206,510
4,353,021
555,373
647,901
292,914

201409221622(201409221622)
992,000
2,206,510
4,353,021
555,417
647,901
292,914

201409221623(201409221623)
992,000
2,206,510
4,353,021
555,468
648,019
292,914

201409221624(201409221624)
992,000
2,206,510
4,353,021
555,895
648,019
292,914

201409221625(201409221625)
992,000
2,206,510
4,353,021
556,170
648,019
293,004

201409221625(201409221625)
992,000
2,206,510
4,353,021
556,486
648,019
293,040

201409221626(201409221626)
992,000
2,206,510
4,353,021
556,486
648,019
293,040

201409221627(201409221627)
992,000
2,206,510
4,353,021
557,040
648,019
293,105

201409221628(201409221628)
992,000
2,206,510
4,353,021
558,277
648,610
293,140

201409221629(201409221629)
992,000
2,206,510
4,353,021
558,277
648,610
293,140

201409221630(201409221630)
992,000
2,206,510
4,353,021
559,209
648,610
293,327

201409221631(201409221631)
993,350
2,206,510
4,353,021
559,973
648,716
293,327

201409221632(201409221632)
993,350
2,206,510
4,353,021
560,112
648,813
293,327

201409221633(201409221633)
993,350
2,206,510
4,353,021
560,393
649,019
293,327

201409221634(201409221634)
993,350
2,206,510
4,353,021
561,004
649,459
293,327

201409221635(201409221635)
994,960
2,206,510
4,353,021
561,535
649,727
293,398

201409221636(201409221636)
994,960
2,206,510
4,353,021
562,606
649,920
293,471

201409221638(201409221638)
994,960
2,206,510
4,353,021
564,197
650,040
293,612

201409221639(201409221639)
994,960
2,206,510
4,353,021
564,556
650,644
293,612

201409221640(201409221640)
996,068
2,206,510
4,353,021
565,723
650,684
293,612

201409221641(201409221641)
996,449
2,206,510
4,353,021
565,843
650,684
293,704

201409221642(201409221642)
996,449
2,206,510
4,353,021
566,672
650,684
293,751

201409221643(201409221643)
996,449
2,206,510
4,353,021
566,672
650,684
293,751

201409221644(201409221644)
996,449
2,206,510
4,353,021
566,736
650,684
293,800

201409221645(201409221645)
996,449
2,206,510
4,353,021
567,675
650,867
293,827

201409221646(201409221646)
996,449
2,206,510
4,353,021
568,066
650,867
293,827

201409221648(201409221648)
998,882
2,206,510
4,353,021
569,299
651,569
293,827

201409221649(201409221649)
998,882
2,207,813
4,353,021
570,373
652,035
293,827

201409221650(201409221650)
998,882
2,207,813
4,353,021
571,023
652,663
293,843

201409221651(201409221651)
998,882
2,207,813
4,353,021
571,887
652,663
293,843

201409221652(201409221652)
998,882
2,207,813
4,353,021
572,167
652,698
293,843

201409221653(201409221653)
998,882
2,207,813
4,353,021
573,324
652,955
293,843

201409221654(201409221654)
998,882
2,207,813
4,353,021
574,052
653,521
293,934

201409221655(201409221655)
998,882
2,207,813
4,353,021
574,363
653,797
293,934

201409221656(201409221656)
998,882
2,207,813
4,353,021
574,567
654,132
293,934

201409221658(201409221658)
998,882
2,207,813
4,353,021
575,692
654,531
293,934

201409221659(201409221659)
998,882
2,207,813
4,353,021
576,105
654,531
294,272

201409221700(201409221700)
998,882
2,207,813
4,353,021
576,996
654,854
294,311






