201404051610(201404051610)
7,691,460
2,103,690
873,030
606,660
430,650

201404051612(201404051612)
7,691,460
2,119,950
873,120
607,200
431,040

201404051613(201404051613)
7,691,460
2,119,950
873,360
608,280
431,430

201404051616(201404051616)
7,691,460
2,119,950
873,450
873,450
608,310
431,640

201404051617(201404051617)
7,691,460
2,119,950
873,450
873,450
608,310
431,640
7,691,460
2,119,950
873,450
608,310
432,030

201404051618(201404051618)
7,691,460
2,119,950
873,450
609,090
432,360

201404051620(201404051620)
7,691,460
2,119,950
875,700
609,600
432,390

201404051621(201404051621)
7,691,460
2,119,950
875,790
609,600
432,450

201404051622(201404051622)
7,691,460
2,119,950
875,790
609,600
432,480

201404051629(201404051629)
7,691,460
2,119,950
881,160
609,750
433,230

201404051630(201404051630)
7,691,460
2,119,950
881,160
611,190
433,530

201404051631(201404051631)
7,691,460
2,119,950
881,160
611,490
434,220

201404051632(201404051632)
7,691,460
2,119,950
882,390
611,490
434,280

201404051639(201404051639)
7,691,460
2,163,660
882,390
615,720
435,780

201404051640(201404051640)
7,691,460
2,163,660
883,110
615,720
435,780

201404051641(201404051641)
7,691,460
2,163,660
883,530
616,350
435,930

201404051642(201404051642)
7,691,460
2,163,660
884,910
616,350
436,200

201404051649(201404051649)
7,691,460
2,163,660
891,150
617,850
437,160

201404051650(201404051650)
7,691,460
2,163,660
891,150
617,910
437,280

201404051651(201404051651)
7,691,460
2,163,660
892,200
618,360
437,490

201404051652(201404051652)
7,691,460
2,163,660
892,200
618,450
437,520

201404051659(201404051659)
7,691,460
2,163,660
901,380
622,530
439,140

201404051700(201404051700)
7,691,460
2,163,660
901,380
622,620
439,200

201404051701(201404051701)
7,691,460
2,163,660
903,030
622,620
439,230

201404051702(201404051702)
7,691,460
2,163,660
903,030
622,620
439,470

201404051709(201404051709)
7,691,460
2,163,660
903,630
625,680
439,920

201404051710(201404051710)
7,691,460
2,163,660
903,630
625,680
440,130

201404051711(201404051711)
7,691,460
2,163,660
903,630
626,220
440,220

201404051712(201404051712)
7,691,460
2,163,660
903,630
626,220
440,580

201404051719(201404051719)
7,699,860
2,183,460
905,670
627,900
443,070

201404051720(201404051720)
7,699,860
2,183,460
906,630
627,900
443,400

201404051721(201404051721)
7,699,860
2,183,460
906,630
629,160
443,490

201404051722(201404051722)
7,699,860
2,183,460
907,620
629,250
443,520

201404051729(201404051729)
7,699,860
2,214,090
908,010
630,690
445,230

201404051730(201404051730)
7,699,860
2,214,090
908,010
630,690
445,440

201404051731(201404051731)
7,699,860
2,214,090
908,880
630,690
445,500

201404051732(201404051732)
7,699,860
2,214,090
911,610
630,960
445,800

201404051739(201404051739)
7,699,860
2,217,450
917,100
632,070
447,000

201404051740(201404051740)
7,699,860
2,217,450
917,100
632,070
447,360

201404051741(201404051741)
7,699,860
2,217,450
917,100
632,430
447,360

201404051742(201404051742)
7,699,860
2,217,450
917,100
633,180
447,450

201404051749(201404051749)
7,699,860
2,217,450
921,780
634,560
449,040

201404051750(201404051750)
7,699,860
2,217,450
921,780
634,860
449,640

201404051751(201404051751)
7,699,860
2,217,450
921,780
635,520
449,820

201404051752(201404051752)
7,699,860
2,217,450
922,830
635,520
450,360

201404051759(201404051759)
7,699,860
2,217,450
922,830
636,600
451,050

201404051800(201404051800)
7,699,860
2,217,450
922,830
636,600
451,050

201404051801(201404051801)
7,699,860
2,217,450
922,830
636,600
451,050

201404051802(201404051802)
7,699,860
2,217,450
922,830
636,600
451,050

201404051809(201404051809)
7,699,860
2,238,390
923,250
637,320
452,670

201404051810(201404051810)
7,699,860
2,238,390
923,250
637,710
453,270

201404051811(201404051811)
7,699,860
2,238,390
924,780
639,000
453,390

201404051812(201404051812)
7,699,860
2,248,770
924,780
639,000
453,390

201404051819(201404051819)
7,699,860
2,277,840
928,230
639,630
455,520

201404051820(201404051820)
7,699,860
2,277,840
928,230
639,630
455,850

201404051821(201404051821)
7,699,860
2,277,840
928,230
639,630
455,940

201404051822(201404051822)
7,699,860
2,277,840
928,290
640,290
455,940

201404051829(201404051829)
7,699,860
2,277,840
930,510
643,620
457,290

201404051830(201404051830)
7,699,860
2,277,840
930,510
644,040
457,350

201404051831(201404051831)
7,699,860
2,277,840
936,510
644,040
457,380

201404051832(201404051832)
7,699,860
2,277,840
937,830
644,580
457,380

201404051839(201404051839)
7,699,860
2,277,840
945,240
645,660
458,700

201404051840(201404051840)
7,699,860
2,277,840
945,240
646,110
458,730

201404051841(201404051841)
7,699,860
2,277,840
945,240
646,110
458,730

201404051842(201404051842)
7,699,860
2,277,840
945,240
646,500
458,850

201404051849(201404051849)
7,699,860
2,277,840
948,840
647,730
459,810

201404051850(201404051850)
7,699,860
2,291,580
948,840
647,940
459,840

201404051851(201404051851)
7,699,860
2,291,580
948,840
647,940
460,230

201404051852(201404051852)
7,699,860
2,291,580
948,840
647,940
460,260

201404051859(201404051859)
7,699,860
2,313,270
951,540
649,170
462,540

201404051900(201404051900)
7,699,860
2,313,270
951,540
650,130
463,050

201404051901(201404051901)
7,699,860
2,313,270
951,540
650,160
463,050

201404051902(201404051902)
7,699,860
2,313,270
952,830
650,160
463,770

201404051909(201404051909)
7,699,860
2,314,800
959,970
653,640
464,490

201404051910(201404051910)
7,699,860
2,314,800
959,970
654,900
464,640

201404051911(201404051911)
7,699,860
2,314,800
959,970
655,680
465,090

201404051912(201404051912)
7,699,860
2,314,800
959,970
656,190
465,240

201404051919(201404051919)
7,699,860
2,351,550
960,630
658,260
466,950

201404051920(201404051920)
7,699,860
2,355,420
960,630
658,410
467,250

201404051921(201404051921)
7,699,860
2,355,420
960,630
658,410
467,250

201404051922(201404051922)
7,699,860
2,355,420
960,630
658,410
467,250

201404051929(201404051929)
7,704,360
2,355,420
960,870
660,300
468,180

201404051930(201404051930)
7,704,360
2,355,420
960,870
660,300
468,570

201404051931(201404051931)
7,704,360
2,355,420
960,870
660,300
468,570

201404051932(201404051932)
7,704,360
2,355,420
961,560
660,300
468,570

201404051939(201404051939)
7,764,900
2,355,420
963,510
660,810
469,980

201404051940(201404051940)
7,781,700
2,355,420
963,510
660,810
470,400

201404051941(201404051941)
7,794,300
2,355,420
963,510
660,810
470,430

201404051942(201404051942)
7,869,300
2,355,420
964,290
660,810
470,640

201404051949(201404051949)
8,067,000
2,370,060
967,560
660,990
472,080

201404051950(201404051950)
8,071,800
2,370,060
967,560
660,990
472,410

201404051951(201404051951)
8,078,100
2,370,060
968,040
661,620
472,740

201404051952(201404051952)
8,084,640
2,370,060
968,040
662,640
472,860

201404051959(201404051959)
8,119,560
2,398,470
970,590
663,990
473,790

201404052000(201404052000)
8,123,760
2,398,470
970,590
663,990
473,910

201404052001(201404052001)
8,123,760
2,398,470
970,620
664,080
473,970

201404052002(201404052002)
8,126,160
2,398,470
970,620
664,230
473,970

201404052009(201404052009)
8,469,660
2,406,600
974,910
668,700
474,510

201404052010(201404052010)
8,473,560
2,406,600
974,910
668,700
474,570

201404052011(201404052011)
8,480,460
2,406,600
974,910
668,700
474,630

201404052012(201404052012)
8,539,650
2,406,600
975,960
669,630
474,840

201404052019(201404052019)
8,652,900
2,406,600
988,230
672,570
476,670

201404052020(201404052020)
8,652,900
2,406,600
988,230
672,570
476,820

201404052021(201404052021)
8,652,900
2,417,970
988,230
673,590
477,570

201404052022(201404052022)
8,652,900
2,417,970
988,380
673,590
477,810

201404052029(201404052029)
8,652,900
2,418,720
990,000
675,510
479,250

201404052030(201404052030)
8,652,900
2,418,720
991,230
676,020
479,340

201404052031(201404052031)
8,652,900
2,418,720
992,340
676,020
479,700

201404052032(201404052032)
8,652,900
2,418,720
992,340
676,050
480,000

201404052039(201404052039)
8,652,900
2,418,720
992,460
678,630
480,690

201404052040(201404052040)
8,652,900
2,418,720
992,460
678,630
480,870

201404052041(201404052041)
8,652,900
2,418,720
992,460
679,020
481,320

201404052042(201404052042)
8,652,900
2,418,720
992,460
679,470
481,320

201404052049(201404052049)
8,657,640
2,422,380
994,440
680,730
482,130

201404052050(201404052050)
8,675,100
2,444,970
997,860
681,000
482,310

201404052051(201404052051)
8,677,350
2,444,970
997,860
682,020
482,670

201404052052(201404052052)
8,680,650
2,444,970
997,860
682,020
482,850

201404052059(201404052059)
8,772,750
2,444,970
1,001,850
682,140
484,410

201404052100(201404052100)
8,772,750
2,444,970
1,002,720
682,140
484,530

201404052101(201404052101)
8,793,840
2,444,970
1,002,720
682,890
484,650

201404052102(201404052102)
8,811,630
2,444,970
1,002,720
683,400
484,950

201404052109(201404052109)
8,811,630
2,444,970
1,007,940
690,900
485,700

201404052110(201404052110)
8,811,630
2,444,970
1,007,940
690,900
485,700

201404052111(201404052111)
8,811,630
2,444,970
1,007,940
690,900
485,700

201404052112(201404052112)
8,811,630
2,444,970
1,007,940
691,080
486,060

201404052119(201404052119)
8,811,630
2,451,540
1,008,240
693,570
488,460

201404052120(201404052120)
8,811,630
2,451,540
1,008,240
693,600
488,490

201404052121(201404052121)
8,811,630
2,451,540
1,008,240
693,990
488,550

201404052122(201404052122)
8,811,630
2,451,540
1,008,240
695,070
488,640

201404052129(201404052129)
8,987,280
2,451,540
1,009,140
696,540
490,710

201404052130(201404052130)
8,987,280
2,451,540
1,009,140
696,540
491,040

201404052131(201404052131)
8,987,280
2,451,540
1,009,410
699,090
491,490

201404052132(201404052132)
8,987,280
2,451,540
1,009,410
699,090
491,790

201404052139(201404052139)
9,034,260
2,451,540
1,015,800
700,200
492,900

201404052140(201404052140)
9,034,260
2,451,540
1,015,800
700,590
493,020

201404052141(201404052141)
9,034,260
2,451,540
1,015,800
701,610
493,290

201404052142(201404052142)
9,034,260
2,462,250
1,015,800
701,610
493,650

201404052149(201404052149)
9,034,260
2,476,110
1,016,010
703,590
494,550

201404052150(201404052150)
9,034,260
2,476,110
1,016,010
704,160
494,550

201404052151(201404052151)
9,034,260
2,476,110
1,016,010
704,160
494,580

201404052152(201404052152)
9,034,260
2,476,110
1,016,010
704,160
494,640

201404052159(201404052159)
9,034,260
2,476,110
1,022,850
706,680
495,720

201404052200(201404052200)
9,034,260
2,478,810
1,022,850
706,680
495,810

201404052201(201404052201)
9,034,260
2,478,810
1,022,850
707,100
495,870

201404052202(201404052202)
9,034,260
2,478,810
1,024,260
707,970
495,870

201404052209(201404052209)
9,034,260
2,489,910
1,029,660
710,490
497,190

201404052210(201404052210)
9,034,260
2,489,910
1,029,660
710,490
497,670

201404052211(201404052211)
9,034,260
2,489,910
1,029,660
710,850
498,000

201404052212(201404052212)
9,034,260
2,489,910
1,029,660
710,850
498,720

201404052219(201404052219)
9,139,050
2,497,950
1,033,590
712,590
501,870

201404052220(201404052220)
9,139,050
2,497,950
1,035,090
712,590
501,990

201404052221(201404052221)
9,139,050
2,503,620
1,037,460
712,590
502,590

201404052222(201404052222)
9,139,050
2,503,620
1,037,460
712,680
502,680

201404052229(201404052229)
9,139,050
2,515,110
1,042,830
713,730
502,860

201404052230(201404052230)
9,139,050
2,515,110
1,042,830
713,730
503,100

201404052231(201404052231)
9,139,050
2,515,110
1,043,670
714,540
503,100

201404052232(201404052232)
9,139,050
2,515,110
1,043,670
715,440
503,190

201404052239(201404052239)
9,201,660
2,525,220
1,043,820
717,720
504,480

201404052240(201404052240)
9,208,110
2,530,800
1,045,860
718,230
504,480

201404052241(201404052241)
9,470,310
2,530,800
1,046,310
718,320
504,480

201404052242(201404052242)
9,470,310
2,530,800
1,046,310
718,320
504,480

201404052249(201404052249)
9,470,310
2,530,800
1,048,980
720,780
506,250

201404052250(201404052250)
9,470,310
2,530,800
1,048,980
722,730
506,340

201404052251(201404052251)
9,470,310
2,530,800
1,048,980
722,730
506,640

201404052252(201404052252)
9,470,310
2,530,800
1,049,010
722,730
506,670

201404052259(201404052259)
9,843,360
2,530,800
1,051,260
726,300
507,750

201404052300(201404052300)
9,929,160
2,554,320
1,051,260
726,300
508,680

201404052301(201404052301)
9,929,160
2,554,320
1,051,260
726,570
508,680

201404052302(201404052302)
9,929,160
2,554,320
1,051,260
726,570
508,680

201404052309(201404052309)
10,127,790
2,559,810
1,051,680
728,610
509,730

201404052310(201404052310)
10,127,790
2,577,480
1,051,680
728,610
510,210

201404052311(201404052311)
10,127,790
2,592,810
1,051,680
728,610
510,990

201404052312(201404052312)
10,127,790
2,592,810
1,051,680
729,180
511,590

201404052319(201404052319)
10,127,790
2,592,810
1,055,220
732,660
512,460

201404052320(201404052320)
10,127,790
2,592,810
1,057,110
732,780
512,460

201404052321(201404052321)
10,127,790
2,592,810
1,057,110
732,780
512,460

201404052322(201404052322)
10,127,790
2,592,810
1,057,110
733,320
512,850

201404052329(201404052329)
10,164,660
2,592,810
1,062,810
736,020
514,890

201404052330(201404052330)
10,167,660
2,592,810
1,063,020
736,020
515,190

201404052331(201404052331)
10,242,660
2,601,990
1,065,060
736,350
515,580

201404052332(201404052332)
10,242,660
2,601,990
1,065,060
736,830
515,610

201404052339(201404052339)
10,242,660
2,623,920
1,073,880
740,820
516,810

201404052340(201404052340)
10,242,660
2,623,920
1,075,230
740,820
516,810

201404052341(201404052341)
10,242,660
2,623,920
1,075,230
740,910
517,230

201404052342(201404052342)
10,242,660
2,623,920
1,075,230
740,910
517,680

201404052349(201404052349)
10,292,730
2,623,920
1,076,970
741,090
519,480

201404052350(201404052350)
10,292,730
2,623,920
1,076,970
741,090
519,690

201404052351(201404052351)
10,292,730
2,623,920
1,076,970
741,090
519,870

201404052352(201404052352)
10,292,730
2,623,920
1,076,970
741,450
519,990

201404052359(201404052359)
10,292,730
2,626,020
1,079,160
742,290
521,250

201404060000(201404060000)
10,292,730
2,626,020
1,079,160
742,740
521,400

201404060001(201404060001)
10,292,730
2,626,020
1,079,160
742,860
521,640

201404060002(201404060002)
10,292,730
2,626,020
1,079,160
742,920
522,180

201404060009(201404060009)
11,040,120
2,626,020
1,079,160
744,120
523,740

201404060010(201404060010)
11,042,520
2,626,020
1,079,160
744,390
523,770

201404060011(201404060011)
11,121,750
2,626,020
1,079,160
744,390
523,830

201404060012(201404060012)
11,121,750
2,626,020
1,080,690
745,020
524,340

