
201404061655(201404061655)
13,515,390
3,747,240
1,439,670
976,080
660,210

201404061659(201404061659)
13,515,390
3,749,070
1,442,190
976,080
660,720

201404061700(201404061700)
13,515,390
3,749,070
1,442,190
976,320
661,410

201404061701(201404061701)
13,515,390
3,749,070
1,442,190
977,040
661,800

201404061702(201404061702)
13,515,390
3,749,070
1,442,190
977,040
662,100

201404061709(201404061709)
13,811,490
3,767,910
1,443,360
977,850
663,060

201404061710(201404061710)
13,835,490
3,767,910
1,443,360
978,120
663,060

201404061711(201404061711)
13,857,690
3,767,910
1,443,360
978,120
663,240

201404061712(201404061712)
13,867,590
3,769,830
1,443,360
978,120
663,240

201404061719(201404061719)
13,984,110
3,769,830
1,444,770
979,620
664,320

201404061720(201404061720)
13,984,110
3,769,830
1,446,900
979,620
664,320

201404061721(201404061721)
13,984,110
3,769,830
1,446,900
979,860
664,740

201404061722(201404061722)
13,984,110
3,769,830
1,451,760
979,860
664,890

201404061729(201404061729)
13,984,110
3,769,830
1,457,550
983,700
666,900

201404061730(201404061730)
13,984,110
3,769,830
1,458,000
983,700
666,900

201404061731(201404061731)
13,984,110
3,769,830
1,458,000
983,700
667,200

201404061732(201404061732)
13,984,110
3,769,830
1,458,000
983,700
667,200

201404061739(201404061739)
13,984,110
3,799,110
1,464,840
987,660
668,160

201404061740(201404061740)
13,984,110
3,799,110
1,464,840
987,660
668,820

201404061741(201404061741)
13,984,110
3,799,110
1,464,840
988,200
668,820

201404061742(201404061742)
13,984,110
3,799,110
1,464,840
988,320
668,820

201404061749(201404061749)
13,984,110
3,799,110
1,465,890
993,210
670,260

201404061750(201404061750)
13,984,110
3,799,110
1,465,890
993,390
670,890

201404061751(201404061751)
13,984,110
3,799,110
1,465,890
994,920
670,890

201404061752(201404061752)
13,984,110
3,799,110
1,465,890
996,120
670,890

201404061759(201404061759)
13,984,110
3,807,660
1,467,000
997,980
672,330

201404061800(201404061800)
13,984,110
3,807,660
1,467,000
997,980
672,570

201404061801(201404061801)
13,984,110
3,807,660
1,467,000
997,980
672,570

201404061802(201404061802)
13,984,110
3,807,660
1,467,000
997,980
672,570

201404061809(201404061809)
14,106,990
3,807,660
1,467,000
1,000,290
672,750

201404061810(201404061810)
14,106,990
3,807,660
1,467,000
1,000,290
673,320

201404061811(201404061811)
14,106,990
3,807,660
1,467,000
1,000,290
673,410

201404061812(201404061812)
14,106,990
3,807,660
1,467,000
1,000,470
673,410

201404061819(201404061819)
14,106,990
3,807,660
1,467,000
1,004,310
673,410

201404061820(201404061820)
14,106,990
3,834,720
1,467,000
1,004,400
673,410

201404061821(201404061821)
14,106,990
3,834,720
1,467,000
1,004,400
673,440

201404061822(201404061822)
14,106,990
3,834,720
1,467,000
1,004,400
673,440

201404061829(201404061829)
14,106,990
3,834,720
1,471,020
1,006,770
674,160

201404061830(201404061830)
14,106,990
3,834,720
1,471,020
1,006,920
674,160

201404061831(201404061831)
14,106,990
3,834,720
1,471,020
1,007,220
674,700

201404061832(201404061832)
14,106,990
3,834,720
1,471,020
1,007,220
674,700

201404061839(201404061839)
14,106,990
3,834,720
1,473,150
1,009,110
675,870

201404061840(201404061840)
14,106,990
3,834,720
1,475,820
1,009,110
675,870

201404061841(201404061841)
14,106,990
3,834,720
1,475,820
1,009,110
675,870

201404061842(201404061842)
14,106,990
3,834,720
1,475,820
1,009,110
676,110

201404061849(201404061849)
14,106,990
3,836,370
1,479,090
1,009,470
679,320

201404061850(201404061850)
14,106,990
3,836,370
1,479,090
1,009,470
679,560

201404061851(201404061851)
14,106,990
3,836,370
1,479,090
1,009,710
679,560

201404061852(201404061852)
14,106,990
3,836,370
1,479,090
1,009,710
679,650

201404061859(201404061859)
14,106,990
3,836,370
1,480,620
1,014,390
680,130

201404061900(201404061900)
14,106,990
3,836,370
1,480,620
1,014,390
680,340

201404061901(201404061901)
14,106,990
3,836,370
1,480,620
1,014,390
680,490

201404061902(201404061902)
14,106,990
3,836,370
1,480,620
1,014,690
680,580

201404061909(201404061909)
14,106,990
3,836,400
1,481,100
1,016,130
681,000

201404061910(201404061910)
14,106,990
3,836,400
1,481,100
1,016,130
681,000

201404061911(201404061911)
14,106,990
3,836,400
1,484,910
1,016,130
681,000

201404061912(201404061912)
14,106,990
3,836,400
1,484,910
1,016,130
681,000

201404061919(201404061919)
14,106,990
3,836,400
1,492,380
1,017,780
681,540

201404061920(201404061920)
14,106,990
3,836,400
1,492,380
1,017,870
681,540

201404061921(201404061921)
14,106,990
3,836,400
1,492,380
1,017,870
682,020

201404061922(201404061922)
14,106,990
3,836,400
1,492,380
1,017,870
682,110

201404061929(201404061929)
14,299,470
3,836,400
1,492,380
1,018,050
683,220

201404061930(201404061930)
14,300,370
3,836,400
1,492,860
1,018,050
683,250

201404061931(201404061931)
14,300,370
3,836,400
1,495,350
1,019,070
683,250

201404061932(201404061932)
14,300,370
3,836,400
1,495,350
1,019,070
683,880

201404061939(201404061939)
14,888,670
3,836,400
1,497,210
1,022,550
684,210

201404061940(201404061940)
14,894,070
3,836,400
1,497,210
1,023,180
684,210

201404061941(201404061941)
14,894,070
3,836,400
1,499,070
1,023,180
684,750

201404061942(201404061942)
14,894,070
3,836,400
1,499,070
1,023,180
684,750

201404061949(201404061949)
14,894,070
3,836,400
1,499,670
1,024,830
686,190

201404061950(201404061950)
14,894,070
3,836,400
1,499,670
1,024,830
686,340

201404061951(201404061951)
14,894,070
3,836,400
1,499,670
1,026,570
686,610

201404061952(201404061952)
14,894,070
3,836,400
1,499,670
1,026,570
686,610

201404061959(201404061959)
14,894,070
3,865,770
1,499,970
1,028,370
687,450

201404062000(201404062000)
14,894,070
3,865,770
1,499,970
1,028,370
687,450

201404062001(201404062001)
14,894,070
3,865,770
1,499,970
1,028,400
687,600

201404062002(201404062002)
14,894,070
3,865,770
1,499,970
1,028,970
687,720

201404062009(201404062009)
14,894,070
3,865,770
1,501,080
1,030,260
688,530

201404062010(201404062010)
14,894,070
3,865,770
1,503,180
1,030,260
689,040

201404062011(201404062011)
14,894,070
3,865,770
1,503,180
1,030,260
689,370

201404062012(201404062012)
14,894,070
3,865,770
1,503,180
1,031,040
689,370

201404062019(201404062019)
14,894,070
3,903,540
1,505,460
1,032,210
690,000

201404062020(201404062020)
14,894,070
3,903,540
1,506,300
1,032,480
690,060

201404062021(201404062021)
14,894,070
3,903,540
1,509,300
1,033,740
690,060

201404062022(201404062022)
14,894,070
3,903,540
1,509,300
1,034,250
690,060

201404062029(201404062029)
14,894,070
3,903,540
1,512,000
1,035,180
692,580

201404062030(201404062030)
14,894,070
3,903,540
1,512,330
1,035,450
692,580

201404062031(201404062031)
14,894,070
3,903,540
1,512,330
1,035,450
692,610

201404062032(201404062032)
14,894,070
3,903,540
1,512,330
1,035,450
692,610

201404062039(201404062039)
14,894,070
3,903,540
1,516,830
1,037,190
693,810

201404062040(201404062040)
14,894,070
3,903,540
1,517,130
1,037,190
694,560

201404062041(201404062041)
14,894,070
3,903,540
1,518,990
1,037,880
694,560

201404062042(201404062042)
14,894,070
3,903,540
1,518,990
1,038,180
695,400201404062051(201404062051)
14,894,070
3,957,780
1,531,590
1,042,740
697,590

201404062052(201404062052)
14,894,070
3,957,780
1,531,590
1,042,740
697,590

201404062052(201404062052)
14,894,070
3,957,780
1,531,950
1,042,740
697,590

201404062059(201404062059)
14,894,070
3,977,460
1,539,840
1,043,490
697,740

201404062100(201404062100)
14,894,070
3,977,460
1,539,840
1,043,700
697,740

201404062101(201404062101)
14,894,070
3,977,460
1,539,840
1,043,700
697,860

201404062102(201404062102)
14,894,070
3,977,460
1,540,200
1,043,700
698,190

201404062109(201404062109)
15,498,270
3,977,460
1,554,660
1,044,180
700,980

201404062110(201404062110)
15,649,770
3,977,460
1,554,660
1,044,180
700,980

201404062111(201404062111)
15,808,770
3,977,460
1,555,770
1,044,180
701,160

201404062112(201404062112)
16,039,170
3,977,460
1,555,770
1,044,180
701,610

201404062119(201404062119)
16,356,300
3,982,080
1,558,290
1,047,720
703,410

201404062120(201404062120)
16,356,300
4,002,060
1,559,460
1,047,720
703,710

201404062121(201404062121)
16,356,300
4,002,060
1,559,460
1,047,720
703,710

201404062122(201404062122)
16,356,300
4,002,060
1,561,230
1,047,720
703,710

201404062129(201404062129)
16,356,300
4,002,060
1,562,010
1,051,890
704,070

201404062130(201404062130)
16,356,300
4,002,060
1,562,400
1,053,930
704,100

201404062131(201404062131)
16,356,300
4,002,060
1,562,400
1,053,930
704,340

201404062132(201404062132)
16,356,300
4,002,060
1,562,400
1,053,930
704,550

201404062139(201404062139)
16,356,300
4,046,250
1,565,280
1,056,360
707,400

201404062140(201404062140)
16,356,300
4,046,250
1,568,220
1,056,810
707,520

201404062141(201404062141)
16,356,300
4,046,250
1,568,220
1,056,810
707,520

201404062142(201404062142)
16,356,300
4,046,250
1,568,220
1,056,810
707,730

201404062149(201404062149)
16,356,300
4,046,250
1,571,010
1,057,350
709,260

201404062150(201404062150)
16,356,300
4,046,250
1,571,010
1,057,440
709,260

201404062151(201404062151)
16,356,300
4,046,250
1,571,010
1,057,440
709,320

201404062152(201404062152)
16,356,300
4,046,250
1,571,250
1,057,440
709,320

201404062159(201404062159)
16,356,300
4,046,250
1,573,080
1,063,110
710,010

201404062200(201404062200)
16,356,300
4,046,250
1,573,080
1,063,410
710,250

201404062201(201404062201)
16,356,300
4,046,250
1,573,080
1,063,650
710,670

201404062202(201404062202)
16,356,300
4,046,250
1,573,080
1,064,520
710,850

201404062209(201404062209)
16,356,300
4,082,130
1,575,330
1,066,140
711,660

201404062210(201404062210)
16,356,300
4,082,130
1,575,330
1,066,140
711,810

201404062211(201404062211)
16,356,300
4,082,130
1,577,310
1,066,140
711,810

201404062212(201404062212)
16,356,300
4,082,130
1,577,310
1,066,170
711,990

201404062219(201404062219)
16,356,300
4,082,130
1,578,210
1,070,940
713,280

201404062220(201404062220)
16,356,300
4,082,130
1,578,210
1,072,650
713,280

201404062221(201404062221)
16,356,300
4,082,130
1,578,210
1,073,940
713,550

201404062222(201404062222)
16,356,300
4,082,130
1,578,210
1,074,360
713,550

201404062229(201404062229)
16,356,300
4,094,550
1,578,450
1,077,750
714,270

201404062230(201404062230)
16,356,300
4,094,550
1,578,450
1,078,500
714,690

201404062231(201404062231)
16,356,300
4,094,550
1,578,450
1,078,500
714,750

201404062232(201404062232)
16,356,300
4,094,550
1,580,730
1,078,500
715,260

201404062239(201404062239)
16,356,300
4,094,550
1,591,290
1,081,320
717,390

201404062240(201404062240)
16,356,300
4,094,550
1,594,530
1,081,590
717,390

201404062241(201404062241)
16,356,300
4,094,550
1,594,530
1,082,370
717,540

201404062242(201404062242)
16,356,300
4,094,550
1,594,530
1,083,630
717,540

201404062249(201404062249)
16,356,300
4,103,670
1,596,360
1,085,640
719,400

201404062250(201404062250)
16,356,300
4,103,670
1,598,220
1,086,330
719,400

201404062251(201404062251)
16,356,300
4,103,670
1,598,820
1,086,330
719,400

201404062252(201404062252)
16,356,300
4,103,670
1,599,630
1,086,570
719,610

201404062259(201404062259)
16,356,300
4,103,670
1,602,510
1,090,890
721,980

201404062300(201404062300)
16,356,300
4,103,670
1,602,510
1,090,890
722,670

201404062301(201404062301)
16,356,300
4,103,670
1,603,590
1,092,780
722,670

201404062302(201404062302)
16,356,300
4,103,670
1,603,590
1,094,460
722,850

201404062309(201404062309)
16,356,300
4,103,670
1,611,600
1,096,830
726,210

201404062310(201404062310)
16,356,300
4,103,670
1,611,600
1,098,060
726,570

201404062311(201404062311)
16,356,300
4,103,670
1,612,410
1,098,060
727,080

201404062312(201404062312)
16,356,300
4,103,670
1,614,120
1,098,060
727,710

201404062319(201404062319)
16,356,300
4,142,280
1,616,730
1,099,920
729,030

201404062320(201404062320)
16,356,300
4,142,280
1,616,730
1,099,920
729,030

201404062321(201404062321)
16,356,300
4,142,280
1,621,950
1,099,920
729,270

201404062322(201404062322)
16,356,300
4,142,280
1,621,950
1,099,920
729,300

201404062329(201404062329)
16,356,300
4,145,430
1,622,760
1,103,730
732,660

201404062330(201404062330)
16,356,300
4,145,430
1,622,760
1,103,940
732,660

201404062331(201404062331)
16,356,300
4,145,430
1,623,420
1,103,970
732,810

201404062332(201404062332)
16,356,300
4,145,430
1,628,970
1,103,970
732,900

201404062339(201404062339)
16,356,300
4,145,430
1,630,530
1,106,280
734,040

201404062340(201404062340)
16,356,300
4,145,430
1,630,530
1,106,280
734,400

201404062341(201404062341)
16,356,300
4,147,470
1,630,530
1,106,280
734,580

201404062342(201404062342)
16,356,300
4,147,470
1,630,530
1,106,400
734,580

201404062349(201404062349)
16,356,300
4,166,760
1,637,610
1,111,710
736,650

201404062350(201404062350)
16,356,300
4,166,760
1,637,610
1,111,710
737,280

201404062351(201404062351)
16,356,300
4,173,840
1,637,610
1,111,710
737,460

201404062352(201404062352)
16,356,300
4,173,840
1,637,610
1,112,160
737,460

201404062359(201404062359)
16,356,300
4,173,840
1,645,380
1,114,680
739,620

201404070000(201404070000)
16,356,300
4,173,840
1,645,380
1,116,900
739,980

201404070001(201404070001)
16,356,300
4,173,840
1,645,380
1,118,160
740,550

201404070002(201404070002)
16,356,300
4,173,840
1,645,380
1,118,160
740,580

