201404041749(201404041749)
467,790
238,230
128,220
78,720
36,030

201404041751(201404041751)
514,770
240,360
130,080
80,310
36,780

201404041753(201404041753)
514,770
247,380
137,070
85,500
39,180

201404041756(201404041756)
533,010
264,570
144,090
90,120
41,850

201404041801(201404041801)
565,020
281,460
153,000
96,780
45,030

201404041802(201404041802)
684,180
288,150
155,490
100,830
46,500

201404041803(201404041803)
686,820
290,370
159,810
101,460
47,070

201404041808(201404041808)
740,280
314,460
168,030
108,750
51,570

201404041809(201404041809)
747,150
322,350
169,350
109,980
52,530

201404041810(201404041810)
747,150
323,910
170,670
111,600
53,670

201404041811(201404041811)
751,710
326,310
171,930
112,650
54,570

201404041812(201404041812)
754,410
331,620
173,790
113,310
55,380

201404041819(201404041819)
771,870
359,700
181,830
122,070
60,180

201404041820(201404041820)
771,870
360,990
182,250
123,000
60,930

201404041821(201404041821)
793,440
364,050
183,180
123,930
61,680

201404041822(201404041822)
794,520
365,820
184,830
125,850
62,550

201404041829(201404041829)
880,740
395,010
195,060
133,050
69,420

201404041830(201404041830)
880,740
395,010
195,060
133,590
70,410

201404041831(201404041831)
890,370
400,170
197,940
133,950
70,740

201404041832(201404041832)
893,610
400,170
198,420
135,000
71,850

201404041839(201404041839)
980,010
422,190
206,190
142,290
78,660

201404041840(201404041840)
983,790
422,190
206,190
143,160
79,290

201404041841(201404041841)
995,790
426,900
207,000
143,850
79,620

201404041842(201404041842)
1,007,310
429,570
208,410
145,170
80,910

201404041849(201404041849)
1,058,910
440,130
216,990
151,260
86,790

201404041850(201404041850)
1,058,910
445,530
216,990
151,260
86,790

201404041851(201404041851)
1,098,450
447,240
219,690
152,940
87,960

201404041852(201404041852)
1,133,850
448,290
220,200
153,600
88,440

201404041859(201404041859)
1,183,860
474,300
226,650
160,110
92,340

201404041900(201404041900)
1,188,180
474,300
228,030
160,110
93,240

201404041901(201404041901)
1,255,950
474,300
228,540
160,290
94,350

201404041902(201404041902)
1,290,000
475,740
229,170
161,400
95,340

201404041909(201404041909)
1,323,450
502,530
238,380
165,270
100,560

201404041910(201404041910)
1,329,120
503,430
238,890
166,410
101,850

201404041911(201404041911)
1,339,920
512,340
240,330
167,190
102,420

201404041912(201404041912)
1,388,250
514,170
241,140
168,420
103,050

201404041919(201404041919)
1,388,250
526,710
247,140
172,830
107,460

201404041920(201404041920)
1,388,250
532,110
248,760
173,250
108,210

201404041921(201404041921)
1,398,570
535,920
249,480
174,300
108,690

201404041922(201404041922)
1,398,570
536,880
250,500
175,050
108,930

201404041929(201404041929)
1,493,310
549,510
257,850
179,250
113,130

201404041930(201404041930)
1,493,310
554,100
258,510
179,460
113,670

201404041931(201404041931)
1,493,310
554,850
258,720
180,210
114,120

201404041932(201404041932)
1,493,310
555,360
259,650
180,930
114,720

201404041939(201404041939)
1,540,470
572,940
265,350
184,380
119,370

201404041940(201404041940)
1,549,320
572,940
266,310
185,400
119,970

201404041941(201404041941)
1,576,110
573,210
266,550
185,850
120,330

201404041942(201404041942)
1,591,920
575,310
268,530
187,230
120,930

201404041949(201404041949)
1,899,300
581,760
274,410
191,100
125,460

201404041950(201404041950)
1,899,300
582,480
274,410
191,970
126,000

201404041951(201404041951)
1,899,300
582,480
276,120
192,780
126,900

201404041952(201404041952)
1,899,300
582,480
276,120
193,500
127,350

201404041959(201404041959)
1,899,300
598,740
282,900
198,690
131,820

201404042000(201404042000)
1,899,300
598,920
283,200
199,050
132,330

201404042001(201404042001)
1,899,300
598,920
284,400
199,770
132,780

201404042002(201404042002)
1,899,300
605,040
284,820
200,850
133,290

201404042009(201404042009)
2,075,910
621,030
290,850
206,940
136,860

201404042010(201404042010)
2,075,910
625,380
292,200
207,090
137,310

201404042011(201404042011)
2,075,910
625,380
294,330
207,720
138,030

201404042012(201404042012)
2,075,910
625,380
295,230
208,440
138,570

201404042019(201404042019)
2,220,210
627,810
303,120
213,330
142,650

201404042020(201404042020)
2,249,340
628,170
304,050
214,230
143,130

201404042021(201404042021)
2,252,340
628,320
304,830
214,710
143,400

201404042022(201404042022)
2,255,640
630,750
305,820
216,000
143,760

201404042029(201404042029)
2,260,590
643,620
313,980
220,920
146,610

201404042030(201404042030)
2,260,590
643,620
316,050
222,570
146,910

201404042031(201404042031)
2,260,590
643,620
317,490
223,080
147,210

201404042032(201404042032)
2,323,830
643,620
318,420
223,650
147,600

201404042039(201404042039)
2,323,830
653,070
323,760
227,940
150,720

201404042040(201404042040)
2,323,830
653,070
325,350
227,940
151,230

201404042041(201404042041)
2,323,830
658,230
325,860
228,510
151,740

201404042042(201404042042)
2,323,830
658,230
326,040
228,930
152,220

201404042049(201404042049)
2,323,830
661,740
334,650
233,640
155,220

201404042050(201404042050)
2,323,830
662,700
335,820
234,480
155,580

201404042051(201404042051)
2,323,830
662,700
337,560
234,840
156,270

201404042052(201404042052)
2,323,830
662,820
339,780
235,710
156,690

201404042059(201404042059)
2,626,050
692,580
346,500
239,850
160,200

201404042100(201404042100)
2,649,780
702,090
346,500
240,930
160,890

201404042101(201404042101)
2,649,780
703,080
346,500
241,290
161,130

201404042102(201404042102)
2,649,780
703,080
347,460
242,490
161,790

201404042109(201404042109)
2,649,780
732,570
359,790
246,330
164,220

201404042110(201404042110)
2,649,780
733,620
359,850
247,350
164,370

201404042111(201404042111)
2,649,780
733,920
360,060
247,860
165,000

201404042112(201404042112)
2,649,780
734,310
361,770
248,220
165,210

201404042119(201404042119)
2,918,970
745,710
367,230
250,860
168,420

201404042120(201404042120)
2,920,770
745,710
367,230
251,310
168,840

201404042121(201404042121)
2,920,770
745,710
367,230
252,000
169,350

201404042122(201404042122)
2,920,770
748,350
367,950
252,930
169,590

201404042129(201404042129)
2,920,770
770,250
375,870
258,630
172,500

201404042130(201404042130)
2,920,770
770,250
376,260
258,960
172,680

201404042131(201404042131)
2,920,770
774,810
376,470
259,590
172,920

201404042132(201404042132)
2,920,770
774,810
377,730
259,590
173,280

201404042139(201404042139)
2,920,770
788,490
383,310
266,010
176,700

201404042140(201404042140)
2,920,770
799,980
383,670
267,570
176,880

201404042141(201404042141)
2,920,770
799,980
384,240
268,230
177,450

201404042142(201404042142)
3,067,320
799,980
384,390
268,530
177,780

201404042149(201404042149)
3,185,070
817,290
391,530
274,020
180,510

201404042150(201404042150)
3,185,070
825,840
393,210
274,980
181,140

201404042151(201404042151)
3,185,070
830,610
395,220
275,460
181,740

201404042152(201404042152)
3,185,070
830,610
397,740
276,180
181,800

201404042159(201404042159)
3,185,070
851,070
409,650
280,980
183,840

201404042200(201404042200)
3,185,070
857,010
410,010
282,090
184,320

201404042201(201404042201)
3,185,070
857,010
410,940
283,530
184,740

201404042202(201404042202)
3,185,070
857,010
412,050
284,100
185,100

201404042209(201404042209)
3,185,070
887,400
419,640
287,790
188,790

201404042210(201404042210)
3,185,070
887,400
423,390
287,790
188,940

201404042211(201404042211)
3,185,070
896,280
423,390
287,790
189,240

201404042212(201404042212)
3,185,070
903,930
424,800
288,480
189,540

201404042219(201404042219)
3,185,070
914,160
433,770
292,470
193,050

201404042220(201404042220)
3,185,070
919,170
434,010
292,500
193,500

201404042221(201404042221)
3,185,070
919,170
434,550
293,310
193,710

201404042222(201404042222)
3,185,070
919,170
434,910
294,330
194,280

201404042229(201404042229)
3,249,030
921,720
443,040
300,990
197,370

201404042230(201404042230)
3,249,030
922,620
444,540
301,950
198,030

201404042231(201404042231)
3,249,030
931,560
444,570
303,090
198,570

201404042232(201404042232)
3,249,030
935,460
445,470
303,750
198,750

201404042239(201404042239)
3,249,030
978,300
452,910
308,490
201,300

201404042240(201404042240)
3,440,610
985,770
454,290
309,270
201,990

201404042241(201404042241)
3,520,050
985,770
455,100
309,750
202,290

201404042242(201404042242)
3,520,050
985,770
455,460
309,930
202,620

201404042249(201404042249)
3,520,050
1,008,450
460,470
317,040
205,170

201404042250(201404042250)
3,557,490
1,009,410
462,930
317,700
205,530

201404042251(201404042251)
3,612,990
1,009,410
463,800
318,090
206,130

201404042252(201404042252)
3,695,190
1,009,410
464,160
318,720
206,430

201404042259(201404042259)
4,356,090
1,012,920
471,780
322,440
208,740

201404042300(201404042300)
4,552,830
1,018,860
471,870
322,740
209,280

201404042301(201404042301)
4,552,830
1,019,850
472,830
323,430
209,730

201404042302(201404042302)
4,552,830
1,019,850
474,180
324,090
210,000

201404042309(201404042309)
4,552,830
1,021,860
480,180
328,200
213,420

201404042310(201404042310)
4,552,830
1,021,860
480,270
328,740
213,840

201404042311(201404042311)
4,552,830
1,038,660
482,550
329,250
214,140

201404042312(201404042312)
4,552,830
1,039,050
484,590
329,670
214,320

201404042319(201404042319)
4,552,830
1,065,270
488,040
335,520
217,020

201404042320(201404042320)
4,552,830
1,065,270
488,760
335,970
217,140

201404042321(201404042321)
4,597,980
1,068,480
489,750
336,450
217,560

201404042322(201404042322)
4,659,690
1,068,480
490,170
337,380
217,950

201404042329(201404042329)
4,659,690
1,084,110
494,580
343,530
220,080

201404042330(201404042330)
4,659,690
1,084,110
494,760
344,370
220,350

201404042331(201404042331)
4,659,690
1,087,710
499,410
344,460
220,950

201404042332(201404042332)
4,659,690
1,092,510
499,410
344,940
221,490

201404042339(201404042339)
4,659,690
1,106,490
506,340
346,650
224,280

201404042340(201404042340)
4,659,690
1,106,490
506,760
346,650
224,580

201404042341(201404042341)
4,659,690
1,119,420
506,940
347,490
225,360

201404042342(201404042342)
4,659,690
1,124,220
507,330
347,490
225,420

201404042349(201404042349)
4,659,690
1,165,080
512,460
350,700
228,180

201404042350(201404042350)
4,659,690
1,165,080
513,540
351,360
228,510

201404042351(201404042351)
4,659,690
1,171,770
514,680
351,780
228,870

201404042352(201404042352)
4,687,890
1,171,770
515,250
352,260
229,320

201404042359(201404042359)
4,993,920
1,177,200
518,910
357,330
232,380

201404050000(201404050000)
4,993,920
1,177,290
520,320
357,870
232,470

201404050001(201404050001)
4,993,920
1,177,290
520,320
357,870
232,470

201404050002(201404050002)
4,993,920
1,177,290
520,320
357,870
232,470

201404050009(201404050009)
4,993,920
1,177,290
520,320
357,870
232,470

201404050010(201404050010)
4,993,920
1,177,290
520,320
357,870
232,470

201404050011(201404050011)
4,993,920
1,177,290
520,320
357,870
232,470

201404050012(201404050012)
4,993,920
1,177,290
520,320
357,870
232,470

201404050019(201404050019)
4,993,920
1,177,290
520,320
357,870
232,470

201404050020(201404050020)
4,993,920
1,177,290
520,320
357,870
232,470

201404050021(201404050021)
4,993,920
1,177,290
520,320
357,870
232,470

