201408242153(201408242153)
1,301,630
2,602,287
4,421,696
193,243,070
64,192,715
57,028,283
26,145,453

201408242154(201408242154)
1,301,630
2,602,287
4,421,696
193,243,070
64,192,715
57,028,283
26,145,453

201408242155(201408242155)
1,301,630
2,602,287
4,421,696
193,243,070
64,192,715
57,028,283
26,145,453

201408242156(201408242156)
1,301,630
2,602,287
4,421,696
193,243,070
64,192,715
57,028,283
26,145,453

201408242157(201408242157)
1,301,630
2,602,287
4,421,696
193,243,070
64,192,715
57,028,283
26,145,453

201408242159(201408242159)
1,301,630
2,602,287
4,421,696
193,243,070
64,192,715
57,028,283
26,145,453

201408242200(201408242200)
1,301,630
2,602,287
4,421,696
193,243,070
64,192,715
57,028,283
26,145,453

201408242201(201408242201)
1,301,630
2,602,287
4,421,696
193,248,680
64,192,715
57,028,283
26,147,978

201408242202(201408242202)
1,301,630
2,602,287
4,421,696
193,308,175
64,201,417
57,036,632
26,170,753

201408242203(201408242203)
1,301,804
2,602,287
4,421,696
193,399,096
64,218,282
57,050,492
26,215,918

201408242204(201408242204)
1,301,804
2,606,343
4,421,696
193,502,082
64,225,271
57,076,142
26,277,308

201408242205(201408242205)
1,303,575
2,606,652
4,421,696
193,629,354
64,250,648
57,112,243
26,316,735

201408242206(201408242206)
1,304,401
2,608,640
4,432,296
193,764,475
64,278,762
57,173,909
26,348,913

201408242207(201408242207)
1,306,884
2,608,640
4,436,276
193,916,015
64,342,414
57,230,762
26,408,134

201408242209(201408242209)
1,308,385
2,611,308
4,441,461
194,306,639
64,493,269
57,345,307
26,521,352

201408242210(201408242210)
1,308,385
2,612,989
4,446,313
194,525,422
64,551,975
57,398,539
26,598,474

201408242211(201408242211)
1,309,628
2,621,858
4,453,929
194,690,644
64,603,361
57,474,453
26,648,741

201408242212(201408242212)
1,312,008
2,622,627
4,453,929
194,860,017
64,660,830
57,579,071
26,676,898

201408242213(201408242213)
1,313,351
2,630,931
4,453,929
195,054,492
64,686,220
57,699,160
26,704,324

201408242214(201408242214)
1,313,351
2,630,931
4,459,083
195,250,085
64,706,136
57,781,226
26,743,900

201408242215(201408242215)
1,313,521
2,635,174
4,461,616
195,446,945
64,729,988
57,862,227
26,797,117

201408242216(201408242216)
1,319,941
2,635,174
4,461,616
195,580,106
64,752,247
57,973,197
26,830,957

201408242217(201408242217)
1,321,371
2,635,174
4,462,785
195,715,611
64,769,107
58,012,095
26,876,270

201408242219(201408242219)
1,322,521
2,638,840
4,468,537
196,017,486
64,808,695
58,143,446
26,976,576

201408242220(201408242220)
1,324,950
2,642,410
4,468,537
196,182,230
64,863,237
58,217,812
27,032,763

201408242221(201408242221)
1,325,398
2,645,818
4,468,537
196,345,407
64,899,673
58,283,920
27,071,131

201408242222(201408242222)
1,327,339
2,659,614
4,473,751
196,496,338
64,919,378
58,361,604
27,097,669

201408242223(201408242223)
1,333,134
2,666,465
4,491,823
196,689,790
64,943,823
58,447,403
27,114,349

201408242224(201408242224)
1,335,953
2,669,044
4,491,940
196,849,534
64,971,959
58,524,185
27,116,730

201408242225(201408242225)
1,338,568
2,669,044
4,492,514
197,037,547
65,000,728
58,582,298
27,138,515

201408242226(201408242226)
1,341,743
2,673,028
4,492,514
197,277,092
65,009,741
58,635,440
27,145,898

201408242227(201408242227)
1,342,428
2,674,801
4,492,514
197,478,435
65,047,454
58,681,858
27,158,476

201408242229(201408242229)
1,344,510
2,688,108
4,498,982
197,918,780
65,131,019
58,860,259
27,229,120

201408242230(201408242230)
1,344,582
2,689,586
4,500,369
198,187,946
65,170,747
58,950,159
27,268,365

201408242231(201408242231)
1,349,318
2,692,028
4,500,369
198,435,833
65,224,901
59,020,415
27,310,131

201408242232(201408242232)
1,351,334
2,693,837
4,500,369
198,659,156
65,282,739
59,060,080
27,339,374

201408242233(201408242233)
1,351,822
2,699,890
4,500,369
198,875,306
65,331,858
59,114,811
27,349,514

201408242234(201408242234)
1,351,822
2,704,297
4,500,369
199,057,792
65,362,457
59,190,816
27,390,434

201408242235(201408242235)
1,353,419
2,706,405
4,500,369
199,241,259
65,416,545
59,269,433
27,440,793

201408242236(201408242236)
1,356,020
2,706,405
4,500,369
199,368,761
65,430,589
59,340,632
27,493,839

201408242237(201408242237)
1,359,844
2,706,405
4,500,369
199,466,301
65,449,895
59,392,436
27,528,728

201408242239(201408242239)
1,360,998
2,710,219
4,508,545
199,719,185
65,553,184
59,601,680
27,668,962

201408242240(201408242240)
1,361,636
2,712,099
4,508,545
199,921,856
65,612,765
59,700,289
27,737,225

201408242241(201408242241)
1,363,433
2,714,826
4,509,175
200,116,838
65,640,386
59,809,791
27,819,390

201408242242(201408242242)
1,372,307
2,723,468
4,509,175
200,279,577
65,661,148
59,868,691
27,883,857

201408242243(201408242243)
1,372,307
2,725,148
4,509,175
200,427,707
65,672,927
59,949,078
27,934,920

201408242244(201408242244)
1,373,752
2,726,720
4,509,175
200,547,940
65,707,316
60,018,965
27,978,068

201408242245(201408242245)
1,374,828
2,730,521
4,509,175
200,684,562
65,758,288
60,077,507
28,026,145

201408242246(201408242246)
1,379,513
2,734,059
4,509,175
200,769,703
65,799,399
60,109,696
28,073,540

201408242247(201408242247)
1,381,151
2,734,059
4,509,175
200,864,725
65,849,060
60,135,905
28,108,601

201408242249(201408242249)
1,382,552
2,737,974
4,509,175
201,115,710
65,914,911
60,189,125
28,221,909

201408242250(201408242250)
1,384,476
2,738,920
4,518,622
201,247,985
65,964,210
60,246,097
28,262,870

201408242251(201408242251)
1,384,476
2,744,389
4,518,622
201,378,212
66,022,204
60,340,775
28,306,094

201408242252(201408242252)
1,384,476
2,744,389
4,525,920
201,471,966
66,081,029
60,386,925
28,356,654

201408242253(201408242253)
1,384,476
2,747,618
4,525,920
201,559,849
66,112,906
60,466,968
28,407,423

201408242254(201408242254)
1,386,015
2,751,714
4,535,993
201,633,126
66,153,615
60,534,222
28,435,420

201408242255(201408242255)
1,389,942
2,752,922
4,535,993
201,718,413
66,170,675
60,592,274
28,475,395

201408242256(201408242256)
1,393,187
2,752,922
4,535,993
201,860,016
66,180,365
60,645,591
28,553,965

201408242257(201408242257)
1,394,722
2,752,922
4,541,031
202,009,339
66,191,884
60,687,823
28,610,515

201408242259(201408242259)
1,394,863
2,752,922
4,565,771
202,132,433
66,217,816
60,819,332
28,703,873

201408242300(201408242300)
1,396,605
2,756,636
4,565,771
202,231,330
66,229,924
60,862,109
28,753,839

201408242301(201408242301)
1,397,558
2,757,674
4,570,856
202,334,595
66,251,753
60,914,023
28,790,672

201408242302(201408242302)
1,399,185
2,759,307
4,582,569
202,377,605
66,268,632
60,953,637
28,811,480

201408242303(201408242303)
1,401,377
2,766,461
4,588,213
202,448,103
66,292,354
60,993,365
28,841,774

201408242304(201408242304)
1,403,336
2,766,545
4,588,213
202,552,847
66,296,954
61,033,474
28,875,846

201408242305(201408242305)
1,403,717
2,766,545
4,588,213
202,650,548
66,301,622
61,058,208
28,933,055

201408242306(201408242306)
1,404,621
2,768,637
4,591,662
202,778,450
66,316,383
61,096,643
29,000,384

201408242307(201408242307)
1,405,049
2,770,623
4,594,015
202,933,931
66,330,139
61,149,059
29,038,094

201408242309(201408242309)
1,408,584
2,772,823
4,604,586
203,148,900
66,401,448
61,255,635
29,127,475

201408242310(201408242310)
1,412,380
2,774,769
4,612,689
203,271,309
66,448,690
61,294,223
29,172,135

201408242311(201408242311)
1,412,548
2,780,671
4,624,786
203,391,171
66,506,086
61,355,538
29,209,579

201408242312(201408242312)
1,412,926
2,787,362
4,634,768
203,558,956
66,533,089
61,406,292
29,268,219

201408242313(201408242313)
1,417,178
2,790,231
4,637,096
203,711,245
66,609,857
61,475,931
29,301,723

201408242314(201408242314)
1,422,337
2,790,231
4,637,096
203,853,140
66,660,984
61,544,098
29,334,732

201408242315(201408242315)
1,429,022
2,792,019
4,637,096
203,994,408
66,703,698
61,607,408
29,352,217

201408242316(201408242316)
1,431,826
2,795,725
4,637,096
204,218,305
66,752,536
61,672,790
29,371,522

201408242317(201408242317)
1,433,782
2,795,725
4,637,096
204,368,206
66,774,001
61,731,141
29,392,337

201408242319(201408242319)
1,439,012
2,801,985
4,637,096
204,637,496
66,862,391
61,817,661
29,475,296

201408242320(201408242320)
1,443,417
2,803,050
4,637,096
204,823,980
66,914,339
61,873,669
29,527,489

201408242321(201408242321)
1,448,447
2,803,855
4,637,096
204,989,050
66,963,869
61,941,019
29,577,757

201408242322(201408242322)
1,452,104
2,804,193
4,637,096
205,173,480
67,015,349
62,021,848
29,592,402

201408242323(201408242323)
1,452,155
2,804,193
4,639,400
205,327,661
67,034,625
62,101,232
29,608,493

201408242324(201408242324)
1,452,155
2,809,763
4,646,659
205,501,034
67,041,976
62,179,450
29,615,448

201408242325(201408242325)
1,453,050
2,810,889
4,646,659
205,704,588
67,046,426
62,245,487
29,620,083

201408242326(201408242326)
1,454,011
2,814,057
4,646,659
205,974,969
67,055,832
62,297,323
29,622,533

201408242327(201408242327)
1,461,458
2,815,258
4,646,659
206,250,152
67,075,056
62,345,366
29,629,490

201408242329(201408242329)
1,464,987
2,816,857
4,647,491
206,803,458
67,100,058
62,471,818
29,681,265

201408242330(201408242330)
1,466,676
2,828,586
4,647,491
206,990,293
67,128,624
62,534,760
29,700,331

201408242331(201408242331)
1,472,320
2,835,552
4,654,404
207,162,945
67,168,528
62,573,184
29,714,663

201408242332(201408242332)
1,474,485
2,841,750
4,654,404
207,307,953
67,185,896
62,633,701
29,726,477

201408242333(201408242333)
1,475,265
2,843,873
4,654,404
207,475,549
67,219,815
62,700,718
29,743,102

201408242334(201408242334)
1,479,799
2,844,710
4,654,404
207,605,530
67,241,207
62,778,238
29,756,296

201408242335(201408242335)
1,481,015
2,851,616
4,654,404
207,790,057
67,248,782
62,822,465
29,772,526

201408242336(201408242336)
1,484,685
2,851,616
4,654,404
207,991,478
67,248,782
62,863,493
29,784,099

201408242337(201408242337)
1,486,485
2,851,616
4,654,404
208,183,773
67,270,273
62,899,409
29,793,401

201408242339(201408242339)
1,496,709
2,851,616
4,654,404
208,567,058
67,280,728
62,982,160
29,841,683

201408242340(201408242340)
1,499,685
2,853,469
4,654,404
208,740,830
67,286,124
63,008,886
29,859,057

201408242341(201408242341)
1,501,097
2,856,617
4,654,404
208,951,892
67,286,124
63,039,861
29,875,424

201408242342(201408242342)
1,505,791
2,857,035
4,654,404
209,106,817
67,299,187
63,081,873
29,890,614

201408242343(201408242343)
1,509,967
2,858,984
4,693,008
209,247,297
67,352,887
63,120,395
29,898,972

201408242344(201408242344)
1,513,795
2,859,879
4,713,500
209,398,342
67,428,770
63,161,251
29,907,744

201408242345(201408242345)
1,517,798
2,865,436
4,718,584
209,538,398
67,523,222
63,203,477
29,941,610

201408242346(201408242346)
1,522,323
2,865,436
4,718,908
209,751,646
67,647,943
63,221,392
29,977,598

201408242347(201408242347)
1,522,323
2,865,436
4,718,908
209,916,745
67,803,371
63,233,521
30,009,367

201408242349(201408242349)
1,531,739
2,868,621
4,718,908
210,250,892
68,054,835
63,257,816
30,066,865

201408242350(201408242350)
1,533,948
2,871,508
4,718,908
210,426,780
68,209,612
63,285,570
30,094,364

201408242351(201408242351)
1,534,004
2,876,293
4,718,908
210,633,768
68,358,663
63,313,655
30,115,282

201408242352(201408242352)
1,535,578
2,882,616
4,718,908
210,813,549
68,482,348
63,349,396
30,131,314

201408242353(201408242353)
1,542,093
2,882,616
4,718,908
211,026,533
68,581,978
63,379,161
30,153,338

201408242354(201408242354)
1,548,113
2,884,255
4,718,908
211,257,494
68,615,696
63,393,086
30,169,756

201408242355(201408242355)
1,552,667
2,884,338
4,718,908
211,445,822
68,654,591
63,398,086
30,195,966

201408242356(201408242356)
1,552,667
2,884,338
4,718,908
211,630,245
68,694,610
63,420,741
30,212,178

201408242357(201408242357)
1,552,920
2,885,570
4,735,498
211,768,470
68,738,759
63,435,396
30,219,546

201408242359(201408242359)
1,558,193
2,885,570
4,748,874
212,097,957
68,826,715
63,460,370
30,226,682

201408250000(201408250000)
1,565,573
2,885,570
4,762,253
212,247,754
68,844,620
63,475,483
30,229,060

201408250001(201408250001)
1,565,573
2,885,736
4,771,690
212,338,613
68,851,744
63,480,285
30,233,754

201408250002(201408250002)
1,565,573
2,885,736
4,771,690
212,338,613
68,851,744
63,480,285
30,233,754

201408250003(201408250003)
1,565,573
2,885,736
4,771,690
212,338,613
68,851,744
63,480,285
30,233,754

201408250004(201408250004)
1,565,573
2,885,736
4,771,690
212,338,613
68,851,744
63,480,285
30,233,754

201408250005(201408250005)
1,565,573
2,885,736
4,771,690
212,338,613
68,851,744
63,480,285
30,233,754

201408250006(201408250006)
1,565,573
2,885,736
4,771,690
212,338,613
68,851,744
63,480,285
30,233,754

201408250007(201408250007)
1,565,573
2,885,736
4,771,690
212,338,613
68,851,744
63,480,285
30,233,754

201408250009(201408250009)
1,565,573
2,885,736
4,771,690
212,338,613
68,851,744
63,480,285
30,233,754

