201408252038(201408252038)
1,565,573
2,885,736
4,771,690
212,338,613
68,851,744
63,480,285
30,233,754

201408252040(201408252040)
1,565,573
2,885,736
4,771,690
212,338,613
68,851,744
63,480,285
30,233,754

201408252041(201408252041)
1,565,573
2,885,736
4,771,690
212,338,613
68,851,744
63,480,285
30,233,754

201408252042(201408252042)
1,565,573
2,885,736
4,771,690
212,338,613
68,851,744
63,480,285
30,233,754

201408252043(201408252043)
1,565,573
2,885,736
4,771,690
212,338,613
68,851,744
63,480,285
30,233,754

201408252044(201408252044)
1,565,573
2,885,736
4,771,690
212,338,613
68,851,744
63,480,285
30,233,754

201408252045(201408252045)
1,565,573
2,885,736
4,771,690
212,338,613
68,851,744
63,480,285
30,233,754

201408252046(201408252046)
1,565,573
2,885,736
4,771,690
212,338,613
68,851,744
63,480,285
30,233,754

201408252047(201408252047)
1,565,573
2,885,736
4,771,690
212,338,613
68,851,744
63,480,285
30,233,754








201408252103(201408252103)
1,565,573
2,886,393
4,771,690
212,659,754
68,870,709
63,493,447
30,252,357

201408252104(201408252104)
1,565,573
2,890,286
4,771,690
212,884,191
68,903,039
63,506,256
30,269,007

201408252105(201408252105)
1,565,573
2,891,864
4,771,690
213,089,815
68,912,901
63,533,202
30,285,540

201408252106(201408252106)
1,566,604
2,891,864
4,771,690
213,345,620
68,927,853
63,570,892
30,309,016

201408252107(201408252107)
1,566,604
2,891,864
4,771,690
213,593,461
68,951,027
63,614,239
30,355,215

201408252109(201408252109)
1,582,174
2,896,298
4,771,690
214,038,525
69,064,940
63,696,139
30,468,384

201408252110(201408252110)
1,582,629
2,900,696
4,771,690
214,293,071
69,106,093
63,727,899
30,565,573

201408252111(201408252111)
1,587,837
2,901,727
4,771,690
214,508,945
69,139,189
63,770,253
30,638,010

201408252112(201408252112)
1,589,410
2,905,195
4,771,690
214,679,658
69,169,491
63,812,152
30,701,805

201408252113(201408252113)
1,596,161
2,905,195
4,771,690
214,876,161
69,218,887
63,856,009
30,766,527

201408252114(201408252114)
1,602,694
2,905,710
4,771,690
215,050,506
69,246,990
63,897,341
30,799,922

201408252115(201408252115)
1,608,850
2,905,710
4,772,635
215,224,933
69,265,678
63,946,649
30,861,704

201408252116(201408252116)
1,617,088
2,911,963
4,797,635
215,377,608
69,305,265
63,995,175
30,913,663

201408252117(201408252117)
1,625,151
2,917,280
4,797,635
215,579,156
69,323,980
64,045,777
30,965,269

201408252119(201408252119)
1,634,636
2,919,540
4,797,635
216,056,608
69,363,629
64,122,581
31,059,118

201408252120(201408252120)
1,640,287
2,919,669
4,797,635
216,326,776
69,396,150
64,176,206
31,108,167

201408252121(201408252121)
1,647,995
2,921,936
4,800,185
216,603,002
69,488,341
64,251,849
31,155,990

201408252122(201408252122)
1,657,179
2,921,936
4,802,725
216,833,911
69,533,167
64,325,853
31,199,088

201408252123(201408252123)
1,659,738
2,924,086
4,812,931
217,048,537
69,555,618
64,403,673
31,236,735

201408252124(201408252124)
1,667,977
2,926,619
4,815,486
217,274,460
69,601,551
64,451,870
31,260,905

201408252125(201408252125)
1,674,140
2,926,619
4,820,734
217,507,652
69,626,871
64,494,778
31,297,636

201408252126(201408252126)
1,686,216
2,926,692
4,838,202
217,748,873
69,654,809
64,570,568
31,332,181

201408252127(201408252127)
1,692,126
2,931,656
4,855,702
217,986,550
69,682,433
64,608,784
31,356,496

201408252129(201408252129)
1,712,798
2,940,096
4,867,636
218,389,283
69,728,634
64,687,740
31,401,572

201408252130(201408252130)
1,723,774
2,947,217
4,867,636
218,601,091
69,748,396
64,749,387
31,434,482

201408252131(201408252131)
1,728,822
2,949,546
4,867,636
218,829,140
69,780,560
64,815,721
31,483,510

201408252132(201408252132)
1,730,008
2,949,546
4,867,636
219,001,796
69,797,979
64,865,288
31,523,298

201408252133(201408252133)
1,732,599
2,953,161
4,867,636
219,188,688
69,827,934
64,910,989
31,558,750

201408252134(201408252134)
1,737,013
2,953,161
4,867,636
219,424,245
69,850,486
64,943,081
31,605,543

201408252135(201408252135)
1,746,757
2,957,430
4,883,922
219,704,428
69,875,762
64,965,153
31,619,516

201408252136(201408252136)
1,747,709
2,959,622
4,896,302
219,966,620
69,915,085
65,003,123
31,654,468

201408252137(201408252137)
1,756,280
2,959,622
4,896,302
220,201,267
69,949,321
65,040,093
31,682,021

201408252139(201408252139)
1,761,589
2,965,786
4,897,355
220,760,487
70,017,217
65,190,265
31,763,709

201408252140(201408252140)
1,770,506
2,965,786
4,897,355
221,006,630
70,041,999
65,253,255
31,829,615

201408252141(201408252141)
1,772,529
2,965,786
4,897,355
221,299,146
70,078,502
65,332,038
31,867,532

201408252142(201408252142)
1,778,667
2,967,873
4,897,355
221,548,873
70,100,111
65,384,899
31,937,287

201408252143(201408252143)
1,780,257
2,969,903
4,897,355
221,768,397
70,131,411
65,464,764
32,000,579

201408252144(201408252144)
1,784,909
2,971,510
4,897,355
222,013,600
70,153,908
65,540,124
32,060,076

201408252145(201408252145)
1,790,490
2,972,120
4,897,355
222,218,722
70,189,561
65,564,479
32,131,857

201408252146(201408252146)
1,797,539
2,974,116
4,897,355
222,468,464
70,226,698
65,593,709
32,201,967

201408252147(201408252147)
1,802,086
2,976,747
4,897,355
222,705,695
70,266,057
65,617,823
32,282,998

201408252149(201408252149)
1,804,321
2,983,684
4,897,355
223,186,574
70,321,973
65,697,828
32,413,790

201408252150(201408252150)
1,819,743
2,985,593
4,897,355
223,418,766
70,353,517
65,735,003
32,485,102

201408252151(201408252151)
1,819,743
2,985,607
4,897,355
223,680,565
70,382,718
65,773,600
32,539,061

201408252152(201408252152)
1,821,993
2,985,607
4,897,355
223,904,192
70,419,018
65,824,651
32,558,765

201408252153(201408252153)
1,830,416
2,992,937
4,901,003
224,136,036
70,438,489
65,846,767
32,577,324

201408252154(201408252154)
1,839,186
2,997,456
4,901,003
224,427,699
70,462,390
65,869,024
32,577,324

201408252155(201408252155)
1,845,653
3,000,581
4,901,003
224,705,466
70,488,407
65,888,544
32,577,431

201408252156(201408252156)
1,848,614
3,000,581
4,901,003
225,023,947
70,526,678
65,917,804
32,584,154

201408252157(201408252157)
1,856,213
3,001,544
4,901,003
225,332,074
70,570,886
65,965,550
32,592,143

201408252159(201408252159)
1,863,161
3,001,544
4,908,913
225,862,783
70,634,943
66,069,161
32,606,491

201408252200(201408252200)
1,868,425
3,001,544
4,914,246
226,082,071
70,683,054
66,095,664
32,609,529

201408252201(201408252201)
1,873,803
3,001,544
4,931,463
226,345,370
70,723,328
66,129,669
32,616,248

201408252202(201408252202)
1,879,606
3,003,424
4,948,697
226,583,796
70,771,595
66,154,043
32,616,248

201408252203(201408252203)
1,887,537
3,003,424
4,965,965
226,800,167
70,805,410
66,186,515
32,616,248

201408252204(201408252204)
1,887,537
3,004,128
4,975,735
227,005,026
70,849,100
66,231,067
32,616,248

201408252205(201408252205)
1,892,670
3,004,128
4,983,082
227,173,163
70,896,955
66,249,527
32,616,248

201408252206(201408252206)
1,902,550
3,006,101
5,000,953
227,391,635
70,937,314
66,273,603
32,618,579

201408252207(201408252207)
1,909,632
3,009,351
5,010,018
227,560,456
70,988,640
66,302,326
32,626,590

201408252209(201408252209)
1,920,652
3,013,993
5,010,730
227,959,914
71,048,889
66,386,594
32,637,649

201408252210(201408252210)
1,925,626
3,013,993
5,010,730
228,201,488
71,077,072
66,415,122
32,643,808

201408252211(201408252211)
1,935,206
3,013,993
5,013,163
228,384,549
71,109,523
66,458,392
32,650,797

201408252212(201408252212)
1,943,895
3,015,046
5,013,163
228,585,483
71,129,550
66,473,357
32,658,635

201408252213(201408252213)
1,948,888
3,016,041
5,013,163
228,739,437
71,153,798
66,498,147
32,658,635

201408252214(201408252214)
1,956,828
3,019,423
5,013,163
228,907,479
71,175,859
66,518,114
32,660,823

201408252215(201408252215)
1,960,823
3,020,694
5,013,163
229,035,108
71,193,051
66,547,060
32,660,823

201408252216(201408252216)
1,961,042
3,020,694
5,013,163
229,210,998
71,210,266
66,581,004
32,660,934

201408252217(201408252217)
1,964,081
3,020,694
5,013,163
229,363,036
71,227,314
66,597,920
32,670,370

201408252219(201408252219)
1,972,329
3,020,694
5,013,163
229,714,399
71,264,247
66,645,376
32,683,815

201408252220(201408252220)
1,972,487
3,023,154
5,013,163
229,884,838
71,286,644
66,669,796
32,690,512

201408252221(201408252221)
1,977,757
3,023,154
5,013,616
230,110,282
71,308,622
66,689,481
32,697,075

201408252222(201408252222)
1,980,834
3,023,154
5,013,616
230,299,905
71,331,715
66,716,039
32,697,075

201408252223(201408252223)
1,984,281
3,023,154
5,013,616
230,479,107
71,338,964
66,749,704
32,702,850

201408252224(201408252224)
1,989,596
3,023,154
5,013,616
230,677,006
71,341,391
66,781,539
32,706,084

201408252225(201408252225)
1,998,840
3,027,187
5,015,580
230,856,308
71,361,295
66,810,364
32,713,124

201408252226(201408252226)
2,006,182
3,027,187
5,015,580
231,039,469
71,384,126
66,834,947
32,724,103

201408252227(201408252227)
2,012,109
3,027,187
5,015,580
231,209,955
71,398,619
66,861,810
32,726,347

201408252229(201408252229)
2,030,144
3,034,478
5,015,701
231,590,868
71,438,034
66,929,309
32,741,745

201408252230(201408252230)
2,037,222
3,037,914
5,015,701
231,790,478
71,477,608
67,002,496
32,752,696

201408252231(201408252231)
2,045,027
3,040,939
5,015,701
231,948,406
71,517,060
67,019,538
32,752,696

201408252232(201408252232)
2,050,191
3,048,991
5,015,701
232,128,455
71,551,472
67,043,642
32,752,696

201408252233(201408252233)
2,058,717
3,048,991
5,015,701
232,289,086
71,593,159
67,081,723
32,754,848

201408252234(201408252234)
2,064,835
3,049,389
5,015,701
232,451,927
71,617,837
67,119,276
32,761,859

201408252235(201408252235)
2,065,614
3,051,239
5,015,701
232,622,917
71,647,537
67,143,934
32,771,619

201408252236(201408252236)
2,075,805
3,051,354
5,015,701
232,822,671
71,677,343
67,181,016
32,775,652

201408252237(201408252237)
2,078,660
3,051,354
5,018,097
232,997,743
71,696,755
67,221,181
32,777,659

201408252239(201408252239)
2,095,268
3,051,767
5,018,097
233,310,986
71,729,093
67,315,788
32,779,953

201408252240(201408252240)
2,100,065
3,051,767
5,018,097
233,463,040
71,748,933
67,360,016
32,779,953

201408252241(201408252241)
2,107,197
3,051,767
5,018,097
233,635,322
71,766,139
67,403,852
32,779,953

201408252242(201408252242)
2,107,550
3,053,843
5,018,097
233,767,364
71,783,452
67,437,362
32,779,953

201408252243(201408252243)
2,117,211
3,053,843
5,018,097
233,937,262
71,803,339
67,478,442
32,785,750

201408252244(201408252244)
2,126,852
3,053,843
5,018,097
234,085,714
71,810,763
67,511,506
32,785,750

201408252245(201408252245)
2,131,999
3,053,843
5,022,717
234,203,254
71,820,619
67,552,514
32,788,027

201408252246(201408252246)
2,138,330
3,053,843
5,022,717
234,391,147
71,846,680
67,576,401
32,790,364

201408252247(201408252247)
2,142,686
3,053,843
5,022,717
234,526,509
71,869,425
67,601,308
32,796,795

201408252249(201408252249)
2,154,843
3,056,350
5,022,717
234,911,336
71,897,696
67,653,287
32,807,678

201408252250(201408252250)
2,160,753
3,056,350
5,024,881
235,088,189
71,897,696
67,676,409
32,807,678

201408252251(201408252251)
2,167,341
3,056,350
5,029,359
235,260,908
71,914,406
67,720,856
32,807,678

201408252252(201408252252)
2,171,640
3,056,350
5,036,093
235,436,644
71,926,233
67,767,749
32,807,678

201408252253(201408252253)
2,177,337
3,062,340
5,048,494
235,576,336
71,947,337
67,798,702
32,815,355

201408252254(201408252254)
2,185,289
3,064,388
5,048,494
235,694,536
71,976,479
67,831,508
32,819,726

201408252255(201408252255)
2,190,830
3,064,388
5,052,532
235,788,201
71,997,391
67,866,125
32,829,435

201408252256(201408252256)
2,197,439
3,064,388
5,061,331
235,913,465
71,997,391
67,926,768
32,832,719

201408252257(201408252257)
2,204,058
3,068,674
5,066,094
236,050,500
72,018,270
67,959,282
32,840,718

201408252259(201408252259)
2,215,204
3,068,674
5,066,094
236,318,031
72,018,270
67,994,899
32,840,718

201408252300(201408252300)
2,219,912
3,069,811
5,066,094
236,489,924
72,018,270
68,012,335
32,844,937

201408252301(201408252301)
2,225,312
3,069,811
5,066,094
236,687,603
72,018,270
68,048,666
32,844,937

201408252302(201408252302)
2,234,508
3,069,811
5,066,094
236,849,587
72,025,637
68,079,416
32,844,937

201408252303(201408252303)
2,236,579
3,069,811
5,066,094
237,037,336
72,035,688
68,122,866
32,849,298

201408252304(201408252304)
2,241,676
3,070,841
5,066,094
237,238,942
72,043,217
68,175,161
32,856,959

201408252305(201408252305)
2,250,960
3,073,426
5,066,094
237,477,206
72,063,439
68,191,116
32,860,724

201408252306(201408252306)
2,254,595
3,075,214
5,066,094
237,698,736
72,085,936
68,213,284
32,866,656

201408252307(201408252307)
2,257,294
3,075,214
5,066,094
237,928,069
72,101,028
68,239,057
32,866,656

201408252309(201408252309)
2,271,080
3,075,214
5,066,094
238,409,399
72,123,389
68,263,475
32,866,656

201408252310(201408252310)
2,274,397
3,076,700
5,066,094
238,594,980
72,133,472
68,301,113
32,866,656

201408252311(201408252311)
2,284,560
3,082,093
5,066,094
238,816,714
72,150,922
68,356,927
32,866,656

201408252312(201408252312)
2,290,985
3,084,207
5,066,094
239,010,532
72,161,111
68,378,267
32,868,857

201408252313(201408252313)
2,293,597
3,084,563
5,066,094
239,206,955
72,168,910
68,416,464
32,868,857

201408252314(201408252314)
2,299,896
3,084,563
5,074,057
239,371,478
72,177,151
68,459,414
32,875,560

201408252315(201408252315)
2,304,035
3,086,198
5,074,057
239,523,910
72,205,779
68,501,002
32,889,028

201408252316(201408252316)
2,318,206
3,086,198
5,074,057
239,718,443
72,208,385
68,523,189
32,889,028

201408252317(201408252317)
2,324,763
3,086,198
5,074,057
239,873,003
72,216,203
68,532,993
32,889,028

201408252319(201408252319)
2,341,764
3,086,198
5,088,840
240,195,033
72,231,396
68,574,529
32,895,911

201408252320(201408252320)
2,344,773
3,086,198
5,088,840
240,386,205
72,246,375
68,601,947
32,895,911

201408252321(201408252321)
2,358,136
3,086,198
5,095,985
240,591,308
72,266,741
68,631,012
32,902,305

201408252322(201408252322)
2,368,444
3,087,925
5,095,985
240,790,904
72,274,363
68,650,988
32,906,588

201408252323(201408252323)
2,376,564
3,092,503
5,095,985
240,990,689
72,291,739
68,673,236
32,908,968

201408252324(201408252324)
2,379,471
3,097,600
5,095,985
241,211,735
72,306,915
68,692,469
32,913,453

201408252325(201408252325)
2,386,860
3,099,436
5,095,985
241,399,125
72,316,818
68,714,863
32,915,621

201408252326(201408252326)
2,394,942
3,100,036
5,095,985
241,571,888
72,350,103
68,736,682
32,935,961

201408252327(201408252327)
2,398,425
3,103,641
5,095,985
241,737,635
72,360,098
68,743,947
32,948,759

201408252329(201408252329)
2,406,158
3,105,996
5,108,381
242,014,318
72,393,779
68,783,368
32,964,385

201408252330(201408252330)
2,418,184
3,105,996
5,108,381
242,122,341
72,413,104
68,807,924
32,969,813

201408252331(201408252331)
2,425,075
3,108,124
5,117,634
242,267,512
72,415,550
68,837,375
32,997,791

201408252332(201408252332)
2,438,585
3,110,953
5,119,511
242,393,531
72,427,014
68,861,489
33,030,382

201408252333(201408252333)
2,448,298
3,110,953
5,123,273
242,545,215
72,433,408
68,885,714
33,106,742

201408252334(201408252334)
2,456,103
3,111,865
5,123,273
242,715,323
72,436,642
68,914,264
33,186,491

201408252335(201408252335)
2,464,195
3,111,865
5,123,273
242,931,098
72,439,662
68,942,929
33,284,698

201408252336(201408252336)
2,471,558
3,111,865
5,123,273
243,102,534
72,447,019
68,983,888
33,341,784

201408252337(201408252337)
2,484,616
3,114,952
5,123,273
243,251,758
72,469,283
69,000,577
33,389,093

201408252339(201408252339)
2,501,660
3,114,952
5,133,243
243,477,284
72,499,403
69,071,597
33,469,562

201408252340(201408252340)
2,506,478
3,121,700
5,136,157
243,583,198
72,506,876
69,119,122
33,514,300

201408252341(201408252341)
2,522,205
3,121,700
5,136,157
243,722,151
72,516,830
69,157,232
33,554,328

201408252342(201408252342)
2,531,365
3,121,700
5,136,157
243,856,020
72,531,722
69,175,112
33,589,347

201408252343(201408252343)
2,539,242
3,121,700
5,137,966
243,993,170
72,543,723
69,190,006
33,616,548

201408252344(201408252344)
2,549,770
3,121,700
5,137,966
244,112,755
72,551,127
69,209,635
33,671,209

201408252345(201408252345)
2,559,148
3,122,997
5,138,172
244,254,129
72,555,992
69,246,030
33,737,894

201408252346(201408252346)
2,568,465
3,122,997
5,145,581
244,391,382
72,555,992
69,274,358
33,868,761

201408252347(201408252347)
2,574,251
3,122,997
5,145,581
244,489,790
72,555,992
69,302,506
33,928,500

201408252349(201408252349)
2,588,656
3,130,640
5,145,699
244,695,198
72,565,981
69,378,751
34,060,065

201408252350(201408252350)
2,596,675
3,134,848
5,150,829
244,823,610
72,573,292
69,398,606
34,131,895

201408252351(201408252351)
2,611,282
3,135,550
5,150,829
244,930,297
72,583,330
69,411,494
34,169,099

201408252352(201408252352)
2,620,162
3,137,260
5,158,517
245,029,417
72,588,296
69,421,241
34,188,910

201408252353(201408252353)
2,633,806
3,137,260
5,158,517
245,140,882
72,604,759
69,428,761
34,246,603

201408252354(201408252354)
2,644,969
3,139,374
5,163,651
245,253,113
72,614,757
69,438,548
34,291,244

201408252355(201408252355)
2,651,944
3,144,247
5,173,890
245,362,829
72,641,740
69,459,408
34,377,722

201408252356(201408252356)
2,660,427
3,145,794
5,179,022
245,481,107
72,668,891
69,477,631
34,419,942

201408252357(201408252357)
2,666,423
3,150,021
5,192,829
245,588,715
72,696,326
69,497,669
34,444,892

201408252359(201408252359)
2,692,274
3,151,532
5,212,254
245,853,684
72,743,614
69,543,013
34,500,674
