201408231155(201408231155)
667,805
1,421,293
3,298,532
127,943,462
35,096,194
34,830,857
14,545,186

201408231156(201408231156)
667,805
1,421,293
3,298,532
127,943,462
35,096,194
34,830,857
14,545,186

201408231157(201408231157)
667,805
1,421,293
3,298,532
127,943,462
35,096,194
34,830,857
14,545,186

201408231159(201408231159)
667,805
1,421,293
3,298,532
127,943,462
35,096,194
34,830,857
14,545,186

201408231200(201408231200)
667,805
1,421,293
3,298,532
127,943,462
35,096,194
34,830,857
14,545,186

201408231201(201408231201)
667,805
1,421,293
3,298,532
127,947,480
35,099,678
34,834,861
14,547,585

201408231202(201408231202)
667,805
1,423,247
3,301,131
127,968,280
35,111,195
34,895,567
14,567,135

201408231203(201408231203)
667,805
1,423,247
3,312,688
128,003,093
35,183,556
35,046,907
14,595,708

201408231204(201408231204)
669,437
1,423,247
3,317,965
128,044,018
35,251,838
35,191,266
14,616,572

201408231205(201408231205)
670,332
1,431,684
3,317,965
128,095,674
35,341,050
35,332,289
14,670,006

201408231206(201408231206)
670,926
1,432,816
3,317,965
128,161,984
35,470,381
35,434,694
14,711,581

201408231207(201408231207)
671,905
1,434,709
3,317,965
128,488,697
35,578,965
35,561,643
14,744,534

201408231209(201408231209)
676,685
1,435,370
3,346,690
129,409,035
35,871,031
35,852,975
14,808,682

201408231210(201408231210)
678,443
1,441,996
3,352,867
129,850,099
35,990,795
35,964,301
14,836,493

201408231211(201408231211)
679,329
1,442,881
3,352,867
130,310,885
36,115,534
36,073,069
14,885,565

201408231212(201408231212)
681,438
1,448,769
3,352,867
130,700,338
36,207,671
36,161,934
14,909,753

201408231213(201408231213)
681,443
1,450,227
3,352,867
131,138,957
36,328,535
36,252,637
14,947,934

201408231214(201408231214)
683,747
1,457,341
3,352,867
131,611,040
36,470,605
36,350,035
14,974,831

201408231215(201408231215)
684,762
1,457,761
3,352,867
132,064,489
36,582,640
36,475,336
15,021,628

201408231216(201408231216)
685,743
1,459,904
3,362,649
132,516,076
36,739,735
36,592,942
15,051,156

201408231217(201408231217)
686,729
1,471,742
3,381,372
132,972,901
36,861,591
36,676,603
15,073,762

201408231219(201408231219)
689,339
1,475,384
3,413,516
133,810,163
37,153,327
36,787,264
15,115,504

201408231220(201408231220)
690,484
1,475,384
3,413,516
134,211,546
37,288,895
36,860,851
15,141,886

201408231221(201408231221)
691,816
1,477,422
3,445,015
134,614,329
37,424,608
36,952,627
15,189,193

201408231222(201408231222)
693,610
1,485,619
3,458,001
134,955,563
37,532,049
37,045,456
15,225,458

201408231223(201408231223)
696,207
1,495,269
3,465,588
135,325,771
37,689,549
37,130,793
15,273,274

201408231224(201408231224)
700,093
1,496,864
3,480,275
135,695,831
37,806,126
37,183,665
15,317,292

201408231225(201408231225)
701,025
1,500,867
3,480,275
136,076,195
37,940,586
37,250,091
15,362,098

201408231226(201408231226)
702,062
1,504,493
3,487,847
136,550,026
38,087,983
37,295,425
15,378,459

201408231227(201408231227)
702,283
1,506,750
3,502,861
136,962,538
38,176,558
37,330,220
15,403,080

201408231229(201408231229)
706,423
1,518,109
3,521,664
137,767,977
38,330,168
37,494,427
15,460,588

201408231230(201408231230)
708,591
1,523,506
3,521,664
138,099,967
38,413,437
37,573,270
15,477,678

201408231231(201408231231)
710,333
1,528,489
3,521,664
138,441,714
38,534,074
37,646,875
15,506,746

201408231232(201408231232)
711,478
1,528,727
3,527,785
138,724,818
38,616,540
37,700,950
15,536,259

201408231233(201408231233)
712,520
1,528,727
3,528,332
139,003,504
38,723,838
37,759,916
15,559,784

201408231234(201408231234)
713,751
1,531,755
3,528,332
139,287,817
38,797,847
37,831,185
15,619,016

201408231235(201408231235)
715,140
1,531,755
3,528,332
139,620,527
38,886,157
37,902,101
15,669,353

201408231236(201408231236)
718,296
1,533,400
3,528,332
139,985,855
38,990,557
37,958,472
15,707,548

201408231237(201408231237)
721,178
1,539,952
3,528,332
140,274,672
39,094,114
38,022,258
15,748,437

201408231239(201408231239)
724,115
1,548,588
3,528,332
140,908,246
39,297,920
38,150,135
15,817,895

201408231240(201408231240)
728,142
1,550,354
3,528,332
141,245,878
39,395,789
38,206,653
15,829,511

201408231241(201408231241)
730,055
1,553,130
3,528,332
141,565,724
39,493,017
38,280,384
15,851,919

201408231242(201408231242)
733,086
1,556,400
3,528,332
141,823,612
39,556,705
38,352,965
15,874,734

201408231243(201408231243)
734,073
1,556,400
3,528,332
142,137,826
39,652,705
38,418,158
15,895,781

201408231244(201408231244)
734,073
1,558,752
3,528,332
142,428,667
39,751,626
38,496,158
15,911,010

201408231245(201408231245)
734,623
1,565,891
3,528,332
142,763,325
39,901,450
38,579,406
15,939,934

201408231246(201408231246)
739,166
1,571,004
3,528,332
143,089,772
40,025,515
38,709,020
15,965,449

201408231247(201408231247)
740,130
1,572,769
3,537,838
143,383,141
40,131,658
38,831,930
15,977,395

201408231249(201408231249)
742,620
1,572,815
3,538,476
143,989,899
40,337,397
39,041,494
16,003,096

201408231250(201408231250)
746,118
1,584,651
3,538,476
144,294,799
40,428,262
39,164,163
16,042,498

201408231251(201408231251)
751,096
1,584,651
3,538,476
144,577,862
40,505,282
39,275,586
16,085,202

201408231252(201408231252)
752,369
1,588,026
3,538,476
144,821,404
40,553,631
39,383,791
16,111,578

201408231253(201408231253)
753,184
1,588,026
3,538,476
145,065,497
40,610,809
39,485,341
16,131,998

201408231254(201408231254)
753,385
1,588,026
3,538,476
145,297,233
40,734,747
39,586,113
16,142,312

201408231255(201408231255)
754,166
1,592,838
3,538,476
145,541,000
40,821,618
39,662,634
16,156,573

201408231256(201408231256)
756,726
1,600,195
3,538,476
145,806,681
40,912,355
39,731,648
16,163,210

201408231257(201408231257)
760,288
1,605,550
3,538,976
146,049,240
41,006,065
39,797,087
16,192,675

201408231259(201408231259)
762,806
1,611,623
3,543,057
146,500,741
41,138,019
39,916,991
16,252,723

201408231300(201408231300)
762,806
1,615,928
3,543,057
146,707,381
41,153,369
39,983,992
16,255,077

201408231301(201408231301)
764,749
1,615,946
3,543,057
146,842,782
41,184,756
40,024,034
16,255,077

201408231302(201408231302)
764,749
1,615,946
3,543,057
146,842,782
41,184,756
40,024,034
16,255,077

201408231303(201408231303)
764,749
1,615,946
3,543,057
146,842,782
41,184,756
40,024,034
16,255,077

201408231304(201408231304)
764,749
1,615,946
3,543,057
146,842,782
41,184,756
40,024,034
16,255,077

201408231305(201408231305)
764,749
1,615,946
3,543,057
146,842,782
41,184,756
40,024,034
16,255,077

201408231306(201408231306)
764,749
1,615,946
3,543,057
146,842,782
41,184,756
40,024,034
16,255,077

201408231307(201408231307)
764,749
1,615,946
3,543,057
146,842,782
41,184,756
40,024,034
16,255,077

201408231309(201408231309)
764,749
1,615,946
3,543,057
146,842,782
41,184,756
40,024,034
16,255,077

201408231310(201408231310)
764,749
1,615,946
3,543,057
146,842,782
41,184,756
40,024,034
16,255,077

201408231311(201408231311)
764,749
1,615,946
3,543,057
146,842,782
41,184,756
40,024,034
16,255,077

201408231312(201408231312)
764,749
1,615,946
3,543,057
146,842,782
41,184,756
40,024,034
16,255,077

201408231313(201408231313)
764,749
1,615,946
3,543,057
146,842,782
41,184,756
40,024,034
16,255,077

201408231314(201408231314)
764,749
1,615,946
3,543,057
146,842,782
41,184,756
40,024,034
16,255,077

201408231315(201408231315)
764,749
1,615,946
3,543,057
146,842,782
41,184,756
40,024,034
16,255,077

201408231316(201408231316)
764,749
1,615,946
3,543,057
146,842,782
41,184,756
40,024,034
16,255,077

201408231317(201408231317)
764,749
1,615,946
3,543,057
146,842,782
41,184,756
40,024,034
16,255,077

201408231319(201408231319)
764,749
1,615,946
3,543,057
146,842,782
41,184,756
40,024,034
16,255,077

201408231320(201408231320)
764,749
1,615,946
3,543,057
146,842,782
41,184,756
40,024,034
16,255,077

201408231321(201408231321)
764,749
1,615,946
3,543,057
146,842,782
41,184,756
40,024,034
16,255,077

201408231322(201408231322)
764,749
1,615,946
3,543,057
146,842,782
41,184,756
40,024,034
16,255,077

201408231323(201408231323)
764,749
1,615,946
3,543,057
146,842,782
41,184,756
40,024,034
16,255,077

201408231324(201408231324)
764,749
1,615,946
3,543,057
146,842,782
41,184,756
40,024,034
16,255,077

201408231325(201408231325)
764,749
1,615,946
3,543,057
146,842,782
41,184,756
40,024,034
16,255,077

201408231326(201408231326)
764,749
1,615,946
3,543,057
146,842,782
41,184,756
40,024,034
16,255,077

201408231327(201408231327)
764,749
1,615,946
3,543,057
146,842,782
41,184,756
40,024,034
16,255,077

201408231329(201408231329)
764,749
1,615,946
3,543,057
146,842,782
41,184,756
40,024,034
16,255,077

201408231330(201408231330)
764,749
1,615,946
3,543,057
146,842,782
41,184,756
40,024,034
16,255,077

201408231331(201408231331)
764,749
1,615,946
3,543,057
146,842,782
41,184,756
40,024,034
16,255,077

201408231332(201408231332)
764,749
1,615,946
3,543,057
146,842,782
41,184,756
40,024,034
16,255,077

201408231333(201408231333)
764,749
1,615,946
3,543,057
146,842,782
41,184,756
40,024,034
16,255,077

201408231334(201408231334)
764,749
1,615,946
3,543,057
146,842,782
41,184,756
40,024,034
16,255,077

201408231335(201408231335)
764,749
1,615,946
3,543,057
146,842,782
41,184,756
40,024,034
16,255,077

201408231336(201408231336)
764,749
1,615,946
3,543,057
146,842,782
41,184,756
40,024,034
16,255,077

201408231337(201408231337)
764,749
1,615,946
3,543,057
146,842,782
41,184,756
40,024,034
16,255,077

201408231339(201408231339)
764,749
1,615,946
3,543,057
146,842,782
41,184,756
40,024,034
16,255,077

201408231340(201408231340)
764,749
1,615,946
3,543,057
146,842,782
41,184,756
40,024,034
16,255,077

201408231341(201408231341)
764,749
1,615,946
3,543,057
146,842,782
41,184,756
40,024,034
16,255,077

201408231342(201408231342)
764,749
1,615,946
3,543,057
146,842,782
41,184,756
40,024,034
16,255,077

201408231343(201408231343)
764,749
1,615,946
3,543,057
146,842,782
41,184,756
40,024,034
16,255,077

201408231344(201408231344)
764,749
1,615,946
3,543,057
146,842,782
41,184,756
40,024,034
16,255,077

201408231345(201408231345)
764,749
1,615,946
3,543,057
146,842,782
41,184,756
40,024,034
16,255,077

201408231346(201408231346)
764,749
1,615,946
3,543,057
146,842,782
41,184,756
40,024,034
16,255,077

201408231347(201408231347)
764,749
1,615,946
3,543,057
146,842,782
41,184,756
40,024,034
16,255,077

201408231349(201408231349)
764,749
1,615,946
3,543,057
146,842,782
41,184,756
40,024,034
16,255,077

201408231350(201408231350)
764,749
1,615,946
3,543,057
146,842,782
41,184,756
40,024,034
16,255,077

201408231351(201408231351)
764,749
1,615,946
3,543,057
146,842,782
41,184,756
40,024,034
16,255,077

201408231352(201408231352)
764,749
1,615,946
3,543,057
146,842,782
41,184,756
40,024,034
16,255,077

