201408232156(201408232156)
871,078
1,870,304
3,744,589
156,107,750
45,917,807
44,668,645
18,599,467

201408232157(201408232157)
871,078
1,870,304
3,744,589
156,107,750
45,917,807
44,668,645
18,599,467

201408232159(201408232159)
871,078
1,870,304
3,744,589
156,107,750
45,917,807
44,668,645
18,599,467

201408232200(201408232200)
871,078
1,870,304
3,744,589
156,107,750
45,917,807
44,668,645
18,599,467

201408232201(201408232201)
871,078
1,870,304
3,744,589
156,112,297
45,918,931
44,669,903
18,600,578

201408232202(201408232202)
872,684
1,870,304
3,744,589
156,147,658
45,946,113
44,690,345
18,607,164

201408232203(201408232203)
872,684
1,870,304
3,749,065
156,248,677
45,978,559
44,722,905
18,613,292

201408232204(201408232204)
876,305
1,870,901
3,754,135
156,440,840
46,053,439
44,750,304
18,624,613

201408232205(201408232205)
878,324
1,870,901
3,756,638
156,633,703
46,113,843
44,800,218
18,633,877

201408232206(201408232206)
878,678
1,872,485
3,761,586
156,849,450
46,251,293
44,834,318
18,643,135

201408232207(201408232207)
879,108
1,872,485
3,763,818
157,078,756
46,353,111
44,855,995
18,647,068

201408232209(201408232209)
879,235
1,885,524
3,768,995
157,376,040
46,558,660
44,977,812
18,659,443

201408232210(201408232210)
881,902
1,885,524
3,768,995
157,549,348
46,684,622
45,051,909
18,671,023

201408232211(201408232211)
883,280
1,886,279
3,768,995
157,731,564
46,805,524
45,092,251
18,691,750

201408232212(201408232212)
883,388
1,893,037
3,768,995
157,910,103
46,920,525
45,147,986
18,702,771

201408232213(201408232213)
884,610
1,899,074
3,768,995
158,133,740
47,003,865
45,225,335
18,711,403

201408232214(201408232214)
885,146
1,903,303
3,773,641
158,360,960
47,064,094
45,287,078
18,723,711

201408232215(201408232215)
885,418
1,908,168
3,776,432
158,547,239
47,148,664
45,332,982
18,740,333

201408232216(201408232216)
886,875
1,910,927
3,776,432
158,762,770
47,205,975
45,379,962
18,757,196

201408232217(201408232217)
888,086
1,914,472
3,789,616
159,033,600
47,299,158
45,444,939
18,775,016

201408232219(201408232219)
892,779
1,924,956
3,808,329
159,549,449
47,479,222
45,509,209
18,805,664

201408232220(201408232220)
893,478
1,927,375
3,822,243
159,831,263
47,588,702
45,527,647
18,817,598

201408232221(201408232221)
896,569
1,932,149
3,822,243
160,112,276
47,660,372
45,553,362
18,839,786

201408232222(201408232222)
898,988
1,932,149
3,824,187
160,359,731
47,728,777
45,585,603
18,881,387

201408232223(201408232223)
900,113
1,941,533
3,824,187
160,621,881
47,782,730
45,627,484
18,942,358

201408232224(201408232224)
901,280
1,948,530
3,824,187
160,866,464
47,875,453
45,674,662
19,003,609

201408232225(201408232225)
902,072
1,948,530
3,824,187
161,129,933
47,927,942
45,691,894
19,032,884

201408232226(201408232226)
902,788
1,953,224
3,824,187
161,340,699
48,014,552
45,715,124
19,062,122

201408232227(201408232227)
905,221
1,957,780
3,824,187
161,539,826
48,085,907
45,734,062
19,101,990

201408232229(201408232229)
906,333
1,962,522
3,824,187
161,899,322
48,269,847
45,780,005
19,202,070

201408232230(201408232230)
908,092
1,964,671
3,824,187
162,107,472
48,341,962
45,803,909
19,230,744

201408232231(201408232231)
909,517
1,970,322
3,824,187
162,383,943
48,415,293
45,847,769
19,255,625

201408232232(201408232232)
910,478
1,975,718
3,824,187
162,683,565
48,467,117
45,878,209
19,273,180

201408232233(201408232233)
913,992
1,979,910
3,824,187
162,934,054
48,533,779
45,926,112
19,350,968

201408232234(201408232234)
914,226
1,979,910
3,824,187
163,147,527
48,611,810
45,975,080
19,374,947

201408232235(201408232235)
915,345
1,985,004
3,824,187
163,313,576
48,706,830
46,028,194
19,393,005

201408232236(201408232236)
915,345
1,988,805
3,824,187
163,453,383
48,740,901
46,085,528
19,415,861

201408232237(201408232237)
919,967
1,988,805
3,839,599
163,626,031
48,826,763
46,145,833
19,430,150

201408232239(201408232239)
921,863
2,000,866
3,839,599
163,933,577
48,966,964
46,178,877
19,494,911

201408232240(201408232240)
921,863
2,002,606
3,839,599
164,081,739
49,038,665
46,190,532
19,523,811

201408232241(201408232241)
925,849
2,003,371
3,839,599
164,237,019
49,130,748
46,214,099
19,563,471

201408232242(201408232242)
926,576
2,003,418
3,839,599
164,369,330
49,197,954
46,228,447
19,578,152

201408232243(201408232243)
930,005
2,003,418
3,839,599
164,524,445
49,282,564
46,256,801
19,598,872

201408232244(201408232244)
934,564
2,007,276
3,839,599
164,652,252
49,329,875
46,281,075
19,634,177

201408232245(201408232245)
934,564
2,009,599
3,846,992
164,900,235
49,353,987
46,306,387
19,653,344

201408232246(201408232246)
934,716
2,019,495
3,846,992
165,122,023
49,425,532
46,335,877
19,663,952

201408232247(201408232247)
938,170
2,019,495
3,863,248
165,334,415
49,472,494
46,360,847
19,680,681

201408232249(201408232249)
940,112
2,023,822
3,863,248
165,696,553
49,600,648
46,429,302
19,741,897

201408232250(201408232250)
941,132
2,030,217
3,863,248
165,911,510
49,664,752
46,458,080
19,777,734

201408232251(201408232251)
942,913
2,033,557
3,869,901
166,163,488
49,717,796
46,499,192
19,806,630

201408232252(201408232252)
943,763
2,037,888
3,878,531
166,373,090
49,791,829
46,568,528
19,831,771

201408232253(201408232253)
944,682
2,046,677
3,880,242
166,529,076
49,848,100
46,609,150
19,876,047

201408232254(201408232254)
947,029
2,047,960
3,881,073
166,712,490
49,884,701
46,636,819
19,909,686

201408232255(201408232255)
951,767
2,049,616
3,881,073
166,905,431
49,951,520
46,662,143
19,958,894

201408232256(201408232256)
951,767
2,054,467
3,885,530
167,109,936
50,023,507
46,689,935
19,998,041

201408232257(201408232257)
953,338
2,055,521
3,885,530
167,274,243
50,097,214
46,708,595
20,031,856

201408232259(201408232259)
956,172
2,056,915
3,890,570
167,495,578
50,277,873
46,757,827
20,075,181

201408232300(201408232300)
956,668
2,056,915
3,893,028
167,665,813
50,386,799
46,798,908
20,085,317

201408232301(201408232301)
957,754
2,059,610
3,906,618
167,826,327
50,519,239
46,853,176
20,116,348

201408232302(201408232302)
957,754
2,062,946
3,914,004
167,982,147
50,613,652
46,875,428
20,133,683

201408232303(201408232303)
958,588
2,063,009
3,929,445
168,168,154
50,718,938
46,894,765
20,149,435

201408232304(201408232304)
959,857
2,064,852
3,933,170
168,339,155
50,792,507
46,899,312
20,158,117

201408232305(201408232305)
961,063
2,064,852
3,935,710
168,492,196
50,865,815
46,917,420
20,179,562

201408232306(201408232306)
962,410
2,067,722
3,943,833
168,647,464
50,998,725
46,962,575
20,207,848

201408232307(201408232307)
963,420
2,071,890
3,943,833
168,745,596
51,084,631
46,991,184
20,218,451

201408232309(201408232309)
965,130
2,073,614
3,943,833
168,963,699
51,267,866
47,089,854
20,256,558

201408232310(201408232310)
966,491
2,074,759
3,945,369
169,082,394
51,375,214
47,148,651
20,289,810

201408232311(201408232311)
966,491
2,074,759
3,955,151
169,234,918
51,488,912
47,204,902
20,338,625

201408232312(201408232312)
966,888
2,079,593
3,969,229
169,338,379
51,564,930
47,258,023
20,364,911

201408232313(201408232313)
967,729
2,080,450
3,976,098
169,428,185
51,638,509
47,304,868
20,384,501

201408232314(201408232314)
967,729
2,081,749
3,976,098
169,533,644
51,707,209
47,360,397
20,386,489

201408232315(201408232315)
970,788
2,084,193
3,976,098
169,647,760
51,763,000
47,419,570
20,414,846

201408232316(201408232316)
970,788
2,090,744
3,993,599
169,775,670
51,828,288
47,482,753
20,446,800

201408232317(201408232317)
971,652
2,093,065
4,000,568
169,988,198
51,877,307
47,517,656
20,471,978

201408232319(201408232319)
974,810
2,105,426
4,000,568
170,258,597
51,996,403
47,573,458
20,561,388

201408232320(201408232320)
977,610
2,108,381
4,000,568
170,354,323
52,074,147
47,595,484
20,591,620

201408232321(201408232321)
978,941
2,108,381
4,000,568
170,475,973
52,140,856
47,625,241
20,627,769

201408232322(201408232322)
979,681
2,119,330
4,001,285
170,616,275
52,201,389
47,657,305
20,677,165

201408232323(201408232323)
980,674
2,119,330
4,004,101
170,791,596
52,273,065
47,692,383
20,709,350

201408232324(201408232324)
983,143
2,119,330
4,004,101
170,949,873
52,354,963
47,731,151
20,729,725

201408232325(201408232325)
985,144
2,119,330
4,005,256
171,140,038
52,393,567
47,773,981
20,761,119

201408232326(201408232326)
986,588
2,119,330
4,005,256
171,290,509
52,478,754
47,810,966
20,800,142

201408232327(201408232327)
987,961
2,119,330
4,005,256
171,420,308
52,531,218
47,838,421
20,815,640

201408232329(201408232329)
990,711
2,121,924
4,007,731
171,759,564
52,691,146
47,910,134
20,830,579

201408232330(201408232330)
991,867
2,121,924
4,009,540
171,941,639
52,775,583
47,952,317
20,832,903

201408232331(201408232331)
992,884
2,121,924
4,015,508
172,119,411
52,846,202
48,006,403
20,853,387

201408232332(201408232332)
995,510
2,123,707
4,022,066
172,267,813
52,917,990
48,029,360
20,860,670

201408232333(201408232333)
997,936
2,129,251
4,028,920
172,426,296
52,978,644
48,038,274
20,874,748

201408232334(201408232334)
998,916
2,137,224
4,030,514
172,566,497
53,051,477
48,053,764
20,877,114

201408232335(201408232335)
999,904
2,137,224
4,030,514
172,710,042
53,114,855
48,078,057
20,877,114

201408232336(201408232336)
1,000,046
2,140,047
4,033,006
172,857,696
53,205,100
48,102,966
20,883,620

201408232337(201408232337)
1,000,107
2,143,432
4,033,006
172,984,083
53,287,285
48,124,984
20,887,633

201408232339(201408232339)
1,001,386
2,143,694
4,037,246
173,274,625
53,433,552
48,168,457
20,887,633

201408232340(201408232340)
1,003,268
2,145,582
4,037,246
173,388,337
53,516,979
48,193,270
20,887,633

201408232341(201408232341)
1,003,873
2,145,802
4,043,107
173,566,460
53,620,596
48,217,753
20,895,398

201408232342(201408232342)
1,004,427
2,149,166
4,043,107
173,754,299
53,693,604
48,240,060
20,905,917

201408232343(201408232343)
1,005,023
2,151,757
4,043,107
173,994,108
53,769,543
48,257,343
20,915,431

201408232344(201408232344)
1,005,800
2,152,259
4,043,107
174,152,400
53,860,584
48,291,841
20,927,926

201408232345(201408232345)
1,005,875
2,156,405
4,047,994
174,391,501
53,946,258
48,318,863
20,934,520

201408232346(201408232346)
1,006,597
2,157,854
4,059,917
174,648,216
54,021,139
48,339,589
20,941,080

201408232347(201408232347)
1,006,831
2,158,706
4,059,917
174,855,480
54,087,665
48,356,471
20,947,560

201408232349(201408232349)
1,010,537
2,161,476
4,059,917
175,313,723
54,200,221
48,401,694
20,975,808

201408232350(201408232350)
1,011,240
2,166,550
4,059,917
175,537,156
54,253,366
48,426,574
21,009,365

201408232351(201408232351)
1,012,015
2,175,538
4,059,917
175,757,090
54,292,239
48,442,857
21,016,351

201408232352(201408232352)
1,015,482
2,176,511
4,059,917
176,016,322
54,358,684
48,468,951
21,029,440

201408232353(201408232353)
1,020,105
2,176,746
4,059,917
176,179,747
54,416,780
48,493,898
21,045,190

201408232354(201408232354)
1,023,378
2,177,709
4,059,917
176,296,013
54,519,664
48,527,532
21,062,755

201408232355(201408232355)
1,024,808
2,178,655
4,059,917
176,407,784
54,622,300
48,565,086
21,085,843

201408232356(201408232356)
1,028,236
2,182,119
4,059,917
176,515,267
54,710,470
48,592,244
21,096,869

201408232357(201408232357)
1,028,254
2,182,447
4,059,917
176,634,160
54,795,213
48,625,872
21,106,774

201408232359(201408232359)
1,030,971
2,193,202
4,059,917
176,831,705
54,967,286
48,692,574
21,108,739

201408240000(201408240000)
1,033,457
2,193,689
4,072,523
176,947,624
55,062,724
48,715,246
21,112,859

201408240001(201408240001)
1,035,947
2,193,689
4,075,861
177,041,139
55,091,493
48,739,583
21,115,513

201408240002(201408240002)
1,035,947
2,193,689
4,075,861
177,041,139
55,091,493
48,739,583
21,115,513

201408240003(201408240003)
1,035,947
2,193,689
4,075,861
177,041,139
55,091,493
48,739,583
21,115,513

201408240004(201408240004)
1,035,947
2,193,689
4,075,861
177,041,139
55,091,493
48,739,583
21,115,513

201408240005(201408240005)
1,035,947
2,193,689
4,075,861
177,041,139
55,091,493
48,739,583
21,115,513

201408240006(201408240006)
1,035,947
2,193,689
4,075,861
177,041,139
55,091,493
48,739,583
21,115,513

201408240007(201408240007)
1,035,947
2,193,689
4,075,861
177,041,139
55,091,493
48,739,583
21,115,513

201408240009(201408240009)
1,035,947
2,193,689
4,075,861
177,041,139
55,091,493
48,739,583
21,115,513

201408240010(201408240010)
1,035,947
2,193,689
4,075,861
177,041,139
55,091,493
48,739,583
21,115,513

201408240011(201408240011)
1,035,947
2,193,689
4,075,861
177,041,139
55,091,493
48,739,583
21,115,513

201408240012(201408240012)
1,035,947
2,193,689
4,075,861
177,041,139
55,091,493
48,739,583
21,115,513

201408240013(201408240013)
1,035,947
2,193,689
4,075,861
177,041,139
55,091,493
48,739,583
21,115,513

