201408241652(201408241652)
1,120,226
2,385,162
4,255,711
181,964,672
59,583,096
52,449,377
22,665,837

201408241653(201408241653)
1,120,226
2,385,162
4,255,711
181,964,672
59,583,096
52,449,377
22,665,837

201408241654(201408241654)
1,120,226
2,385,162
4,255,711
181,964,672
59,583,096
52,449,377
22,665,837

201408241655(201408241655)
1,120,226
2,385,162
4,255,711
181,964,672
59,583,096
52,449,377
22,665,837

201408241656(201408241656)
1,120,226
2,385,162
4,255,711
181,964,672
59,583,096
52,449,377
22,665,837

201408241657(201408241657)
1,120,226
2,385,162
4,255,711
181,964,672
59,583,096
52,449,377
22,665,837

201408241659(201408241659)
1,120,226
2,385,162
4,255,711
181,964,672
59,583,096
52,449,377
22,665,837

201408241700(201408241700)
1,120,226
2,385,162
4,255,711
181,964,672
59,583,096
52,449,377
22,665,837

201408241701(201408241701)
1,120,226
2,385,162
4,255,711
181,965,913
59,583,096
52,450,637
22,665,837

201408241702(201408241702)
1,120,226
2,389,510
4,255,773
181,991,277
59,623,617
52,460,629
22,682,419

201408241703(201408241703)
1,122,586
2,389,698
4,258,920
182,036,322
59,668,999
52,492,050
22,716,181

201408241704(201408241704)
1,122,586
2,389,698
4,263,151
182,158,795
59,720,399
52,515,080
22,747,102

201408241705(201408241705)
1,122,586
2,389,698
4,267,932
182,253,801
59,772,902
52,551,391
22,785,063

201408241706(201408241706)
1,128,688
2,391,842
4,273,263
182,377,521
59,795,519
52,589,991
22,829,292

201408241707(201408241707)
1,128,688
2,391,842
4,279,851
182,482,122
59,843,863
52,654,673
22,886,053

201408241709(201408241709)
1,129,873
2,401,847
4,289,672
182,698,931
59,924,528
52,723,007
22,961,075

201408241710(201408241710)
1,129,873
2,401,847
4,304,196
182,793,795
59,979,646
52,745,472
22,994,841

201408241711(201408241711)
1,131,106
2,406,296
4,305,401
182,944,390
60,023,395
52,794,402
23,030,321

201408241712(201408241712)
1,131,256
2,413,469
4,305,401
183,112,626
60,063,922
52,833,046
23,069,518

201408241713(201408241713)
1,132,564
2,413,469
4,305,401
183,222,752
60,094,171
52,879,085
23,120,162

201408241714(201408241714)
1,140,784
2,413,469
4,305,401
183,320,986
60,143,900
52,917,007
23,179,815

201408241715(201408241715)
1,140,784
2,414,736
4,305,401
183,418,790
60,191,460
52,975,360
23,220,741

201408241716(201408241716)
1,140,784
2,418,499
4,305,401
183,505,011
60,216,838
53,026,281
23,257,205

201408241717(201408241717)
1,140,784
2,421,342
4,305,401
183,590,218
60,234,558
53,078,840
23,297,211

201408241719(201408241719)
1,152,540
2,435,204
4,312,669
183,790,895
60,324,049
53,171,307
23,402,865

201408241720(201408241720)
1,155,143
2,442,259
4,312,669
183,898,882
60,367,091
53,249,011
23,443,244

201408241721(201408241721)
1,155,418
2,446,977
4,320,368
183,981,173
60,434,650
53,319,071
23,484,951

201408241722(201408241722)
1,155,950
2,449,363
4,320,368
184,068,876
60,497,807
53,353,540
23,535,720

201408241723(201408241723)
1,157,357
2,451,581
4,320,368
184,193,451
60,556,219
53,385,145
23,587,532

201408241724(201408241724)
1,157,357
2,456,814
4,322,755
184,326,323
60,594,029
53,407,474
23,630,048

201408241725(201408241725)
1,157,363
2,456,814
4,322,755
184,476,955
60,631,683
53,434,528
23,671,899

201408241726(201408241726)
1,159,605
2,456,814
4,322,755
184,613,050
60,679,051
53,478,462
23,728,378

201408241727(201408241727)
1,161,036
2,456,814
4,322,755
184,745,211
60,722,791
53,502,972
23,772,948

201408241729(201408241729)
1,165,375
2,457,913
4,322,755
185,030,845
60,831,656
53,546,984
23,881,014

201408241730(201408241730)
1,169,054
2,459,094
4,322,755
185,158,012
60,888,074
53,573,909
23,919,253

201408241731(201408241731)
1,171,959
2,460,791
4,322,755
185,336,425
60,945,673
53,608,763
23,967,972

201408241732(201408241732)
1,171,959
2,461,562
4,323,919
185,497,971
61,002,736
53,631,094
24,001,064

201408241733(201408241733)
1,173,262
2,462,866
4,323,919
185,623,981
61,072,137
53,684,580
24,034,669

201408241734(201408241734)
1,175,002
2,467,352
4,323,919
185,731,501
61,109,743
53,738,619
24,080,096

201408241735(201408241735)
1,175,002
2,469,299
4,323,919
185,844,076
61,156,458
53,787,187
24,132,038

201408241736(201408241736)
1,175,663
2,472,118
4,323,919
185,968,591
61,175,851
53,837,516
24,174,436

201408241737(201408241737)
1,178,116
2,472,118
4,323,919
186,081,329
61,212,879
53,869,461
24,215,080

201408241739(201408241739)
1,183,519
2,474,964
4,325,993
186,331,894
61,325,531
53,983,842
24,283,515

201408241740(201408241740)
1,185,942
2,474,964
4,326,076
186,549,544
61,353,465
54,018,775
24,306,525

201408241741(201408241741)
1,191,184
2,475,590
4,326,076
186,759,073
61,394,689
54,072,873
24,329,247

201408241742(201408241742)
1,191,408
2,480,335
4,326,076
186,897,456
61,434,440
54,122,089
24,338,726

201408241743(201408241743)
1,193,078
2,480,335
4,326,076
187,057,457
61,468,969
54,154,406
24,358,550

201408241744(201408241744)
1,196,822
2,483,443
4,326,076
187,206,193
61,492,802
54,212,169
24,362,932

201408241745(201408241745)
1,198,549
2,483,443
4,326,076
187,357,556
61,509,329
54,262,088
24,362,932

201408241746(201408241746)
1,200,967
2,493,023
4,330,407
187,552,755
61,533,859
54,320,846
24,364,900

201408241747(201408241747)
1,202,979
2,497,865
4,330,407
187,715,628
61,588,186
54,379,520
24,376,390

201408241749(201408241749)
1,204,899
2,500,737
4,331,999
187,990,856
61,643,648
54,505,221
24,393,812

201408241750(201408241750)
1,205,589
2,500,737
4,331,999
188,156,046
61,698,375
54,568,007
24,393,812

201408241751(201408241751)
1,205,589
2,500,737
4,331,999
188,289,259
61,786,724
54,613,781
24,396,773

201408241752(201408241752)
1,210,073
2,501,641
4,331,999
188,402,538
61,870,816
54,645,444
24,396,773

201408241753(201408241753)
1,210,073
2,503,574
4,331,999
188,521,192
61,930,938
54,679,485
24,423,283

201408241754(201408241754)
1,210,312
2,506,652
4,331,999
188,628,703
61,975,763
54,715,621
24,444,968

201408241755(201408241755)
1,212,357
2,511,720
4,331,999
188,745,062
62,000,474
54,764,017
24,462,175

201408241756(201408241756)
1,214,094
2,513,711
4,336,708
188,878,348
62,031,908
54,816,555
24,500,517

201408241757(201408241757)
1,214,297
2,518,536
4,338,765
189,011,181
62,077,329
54,872,995
24,527,598

201408241759(201408241759)
1,214,560
2,521,822
4,338,765
189,254,778
62,200,787
54,950,739
24,559,048

201408241800(201408241800)
1,214,808
2,521,822
4,338,765
189,346,467
62,241,611
55,003,851
24,597,103

201408241801(201408241801)
1,215,189
2,521,822
4,338,765
189,479,190
62,274,994
55,046,910
24,654,536

201408241802(201408241802)
1,219,975
2,522,655
4,338,765
189,582,048
62,292,126
55,071,111
24,724,084

201408241803(201408241803)
1,219,975
2,522,655
4,338,765
189,694,141
62,307,371
55,091,587
24,761,835

201408241804(201408241804)
1,220,565
2,522,700
4,338,765
189,796,680
62,327,412
55,111,352
24,799,747

201408241805(201408241805)
1,220,565
2,522,700
4,338,765
189,884,118
62,353,845
55,126,279
24,811,877

201408241806(201408241806)
1,220,885
2,522,700
4,338,765
190,024,191
62,372,713
55,176,877
24,831,503

201408241807(201408241807)
1,220,885
2,527,530
4,338,765
190,161,754
62,396,926
55,206,450
24,899,393

201408241809(201408241809)
1,220,885
2,529,491
4,338,765
190,394,598
62,433,973
55,246,380
24,955,616

201408241810(201408241810)
1,221,178
2,529,491
4,338,765
190,483,005
62,465,397
55,266,601
24,983,642

201408241811(201408241811)
1,221,704
2,529,491
4,338,765
190,565,908
62,503,060
55,288,632
25,004,876

201408241812(201408241812)
1,223,687
2,529,491
4,338,765
190,628,843
62,516,835
55,310,836
25,041,936

201408241813(201408241813)
1,226,945
2,529,491
4,338,765
190,687,883
62,544,938
55,350,408
25,081,439

201408241814(201408241814)
1,227,726
2,529,491
4,338,765
190,753,233
62,589,421
55,389,637
25,128,031

201408241815(201408241815)
1,230,620
2,529,491
4,338,765
190,840,080
62,599,334
55,421,815
25,145,442

201408241816(201408241816)
1,230,620
2,529,491
4,339,977
190,934,155
62,634,050
55,459,868
25,163,515

201408241817(201408241817)
1,231,846
2,529,491
4,341,122
191,007,146
62,678,656
55,494,383
25,180,598

201408241819(201408241819)
1,237,035
2,540,347
4,342,650
191,175,602
62,753,524
55,573,470
25,239,421

201408241820(201408241820)
1,241,893
2,545,923
4,342,650
191,256,061
62,821,098
55,648,158
25,253,845

201408241821(201408241821)
1,244,254
2,554,624
4,342,650
191,357,251
62,863,559
55,718,137
25,285,509

201408241822(201408241822)
1,246,316
2,555,518
4,342,650
191,397,420
62,892,060
55,759,445
25,328,056

201408241823(201408241823)
1,246,915
2,555,683
4,342,650
191,459,143
62,937,528
55,813,594
25,356,881

201408241824(201408241824)
1,248,511
2,555,683
4,343,260
191,537,686
62,976,314
55,843,304
25,399,244

201408241825(201408241825)
1,248,511
2,555,683
4,343,260
191,591,049
63,002,039
55,877,404
25,427,070

201408241826(201408241826)
1,248,511
2,555,683
4,343,260
191,694,269
63,040,969
55,904,253
25,458,808

201408241827(201408241827)
1,248,981
2,557,568
4,343,260
191,784,961
63,053,704
55,928,730
25,478,221

201408241829(201408241829)
1,248,981
2,561,758
4,350,804
191,921,844
63,138,711
55,989,611
25,514,846

201408241830(201408241830)
1,248,981
2,561,758
4,353,297
191,969,886
63,173,688
56,025,824
25,517,167

201408241831(201408241831)
1,250,449
2,566,844
4,359,750
191,997,651
63,217,527
56,050,054
25,529,488

201408241832(201408241832)
1,250,449
2,568,693
4,359,750
192,063,123
63,249,760
56,081,764
25,541,772

201408241833(201408241833)
1,251,159
2,568,693
4,366,888
192,143,605
63,278,631
56,093,954
25,546,648

201408241834(201408241834)
1,251,159
2,568,870
4,366,888
192,203,729
63,309,961
56,123,410
25,563,306

201408241835(201408241835)
1,251,293
2,569,778
4,366,888
192,257,935
63,327,675
56,158,230
25,613,483

201408241836(201408241836)
1,255,265
2,572,545
4,366,888
192,308,586
63,349,571
56,178,036
25,662,242

201408241837(201408241837)
1,255,480
2,574,715
4,366,888
192,360,754
63,365,594
56,199,635
25,683,331

201408241839(201408241839)
1,257,608
2,575,828
4,371,585
192,458,616
63,411,079
56,266,274
25,755,972

201408241840(201408241840)
1,259,732
2,579,566
4,371,585
192,496,259
63,444,514
56,308,535
25,783,775

201408241841(201408241841)
1,260,104
2,579,566
4,371,585
192,543,775
63,454,264
56,345,237
25,822,481

201408241842(201408241842)
1,263,512
2,583,275
4,371,585
192,594,907
63,465,671
56,359,679
25,856,121

201408241843(201408241843)
1,265,243
2,583,329
4,371,585
192,622,811
63,472,811
56,390,294
25,907,036

201408241844(201408241844)
1,266,616
2,583,329
4,374,750
192,655,873
63,486,047
56,424,834
25,958,177

201408241845(201408241845)
1,268,133
2,583,988
4,374,750
192,683,638
63,497,743
56,456,295
25,978,493

201408241846(201408241846)
1,268,253
2,583,988
4,383,983
192,719,069
63,518,902
56,475,871
25,998,763

201408241847(201408241847)
1,268,253
2,587,032
4,383,983
192,764,527
63,558,020
56,499,269
26,045,552

201408241849(201408241849)
1,272,014
2,587,032
4,401,302
192,832,470
63,654,449
56,540,681
26,107,641

201408241850(201408241850)
1,272,014
2,587,032
4,401,302
192,844,955
63,698,160
56,565,668
26,107,641

201408241851(201408241851)
1,272,186
2,587,032
4,406,426
192,874,964
63,743,610
56,606,596
26,109,920

201408241852(201408241852)
1,280,953
2,594,158
4,411,636
192,907,915
63,807,780
56,662,939
26,109,920

201408241853(201408241853)
1,284,709
2,594,158
4,411,636
192,952,856
63,858,812
56,717,328
26,109,920

201408241854(201408241854)
1,285,026
2,599,052
4,414,662
192,985,731
63,893,645
56,800,881
26,109,920

201408241855(201408241855)
1,285,783
2,599,052
4,418,694
193,016,025
63,931,598
56,845,870
26,128,723

201408241856(201408241856)
1,291,492
2,599,052
4,418,694
193,031,167
63,990,913
56,880,654
26,128,723

201408241857(201408241857)
1,297,104
2,601,163
4,418,694
193,061,724
64,028,545
56,926,949
26,135,486

201408241859(201408241859)
1,300,301
2,602,287
4,421,696
193,180,089
64,115,274
56,983,518
26,144,120

201408241900(201408241900)
1,301,041
2,602,287
4,421,696
193,213,089
64,166,171
57,008,466
26,145,453

201408241901(201408241901)
1,301,630
2,602,287
4,421,696
193,243,070
64,192,715
57,028,283
26,145,453

201408241902(201408241902)
1,301,630
2,602,287
4,421,696
193,243,070
64,192,715
57,028,283
26,145,453

201408241903(201408241903)
1,301,630
2,602,287
4,421,696
193,243,070
64,192,715
57,028,283
26,145,453

201408241904(201408241904)
1,301,630
2,602,287
4,421,696
193,243,070
64,192,715
57,028,283
26,145,453

201408241905(201408241905)
1,301,630
2,602,287
4,421,696
193,243,070
64,192,715
57,028,283
26,145,453

201408241906(201408241906)
1,301,630
2,602,287
4,421,696
193,243,070
64,192,715
57,028,283
26,145,453

201408241907(201408241907)
1,301,630
2,602,287
4,421,696
193,243,070
64,192,715
57,028,283
26,145,453

