201408231653(201408231653)
764,749
1,615,946
3,543,057
146,842,782
41,184,756
40,024,034
16,255,077

201408231654(201408231654)
764,749
1,615,946
3,543,057
146,842,782
41,184,756
40,024,034
16,255,077

201408231655(201408231655)
764,749
1,615,946
3,543,057
146,842,782
41,184,756
40,024,034
16,255,077

201408231656(201408231656)
764,749
1,615,946
3,543,057
146,842,782
41,184,756
40,024,034
16,255,077

201408231657(201408231657)
764,749
1,615,946
3,543,057
146,842,782
41,184,756
40,024,034
16,255,077

201408231659(201408231659)
764,749
1,615,946
3,543,057
146,842,782
41,184,756
40,024,034
16,255,077

201408231700(201408231700)
764,749
1,615,946
3,543,057
146,842,782
41,184,756
40,024,034
16,255,077

201408231701(201408231701)
764,749
1,615,946
3,543,057
146,844,064
41,188,342
40,024,034
16,256,280

201408231702(201408231702)
764,749
1,615,946
3,543,057
146,907,634
41,229,973
40,030,652
16,278,896

201408231703(201408231703)
765,578
1,618,434
3,544,752
147,015,080
41,322,716
40,038,210
16,307,668

201408231704(201408231704)
767,090
1,620,046
3,544,752
147,121,803
41,404,342
40,051,493
16,333,650

201408231705(201408231705)
767,477
1,620,482
3,548,352
147,267,977
41,471,445
40,070,284
16,367,221

201408231706(201408231706)
767,764
1,620,482
3,550,149
147,400,892
41,502,619
40,084,882
16,389,524

201408231707(201408231707)
767,764
1,620,482
3,550,863
147,513,584
41,530,103
40,093,894
16,417,353

201408231709(201408231709)
770,023
1,622,220
3,554,514
147,746,160
41,629,352
40,172,584
16,469,436

201408231710(201408231710)
770,023
1,628,775
3,568,010
147,848,295
41,675,316
40,189,586
16,494,317

201408231711(201408231711)
770,912
1,629,450
3,574,035
147,991,519
41,724,543
40,213,372
16,529,233

201408231712(201408231712)
771,180
1,629,450
3,574,035
148,087,564
41,772,037
40,249,375
16,558,341

201408231713(201408231713)
774,778
1,629,450
3,577,917
148,202,386
41,833,692
40,277,891
16,595,692

201408231714(201408231714)
775,127
1,629,450
3,585,350
148,312,617
41,861,143
40,294,388
16,654,300

201408231715(201408231715)
775,448
1,633,690
3,588,614
148,409,736
41,892,309
40,308,675
16,694,998

201408231716(201408231716)
776,421
1,633,690
3,588,614
148,510,914
41,954,772
40,337,203
16,724,847

201408231717(201408231717)
778,027
1,639,202
3,588,614
148,573,821
42,019,245
40,361,380
16,752,352

201408231719(201408231719)
778,489
1,639,202
3,588,614
148,694,429
42,135,073
40,428,829
16,789,374

201408231720(201408231720)
778,584
1,641,898
3,588,614
148,785,584
42,186,576
40,443,797
16,828,057

201408231721(201408231721)
780,043
1,643,525
3,588,614
148,842,703
42,209,875
40,475,048
16,865,387

201408231722(201408231722)
780,503
1,645,184
3,588,614
148,880,152
42,235,404
40,512,722
16,894,285

201408231723(201408231723)
781,276
1,647,853
3,588,614
148,942,366
42,258,345
40,550,611
16,921,471

201408231724(201408231724)
781,276
1,647,853
3,588,614
149,020,466
42,302,194
40,583,987
16,926,091

201408231725(201408231725)
781,276
1,661,603
3,588,614
149,075,385
42,329,650
40,605,882
16,944,553

201408231726(201408231726)
782,700
1,661,603
3,592,391
149,130,345
42,360,875
40,639,231
16,967,123

201408231727(201408231727)
783,130
1,664,189
3,597,487
149,189,425
42,416,182
40,658,629
17,003,443

201408231729(201408231729)
783,762
1,670,264
3,600,029
149,314,950
42,500,719
40,716,352
17,044,959

201408231730(201408231730)
786,254
1,672,943
3,602,504
149,378,547
42,537,980
40,750,089
17,065,194

201408231731(201408231731)
786,404
1,674,820
3,610,038
149,454,603
42,590,380
40,776,578
17,087,590

201408231732(201408231732)
786,404
1,681,996
3,610,038
149,519,157
42,622,864
40,805,358
17,121,278

201408231733(201408231733)
787,112
1,682,281
3,610,038
149,593,490
42,667,185
40,848,549
17,137,349

201408231734(201408231734)
787,891
1,682,281
3,611,709
149,661,451
42,734,079
40,863,281
17,152,879

201408231735(201408231735)
787,891
1,683,701
3,611,709
149,713,746
42,786,174
40,896,941
17,168,261

201408231736(201408231736)
789,391
1,683,911
3,611,709
149,785,180
42,844,936
40,931,154
17,192,886

201408231737(201408231737)
791,068
1,685,169
3,613,346
149,855,272
42,891,718
40,971,644
17,210,050

201408231739(201408231739)
793,937
1,692,678
3,621,923
149,998,721
42,971,010
41,032,236
17,248,696

201408231740(201408231740)
794,116
1,694,742
3,621,923
150,054,907
43,016,695
41,058,864
17,258,235

201408231741(201408231741)
795,371
1,700,237
3,621,923
150,081,983
43,047,624
41,092,238
17,276,307

201408231742(201408231742)
795,371
1,703,836
3,621,923
150,109,346
43,098,710
41,120,746
17,292,898

201408231743(201408231743)
795,485
1,703,836
3,621,923
150,144,062
43,186,145
41,151,826
17,305,880

201408231744(201408231744)
798,498
1,707,659
3,621,923
150,171,735
43,241,014
41,178,485
17,327,135

201408231745(201408231745)
799,397
1,709,023
3,621,923
150,201,588
43,334,111
41,203,114
17,336,199

201408231746(201408231746)
800,055
1,710,089
3,621,923
150,240,474
43,418,459
41,248,973
17,340,893

201408231747(201408231747)
801,806
1,716,031
3,621,923
150,265,876
43,515,662
41,283,043
17,357,505

201408231749(201408231749)
804,448
1,716,832
3,621,923
150,326,480
43,671,046
41,355,434
17,376,635

201408231750(201408231750)
804,448
1,716,832
3,621,923
150,361,013
43,730,429
41,412,394
17,378,710

201408231751(201408231751)
805,383
1,717,938
3,621,923
150,400,938
43,757,633
41,466,297
17,383,465

201408231752(201408231752)
805,383
1,717,938
3,639,539
150,460,476
43,793,619
41,503,548
17,394,976

201408231753(201408231753)
805,412
1,718,530
3,648,829
150,470,538
43,856,810
41,558,090
17,402,041

201408231754(201408231754)
805,412
1,718,862
3,648,829
150,470,538
43,910,128
41,593,655
17,405,234

201408231755(201408231755)
806,182
1,719,560
3,648,829
150,483,718
43,986,824
41,634,672
17,416,827

201408231756(201408231756)
806,524
1,719,560
3,648,829
150,493,424
44,085,199
41,699,585
17,430,559

201408231757(201408231757)
807,549
1,719,560
3,648,829
150,503,498
44,147,140
41,752,662
17,454,975

201408231759(201408231759)
809,654
1,721,632
3,648,829
150,647,581
44,260,979
41,838,195
17,477,246

201408231800(201408231800)
810,499
1,722,274
3,651,238
150,691,415
44,305,595
41,857,770
17,487,919

201408231801(201408231801)
810,499
1,722,819
3,651,238
150,775,208
44,342,291
41,870,072
17,498,585

201408231802(201408231802)
811,146
1,724,953
3,651,238
150,850,922
44,362,882
41,887,052
17,509,746

201408231803(201408231803)
812,132
1,726,092
3,651,238
150,929,707
44,403,192
41,928,415
17,514,239

201408231804(201408231804)
812,132
1,728,276
3,651,238
150,999,591
44,435,584
41,971,983
17,522,937

201408231805(201408231805)
812,159
1,732,145
3,651,238
151,106,354
44,475,169
42,015,511
17,533,969

201408231806(201408231806)
813,359
1,741,699
3,651,238
151,206,316
44,501,899
42,061,467
17,542,817

201408231807(201408231807)
814,226
1,746,286
3,651,238
151,307,578
44,515,789
42,110,950
17,561,460

201408231809(201408231809)
816,002
1,746,374
3,651,238
151,540,871
44,622,128
42,221,750
17,581,299

201408231810(201408231810)
817,727
1,750,221
3,651,238
151,677,686
44,666,978
42,260,313
17,588,419

201408231811(201408231811)
818,714
1,750,458
3,651,238
151,803,007
44,686,265
42,309,538
17,594,526

201408231812(201408231812)
819,595
1,750,987
3,651,238
151,907,345
44,707,108
42,340,561
17,613,852

201408231813(201408231813)
821,843
1,751,807
3,651,238
152,049,455
44,750,106
42,376,257
17,651,554

201408231814(201408231814)
822,541
1,751,807
3,651,238
152,166,952
44,763,170
42,402,662
17,672,478

201408231815(201408231815)
823,789
1,751,807
3,651,238
152,273,274
44,792,372
42,436,559
17,698,773

201408231816(201408231816)
823,789
1,754,278
3,651,238
152,419,415
44,828,123
42,491,533
17,710,894

201408231817(201408231817)
825,699
1,754,278
3,651,238
152,538,409
44,858,127
42,528,716
17,713,348

201408231819(201408231819)
827,042
1,761,591
3,651,238
152,767,267
44,909,846
42,673,595
17,732,345

201408231820(201408231820)
830,653
1,764,590
3,651,238
152,876,648
44,934,284
42,745,107
17,742,301

201408231821(201408231821)
831,296
1,767,028
3,651,238
153,001,232
44,975,368
42,828,435
17,747,297

201408231822(201408231822)
831,296
1,771,682
3,651,238
153,098,743
45,004,376
42,882,615
17,767,029

201408231823(201408231823)
832,207
1,772,972
3,651,238
153,210,112
45,042,074
42,932,236
17,771,176

201408231824(201408231824)
832,495
1,777,900
3,651,238
153,333,067
45,089,834
43,030,460
17,779,928

201408231825(201408231825)
832,706
1,782,581
3,651,238
153,406,741
45,141,198
43,107,088
17,791,086

201408231826(201408231826)
833,476
1,785,563
3,651,238
153,493,695
45,213,116
43,186,200
17,822,308

201408231827(201408231827)
833,682
1,787,104
3,692,790
153,580,758
45,260,410
43,256,922
17,832,166

201408231829(201408231829)
837,914
1,787,104
3,702,801
153,767,460
45,361,971
43,434,842
17,893,430

201408231830(201408231830)
838,578
1,788,688
3,702,801
153,872,620
45,393,500
43,533,072
17,917,838

201408231831(201408231831)
838,981
1,796,795
3,702,801
153,984,293
45,440,694
43,595,230
17,931,689

201408231832(201408231832)
839,001
1,796,795
3,702,801
154,081,006
45,472,749
43,638,204
17,945,605

201408231833(201408231833)
841,009
1,800,133
3,702,801
154,177,807
45,499,011
43,676,813
17,947,766

201408231834(201408231834)
842,381
1,806,430
3,723,372
154,266,488
45,529,766
43,715,187
17,954,639

201408231835(201408231835)
843,515
1,806,757
3,739,528
154,362,955
45,568,077
43,757,412
17,976,641

201408231836(201408231836)
843,515
1,812,866
3,739,528
154,448,478
45,601,371
43,795,268
17,992,980

201408231837(201408231837)
843,515
1,818,357
3,739,528
154,485,464
45,608,569
43,843,097
18,004,886

201408231839(201408231839)
845,517
1,818,586
3,739,528
154,567,740
45,663,064
43,908,145
18,013,858

201408231840(201408231840)
845,517
1,823,606
3,739,528
154,614,998
45,700,458
43,939,547
18,024,545

201408231841(201408231841)
848,068
1,823,606
3,739,528
154,672,136
45,704,983
43,959,039
18,031,238

201408231842(201408231842)
848,474
1,825,436
3,739,528
154,716,959
45,709,905
43,978,676
18,038,401

201408231843(201408231843)
849,435
1,826,923
3,739,528
154,789,839
45,716,798
44,002,975
18,051,968

201408231844(201408231844)
850,882
1,827,249
3,739,528
154,853,991
45,721,557
44,024,862
18,059,335

201408231845(201408231845)
851,683
1,834,936
3,739,528
154,916,018
45,747,296
44,073,515
18,070,717

201408231846(201408231846)
853,006
1,837,526
3,739,528
154,969,920
45,763,965
44,114,117
18,079,149

201408231847(201408231847)
853,819
1,838,236
3,739,528
155,041,260
45,782,906
44,168,239
18,092,877

201408231849(201408231849)
855,706
1,844,691
3,739,528
155,187,153
45,814,825
44,250,388
18,128,522

201408231850(201408231850)
858,474
1,844,867
3,739,528
155,276,632
45,845,223
44,276,644
18,135,411

201408231851(201408231851)
859,836
1,847,686
3,739,528
155,367,862
45,849,985
44,300,907
18,146,454

201408231852(201408231852)
862,451
1,848,527
3,739,528
155,442,553
45,859,026
44,315,179
18,157,407

201408231853(201408231853)
862,935
1,852,694
3,744,589
155,516,911
45,865,783
44,348,195
18,167,013

201408231854(201408231854)
863,445
1,852,732
3,744,589
155,597,230
45,869,383
44,400,594
18,173,999

201408231855(201408231855)
863,456
1,852,732
3,744,589
155,684,148
45,873,861
44,448,104
18,185,236

201408231856(201408231856)
866,922
1,856,667
3,744,589
155,748,990
45,888,816
44,484,645
18,207,524

201408231857(201408231857)
867,694
1,864,609
3,744,589
155,788,574
45,900,473
44,504,177
18,223,476

201408231859(201408231859)
870,513
1,869,605
3,744,589
155,958,293
45,917,807
44,612,308
18,431,230

201408231900(201408231900)
870,736
1,869,605
3,744,589
156,050,610
45,917,807
44,656,321
18,547,055

201408231901(201408231901)
871,078
1,870,304
3,744,589
156,107,750
45,917,807
44,668,645
18,599,467

201408231902(201408231902)
871,078
1,870,304
3,744,589
156,107,750
45,917,807
44,668,645
18,599,467

201408231903(201408231903)
871,078
1,870,304
3,744,589
156,107,750
45,917,807
44,668,645
18,599,467

201408231904(201408231904)
871,078
1,870,304
3,744,589
156,107,750
45,917,807
44,668,645
18,599,467

201408231905(201408231905)
871,078
1,870,304
3,744,589
156,107,750
45,917,807
44,668,645
18,599,467

201408231906(201408231906)
871,078
1,870,304
3,744,589
156,107,750
45,917,807
44,668,645
18,599,467

201408231907(201408231907)
871,078
1,870,304
3,744,589
156,107,750
45,917,807
44,668,645
18,599,467

201408231909(201408231909)
871,078
1,870,304
3,744,589
156,107,750
45,917,807
44,668,645
18,599,467

