201408221654(201408221654)
375,758
840,872
2,310,885
91,537,357
21,389,510
18,166,601
8,289,042

201408221655(201408221655)
375,758
840,872
2,310,885
91,537,357
21,389,510
18,166,601
8,289,042

201408221656(201408221656)
375,758
840,872
2,310,885
91,537,357
21,389,510
18,166,601
8,289,042

201408221657(201408221657)
375,758
840,872
2,310,885
91,537,357
21,389,510
18,166,601
8,289,042

201408221659(201408221659)
375,758
840,872
2,310,885
91,537,357
21,389,510
18,166,601
8,289,042

201408221700(201408221700)
375,758
840,872
2,310,885
91,537,480
21,390,676
18,166,601
8,289,042

201408221701(201408221701)
375,758
840,872
2,310,885
91,606,719
21,404,928
18,189,319
8,291,385

201408221702(201408221702)
376,230
841,391
2,310,885
91,752,334
21,440,394
18,213,199
8,311,613

201408221703(201408221703)
376,651
841,391
2,310,885
91,954,969
21,478,159
18,253,216
8,327,502

201408221704(201408221704)
377,165
841,871
2,313,645
92,157,043
21,526,940
18,292,128
8,341,566

201408221705(201408221705)
377,466
841,871
2,318,689
92,351,340
21,584,485
18,327,346
8,352,714

201408221706(201408221706)
377,795
843,871
2,323,620
92,532,040
21,643,143
18,357,412
8,362,387

201408221707(201408221707)
378,824
844,868
2,333,727
92,739,345
21,697,523
18,394,140
8,388,705

201408221709(201408221709)
381,408
849,496
2,334,824
93,031,746
21,775,818
18,489,247
8,427,937

201408221710(201408221710)
382,020
849,496
2,335,124
93,241,978
21,796,338
18,539,190
8,427,937

201408221711(201408221711)
382,477
850,638
2,357,875
93,436,788
21,813,309
18,566,441
8,438,666

201408221712(201408221712)
383,525
851,121
2,371,760
93,598,509
21,832,125
18,596,770
8,449,546

201408221713(201408221713)
386,254
851,688
2,371,760
93,788,872
21,860,925
18,624,483
8,479,860

201408221714(201408221714)
387,890
851,688
2,371,760
93,936,608
21,909,071
18,647,402
8,495,756

201408221715(201408221715)
389,184
853,612
2,371,760
94,098,949
21,965,792
18,670,113
8,522,411

201408221716(201408221716)
390,234
853,612
2,377,808
94,220,082
21,997,531
18,675,151
8,550,647

201408221717(201408221717)
390,943
856,080
2,403,779
94,349,904
22,026,113
18,702,269
8,585,576

201408221719(201408221719)
391,617
856,785
2,403,779
94,645,300
22,076,247
18,756,781
8,598,457

201408221720(201408221720)
392,247
857,133
2,403,779
94,829,105
22,118,709
18,779,111
8,614,362

201408221721(201408221721)
394,172
859,602
2,407,323
94,997,528
22,149,742
18,793,956
8,632,315

201408221722(201408221722)
394,695
859,615
2,412,106
95,181,000
22,191,952
18,820,211
8,648,085

201408221723(201408221723)
395,310
863,239
2,415,533
95,390,748
22,215,222
18,856,148
8,651,308

201408221724(201408221724)
395,310
867,703
2,415,975
95,557,226
22,236,960
18,892,378
8,651,308

201408221725(201408221725)
396,103
876,173
2,422,053
95,744,709
22,259,018
18,934,998
8,651,308

201408221726(201408221726)
396,920
876,173
2,425,759
95,905,372
22,280,501
18,940,801
8,666,845

201408221727(201408221727)
397,575
878,980
2,436,806
96,074,328
22,297,703
18,966,528
8,689,465

201408221729(201408221729)
400,196
883,213
2,436,806
96,397,297
22,336,601
19,018,488
8,731,786

201408221730(201408221730)
400,252
885,517
2,436,806
96,587,468
22,372,629
19,054,139
8,749,460

201408221731(201408221731)
400,875
885,517
2,436,806
96,728,237
22,395,025
19,110,290
8,769,380

201408221732(201408221732)
401,063
885,571
2,436,806
96,911,996
22,419,374
19,160,250
8,804,535

201408221733(201408221733)
401,479
886,303
2,438,267
97,099,079
22,452,746
19,196,183
8,848,049

201408221734(201408221734)
401,625
886,303
2,460,001
97,303,575
22,469,939
19,237,517
8,867,443

201408221735(201408221735)
402,145
887,959
2,466,788
97,492,878
22,499,564
19,278,037
8,905,451

201408221736(201408221736)
402,600
892,926
2,468,026
97,667,554
22,523,953
19,285,982
8,944,477

201408221737(201408221737)
402,882
894,416
2,468,026
97,827,410
22,536,584
19,316,711
8,969,159

201408221739(201408221739)
404,881
901,617
2,468,026
98,111,526
22,566,446
19,427,577
8,987,164

201408221740(201408221740)
405,119
901,888
2,468,026
98,198,917
22,586,290
19,474,992
8,987,164

201408221741(201408221741)
405,824
902,672
2,468,026
98,332,108
22,600,819
19,517,581
8,991,377

201408221742(201408221742)
405,824
902,844
2,468,026
98,490,980
22,615,592
19,545,966
8,991,377

201408221743(201408221743)
407,330
903,347
2,468,026
98,618,632
22,639,718
19,561,273
8,991,377

201408221744(201408221744)
407,682
903,347
2,468,026
98,776,614
22,656,626
19,594,365
9,004,596

201408221745(201408221745)
410,832
903,347
2,468,026
99,007,874
22,680,370
19,622,196
9,018,870

201408221746(201408221746)
411,141
904,958
2,468,026
99,148,694
22,697,202
19,657,640
9,034,278

201408221747(201408221747)
411,334
910,356
2,469,848
99,304,428
22,718,786
19,700,471
9,034,278

201408221749(201408221749)
413,952
911,791
2,470,433
99,624,588
22,761,248
19,798,811
9,055,741

201408221750(201408221750)
415,286
912,644
2,478,024
99,778,825
22,787,959
19,861,288
9,057,706

201408221751(201408221751)
416,135
914,040
2,482,094
99,918,842
22,814,743
19,900,068
9,057,706

201408221752(201408221752)
416,415
915,615
2,493,891
100,022,276
22,853,117
19,960,101
9,125,731

201408221753(201408221753)
417,305
916,132
2,501,597
100,163,363
22,888,539
20,007,744
9,181,028

201408221754(201408221754)
417,452
918,533
2,501,597
100,323,708
22,910,328
20,035,366
9,254,351

201408221755(201408221755)
417,777
918,910
2,501,597
100,474,734
22,941,570
20,101,424
9,258,976

201408221756(201408221756)
417,833
920,651
2,501,597
100,607,749
22,975,126
20,149,512
9,260,755

201408221757(201408221757)
418,847
920,660
2,503,497
100,758,629
23,008,710
20,216,404
9,260,755

201408221759(201408221759)
420,362
925,431
2,503,497
101,042,139
23,067,731
20,303,736
9,260,755

201408221800(201408221800)
422,203
927,514
2,503,497
101,174,950
23,091,302
20,349,327
9,263,070

201408221801(201408221801)
422,849
932,507
2,503,497
101,265,058
23,117,520
20,378,954
9,275,066

201408221802(201408221802)
423,574
932,507
2,503,497
101,357,183
23,158,498
20,441,014
9,284,750

201408221803(201408221803)
423,860
932,507
2,503,497
101,433,844
23,198,565
20,457,626
9,289,402

201408221804(201408221804)
425,365
934,564
2,504,252
101,558,993
23,240,381
20,518,194
9,291,580

201408221805(201408221805)
426,899
940,158
2,504,252
101,712,113
23,261,405
20,555,047
9,294,087

201408221806(201408221806)
428,195
940,354
2,505,719
101,814,211
23,286,802
20,596,002
9,294,087

201408221807(201408221807)
429,238
941,601
2,505,719
101,918,567
23,329,075
20,598,324
9,294,087

201408221809(201408221809)
429,914
945,524
2,533,212
102,212,998
23,392,529
20,632,261
9,318,740

201408221810(201408221810)
431,472
946,414
2,533,212
102,352,192
23,440,816
20,654,562
9,323,326

201408221811(201408221811)
432,550
951,634
2,533,212
102,473,361
23,493,000
20,668,837
9,323,326

201408221812(201408221812)
434,072
952,782
2,533,212
102,597,392
23,528,922
20,702,323
9,323,326

201408221813(201408221813)
434,195
952,782
2,534,182
102,698,332
23,566,749
20,725,867
9,330,396

201408221814(201408221814)
434,195
953,347
2,537,467
102,841,167
23,602,950
20,750,402
9,330,396

201408221815(201408221815)
434,280
955,305
2,537,467
102,975,894
23,629,865
20,775,949
9,337,643

201408221816(201408221816)
434,679
959,022
2,537,467
103,081,802
23,650,667
20,783,170
9,337,643

201408221817(201408221817)
436,304
960,050
2,537,467
103,183,455
23,669,584
20,800,964
9,352,137

201408221819(201408221819)
437,103
961,352
2,537,467
103,441,948
23,737,952
20,821,065
9,367,915

201408221820(201408221820)
437,197
961,895
2,537,467
103,564,493
23,803,603
20,836,265
9,367,915

201408221821(201408221821)
438,701
961,895
2,537,467
103,661,923
23,856,112
20,892,145
9,367,915

201408221822(201408221822)
440,524
964,331
2,537,467
103,805,630
23,893,960
20,933,885
9,367,915

201408221823(201408221823)
442,295
964,331
2,537,467
103,920,706
23,944,451
20,982,065
9,395,915

201408221824(201408221824)
442,942
964,584
2,537,787
104,033,067
23,990,397
21,075,589
9,407,722

201408221825(201408221825)
444,107
968,060
2,537,787
104,114,786
24,021,876
21,187,662
9,424,467

201408221826(201408221826)
445,874
968,060
2,537,787
104,183,188
24,038,831
21,240,295
9,450,317

201408221827(201408221827)
446,827
969,731
2,537,787
104,301,769
24,091,608
21,304,084
9,459,750

201408221829(201408221829)
448,404
973,384
2,540,926
104,524,216
24,141,443
21,411,723
9,494,951

201408221830(201408221830)
450,203
973,384
2,542,703
104,616,434
24,160,598
21,482,108
9,511,586

201408221831(201408221831)
451,954
973,384
2,545,522
104,723,269
24,172,206
21,538,496
9,521,417

201408221832(201408221832)
452,954
974,068
2,552,816
104,814,143
24,201,930
21,596,613
9,526,306

201408221833(201408221833)
453,135
974,936
2,552,816
104,908,422
24,227,860
21,657,252
9,547,530

201408221834(201408221834)
453,595
983,367
2,559,792
105,025,706
24,249,419
21,711,053
9,568,459

201408221835(201408221835)
455,361
989,994
2,560,911
105,136,108
24,279,602
21,773,462
9,601,861

201408221836(201408221836)
455,768
992,415
2,566,543
105,212,269
24,303,459
21,840,112
9,618,247

201408221837(201408221837)
457,275
997,631
2,574,699
105,342,377
24,346,997
21,945,096
9,642,493

201408221839(201408221839)
460,378
1,000,666
2,579,346
105,591,078
24,422,926
22,226,291
9,727,330

201408221840(201408221840)
462,112
1,000,774
2,579,346
105,748,972
24,479,141
22,308,105
9,751,948

201408221841(201408221841)
462,112
1,001,554
2,586,794
105,856,447
24,500,988
22,374,067
9,761,127

201408221842(201408221842)
462,112
1,001,796
2,586,794
105,970,520
24,543,394
22,436,632
9,767,932

201408221843(201408221843)
463,704
1,001,796
2,586,794
106,055,377
24,611,954
22,540,943
9,794,086

201408221844(201408221844)
464,707
1,002,960
2,589,133
106,141,450
24,660,384
22,644,389
9,821,961

201408221845(201408221845)
465,062
1,003,183
2,589,133
106,229,244
24,732,346
22,725,239
9,867,117

201408221846(201408221846)
465,837
1,005,800
2,589,133
106,315,747
24,779,681
22,789,258
9,892,979

201408221847(201408221847)
467,640
1,006,605
2,589,133
106,420,111
24,820,410
22,860,501
9,909,846

201408221849(201408221849)
467,721
1,007,563
2,607,038
106,660,104
24,905,231
23,014,485
9,912,109

201408221850(201408221850)
470,022
1,008,404
2,607,038
106,866,102
24,955,076
23,096,394
9,912,109

201408221851(201408221851)
471,269
1,011,702
2,607,038
107,024,819
25,015,114
23,170,703
9,921,481

201408221852(201408221852)
474,461
1,014,452
2,607,038
107,185,543
25,047,549
23,211,248
9,942,890

201408221853(201408221853)
477,699
1,015,533
2,607,038
107,330,288
25,092,901
23,255,840
9,952,134

201408221854(201408221854)
478,499
1,016,181
2,624,963
107,474,576
25,122,812
23,429,540
9,960,694

201408221855(201408221855)
481,671
1,019,019
2,639,136
107,646,440
25,147,543
23,604,016
9,960,694

201408221856(201408221856)
482,222
1,022,938
2,639,831
107,800,876
25,181,246
23,745,630
9,960,694

201408221857(201408221857)
485,676
1,022,938
2,640,656
107,919,003
25,227,745
23,892,231
9,975,034

201408221859(201408221859)
486,785
1,024,333
2,640,656
108,160,974
25,290,647
24,099,319
10,024,760

201408221900(201408221900)
487,493
1,026,713
2,640,656
108,219,104
25,314,087
24,183,345
10,037,274

201408221901(201408221901)
487,493
1,026,713
2,640,656
108,219,104
25,314,087
24,183,345
10,037,274

201408221902(201408221902)
487,493
1,026,713
2,640,656
108,219,104
25,314,087
24,183,345
10,037,274

201408221903(201408221903)
487,493
1,026,713
2,640,656
108,219,104
25,314,087
24,183,345
10,037,274

201408221904(201408221904)
487,493
1,026,713
2,640,656
108,219,104
25,314,087
24,183,345
10,037,274

201408221905(201408221905)
487,493
1,026,713
2,640,656
108,219,104
25,314,087
24,183,345
10,037,274

201408221906(201408221906)
487,493
1,026,713
2,640,656
108,219,104
25,314,087
24,183,345
10,037,274

201408221907(201408221907)
487,493
1,026,713
2,640,656
108,219,104
25,314,087
24,183,345
10,037,274

201408221909(201408221909)
487,493
1,026,713
2,640,656
108,219,104
25,314,087
24,183,345
10,037,274

201408221910(201408221910)
487,493
1,026,713
2,640,656
108,219,104
25,314,087
24,183,345
10,037,274

201408221911(201408221911)
487,493
1,026,713
2,640,656
108,219,104
25,314,087
24,183,345
10,037,274

201408221912(201408221912)
487,493
1,026,713
2,640,656
108,219,104
25,314,087
24,183,345
10,037,274

