201408221155(201408221155)
306,534
707,507
2,095,692
81,267,247
18,124,145
16,911,009
6,880,064

201408221156(201408221156)
306,534
707,507
2,095,692
81,267,247
18,124,145
16,911,009
6,880,064

201408221157(201408221157)
306,534
707,507
2,095,692
81,267,247
18,124,145
16,911,009
6,880,064

201408221159(201408221159)
306,534
707,507
2,095,692
81,267,247
18,124,145
16,911,009
6,880,064

201408221200(201408221200)
306,534
707,507
2,095,692
81,269,034
18,125,397
16,911,009
6,881,320

201408221201(201408221201)
306,562
709,905
2,095,692
81,284,197
18,132,459
16,920,289
6,889,715

201408221202(201408221202)
307,398
709,905
2,095,692
81,320,917
18,141,618
16,926,527
6,902,476

201408221203(201408221203)
308,048
710,032
2,095,692
81,443,689
18,153,723
16,929,412
6,920,723

201408221204(201408221204)
309,225
710,032
2,096,827
81,558,255
18,162,806
16,931,011
6,932,894

201408221205(201408221205)
309,428
711,066
2,103,169
81,716,778
18,191,997
16,944,990
6,963,681

201408221206(201408221206)
311,001
711,550
2,104,137
81,878,969
18,220,223
16,956,898
6,997,789

201408221207(201408221207)
311,240
714,631
2,106,645
82,082,662
18,244,572
16,972,705
7,033,850

201408221209(201408221209)
313,097
718,810
2,113,823
82,483,406
18,333,991
16,981,355
7,097,723

201408221210(201408221210)
313,740
723,304
2,113,823
82,721,987
18,399,836
16,992,816
7,111,270

201408221211(201408221211)
314,324
727,384
2,125,928
82,976,202
18,449,001
17,003,723
7,126,956

201408221212(201408221212)
317,237
732,170
2,125,928
83,164,753
18,505,507
17,009,384
7,155,782

201408221213(201408221213)
318,061
732,338
2,127,476
83,381,142
18,558,447
17,013,767
7,187,217

201408221214(201408221214)
319,273
734,164
2,138,454
83,590,785
18,609,205
17,013,767
7,198,059

201408221215(201408221215)
319,676
735,658
2,154,132
83,797,875
18,649,989
17,013,767
7,198,059

201408221216(201408221216)
321,426
736,799
2,155,349
83,964,672
18,712,511
17,016,117
7,198,115

201408221217(201408221217)
322,364
739,339
2,157,227
84,162,664
18,780,413
17,021,718
7,199,183

201408221219(201408221219)
324,148
746,472
2,177,316
84,522,506
18,902,738
17,021,718
7,209,238

201408221220(201408221220)
324,956
748,892
2,178,093
84,743,819
19,001,726
17,028,837
7,225,260

201408221221(201408221221)
325,222
750,547
2,182,508
84,936,613
19,085,739
17,033,443
7,258,467

201408221222(201408221222)
325,624
752,497
2,188,928
85,118,174
19,163,483
17,033,443
7,275,146

201408221223(201408221223)
325,790
753,969
2,199,916
85,324,621
19,257,178
17,036,792
7,291,937

201408221224(201408221224)
326,866
756,818
2,199,916
85,491,853
19,376,346
17,048,627
7,299,117

201408221225(201408221225)
328,817
760,550
2,199,916
85,695,755
19,440,414
17,048,627
7,310,653

201408221226(201408221226)
328,820
767,611
2,199,916
85,871,814
19,514,501
17,055,653
7,313,179

201408221227(201408221227)
331,594
770,450
2,200,499
86,080,196
19,571,705
17,069,789
7,322,909

201408221229(201408221229)
335,226
775,473
2,200,499
86,525,612
19,646,836
17,076,681
7,344,644

201408221230(201408221230)
336,928
776,317
2,202,525
86,754,830
19,701,788
17,081,436
7,359,083

201408221231(201408221231)
337,825
776,495
2,204,876
86,996,816
19,749,358
17,091,809
7,375,966

201408221232(201408221232)
338,884
776,495
2,207,022
87,243,318
19,791,912
17,101,342
7,416,758

201408221233(201408221233)
339,295
777,581
2,221,248
87,443,746
19,839,831
17,101,342
7,446,327

201408221234(201408221234)
339,856
780,575
2,233,677
87,664,181
19,910,706
17,113,487
7,459,658

201408221235(201408221235)
342,153
784,829
2,239,771
87,913,498
19,997,607
17,115,782
7,500,276

201408221236(201408221236)
343,645
786,207
2,241,309
88,154,263
20,060,616
17,120,636
7,538,296

201408221237(201408221237)
345,193
790,749
2,241,309
88,390,380
20,128,195
17,123,422
7,556,103

201408221239(201408221239)
347,930
798,545
2,241,309
88,820,363
20,227,051
17,174,512
7,605,008

201408221240(201408221240)
349,231
801,245
2,249,896
88,996,378
20,284,917
17,214,867
7,614,562

201408221241(201408221241)
350,866
807,350
2,265,503
89,134,617
20,366,704
17,250,037
7,641,714

201408221242(201408221242)
351,162
807,717
2,268,236
89,301,612
20,401,225
17,285,055
7,685,807

201408221243(201408221243)
352,634
809,667
2,271,709
89,493,732
20,469,523
17,325,476
7,721,049

201408221244(201408221244)
353,421
814,925
2,283,085
89,632,045
20,577,441
17,358,211
7,773,646

201408221245(201408221245)
354,751
816,861
2,283,085
89,785,597
20,680,807
17,398,559
7,838,041

201408221246(201408221246)
357,311
818,174
2,283,085
89,930,402
20,729,118
17,427,216
7,893,860

201408221247(201408221247)
358,167
820,381
2,286,617
90,074,599
20,785,145
17,467,445
7,967,173

201408221249(201408221249)
360,072
822,748
2,286,617
90,362,002
20,870,102
17,585,714
8,062,354

201408221250(201408221250)
360,870
823,595
2,286,617
90,472,162
20,903,878
17,646,696
8,091,202

201408221251(201408221251)
361,211
824,513
2,286,617
90,569,300
20,939,941
17,704,683
8,115,309

201408221252(201408221252)
362,495
824,540
2,288,687
90,703,576
20,995,612
17,768,413
8,135,896

201408221253(201408221253)
365,011
827,015
2,289,075
90,825,847
21,058,349
17,833,706
8,162,444

201408221254(201408221254)
366,224
832,161
2,305,138
90,938,709
21,104,661
17,894,263
8,192,464

201408221255(201408221255)
368,463
832,757
2,310,885
91,050,653
21,167,477
17,937,165
8,223,119

201408221256(201408221256)
368,530
832,761
2,310,885
91,161,633
21,225,967
17,985,950
8,247,606

201408221257(201408221257)
370,727
837,591
2,310,885
91,256,825
21,287,213
18,026,030
8,257,857

201408221259(201408221259)
374,377
840,571
2,310,885
91,447,350
21,365,048
18,116,299
8,279,577

201408221300(201408221300)
375,758
840,872
2,310,885
91,537,357
21,389,510
18,166,601
8,289,042

201408221301(201408221301)
375,758
840,872
2,310,885
91,537,357
21,389,510
18,166,601
8,289,042

201408221302(201408221302)
375,758
840,872
2,310,885
91,537,357
21,389,510
18,166,601
8,289,042

201408221303(201408221303)
375,758
840,872
2,310,885
91,537,357
21,389,510
18,166,601
8,289,042

201408221304(201408221304)
375,758
840,872
2,310,885
91,537,357
21,389,510
18,166,601
8,289,042

201408221305(201408221305)
375,758
840,872
2,310,885
91,537,357
21,389,510
18,166,601
8,289,042

201408221306(201408221306)
375,758
840,872
2,310,885
91,537,357
21,389,510
18,166,601
8,289,042

201408221307(201408221307)
375,758
840,872
2,310,885
91,537,357
21,389,510
18,166,601
8,289,042

201408221309(201408221309)
375,758
840,872
2,310,885
91,537,357
21,389,510
18,166,601
8,289,042

201408221310(201408221310)
375,758
840,872
2,310,885
91,537,357
21,389,510
18,166,601
8,289,042

201408221311(201408221311)
375,758
840,872
2,310,885
91,537,357
21,389,510
18,166,601
8,289,042

201408221312(201408221312)
375,758
840,872
2,310,885
91,537,357
21,389,510
18,166,601
8,289,042

201408221313(201408221313)
375,758
840,872
2,310,885
91,537,357
21,389,510
18,166,601
8,289,042

201408221314(201408221314)
375,758
840,872
2,310,885
2,310,885

201408221315(201408221315)
375,758
840,872
2,310,885
2,310,885

201408221316(201408221316)
375,758
840,872
2,310,885
2,310,885

201408221317(201408221317)
375,758
840,872
2,310,885
2,310,885











