201408222159(201408222159)
487,493
1,026,713
2,640,656
108,219,104
25,314,087
24,183,345
10,037,274

201408222200(201408222200)
487,493
1,026,713
2,640,656
108,219,104
25,314,087
24,183,345
10,037,274

201408222201(201408222201)
487,493
1,026,713
2,640,656
108,224,589
25,315,187
24,184,776
10,037,274

201408222202(201408222202)
489,760
1,026,713
2,640,656
108,285,334
25,340,699
24,200,155
10,049,035

201408222203(201408222203)
490,240
1,029,600
2,644,920
108,422,240
25,371,172
24,231,964
10,071,902

201408222204(201408222204)
490,240
1,029,932
2,646,640
108,605,305
25,403,792
24,288,996
10,269,864

201408222205(201408222205)
490,603
1,030,654
2,646,640
108,784,484
25,477,634
24,359,427
10,461,915

201408222206(201408222206)
493,274
1,032,827
2,646,640
109,001,981
25,569,115
24,416,241
10,530,643

201408222207(201408222207)
493,785
1,032,827
2,646,640
109,177,066
25,655,209
24,508,274
10,536,367

201408222209(201408222209)
495,273
1,039,535
2,658,163
109,577,053
25,846,275
24,666,865
10,562,473

201408222210(201408222210)
498,614
1,043,473
2,663,363
109,743,475
25,918,458
24,722,144
10,579,750

201408222211(201408222211)
500,339
1,048,370
2,663,363
109,964,112
25,992,198
24,791,445
10,605,669

201408222212(201408222212)
500,693
1,054,913
2,668,195
110,147,421
26,049,778
24,872,396
10,694,023

201408222213(201408222213)
500,863
1,058,672
2,677,418
110,329,259
26,131,179
24,941,345
10,784,642

201408222214(201408222214)
503,251
1,061,789
2,689,671
110,497,437
26,228,744
25,017,614
10,870,418

201408222215(201408222215)
504,677
1,062,240
2,701,990
110,672,119
26,332,687
25,071,114
10,955,653

201408222216(201408222216)
504,917
1,065,332
2,701,990
110,856,316
26,437,688
25,126,240
11,033,033

201408222217(201408222217)
505,391
1,069,123
2,701,990
111,003,288
26,516,085
25,153,499
11,109,202

201408222219(201408222219)
509,367
1,076,980
2,707,701
111,294,661
26,666,232
25,243,373
11,262,718

201408222220(201408222220)
510,842
1,082,884
2,724,902
111,444,554
26,718,468
25,307,883
11,327,449

201408222221(201408222221)
512,657
1,087,087
2,732,330
111,638,301
26,806,747
25,344,226
11,378,502

201408222222(201408222222)
513,117
1,091,827
2,766,458
111,839,040
26,852,607
25,392,181
11,422,949

201408222223(201408222223)
514,402
1,096,878
2,770,642
112,006,962
26,932,158
25,460,090
11,470,017

201408222224(201408222224)
516,358
1,102,415
2,770,642
112,178,329
26,988,123
25,530,153
11,531,224

201408222225(201408222225)
516,437
1,111,971
2,790,233
112,385,422
27,059,307
25,597,208
11,591,807

201408222226(201408222226)
518,712
1,113,947
2,807,110
112,600,223
27,138,625
25,684,580
11,642,639

201408222227(201408222227)
518,712
1,122,119
2,834,054
112,814,176
27,187,890
25,749,785
11,719,996

201408222229(201408222229)
520,249
1,129,489
2,853,930
113,156,643
27,315,225
25,902,109
11,817,823

201408222230(201408222230)
520,479
1,130,080
2,865,060
113,305,304
27,397,479
25,967,060
11,861,541

201408222231(201408222231)
521,676
1,140,242
2,885,327
113,474,178
27,478,052
25,991,486
11,915,071

201408222232(201408222232)
523,659
1,144,493
2,902,680
113,640,301
27,567,548
26,022,834
11,953,398

201408222233(201408222233)
525,902
1,147,559
2,903,453
113,844,050
27,672,422
26,071,346
11,996,056

201408222234(201408222234)
528,073
1,150,541
2,908,368
114,044,033
27,792,709
26,122,656
12,064,552

201408222235(201408222235)
528,382
1,157,577
2,908,368
114,214,948
27,878,581
26,186,378
12,108,764

201408222236(201408222236)
529,810
1,157,577
2,908,368
114,389,617
27,989,173
26,228,015
12,193,330

201408222237(201408222237)
530,668
1,159,889
2,908,368
114,609,553
28,073,463
26,252,175
12,237,396

201408222239(201408222239)
535,109
1,164,483
2,912,876
115,025,820
28,271,358
26,323,038
12,340,468

201408222240(201408222240)
537,023
1,165,224
2,912,876
115,238,624
28,367,195
26,354,325
12,415,888

201408222241(201408222241)
537,718
1,166,554
2,912,876
115,428,199
28,427,222
26,402,395
12,499,489

201408222242(201408222242)
539,011
1,169,486
2,917,673
115,585,840
28,495,908
26,426,958
12,608,596

201408222243(201408222243)
539,541
1,169,788
2,922,502
115,784,930
28,584,526
26,457,894
12,711,733

201408222244(201408222244)
540,931
1,170,001
2,946,157
115,965,322
28,673,641
26,492,226
12,816,581

201408222245(201408222245)
541,104
1,178,238
2,962,830
116,151,394
28,761,597
26,536,324
12,848,939

201408222246(201408222246)
541,748
1,179,472
2,997,592
116,309,397
28,869,234
26,597,850
12,882,199

201408222247(201408222247)
543,281
1,182,226
2,997,592
116,424,145
28,974,078
26,629,714
12,964,801

201408222249(201408222249)
545,110
1,189,343
3,004,897
116,708,552
29,182,434
26,714,741
13,039,136

201408222250(201408222250)
546,499
1,191,058
3,011,043
116,818,442
29,276,210
26,719,511
13,052,664

201408222251(201408222251)
546,652
1,191,930
3,021,124
117,015,273
29,399,948
26,756,689
13,062,078

201408222252(201408222252)
547,699
1,191,930
3,021,124
117,227,751
29,509,146
26,881,679
13,075,889

201408222253(201408222253)
549,271
1,193,078
3,035,638
117,441,783
29,647,033
27,049,796
13,087,269

201408222254(201408222254)
549,943
1,195,156
3,035,638
117,648,791
29,750,684
27,171,901
13,094,154

201408222255(201408222255)
550,074
1,196,980
3,035,638
117,878,980
29,816,896
27,260,927
13,100,533

201408222256(201408222256)
551,410
1,200,409
3,048,447
118,128,073
29,900,338
27,398,887
13,139,726

201408222257(201408222257)
552,707
1,201,270
3,048,447
118,340,554
30,002,903
27,506,132
13,166,274

201408222259(201408222259)
557,119
1,205,648
3,055,423
118,841,394
30,151,595
27,683,409
13,213,031

201408222300(201408222300)
559,260
1,205,648
3,055,423
119,069,138
30,236,145
27,797,905
13,244,708

201408222301(201408222301)
561,080
1,209,568
3,059,706
119,306,076
30,327,054
27,927,567
13,281,086

201408222302(201408222302)
562,468
1,210,408
3,067,280
119,482,658
30,403,210
28,031,119
13,310,751

201408222303(201408222303)
562,468
1,216,821
3,076,547
119,688,007
30,470,989
28,061,969
13,340,107

201408222304(201408222304)
565,764
1,218,521
3,076,547
119,890,283
30,527,152
28,144,698
13,356,924

201408222305(201408222305)
568,721
1,220,452
3,081,549
120,101,104
30,592,802
28,211,523
13,368,394

201408222306(201408222306)
570,018
1,222,417
3,101,405
120,318,774
30,653,111
28,304,817
13,376,330

201408222307(201408222307)
571,766
1,226,516
3,101,405
120,496,083
30,700,198
28,390,133
13,395,549

201408222309(201408222309)
577,161
1,233,793
3,101,405
120,880,111
30,876,012
28,615,055
13,414,360

201408222310(201408222310)
580,600
1,236,872
3,106,367
121,064,865
30,988,934
28,729,660
13,429,855

201408222311(201408222311)
581,577
1,236,872
3,111,327
121,208,711
31,072,064
28,873,582
13,438,956

201408222312(201408222312)
581,995
1,241,009
3,113,831
121,336,395
31,151,308
29,003,791
13,441,350

201408222313(201408222313)
582,910
1,246,848
3,127,939
121,510,221
31,244,862
29,132,063
13,457,556

201408222314(201408222314)
583,803
1,246,848
3,129,350
121,711,732
31,311,463
29,239,586
13,462,143

201408222315(201408222315)
586,239
1,247,662
3,129,350
121,874,899
31,387,335
29,389,693
13,491,892

201408222316(201408222316)
587,531
1,253,098
3,129,350
122,032,632
31,474,509
29,488,853
13,498,671

201408222317(201408222317)
588,759
1,256,805
3,129,350
122,195,997
31,551,132
29,564,595
13,519,127

201408222319(201408222319)
594,184
1,266,935
3,171,018
122,529,647
31,688,137
29,830,060
13,539,248

201408222320(201408222320)
595,092
1,270,004
3,178,411
122,712,504
31,791,423
29,933,653
13,546,108

201408222321(201408222321)
595,659
1,271,221
3,183,414
122,877,939
31,908,770
30,067,039
13,560,188

201408222322(201408222322)
596,979
1,276,113
3,193,254
122,999,037
32,009,812
30,147,313
13,580,610

201408222323(201408222323)
597,490
1,276,113
3,198,250
123,121,185
32,090,194
30,272,963
13,615,431

201408222324(201408222324)
600,278
1,280,076
3,203,329
123,273,441
32,195,087
30,383,898
13,635,485

201408222325(201408222325)
601,045
1,286,041
3,203,645
123,473,807
32,324,935
30,519,992
13,645,417

201408222326(201408222326)
602,300
1,286,582
3,203,645
123,695,799
32,446,918
30,635,153
13,656,834

201408222327(201408222327)
603,983
1,290,590
3,203,645
123,899,023
32,541,725
30,705,326
13,663,652

201408222329(201408222329)
608,643
1,291,025
3,203,645
124,329,805
32,777,060
30,932,591
13,677,306

201408222330(201408222330)
610,618
1,293,095
3,213,667
124,545,590
32,881,084
31,043,283
13,679,435

201408222331(201408222331)
612,394
1,299,638
3,213,667
124,719,367
33,000,580
31,187,945
13,686,534

201408222332(201408222332)
612,401
1,301,398
3,213,667
124,832,407
33,088,218
31,268,215
13,686,534

201408222333(201408222333)
613,342
1,305,866
3,213,667
124,955,256
33,190,622
31,340,845
13,705,370

201408222334(201408222334)
614,027
1,310,026
3,213,667
125,078,521
33,307,081
31,423,342
13,762,979

201408222335(201408222335)
616,695
1,317,249
3,213,667
125,224,112
33,420,317
31,572,482
13,816,080

201408222336(201408222336)
617,809
1,317,344
3,213,667
125,328,239
33,541,057
31,697,745
13,866,114

201408222337(201408222337)
619,219
1,323,901
3,214,168
125,497,602
33,644,855
31,849,424
13,928,581

201408222339(201408222339)
620,623
1,327,169
3,235,162
125,777,777
33,790,782
32,103,658
14,088,333

201408222340(201408222340)
622,668
1,332,093
3,244,419
125,885,070
33,863,339
32,255,257
14,215,171

201408222341(201408222341)
624,308
1,341,355
3,259,489
126,029,248
33,940,715
32,398,770
14,231,756

201408222342(201408222342)
626,876
1,341,648
3,259,489
126,135,571
33,993,847
32,482,337
14,241,708

201408222343(201408222343)
628,904
1,343,285
3,259,489
126,245,149
34,077,763
32,619,400
14,263,743

201408222344(201408222344)
631,629
1,345,241
3,259,489
126,359,079
34,147,598
32,734,218
14,285,618

201408222345(201408222345)
633,056
1,350,726
3,259,489
126,481,273
34,210,049
32,891,699
14,305,146

201408222346(201408222346)
635,208
1,354,972
3,259,489
126,607,843
34,260,055
32,983,666
14,312,671

201408222347(201408222347)
637,650
1,359,698
3,259,489
126,695,362
34,347,790
33,087,429
14,312,671

201408222349(201408222349)
641,041
1,366,293
3,281,845
126,924,963
34,512,260
33,342,196
14,349,769

201408222350(201408222350)
644,462
1,367,750
3,282,848
127,051,158
34,593,257
33,473,345
14,371,195

201408222351(201408222351)
646,396
1,369,110
3,284,776
127,162,456
34,690,782
33,586,725
14,397,771

201408222352(201408222352)
649,448
1,378,790
3,284,776
127,261,922
34,757,315
33,679,508
14,432,063

201408222353(201408222353)
650,128
1,383,480
3,284,776
127,344,252
34,803,173
33,802,160
14,455,363

201408222354(201408222354)
651,896
1,387,031
3,284,776
127,415,882
34,842,975
33,873,854
14,471,464

201408222355(201408222355)
655,653
1,389,681
3,284,776
127,517,844
34,883,156
33,969,908
14,497,536

201408222356(201408222356)
657,660
1,399,437
3,284,776
127,618,679
34,933,400
34,103,920
14,513,070

201408222357(201408222357)
658,446
1,402,663
3,284,776
127,686,214
34,973,241
34,257,400
14,515,386

201408222359(201408222359)
664,770
1,413,014
3,298,532
127,816,280
35,039,646
34,554,070
14,529,626

201408230000(201408230000)
667,208
1,419,260
3,298,532
127,894,863
35,069,515
34,705,835
14,543,004

201408230001(201408230001)
667,805
1,421,293
3,298,532
127,943,462
35,096,194
34,830,857
14,545,186

201408230002(201408230002)
667,805
1,421,293
3,298,532
127,943,462
35,096,194
34,830,857
14,545,186

201408230003(201408230003)
667,805
1,421,293
3,298,532
127,943,462
35,096,194
34,830,857
14,545,186

201408230004(201408230004)
667,805
1,421,293
3,298,532
127,943,462
35,096,194
34,830,857
14,545,186

201408230005(201408230005)
667,805
1,421,293
3,298,532
127,943,462
35,096,194
34,830,857
14,545,186

