201408212159(201408212159)
130,580
301,058
1,089,870
47,433,290
7,687,471
4,829,635
3,188,444

201408212200(201408212200)
130,954
301,632
1,089,870
47,433,290
7,687,471
4,829,635
3,188,444

201408212201(201408212201)
130,954
302,537
1,089,870
47,827,856
7,785,406
4,909,088
3,195,542

201408212202(201408212202)
131,635
302,537
1,089,870
47,827,856
7,785,406
4,909,088
3,195,542

201408212203(201408212203)
133,056
303,464
1,093,434
48,127,590
7,839,207
4,980,576
3,208,721

201408212204(201408212204)
134,101
305,849
1,116,701
48,353,852
7,905,030
5,038,493
3,213,845

201408212205(201408212205)
135,490
306,123
1,130,568
48,579,479
7,986,199
5,098,455
3,218,210

201408212206(201408212206)
136,326
306,123
1,137,077
48,788,035
8,065,305
5,158,899
3,235,023

201408212207(201408212207)
137,540
308,790
1,153,604
49,054,450
8,147,070
5,194,914
3,238,256

201408212209(201408212209)
139,494
315,673
1,170,034
49,594,503
8,322,975
5,300,016
3,285,104

201408212210(201408212210)
141,179
319,092
1,170,034
49,896,042
8,404,571
5,352,385
3,285,104

201408212211(201408212211)
143,431
322,624
1,170,034
50,151,097
8,464,479
5,390,980
3,316,882

201408212212(201408212212)
146,455
325,666
1,174,768
50,414,104
8,522,009
5,465,533
3,387,706

201408212213(201408212213)
147,238
331,738
1,184,496
50,634,802
8,570,639
5,536,025
3,441,160

201408212214(201408212214)
148,114
332,983
1,196,649
50,875,325
8,635,242
5,605,012
3,497,912

201408212215(201408212215)
149,392
340,794
1,201,224
51,126,281
8,718,156
5,660,406
3,582,142

201408212216(201408212216)
151,186
341,095
1,211,279
51,335,397
8,795,247
5,705,399
3,635,987

201408212217(201408212217)
152,191
344,944
1,221,076
51,565,940
8,884,386
5,744,803
3,656,988

201408212219(201408212219)
155,092
353,050
1,238,174
52,086,237
9,042,261
5,895,918
3,734,060

201408212220(201408212220)
156,835
357,769
1,245,486
52,385,465
9,108,618
5,971,669
3,800,048

201408212221(201408212221)
158,401
358,521
1,257,692
52,632,449
9,155,008
6,047,220
3,858,984

201408212222(201408212222)
161,316
360,638
1,258,305
52,905,912
9,210,238
6,130,366
3,914,475

201408212223(201408212223)
163,124
363,446
1,258,305
53,165,516
9,272,077
6,219,766
3,990,314

201408212224(201408212224)
165,272
366,006
1,269,837
53,466,722
9,342,468
6,328,637
4,055,631

201408212225(201408212225)
166,949
370,275
1,271,274
53,784,592
9,444,052
6,432,609
4,109,102

201408212226(201408212226)
168,615
374,888
1,279,635
54,061,291
9,499,394
6,533,195
4,150,810

201408212227(201408212227)
170,071
379,650
1,288,917
54,379,959
9,577,396
6,653,906
4,204,441

201408212229(201408212229)
172,750
390,253
1,308,962
55,111,573
9,748,372
6,837,595
4,285,518

201408212230(201408212230)
174,753
395,037
1,320,100
55,571,083
9,849,651
6,906,290
4,330,528

201408212231(201408212231)
176,090
401,337
1,325,178
55,904,848
9,925,969
7,005,672
4,371,647

201408212232(201408212232)
177,792
402,621
1,325,178
56,230,806
9,983,965
7,074,257
4,399,767

201408212233(201408212233)
179,717
403,937
1,331,442
56,571,358
10,059,765
7,142,190
4,453,140

201408212234(201408212234)
180,994
404,709
1,340,599
56,872,181
10,154,834
7,219,431
4,510,596

201408212235(201408212235)
182,173
407,705
1,346,628
57,234,069
10,255,288
7,278,331
4,530,529

201408212236(201408212236)
184,999
409,105
1,352,770
57,571,415
10,350,715
7,344,994
4,552,897

201408212237(201408212237)
186,510
411,987
1,363,530
57,970,666
10,436,553
7,449,832
4,610,450

201408212239(201408212239)
189,124
420,602
1,387,789
58,715,299
10,571,722
7,662,345
4,723,116

201408212240(201408212240)
191,236
425,648
1,395,672
59,104,436
10,668,071
7,772,764
4,760,914

201408212241(201408212241)
192,759
431,348
1,431,211
59,380,296
10,786,959
7,861,876
4,821,421

201408212242(201408212242)
193,624
433,862
1,445,821
59,716,626
10,877,080
7,919,021
4,863,305

201408212243(201408212243)
195,334
438,426
1,450,872
60,050,550
10,988,865
8,001,664
4,929,470

201408212244(201408212244)
196,713
442,946
1,458,215
60,379,437
11,094,517
8,092,046
4,997,692

201408212245(201408212245)
198,622
446,197
1,463,115
60,737,646
11,223,447
8,201,675
5,037,264

201408212246(201408212246)
200,107
450,552
1,470,470
61,086,538
11,350,251
8,302,497
5,064,409

201408212247(201408212247)
200,882
451,330
1,474,574
61,474,467
11,513,634
8,389,930
5,092,470

201408212249(201408212249)
203,473
459,220
1,492,588
62,144,408
11,774,206
8,541,472
5,136,581

201408212250(201408212250)
204,897
463,384
1,502,410
62,446,657
11,901,993
8,655,029
5,156,139

201408212251(201408212251)
206,277
464,745
1,504,887
62,783,751
11,985,712
8,734,962
5,188,103

201408212252(201408212252)
207,747
470,576
1,514,323
63,126,649
12,077,345
8,817,771
5,212,208

201408212253(201408212253)
208,927
473,095
1,522,697
63,429,826
12,139,455
8,918,503
5,232,935

201408212254(201408212254)
210,729
476,569
1,522,697
63,756,161
12,174,232
9,025,462
5,252,542

201408212255(201408212255)
212,215
481,687
1,522,697
64,090,743
12,214,332
9,144,885
5,279,404

201408212256(201408212256)
213,347
488,581
1,529,896
64,398,775
12,229,148
9,211,428
5,300,979

201408212257(201408212257)
214,890
492,712
1,539,929
64,710,931
12,276,882
9,278,630
5,330,605

201408212259(201408212259)
218,564
500,703
1,557,816
65,238,888
12,371,974
9,442,502
5,375,477

201408212300(201408212300)
219,536
503,829
1,562,389
65,544,260
12,418,807
9,502,191
5,405,174

201408212301(201408212301)
220,363
508,368
1,571,012
65,748,202
12,463,943
9,550,571
5,418,950

201408212302(201408212302)
222,639
510,842
1,587,274
66,032,299
12,516,769
9,596,021
5,435,644

201408212303(201408212303)
223,869
514,468
1,587,324
66,343,560
12,558,519
9,701,068
5,461,715

201408212304(201408212304)
224,825
521,813
1,601,109
66,634,428
12,615,478
9,808,248
5,488,427

201408212305(201408212305)
226,292
525,705
1,606,374
66,964,263
12,687,830
9,881,957
5,518,259

201408212306(201408212306)
226,651
526,893
1,618,797
67,257,189
12,743,899
9,976,718
5,543,800

201408212307(201408212307)
227,590
528,498
1,622,465
67,534,135
12,803,095
10,041,750
5,559,605

201408212309(201408212309)
229,555
536,274
1,643,613
68,006,292
12,927,351
10,238,090
5,605,946

201408212310(201408212310)
230,765
540,204
1,647,289
68,269,731
12,978,869
10,396,818
5,626,514

201408212311(201408212311)
232,406
545,448
1,651,014
68,550,776
13,029,622
10,496,049
5,650,399

201408212312(201408212312)
233,413
550,783
1,666,151
68,860,623
13,101,799
10,589,122
5,664,623

201408212313(201408212313)
234,541
553,204
1,673,670
69,145,259
13,144,484
10,732,580
5,691,686

201408212314(201408212314)
235,735
557,700
1,678,889
69,470,514
13,200,507
10,894,115
5,703,473

201408212315(201408212315)
236,921
562,358
1,687,892
69,815,867
13,257,175
11,033,419
5,729,263

201408212316(201408212316)
238,483
564,269
1,714,370
70,063,570
13,296,368
11,168,975
5,756,078

201408212317(201408212317)
239,091
567,439
1,717,339
70,320,989
13,340,944
11,319,127
5,770,206

201408212319(201408212319)
241,544
578,995
1,723,267
70,961,980
13,433,339
11,550,889
5,815,241

201408212320(201408212320)
242,869
584,393
1,732,391
71,309,869
13,482,904
11,673,532
5,853,840

201408212321(201408212321)
244,183
589,327
1,732,391
71,575,785
13,533,193
11,761,463
5,888,638

201408212322(201408212322)
245,188
594,827
1,739,766
71,873,355
13,584,658
11,852,003
5,907,170

201408212323(201408212323)
246,252
598,235
1,757,875
72,165,392
13,617,358
11,928,390
5,927,563

201408212324(201408212324)
248,197
604,170
1,757,875
72,480,845
13,671,053
12,021,824
5,944,108

201408212325(201408212325)
249,592
606,064
1,759,971
72,767,901
13,736,786
12,140,036
5,958,679

201408212326(201408212326)
251,515
606,064
1,769,931
73,007,773
13,775,082
12,300,134
5,968,437

201408212327(201408212327)
253,194
607,902
1,770,663
73,274,268
13,834,071
12,486,750
5,984,724

201408212329(201408212329)
256,147
611,531
1,789,072
73,849,401
13,892,556
12,863,543
6,014,579

201408212330(201408212330)
257,036
616,408
1,802,528
74,181,422
13,940,057
13,030,772
6,028,246

201408212331(201408212331)
258,237
621,321
1,822,736
74,410,982
13,959,721
13,138,732
6,044,666

201408212332(201408212332)
259,169
625,907
1,824,787
74,662,038
13,979,391
13,257,107
6,065,747

201408212333(201408212333)
261,271
627,171
1,836,796
74,852,516
14,023,690
13,381,737
6,070,289

201408212334(201408212334)
261,767
628,845
1,850,094
75,082,745
14,046,093
13,517,067
6,087,054

201408212335(201408212335)
264,123
629,476
1,860,288
75,353,003
14,058,067
13,739,548
6,103,170

201408212336(201408212336)
264,463
633,688
1,884,537
75,606,713
14,092,050
13,890,434
6,127,220

201408212337(201408212337)
265,909
638,737
1,902,741
75,891,538
14,104,038
14,092,038
6,151,467

201408212339(201408212339)
269,092
645,640
1,917,026
76,414,064
14,426,753
14,150,690
6,221,308

201408212340(201408212340)
270,606
645,640
1,922,422
76,658,080
14,596,068
14,184,784
6,299,626

201408212341(201408212341)
271,721
649,936
1,934,589
76,866,848
14,748,040
14,209,066
6,356,535

201408212342(201408212342)
273,250
654,047
1,947,156
77,144,663
14,907,131
14,244,785
6,405,828

201408212343(201408212343)
275,790
654,506
1,959,317
77,383,184
15,100,174
14,350,816
6,457,302

201408212344(201408212344)
276,579
657,951
1,985,007
77,639,787
15,257,475
14,478,237
6,528,416

201408212345(201408212345)
280,770
658,763
1,995,171
77,871,641
15,403,264
14,596,535
6,582,283

201408212346(201408212346)
282,893
659,743
2,000,928
78,073,049
15,563,889
14,689,804
6,617,999

201408212347(201408212347)
285,909
665,474
2,004,579
78,322,336
15,729,413
14,786,722
6,625,376

201408212349(201408212349)
288,575
674,003
2,013,716
78,827,200
16,095,155
15,100,413
6,645,676

201408212350(201408212350)
290,208
677,870
2,024,482
79,089,096
16,297,090
15,284,215
6,660,988

201408212351(201408212351)
291,250
679,825
2,033,797
79,338,777
16,579,917
15,498,595
6,681,980

201408212352(201408212352)
293,399
680,815
2,039,638
79,582,931
16,799,012
15,634,944
6,696,116

201408212353(201408212353)
296,100
682,523
2,039,638
79,840,977
16,988,749
15,790,687
6,717,273

201408212354(201408212354)
297,119
684,181
2,039,638
80,024,643
17,146,082
15,894,800
6,736,484

201408212355(201408212355)
301,712
688,150
2,059,820
80,212,266
17,330,791
15,980,271
6,775,286

201408212356(201408212356)
302,628
689,610
2,066,335
80,407,270
17,499,204
16,122,058
6,801,158

201408212357(201408212357)
302,702
696,106
2,066,335
80,650,696
17,646,942
16,310,873
6,841,093

201408212359(201408212359)
305,849
705,967
2,095,692
81,077,118
17,987,282
16,755,645
6,872,595

201408220000(201408220000)
306,534
707,507
2,095,692
81,267,247
18,124,145
16,911,009
6,880,064

201408220001(201408220001)
306,534
707,507
2,095,692
81,267,247
18,124,145
16,911,009
6,880,064

201408220002(201408220002)
306,534
707,507
2,095,692
81,267,247
18,124,145
16,911,009
6,880,064

201408220003(201408220003)
306,534
707,507
2,095,692
81,267,247
18,124,145
16,911,009
6,880,064

201408220004(201408220004)
306,534
707,507
2,095,692
81,267,247
18,124,145
16,911,009
6,880,064

201408220005(201408220005)
306,534
707,507
2,095,692
2,095,692
2,095,692

201408220006(201408220006)
306,534
707,507
2,095,692
2,095,692
2,095,692

201408220007(201408220007)
306,534
707,507
2,095,692
2,095,692
2,095,692



























