201407071719(201407071719)
704,957
1,313,407
3,431,932
747,951
796,309

201407071720(201407071720)
704,957
1,313,407
3,431,932
748,382
796,364

201407071721(201407071721)
704,957
1,313,407
3,431,932
748,382
796,364

201407071722(201407071722)
705,307
1,313,407
3,431,932
748,382
796,364

201407071729(201407071729)
705,596
1,313,407
3,431,932
748,504
797,693

201407071730(201407071730)
705,829
1,315,865
3,431,932
748,504
797,761

201407071731(201407071731)
706,673
1,316,304
3,431,932
748,504
797,761

201407071732(201407071732)
707,575
1,316,304
3,431,932
748,504
797,761

201407071739(201407071739)
708,134
1,317,575
3,449,054
749,284
799,497

201407071740(201407071740)
708,134
1,317,575
3,449,054
749,284
799,497

201407071741(201407071741)
708,134
1,317,575
3,449,054
749,591
799,497

201407071742(201407071742)
708,134
1,317,575
3,449,054
749,646
799,497

201407071749(201407071749)
708,143
1,317,613
3,449,054
750,483
800,420

201407071750(201407071750)
708,785
1,317,613
3,449,054
750,483
801,156

201407071751(201407071751)
708,785
1,317,613
3,449,054
750,483
801,174

201407071752(201407071752)
708,785
1,317,613
3,449,054
750,805
801,174

201407071759(201407071759)
708,986
1,318,061
3,449,054
751,214
802,653

201407071800(201407071800)
709,908
1,318,649
3,449,054
751,398
802,653

201407071801(201407071801)
709,908
1,318,649
3,449,054
751,398
802,653

201407071802(201407071802)
709,908
1,318,649
3,449,054
752,132
803,267

201407071809(201407071809)
709,933
1,318,649
3,449,054
752,132
804,851

201407071810(201407071810)
709,933
1,318,649
3,449,054
752,132
804,851

201407071811(201407071811)
710,730
1,318,649
3,449,054
753,234
805,399

201407071812(201407071812)
710,730
1,318,649
3,449,054
753,234
806,395

201407071819(201407071819)
712,484
1,324,124
3,449,054
754,813
808,928

201407071820(201407071820)
712,484
1,325,111
3,449,054
754,813
808,928

201407071821(201407071821)
712,484
1,325,741
3,449,054
754,813
808,928

201407071822(201407071822)
712,484
1,325,741
3,449,054
754,813
808,928

201407071829(201407071829)
712,867
1,325,741
3,475,122
755,373
809,543

201407071830(201407071830)
713,110
1,327,852
3,475,122
755,373
809,543

201407071831(201407071831)
714,136
1,327,852
3,475,122
755,684
809,543

201407071832(201407071832)
714,136
1,329,215
3,475,122
755,758
809,543

201407071839(201407071839)
714,707
1,329,666
3,475,122
755,973
810,381

201407071840(201407071840)
714,769
1,329,666
3,475,122
756,800
810,381

201407071841(201407071841)
714,769
1,329,666
3,475,122
756,800
810,381

201407071842(201407071842)
716,172
1,329,666
3,475,122
757,813
810,525

201407071849(201407071849)
716,172
1,331,841
3,475,236
758,371
812,525

201407071850(201407071850)
716,172
1,332,461
3,475,236
758,371
812,525

201407071851(201407071851)
716,172
1,332,461
3,475,236
758,650
812,525

201407071852(201407071852)
716,172
1,332,461
3,475,236
758,650
812,525

201407071859(201407071859)
717,884
1,334,825
3,475,236
762,991
813,553

201407071900(201407071900)
717,891
1,334,825
3,475,236
762,991
813,553

201407071901(201407071901)
718,514
1,335,898
3,475,236
762,991
813,553

201407071902(201407071902)
718,514
1,335,898
3,475,236
762,991
813,553

201407071909(201407071909)
719,108
1,335,898
3,475,236
763,232
814,604

201407071910(201407071910)
719,108
1,335,898
3,475,236
763,232
814,604

201407071911(201407071911)
719,108
1,335,898
3,475,236
763,232
814,604

201407071912(201407071912)
720,037
1,335,898
3,475,236
763,836
814,733

201407071919(201407071919)
721,642
1,335,898
3,481,247
764,435
817,765

201407071920(201407071920)
721,642
1,335,898
3,481,247
764,435
817,765

201407071921(201407071921)
721,642
1,337,401
3,481,247
764,435
817,765

201407071922(201407071922)
721,642
1,341,263
3,481,247
764,435
817,765

201407071929(201407071929)
724,058
1,341,324
3,481,247
765,702
817,765

201407071930(201407071930)
724,058
1,341,324
3,481,247
817,765

201407071931(201407071931)
724,058
1,341,324
3,481,247
766,188
817,765

201407071932(201407071932)
724,534
1,341,324
3,481,247
766,188
817,765

201407071939(201407071939)
725,821
1,344,070
3,481,247
768,437
818,707

201407071940(201407071940)
725,845
1,344,275
3,481,247
768,702
818,707

201407071941(201407071941)
725,898
1,344,275
3,481,247
768,702
818,707

201407071942(201407071942)
725,898
1,344,275
3,481,247
768,702
818,850

201407071949(201407071949)
726,572
1,344,275
3,481,247
768,736
821,195

201407071950(201407071950)
726,572
1,345,064
3,481,247
770,255
821,360

201407071951(201407071951)
726,572
1,345,064
3,481,247
770,388
821,562

201407071952(201407071952)
726,572
1,346,438
3,481,247
770,388
821,562

201407071959(201407071959)
726,736
1,346,438
3,490,017
771,383
821,907

201407072000(201407072000)
726,745
1,346,438
3,490,017
771,383
821,907

201407072001(201407072001)
726,745
1,347,978
3,490,017
771,383
823,001

201407072002(201407072002)
726,745
1,348,031
3,490,017
771,383
823,001

201407072009(201407072009)
730,638
1,353,788
3,490,017
772,064
823,001

201407072010(201407072010)
730,638
1,353,788
3,490,017
772,064
823,001

201407072011(201407072011)
730,638
1,353,788
3,490,017
772,064
823,001

201407072012(201407072012)
730,881
1,353,788
3,490,017
774,509
823,001

201407072019(201407072019)
731,089
1,355,931
3,490,017
775,489
823,363

201407072020(201407072020)
731,245
1,355,931
3,490,017
775,489
823,655

201407072021(201407072021)
731,270
1,355,931
3,490,017
775,489
823,834

201407072022(201407072022)
731,270
1,355,931
3,490,017
775,489
823,834

201407072029(201407072029)
732,578
1,355,931
3,490,017
776,642
825,283

201407072030(201407072030)
732,871
1,355,931
3,490,017
776,894
825,283

201407072031(201407072031)
732,877
1,355,931
3,490,017
776,894
825,283

201407072032(201407072032)
732,877
1,355,931
3,496,828
776,894
825,283

201407072039(201407072039)
735,232
1,355,931
3,501,988
777,063
828,148

201407072040(201407072040)
735,232
1,355,931
3,501,988
777,063
828,148

201407072041(201407072041)
735,232
1,355,931
3,501,988
777,063
828,148

201407072042(201407072042)
735,612
1,355,931
3,503,394
777,063
828,148

201407072049(201407072049)
735,896
1,359,146
3,503,394
779,301
832,024

201407072050(201407072050)
735,896
1,359,146
3,503,394
779,307
832,205

201407072051(201407072051)
735,943
1,359,146
3,503,394
780,564
833,665

201407072052(201407072052)
736,589
1,359,146
3,503,394
781,524
833,665

201407072059(201407072059)
738,117
1,361,227
3,503,394
781,735
835,367

201407072100(201407072100)
738,117
1,361,227
3,503,394
781,735
835,367

201407072101(201407072101)
738,117
1,363,571
3,503,394
781,735
835,367

201407072102(201407072102)
738,117
1,369,154
3,503,394
781,735
835,367

201407072109(201407072109)
739,817
1,369,192
3,503,394
784,446
838,153

201407072110(201407072110)
739,817
1,369,192
3,503,394
784,446
838,153

201407072111(201407072111)
739,817
1,369,192
3,503,394
784,446
838,153

201407072112(201407072112)
740,609
1,369,192
3,503,394
784,837
838,153

201407072119(201407072119)
740,830
1,369,565
3,503,394
787,322
838,409

201407072120(201407072120)
740,830
1,369,565
3,503,394
787,322
838,409

201407072121(201407072121)
741,875
1,371,815
3,503,394
788,133
838,409

201407072122(201407072122)
741,875
1,371,815
3,503,394
788,133
838,478

201407072129(201407072129)
741,966
1,376,450
3,503,394
790,175
841,604

201407072130(201407072130)
741,966
1,376,450
3,503,394
790,175
841,604

201407072131(201407072131)
743,070
1,376,450
3,503,394
790,175
841,604

201407072132(201407072132)
744,194
1,376,678
3,503,394
790,633
841,604

201407072139(201407072139)
744,839
1,379,227
3,503,394
792,116
845,773

201407072140(201407072140)
745,004
1,379,227
3,503,394
792,116
846,627

201407072141(201407072141)
745,834
1,379,227
3,503,394
792,116
847,040

201407072142(201407072142)
745,834
1,379,227
3,503,394
792,152
849,163

201407072149(201407072149)
746,145
1,379,250
3,503,394
792,416
850,466

201407072150(201407072150)
746,145
1,379,250
3,503,394
792,965
850,466

201407072151(201407072151)
746,145
1,379,250
3,503,394
792,965
850,933

201407072152(201407072152)
746,145
1,379,250
3,503,394
792,965
850,933

201407072159(201407072159)
749,875
1,388,761
3,510,932
793,807
853,394

201407072200(201407072200)
749,875
1,392,513
3,510,932
793,807
853,394

201407072201(201407072201)
749,875
1,392,513
3,514,224
794,239
853,394

201407072202(201407072202)
749,875
1,392,513
3,516,422
794,239
853,394

201407072209(201407072209)
750,903
1,406,597
3,533,673
795,613
854,853

201407072210(201407072210)
750,903
1,406,597
3,533,673
795,613
854,928

201407072211(201407072211)
750,903
1,406,597
3,539,122
795,613
855,209

201407072212(201407072212)
751,221
1,406,597
3,539,299
795,613
855,209

201407072219(201407072219)
752,074
1,407,968
3,556,695
800,420
857,928

201407072220(201407072220)
752,074
1,407,968
3,556,695
800,767
857,928

201407072221(201407072221)
752,074
1,408,861
3,556,695
800,767
857,928

201407072222(201407072222)
752,074
1,410,390
3,556,695
800,767
859,668

201407072229(201407072229)
753,172
1,413,678
3,556,695
801,914
860,323

201407072230(201407072230)
753,660
1,413,678
3,556,695
801,914
860,378

201407072231(201407072231)
754,385
1,413,678
3,556,695
801,914
860,378

201407072232(201407072232)
754,385
1,413,678
3,556,695
801,914
860,618

201407072239(201407072239)
756,810
1,422,235
3,558,841
804,434
862,248

201407072240(201407072240)
756,810
1,422,235
3,558,841
804,851
863,640

201407072241(201407072241)
757,417
1,422,235
3,558,841
804,851
863,640

201407072242(201407072242)
757,417
1,422,235
3,558,841
804,851
863,640

201407072249(201407072249)
759,063
1,422,235
3,563,144
809,335
865,327

201407072250(201407072250)
759,063
1,422,235
3,563,144
809,335
865,345

201407072251(201407072251)
759,063
1,422,235
3,563,144
809,543
865,345

201407072252(201407072252)
759,063
1,423,028
3,563,144
809,543
865,705

201407072259(201407072259)
759,509
1,427,378
3,563,144
810,123
869,679

201407072300(201407072300)
759,509
1,427,378
3,563,144
810,123
869,679

201407072301(201407072301)
759,509
1,427,556
3,563,144
810,123
869,679

201407072302(201407072302)
759,509
1,427,891
3,563,144
810,525
869,679

201407072309(201407072309)
763,162
1,427,891
3,563,144
812,066
870,118

201407072310(201407072310)
763,162
1,428,810
3,563,144
812,066
870,118

201407072311(201407072311)
763,320
1,434,238
3,563,144
812,066
870,118

201407072312(201407072312)
763,320
1,435,439
3,563,144
812,122
870,118

201407072319(201407072319)
763,892
1,436,347
3,563,144
813,090
873,352

201407072320(201407072320)
764,338
1,436,347
3,563,144
813,090
874,622

201407072321(201407072321)
764,338
1,439,951
3,563,144
813,090
874,622

201407072322(201407072322)
764,338
1,439,951
3,563,144
813,524
874,622

201407072329(201407072329)
764,338
1,446,127
3,563,144
814,241
876,143

201407072330(201407072330)
764,338
1,446,127
3,563,144
814,241
876,143

201407072331(201407072331)
764,338
1,446,127
3,563,144
814,241
876,143

201407072332(201407072332)
764,827
1,446,127
3,563,144
814,241
876,143

201407072339(201407072339)
765,677
1,446,839
3,580,561
814,802
876,765

201407072340(201407072340)
765,861
1,446,839
3,580,561
814,802
876,765

201407072341(201407072341)
765,861
1,448,354
3,580,561
815,111
876,765

201407072342(201407072342)
766,054
1,448,354
3,580,561
815,492
876,765

201407072349(201407072349)
766,210
1,452,769
3,580,561
816,403
877,864

201407072350(201407072350)
768,464
1,452,769
3,580,561
816,403
877,864

201407072351(201407072351)
768,727
1,452,769
3,580,561
816,626
877,864

201407072352(201407072352)
768,727
1,452,769
3,580,561
816,626
878,163

201407072359(201407072359)
768,727
1,453,930
3,580,561
818,233
878,679

201407080000(201407080000)
769,031
1,453,930
3,580,561
818,233
878,679

201407080001(201407080001)
769,031
1,456,338
3,590,724
818,233
879,117

201407080002(201407080002)
769,053
1,456,338
3,590,724
819,189
879,726

201407080009(201407080009)
769,053
1,457,450
3,590,724
819,203
882,268

201407080010(201407080010)
769,053
1,457,450
3,590,724
819,203
882,268

201407080011(201407080011)
769,485
1,457,450
3,590,724
819,203
882,268

201407080012(201407080012)
769,485
1,457,450
3,590,724
819,203
882,551

201407080019(201407080019)
770,978
1,461,826
3,593,290
821,145
884,258

201407080020(201407080020)
773,019
1,463,386
3,593,290
821,145
884,785

201407080021(201407080021)
773,284
1,463,386
3,593,290
821,145
884,785

201407080022(201407080022)
773,443
1,463,386
3,593,290
821,145
884,785

201407080029(201407080029)
773,443
1,463,386
3,593,290
821,145
888,578

201407080030(201407080030)
773,443
1,463,386
3,603,451
821,145
888,578

201407080031(201407080031)
773,970
1,463,386
3,603,451
821,145
888,578

201407080032(201407080032)
773,970
1,463,386
3,603,451
821,422
888,578

201407080039(201407080039)
774,468
1,467,771
3,603,451
822,685
889,183

201407080040(201407080040)
774,468
1,467,771
3,603,451
823,655
889,833

201407080041(201407080041)
774,468
1,467,771
3,603,451
824,864
889,833

201407080042(201407080042)
774,468
1,474,218
3,603,451
825,202
890,204

201407080049(201407080049)
774,468
1,475,072
3,603,451
825,960
892,045

201407080050(201407080050)
774,468
1,475,072
3,603,451
825,960
892,045

201407080051(201407080051)
775,489
1,475,072
3,603,451
825,993
892,615

201407080052(201407080052)
775,678
1,475,072
3,603,451
826,726
892,615

201407080059(201407080059)
776,985
1,475,072
3,603,451
827,985
894,601

201407080100(201407080100)
776,985
1,475,072
3,603,451
827,985
894,601

201407080101(201407080101)
776,985
1,475,072
3,603,451
827,985
894,601

201407080102(201407080102)
776,985
1,477,737
3,603,451
827,985
894,601

201407080109(201407080109)
779,307
1,479,022
3,606,022
831,710
895,695

201407080110(201407080110)
779,391
1,479,847
3,615,823
831,710
895,695

201407080111(201407080111)
779,391
1,479,847
3,615,823
831,710
895,695

201407080112(201407080112)
779,447
1,479,847
3,615,823
831,932
895,695

201407080119(201407080119)
780,186
1,482,209
3,615,823
833,297
899,276

201407080120(201407080120)
780,186
1,482,209
3,615,823
833,297
899,276

201407080121(201407080121)
780,814
1,482,209
3,615,823
833,896
899,276

201407080122(201407080122)
780,814
1,482,994
3,615,823
835,313
899,276

201407080129(201407080129)
781,936
1,487,967
3,615,823
837,836
900,035

201407080130(201407080130)
781,936
1,487,967
3,615,823
837,836
900,035

201407080131(201407080131)
781,936
1,487,967
3,615,823
837,836
900,168

201407080132(201407080132)
781,936
1,487,967
3,615,823
838,296
900,168

201407080139(201407080139)
783,730
1,490,967
3,615,823
838,538
901,591

201407080140(201407080140)
783,730
1,490,967
3,615,823
838,538
901,591

201407080141(201407080141)
783,730
1,490,967
3,619,113
838,538
901,591

201407080142(201407080142)
783,730
1,490,967
3,619,113
838,538
901,591

201407080149(201407080149)
784,291
1,491,370
3,619,113
840,089
902,881

201407080150(201407080150)
784,291
1,491,370
3,619,113
840,089
902,881

201407080151(201407080151)
785,645
1,491,370
3,619,113
840,990
903,855

201407080152(201407080152)
786,321
1,491,370
3,619,113
840,990
904,069

201407080159(201407080159)
787,693
1,491,370
3,619,113
842,485
904,276

201407080200(201407080200)
787,932
1,491,370
3,619,113
842,485
904,276

201407080201(201407080201)
787,932
1,491,370
3,619,113
842,485
904,386

201407080202(201407080202)
788,156
1,491,370
3,619,113
842,485
904,386

201407080209(201407080209)
791,866
1,492,709
3,634,631
844,041
906,983

201407080210(201407080210)
792,152
1,492,709
3,634,631
844,824
906,983

201407080211(201407080211)
792,152
1,492,709
3,634,631
844,824
906,983

201407080212(201407080212)
792,242
1,492,709
3,634,631
844,824
907,115

201407080219(201407080219)
793,683
1,492,709
3,634,631
845,500
908,074

201407080220(201407080220)
793,683
1,492,709
3,634,631
845,500
908,074

201407080221(201407080221)
793,683
1,492,709
3,634,631
845,500
908,074

201407080222(201407080222)
794,084
1,492,709
3,634,631
845,500
908,074

201407080229(201407080229)
794,084
1,493,298
3,634,631
845,677
908,567

201407080230(201407080230)
794,084
1,493,298
3,634,631
845,677
908,567

201407080231(201407080231)
794,084
1,493,298
3,634,631
845,677
908,567

201407080232(201407080232)
794,084
1,493,298
3,634,631
845,677
908,567

201407080239(201407080239)
794,084
1,494,483
3,634,631
845,677
909,029

201407080240(201407080240)
794,084
1,494,483
3,634,631
845,677
909,029

201407080241(201407080241)
794,084
1,494,483
3,635,182
845,677
909,029

201407080242(201407080242)
794,084
1,494,483
3,635,182
845,677
909,029

201407080249(201407080249)
794,239
1,494,483
3,635,182
847,040
909,965

201407080250(201407080250)
794,239
1,494,483
3,635,182
847,040
909,965

201407080251(201407080251)
794,239
1,494,483
3,635,182
847,040
909,965

201407080252(201407080252)
794,239
1,494,483
3,635,182
847,040
909,965

201407080259(201407080259)
794,239
1,507,197
3,635,182
847,040
910,145

201407080300(201407080300)
794,239
1,507,197
3,635,182
849,426
910,145

201407080301(201407080301)
794,239
1,507,197
3,635,182
849,426
910,145

201407080302(201407080302)
794,239
1,507,197
3,635,182
849,426
910,145

201407080309(201407080309)
794,860
1,507,197
3,635,182
849,426
912,194

201407080310(201407080310)
795,872
1,507,197
3,635,182
849,426
912,194

201407080311(201407080311)
795,872
1,507,197
3,635,182
849,426
912,194

201407080312(201407080312)
795,872
1,507,197
3,635,182
849,426
912,357

201407080319(201407080319)
795,872
1,507,197
3,635,182
849,426
912,357

201407080320(201407080320)
795,872
1,507,197
3,635,182
849,426
912,357

201407080321(201407080321)
795,872
1,507,197
3,635,182
849,426
912,402

201407080322(201407080322)
795,872
1,507,197
3,635,182
850,933
912,402

201407080329(201407080329)
797,228
1,507,197
3,635,182
850,933
912,402

201407080330(201407080330)
797,228
1,507,197
3,635,182
850,933
912,402

201407080331(201407080331)
797,228
1,507,197
3,635,182
850,933
912,402

201407080332(201407080332)
797,228
1,507,197
3,635,182
850,933
912,402

201407080339(201407080339)
798,213
1,515,844
3,635,182
851,031
914,673

201407080340(201407080340)
798,213
1,515,844
3,635,182
851,031
914,673

201407080341(201407080341)
798,213
1,515,844
3,635,182
851,031
914,673

201407080342(201407080342)
798,213
1,515,844
3,635,182
851,457
914,673

201407080349(201407080349)
798,213
1,515,844
3,635,182
851,945
915,043

201407080350(201407080350)
798,213
1,515,844
3,635,182
851,945
915,632

201407080351(201407080351)
798,213
1,515,844
3,635,182
851,945
915,632

201407080352(201407080352)
798,213
1,515,844
3,635,182
851,945
915,632

201407080359(201407080359)
798,213
1,515,844
3,635,182
851,945
915,632

201407080400(201407080400)
798,213
1,515,844
3,635,182
851,945
915,632

201407080401(201407080401)
798,213
1,515,844
3,635,182
851,945
915,632

201407080402(201407080402)
798,213
1,515,844
3,635,182
851,945
915,632

201407080409(201407080409)
798,213
1,515,844
3,635,182
851,950
918,040

201407080410(201407080410)
798,213
1,515,844
3,635,182
851,950
918,040

201407080411(201407080411)
798,213
1,515,844
3,635,182
851,950
918,040

201407080412(201407080412)
798,213
1,515,844
3,635,182
851,950
918,040

201407080419(201407080419)
798,213
1,515,844
3,635,182
851,950
918,040

201407080420(201407080420)
798,213
1,515,844
3,635,182
851,950
918,040

201407080421(201407080421)
798,213
1,515,844
3,635,182
851,950
918,040

201407080422(201407080422)
798,449
1,515,844
3,635,182
851,950
918,040

201407080429(201407080429)
798,633
1,515,844
3,635,182
851,950
918,040

201407080430(201407080430)
798,633
1,515,844
3,635,182
851,950
918,040

201407080431(201407080431)
798,633
1,515,844
3,635,182
851,950
918,098

201407080432(201407080432)
798,633
1,515,844
3,635,182
851,950
918,418

201407080439(201407080439)
798,633
1,515,844
3,656,209
851,950
918,461

201407080440(201407080440)
798,633
1,515,844
3,656,209
851,950
918,761

201407080441(201407080441)
798,633
1,515,844
3,656,209
851,950
918,761

201407080442(201407080442)
798,898
1,515,844
3,656,209
851,950
918,761

201407080449(201407080449)
800,778
1,515,844
3,656,209
853,037
919,272

201407080450(201407080450)
800,778
1,515,844
3,656,209
853,037
919,272

201407080451(201407080451)
800,778
1,515,844
3,656,209
853,037
919,272

201407080452(201407080452)
800,778
1,515,844
3,656,209
853,037
919,272

201407080459(201407080459)
800,778
1,515,844
3,656,209
853,037
919,272

201407080500(201407080500)
800,778
1,515,844
3,656,209
853,037
919,272

201407080501(201407080501)
800,778
1,515,844
3,656,209
853,037
919,272

201407080502(201407080502)
800,778
1,515,844
3,656,209
853,037
919,272

201407080509(201407080509)
800,863
1,515,844
3,656,209
853,037
919,351

201407080510(201407080510)
800,863
1,515,844
3,656,209
853,037
919,351

201407080511(201407080511)
801,396
1,515,844
3,656,209
853,037
919,351

201407080512(201407080512)
801,396
1,515,844
3,656,209
853,037
919,351

201407080519(201407080519)
801,396
1,515,844
3,656,209
853,037
919,351

201407080520(201407080520)
801,396
1,515,844
3,656,209
853,037
919,351

201407080521(201407080521)
801,396
1,515,844
3,656,209
853,037
919,820

201407080522(201407080522)
801,396
1,515,844
3,656,209
853,037
919,820

201407080529(201407080529)
802,338
1,515,844
3,656,209
856,270
922,250

201407080530(201407080530)
802,338
1,515,844
3,656,209
856,414
922,250

201407080531(201407080531)
802,341
1,515,844
3,656,209
856,414
922,250

201407080532(201407080532)
802,341
1,515,844
3,656,209
856,414
922,250

201407080539(201407080539)
802,653
1,521,900
3,656,209
856,414
923,019

201407080540(201407080540)
802,653
1,521,900
3,656,209
856,414
923,019

201407080541(201407080541)
802,653
1,521,900
3,656,209
856,414
923,019

201407080542(201407080542)
802,653
1,524,349
3,656,209
856,414
923,019

201407080549(201407080549)
803,473
1,524,349
3,656,209
856,971
923,019

201407080550(201407080550)
803,473
1,524,349
3,656,209
856,971
923,019

201407080551(201407080551)
803,473
1,524,349
3,656,209
856,971
923,019

201407080552(201407080552)
803,817
1,524,349
3,656,209
856,971
923,019

201407080559(201407080559)
803,952
1,524,349
3,656,209
857,006
923,019

201407080600(201407080600)
803,952
1,524,349
3,656,209
857,006
923,019

201407080601(201407080601)
803,952
1,524,349
3,656,209
857,006
923,076

201407080602(201407080602)
803,952
1,524,349
3,656,209
857,006
923,076

201407080609(201407080609)
803,952
1,524,932
3,656,209
857,006
923,076

201407080610(201407080610)
803,952
1,524,932
3,656,209
857,006
923,076

201407080611(201407080611)
804,701
1,524,932
3,656,209
857,490
923,076

201407080612(201407080612)
804,701
1,524,932
3,668,690
857,490
923,076

201407080619(201407080619)
804,956
1,524,932
3,668,690
857,974
925,599

201407080620(201407080620)
804,956
1,524,932
3,668,690
857,974
925,599

201407080621(201407080621)
804,956
1,524,932
3,668,690
857,974
925,599

201407080622(201407080622)
804,956
1,524,932
3,668,690
857,974
925,599

201407080629(201407080629)
805,355
1,524,932
3,668,690
857,974
925,599

201407080630(201407080630)
805,551
1,524,932
3,668,690
857,974
925,599

201407080631(201407080631)
805,551
1,524,932
3,668,690
857,974
925,599

201407080632(201407080632)
805,607
1,524,932
3,668,690
857,974
925,599

201407080639(201407080639)
806,472
1,531,561
3,668,690
861,013
925,599

201407080640(201407080640)
808,058
1,533,691
3,668,690
861,013
925,896

201407080641(201407080641)
808,313
1,534,545
3,668,690
863,502
925,896

201407080642(201407080642)
808,313
1,534,545
3,668,690
863,824
926,472

201407080649(201407080649)
808,313
1,534,545
3,668,690
864,308
927,861

201407080650(201407080650)
808,313
1,534,545
3,668,690
864,308
927,867

201407080651(201407080651)
808,313
1,534,545
3,668,690
864,308
927,867

201407080652(201407080652)
808,313
1,534,545
3,668,690
864,308
927,867

201407080659(201407080659)
809,369
1,538,880
3,668,690
865,705
928,987

201407080700(201407080700)
809,394
1,538,880
3,668,690
865,705
929,702

201407080701(201407080701)
809,394
1,540,893
3,668,690
865,705
929,702

201407080702(201407080702)
809,394
1,540,893
3,668,690
865,705
929,702

201407080709(201407080709)
809,913
1,541,856
3,668,690
865,886
931,983

201407080710(201407080710)
809,913
1,542,970
3,668,690
865,886
931,983

201407080711(201407080711)
809,913
1,545,089
3,668,690
865,886
931,983

201407080712(201407080712)
809,913
1,545,904
3,668,690
865,886
931,983

201407080719(201407080719)
810,386
1,545,904
3,668,690
865,886
931,983

201407080720(201407080720)
810,386
1,545,904
3,668,690
868,163
931,983

201407080721(201407080721)
810,386
1,545,904
3,668,690
869,661
932,165

201407080722(201407080722)
810,386
1,545,904
3,668,690
869,679
932,673

201407080729(201407080729)
810,407
1,548,611
3,668,690
873,177
932,673

201407080730(201407080730)
810,407
1,548,611
3,668,690
873,177
932,673

201407080731(201407080731)
810,407
1,548,611
3,668,690
873,177
932,824

201407080732(201407080732)
810,407
1,548,611
3,668,690
873,177
933,507

201407080739(201407080739)
810,428
1,549,054
3,688,654
874,609
935,564

201407080740(201407080740)
810,428
1,549,054
3,688,654
874,609
935,564

201407080741(201407080741)
810,428
1,549,054
3,688,654
874,609
935,564

201407080742(201407080742)
812,129
1,549,054
3,688,654
874,609
935,564

201407080749(201407080749)
813,517
1,552,460
3,688,654
874,609
935,564

201407080750(201407080750)
813,517
1,552,582
3,688,654
874,609
935,564

201407080751(201407080751)
813,517
1,552,582
3,688,654
874,609
935,564

201407080752(201407080752)
813,553
1,552,582
3,688,654
874,827
935,564

201407080759(201407080759)
814,733
1,552,582
3,688,654
875,355
938,635

201407080800(201407080800)
814,733
1,552,582
3,688,654
875,355
938,635

201407080801(201407080801)
814,733
1,553,705
3,688,654
875,355
938,635

201407080802(201407080802)
814,733
1,553,705
3,688,654
875,355
938,635

201407080809(201407080809)
815,497
1,555,172
3,688,654
877,269
938,635

201407080810(201407080810)
816,075
1,555,172
3,688,654
877,269
938,635

201407080811(201407080811)
816,075
1,555,172
3,688,654
877,269
938,699

201407080812(201407080812)
816,075
1,555,172
3,688,654
877,269
938,699

201407080819(201407080819)
818,095
1,555,172
3,688,654
878,219
941,797

201407080820(201407080820)
818,095
1,555,172
3,688,654
878,219
941,797

201407080821(201407080821)
818,095
1,555,172
3,688,654
878,219
941,797

201407080822(201407080822)
819,189
1,555,172
3,688,654
878,219
941,797

201407080829(201407080829)
820,079
1,559,191
3,688,654
878,319
942,099

201407080830(201407080830)
820,079
1,559,191
3,688,654
878,319
942,099

201407080831(201407080831)
820,079
1,559,191
3,688,654
878,319
942,099

201407080832(201407080832)
820,079
1,559,191
3,688,654
878,319
942,144

201407080839(201407080839)
820,752
1,559,344
3,688,654
878,319
942,144

201407080840(201407080840)
821,008
1,559,344
3,688,654
878,319
942,144

201407080841(201407080841)
821,008
1,559,344
3,688,654
878,419
943,489

201407080842(201407080842)
821,008
1,559,344
3,688,654
878,419
943,637

201407080849(201407080849)
821,203
1,559,344
3,688,654
878,419
943,907

201407080850(201407080850)
821,203
1,559,344
3,688,654
878,419
943,907

201407080851(201407080851)
821,203
1,559,344
3,688,654
878,419
943,907

201407080852(201407080852)
821,887
1,559,344
3,688,654
878,419
943,907

201407080859(201407080859)
822,865
1,559,344
3,688,654
878,772
944,086

201407080900(201407080900)
822,865
1,559,344
3,688,654
878,772
944,086

201407080901(201407080901)
822,865
1,559,344
3,688,654
878,908
944,086

201407080902(201407080902)
822,865
1,559,546
3,688,654
879,217
944,086

201407080909(201407080909)
823,052
1,562,997
3,688,654
879,270
944,939

201407080910(201407080910)
823,052
1,562,997
3,688,654
879,270
944,939

201407080911(201407080911)
823,052
1,562,997
3,688,654
879,270
944,939

201407080912(201407080912)
823,052
1,562,997
3,688,654
879,270
944,939

201407080919(201407080919)
824,403
1,562,997
3,688,654
879,270
944,939

201407080920(201407080920)
824,403
1,562,997
3,688,654
879,351
944,939

201407080921(201407080921)
824,403
1,562,997
3,688,654
879,351
944,939

201407080922(201407080922)
824,403
1,562,997
3,688,654
879,351
944,939

201407080929(201407080929)
824,717
1,566,756
3,688,654
880,051
945,704

201407080930(201407080930)
824,717
1,566,756
3,688,654
880,051
945,704

201407080931(201407080931)
824,717
1,566,756
3,688,654
880,051
946,055

201407080932(201407080932)
824,717
1,566,756
3,688,654
880,051
946,055

201407080939(201407080939)
825,202
1,577,503
3,688,654
880,051
946,055

201407080940(201407080940)
825,202
1,577,503
3,688,654
880,051
946,055

201407080941(201407080941)
825,202
1,577,503
3,688,654
880,051
946,055

201407080942(201407080942)
825,202
1,577,503
3,688,654
880,051
946,055

201407080949(201407080949)
825,245
1,584,292
3,695,400
880,267
946,101

201407080950(201407080950)
825,245
1,584,292
3,695,400
880,267
946,101

201407080951(201407080951)
826,202
1,584,292
3,695,400
880,267
946,101

201407080952(201407080952)
826,312
1,584,292
3,695,400
882,543
946,101

201407080959(201407080959)
826,555
1,584,292
3,695,400
882,543
946,101

201407081000(201407081000)
826,587
1,584,292
3,695,400
882,543
946,101

201407081001(201407081001)
826,587
1,584,292
3,695,400
882,543
946,101

201407081002(201407081002)
826,587
1,584,292
3,695,400
882,543
946,101

201407081009(201407081009)
826,880
1,586,777
3,695,400
882,543
946,379

201407081010(201407081010)
826,880
1,586,777
3,695,400
882,543
946,379

201407081011(201407081011)
826,880
1,586,777
3,695,400
882,543
946,379

201407081012(201407081012)
827,553
1,586,777
3,695,400
882,886
946,379

201407081019(201407081019)
827,985
1,586,777
3,695,400
882,886
947,925

201407081020(201407081020)
827,985
1,586,777
3,695,400
882,886
947,925

201407081021(201407081021)
827,985
1,586,812
3,695,400
882,886
947,925

201407081022(201407081022)
827,985
1,586,812
3,695,400
882,886
948,703

201407081029(201407081029)
827,985
1,586,812
3,695,400
882,886
949,305

201407081030(201407081030)
827,985
1,586,812
3,695,400
882,886
949,305

201407081031(201407081031)
827,985
1,586,812
3,695,400
882,886
949,305

201407081032(201407081032)
827,985
1,586,812
3,695,400
882,886
949,305

201407081039(201407081039)
828,059
1,588,863
3,695,400
882,886
953,686

201407081040(201407081040)
828,059
1,588,863
3,695,400
882,886
953,686

201407081041(201407081041)
828,059
1,588,863
3,695,400
882,886
953,686

201407081042(201407081042)
828,059
1,588,863
3,695,400
882,886
955,659

201407081049(201407081049)
828,059
1,593,819
3,695,400
883,027
956,502

201407081050(201407081050)
828,059
1,593,819
3,695,400
883,027
956,502

201407081051(201407081051)
828,059
1,593,819
3,695,400
883,027
956,502

201407081052(201407081052)
828,059
1,596,766
3,695,400
883,027
956,502

201407081059(201407081059)
828,148
1,597,240
3,695,400
883,027
956,502

201407081100(201407081100)
828,148
1,597,240
3,695,400
883,027
956,502

201407081101(201407081101)
828,148
1,597,240
3,695,400
883,027
956,502

201407081102(201407081102)
828,148
1,597,240
3,695,400
883,027
956,502

201407081109(201407081109)
828,939
1,597,240
3,695,400
884,153
956,674

201407081110(201407081110)
828,939
1,597,240
3,695,400
884,153
956,674

201407081111(201407081111)
828,939
1,597,240
3,695,400
884,324
956,674

201407081112(201407081112)
828,939
1,597,291
3,695,400
884,382
956,674

201407081119(201407081119)
830,057
1,597,291
3,695,400
884,382
957,518

201407081120(201407081120)
830,057
1,597,291
3,695,400
884,585
957,518

201407081121(201407081121)
830,057
1,597,291
3,695,400
884,585
957,518

201407081122(201407081122)
830,057
1,597,291
3,695,400
884,640
957,518

201407081129(201407081129)
830,057
1,597,291
3,695,400
885,012
958,212

201407081130(201407081130)
830,057
1,597,291
3,695,400
885,012
958,212

201407081131(201407081131)
830,245
1,597,291
3,695,400
885,012
958,212

201407081132(201407081132)
830,259
1,597,291
3,695,400
885,023
958,212

201407081139(201407081139)
832,712
1,598,572
3,695,400
885,803
959,266

201407081140(201407081140)
833,535
1,598,572
3,695,400
885,803
959,266

201407081141(201407081141)
833,535
1,598,572
3,695,400
887,043
959,266

201407081142(201407081142)
833,863
1,598,572
3,695,400
887,043
959,266

201407081149(201407081149)
835,313
1,599,373
3,695,400
889,503
960,572

201407081150(201407081150)
835,313
1,599,373
3,695,400
889,503
962,100

201407081151(201407081151)
835,313
1,599,373
3,695,400
889,503
962,100

201407081152(201407081152)
835,313
1,599,373
3,695,400
890,051
962,100

201407081159(201407081159)
835,538
1,602,314
3,707,652
890,051
962,138

201407081200(201407081200)
836,200
1,602,314
3,707,652
890,051
962,138

201407081201(201407081201)
836,200
1,602,314
3,707,652
893,202
962,138

201407081202(201407081202)
836,200
1,603,242
3,707,652
893,202
962,138

201407081209(201407081209)
836,219
1,608,040
3,723,106
893,202
962,327

201407081210(201407081210)
836,219
1,608,040
3,723,106
893,202
962,327

201407081211(201407081211)
836,219
1,608,040
3,723,106
897,121
962,327

201407081212(201407081212)
836,219
1,609,714
3,723,106
897,121
963,232

201407081219(201407081219)
836,744
1,609,875
3,723,106
898,384
963,232

201407081220(201407081220)
836,744
1,611,511
3,723,106
898,384
963,232

201407081221(201407081221)
836,744
1,611,511
3,723,106
898,384
963,232

201407081222(201407081222)
836,744
1,611,511
3,723,106
898,384
963,232

201407081229(201407081229)
837,436
1,611,747
3,723,106
899,338
964,426

201407081230(201407081230)
837,436
1,611,747
3,723,106
899,338
964,426

201407081231(201407081231)
837,436
1,611,747
3,723,106
899,782
964,426

201407081232(201407081232)
839,706
1,611,747
3,723,106
899,782
964,426

201407081239(201407081239)
840,846
1,615,316
3,723,386
900,855
965,308

201407081240(201407081240)
840,846
1,615,316
3,723,386
901,045
965,308

201407081241(201407081241)
842,279
1,615,316
3,723,386
901,045
965,308

201407081242(201407081242)
842,279
1,615,316
3,723,386
901,045
965,308

201407081249(201407081249)
843,279
1,621,240
3,723,386
902,638
971,753

201407081250(201407081250)
843,279
1,621,240
3,723,386
902,638
972,139

201407081251(201407081251)
843,279
1,621,240
3,723,386
902,638
972,139

201407081252(201407081252)
843,279
1,621,240
3,723,386
902,638
972,139

201407081259(201407081259)
844,458
1,622,792
3,723,386
902,638
972,972

201407081300(201407081300)
844,458
1,622,792
3,723,386
902,638
972,972

201407081301(201407081301)
844,824
1,622,792
3,723,386
903,328
972,972

201407081302(201407081302)
844,824
1,622,792
3,723,386
904,276
972,972

201407081309(201407081309)
845,225
1,624,425
3,723,386
906,083
972,972

201407081310(201407081310)
845,225
1,624,425
3,723,386
906,399
972,972

201407081311(201407081311)
845,225
1,624,425
3,723,386
906,399
972,972

201407081312(201407081312)
846,279
1,624,425
3,723,386
906,399
972,972

201407081319(201407081319)
848,402
1,624,425
3,723,386
908,105
974,187

201407081320(201407081320)
848,402
1,624,425
3,723,386
908,451
974,187

201407081321(201407081321)
848,402
1,624,425
3,723,386
908,451
974,187

201407081322(201407081322)
848,402
1,624,425
3,723,386
908,451
974,187

201407081329(201407081329)
848,522
1,624,425
3,723,386
908,451
974,187

201407081330(201407081330)
848,522
1,624,425
3,723,386
908,451
974,187

201407081331(201407081331)
848,522
1,624,425
3,723,386
908,451
974,187

201407081332(201407081332)
848,522
1,624,425
3,723,386
908,451
974,187

201407081339(201407081339)
848,522
1,624,425
3,723,386
908,567
974,187

201407081340(201407081340)
848,522
1,624,425
3,723,386
908,567
974,187

201407081341(201407081341)
848,522
1,624,425
3,723,386
908,567
974,187

201407081342(201407081342)
848,522
1,624,425
3,723,386
909,191
974,187

201407081349(201407081349)
849,561
1,628,131
3,723,386
909,191
974,923

201407081350(201407081350)
849,561
1,628,131
3,723,386
909,191
974,923

201407081351(201407081351)
849,561
1,628,131
3,723,386
910,028
974,923

201407081352(201407081352)
849,561
1,628,131
3,723,386
912,033
974,962

201407081359(201407081359)
850,407
1,628,131
3,761,055
912,194
976,710

201407081400(201407081400)
850,407
1,628,131
3,761,055
912,194
976,710

201407081401(201407081401)
850,407
1,628,131
3,761,055
912,194
976,710

201407081402(201407081402)
850,407
1,628,131
3,761,055
912,357
976,710

201407081409(201407081409)
850,407
1,628,131
3,761,055
912,357
977,007

201407081410(201407081410)
850,407
1,628,131
3,761,055
912,357
977,007

201407081411(201407081411)
850,407
1,629,984
3,761,055
912,357
977,007

201407081412(201407081412)
850,407
1,631,723
3,761,055
912,357
977,007

201407081419(201407081419)
850,735
1,634,281
3,761,055
913,305
977,955

201407081420(201407081420)
850,735
1,634,281
3,761,055
913,305
977,955

201407081421(201407081421)
850,735
1,634,281
3,761,055
913,305
977,969

201407081422(201407081422)
850,735
1,634,281
3,761,055
913,305
977,969

201407081429(201407081429)
851,890
1,634,281
3,776,606
913,305
977,969

201407081430(201407081430)
851,890
1,634,281
3,776,606
913,335
977,969

201407081431(201407081431)
851,890
1,634,281
3,776,606
913,335
977,969

201407081432(201407081432)
851,950
1,634,281
3,776,606
913,335
977,969

201407081439(201407081439)
851,950
1,634,281
3,776,606
913,486
980,429

201407081440(201407081440)
851,950
1,634,281
3,776,606
913,486
980,429

201407081441(201407081441)
851,950
1,634,281
3,776,606
913,770
980,429

201407081442(201407081442)
851,950
1,634,281
3,776,606
913,770
980,429

201407081449(201407081449)
852,361
1,644,751
3,776,606
914,411
980,989

201407081450(201407081450)
852,361
1,644,751
3,776,606
914,411
980,989

201407081451(201407081451)
853,191
1,644,751
3,776,606
914,411
980,989

201407081452(201407081452)
853,191
1,644,751
3,776,606
914,411
980,989

201407081459(201407081459)
853,191
1,645,708
3,776,606
915,833
984,309

201407081500(201407081500)
853,191
1,645,708
3,776,606
915,833
984,309

201407081501(201407081501)
853,191
1,645,708
3,776,606
915,833
984,309

201407081502(201407081502)
853,191
1,645,734
3,776,606
915,833
984,309

201407081509(201407081509)
853,191
1,649,049
3,776,606
916,496
985,125

201407081510(201407081510)
853,191
1,649,171
3,776,606
916,496
985,125

201407081511(201407081511)
853,191
1,649,171
3,776,606
916,496
985,125

201407081512(201407081512)
853,191
1,649,171
3,776,606
916,496
985,125

201407081519(201407081519)
853,911
1,649,171
3,776,606
916,496
985,125

201407081520(201407081520)
853,911
1,649,171
3,776,606
916,496
985,125

201407081521(201407081521)
853,911
1,649,171
3,776,606
916,496
985,125

201407081522(201407081522)
853,911
1,649,171
3,776,606
916,496
985,125

201407081529(201407081529)
853,911
1,649,171
3,776,606
916,613
985,125

201407081530(201407081530)
853,911
1,649,171
3,776,606
916,613
985,125

201407081531(201407081531)
853,911
1,649,171
3,776,606
916,656
985,125

201407081532(201407081532)
853,911
1,649,171
3,776,606
916,656
986,691

201407081539(201407081539)
854,202
1,649,171
3,801,018
917,266
986,691

201407081540(201407081540)
854,202
1,649,171
3,801,018
917,266
986,691

201407081541(201407081541)
854,202
1,649,171
3,801,018
917,266
986,691

201407081542(201407081542)
854,202
1,649,171
3,801,018
917,266
986,691

201407081549(201407081549)
854,249
1,649,171
3,801,018
917,266
986,691

201407081550(201407081550)
854,589
1,649,171
3,801,018
921,168
986,691

201407081551(201407081551)
855,489
1,649,171
3,801,018
921,562
986,691

201407081552(201407081552)
855,489
1,649,171
3,801,018
921,562
986,691

201407081559(201407081559)
858,000
1,649,171
3,801,018
922,668
986,691

201407081600(201407081600)
858,300
1,649,714
3,801,018
922,818
986,691

201407081601(201407081601)
858,565
1,649,714
3,801,018
923,068
986,691

201407081602(201407081602)
858,666
1,649,714
3,801,018
923,112
986,691

201407081609(201407081609)
858,666
1,649,714
3,801,018
923,827
989,797

201407081610(201407081610)
858,666
1,649,714
3,801,018
923,827
989,797

201407081611(201407081611)
858,666
1,649,714
3,801,018
923,827
989,797

201407081612(201407081612)
858,666
1,649,714
3,801,018
923,827
989,797

201407081619(201407081619)
858,915
1,649,714
3,801,018
923,919
990,191

201407081620(201407081620)
859,978
1,652,156
3,801,018
923,919
990,191

201407081621(201407081621)
859,978
1,652,156
3,801,018
924,465
990,191

201407081622(201407081622)
859,978
1,652,156
3,801,018
924,465
990,191

201407081629(201407081629)
860,135
1,652,156
3,801,018
924,465
990,611

201407081630(201407081630)
860,135
1,652,156
3,801,018
925,402
990,611

201407081631(201407081631)
860,378
1,652,156
3,801,018
925,491
990,611

201407081632(201407081632)
860,378
1,652,156
3,801,018
925,491
990,611

201407081639(201407081639)
860,556
1,653,016
3,801,018
925,657
990,611

201407081640(201407081640)
860,881
1,655,683
3,801,018
925,657
990,611

201407081641(201407081641)
860,881
1,655,683
3,801,018
925,735
990,611

201407081642(201407081642)
860,881
1,655,683
3,801,018
925,735
990,611

201407081649(201407081649)
862,036
1,655,683
3,801,018
927,586
993,256

201407081650(201407081650)
862,036
1,655,683
3,801,018
928,029
993,256

201407081651(201407081651)
862,036
1,655,683
3,801,018
928,029
993,256

201407081652(201407081652)
862,036
1,655,683
3,801,018
928,221
993,256

201407081659(201407081659)
864,020
1,655,683
3,801,018
928,365
996,051

201407081700(201407081700)
864,020
1,655,683
3,801,018
928,365
996,051

201407081701(201407081701)
864,020
1,655,683
3,801,018
928,365
996,051

201407081702(201407081702)
864,020
1,655,735
3,801,018
928,365
996,051

