


201407041721(201407041721)
4,279
6,636
11,721
4,525
4,780

201407041722(201407041722)
4,513
7,002
12,387
4,751
4,998

201407041729(201407041729)
5,922
9,199
18,064
6,196
6,507

201407041730(201407041730)
6,145
9,478
18,690
6,466
6,798

201407041731(201407041731)
6,312
9,789
19,486
6,587
6,975

201407041732(201407041732)
6,491
10,037
20,277
6,798
7,184

201407041739(201407041739)
7,769
12,810
28,056
8,244
8,625

201407041740(201407041740)
7,920
13,121
29,050
8,428
8,842

201407041741(201407041741)
8,129
13,423
29,387
8,595
9,017

201407041742(201407041742)
8,375
14,072
31,144
8,758
9,321

201407041749(201407041749)
9,454
17,221
37,555
10,104
10,800

201407041750(201407041750)
9,556
17,774
39,657
10,322
11,021

201407041751(201407041751)
9,713
18,472
40,669
10,480
11,122

201407041752(201407041752)
9,944
18,820
41,520
10,632
11,313

201407041759(201407041759)
11,177
21,599
51,244
11,915
12,865

201407041800(201407041800)
11,420
21,820
52,298
12,129
13,035

201407041801(201407041801)
11,534
22,324
53,194
12,332
13,279

201407041802(201407041802)
11,674
22,930
54,876
12,445
13,423

201407041809(201407041809)
12,869
25,641
59,984
13,816
14,967

201407041810(201407041810)
13,035
26,041
60,675
13,980
15,185

201407041811(201407041811)
13,154
26,429
61,610
14,232
15,510

201407041812(201407041812)
13,315
26,805
62,372
14,380
15,686

201407041819(201407041819)
14,599
28,911
70,513
15,868
17,168

201407041820(201407041820)
14,837
29,283
71,492
15,991
17,364

201407041821(201407041821)
14,987
29,924
73,659
16,187
17,471

201407041822(201407041822)
15,162
30,311
73,932
16,475
17,822

201407041829(201407041829)
16,230
33,432
82,941
17,587
19,442

201407041830(201407041830)
16,423
34,256
84,930
17,847
19,606

201407041831(201407041831)
16,692
34,697
86,971
18,193
19,664

201407041832(201407041832)
16,871
35,136
87,281
18,436
19,858

201407041839(201407041839)
18,268
38,576
95,450
19,636
21,167

201407041840(201407041840)
18,443
38,840
96,087
19,811
21,505

201407041841(201407041841)
18,569
39,417
96,585
19,952
21,707

201407041842(201407041842)
18,667
39,898
96,735
20,078
21,846

201407041849(201407041849)
19,605
43,234
104,015
21,244
23,269

201407041850(201407041850)
19,684
43,799
105,357
21,535
23,501

201407041851(201407041851)
19,906
44,715
106,208
21,603
23,619

201407041852(201407041852)
20,034
45,391
107,322
21,733
24,009

201407041859(201407041859)
21,309
47,799
114,014
23,170
25,370

201407041900(201407041900)
21,309
47,799
115,071
23,170
25,571

201407041901(201407041901)
21,577
48,777
115,564
23,462
25,817

201407041902(201407041902)
21,622
49,293
117,810
23,619
26,098

201407041909(201407041909)
22,718
52,314
126,890
24,858
27,186

201407041910(201407041910)
22,718
52,473
127,013
25,116
27,315

201407041911(201407041911)
23,082
52,577
127,546
25,225
27,347

201407041912(201407041912)
23,236
52,844
127,617
25,423
27,488

201407041919(201407041919)
24,585
55,311
132,604
26,706
29,028

201407041920(201407041920)
24,673
55,311
132,604
26,706
29,283

201407041921(201407041921)
24,858
55,958
133,463
27,065
29,609

201407041922(201407041922)
25,108
56,324
134,122
27,186
29,961

201407041929(201407041929)
26,379
57,903
139,528
28,579
31,518

201407041930(201407041930)
26,427
58,000
141,349
28,664
31,610

201407041931(201407041931)
26,569
58,436
144,092
28,891
31,868

201407041932(201407041932)
26,767
58,608
145,788
29,020
31,920

201407041939(201407041939)
27,701
60,564
151,150
30,509
33,619

201407041940(201407041940)
27,701
60,564
151,150
30,509
33,818

201407041941(201407041941)
28,182
61,058
155,811
30,784
34,025

201407041942(201407041942)
28,391
61,233
155,811
30,967
34,274

201407041949(201407041949)
29,449
63,745
161,551
32,681
36,372

201407041950(201407041950)
29,549
63,757
161,731
32,960
36,477

201407041951(201407041951)
30,016
64,399
161,911
33,039
36,721

201407041952(201407041952)
30,188
65,116
165,135
33,185
36,895

201407041959(201407041959)
31,656
66,860
172,159
34,806
38,949

201407042000(201407042000)
31,656
66,860
172,159
34,942
38,949

201407042001(201407042001)
32,053
67,678
172,719
35,239
39,442

201407042002(201407042002)
32,153
67,956
173,444
35,666
39,754

201407042009(201407042009)
33,439
70,459
181,719
36,801
41,211

201407042010(201407042010)
33,855
70,459
183,643
36,801
41,355

201407042011(201407042011)
34,099
70,983
184,700
37,272
41,680

201407042012(201407042012)
34,413
71,377
185,207
37,858
42,127

201407042019(201407042019)
35,954
73,536
199,356
39,677
44,004

201407042020(201407042020)
35,954
73,536
199,356
39,677
44,004

201407042021(201407042021)
36,232
74,473
200,829
40,051
44,520

201407042022(201407042022)
36,445
74,991
201,541
40,382
44,659

201407042029(201407042029)
37,952
77,376
207,547
41,837
46,253

201407042030(201407042030)
38,145
77,376
209,558
41,837
46,526

201407042031(201407042031)
38,479
77,854
210,386
42,411
46,914

201407042032(201407042032)
38,783
78,381
211,441
42,640
47,131

201407042039(201407042039)
39,995
82,254
218,470
44,410
48,550

201407042040(201407042040)
39,995
82,254
218,470
44,410
48,550

201407042041(201407042041)
40,674
84,244
220,397
44,792
49,235

201407042042(201407042042)
41,186
84,283
220,397
45,081
49,272

201407042049(201407042049)
43,137
86,539
225,032
47,445
51,282

201407042050(201407042050)
43,323
86,539
225,032
47,612
51,885

201407042051(201407042051)
43,377
86,878
227,659
47,829
51,995

201407042052(201407042052)
43,508
87,745
227,894
48,234
52,125

201407042059(201407042059)
45,710
89,840
243,567
49,273
54,223

201407042100(201407042100)
45,710
90,308
244,190
49,273
54,329

201407042101(201407042101)
46,242
90,348
245,213
50,070
54,442

201407042102(201407042102)
46,667
90,863
246,475
50,509
54,895

201407042109(201407042109)
48,470
92,338
255,153
52,489
56,725

201407042110(201407042110)
48,470
92,338
259,450
52,692
57,014

201407042111(201407042111)
48,674
92,859
259,977
53,056
57,307

201407042112(201407042112)
48,955
93,332
260,173
53,183
57,356

201407042119(201407042119)
51,222
96,554
274,973
54,964
58,805

201407042120(201407042120)
51,345
97,015
274,973
55,210
58,805

201407042121(201407042121)
51,920
97,396
274,973
55,398
59,000

201407042122(201407042122)
52,248
97,467
274,973
55,849
59,234

201407042129(201407042129)
54,269
100,421
281,768
57,713
61,289

201407042130(201407042130)
54,269
101,147
281,768
57,931
61,582

201407042131(201407042131)
54,390
101,909
284,333
58,051
61,733

201407042132(201407042132)
54,711
102,168
284,651
58,206
62,093

201407042139(201407042139)
56,136
106,322
297,352
59,631
64,083

201407042140(201407042140)
56,136
106,808
297,939
59,631
64,083

201407042141(201407042141)
56,475
107,631
299,542
59,941
64,505

201407042142(201407042142)
56,549
108,107
300,208
60,114
64,725

201407042149(201407042149)
57,947
111,546
313,618
61,635
66,755

201407042150(201407042150)
57,947
111,937
315,019
61,635
66,755

201407042151(201407042151)
58,457
112,531
325,692
62,268
67,679

201407042152(201407042152)
58,679
113,218
325,692
62,472
68,032

201407042159(201407042159)
60,114
116,309
327,147
64,755
69,822

201407042200(201407042200)
60,114
116,853
327,147
64,755
70,222

201407042201(201407042201)
60,179
116,947
333,004
64,965
70,327

201407042202(201407042202)
60,620
117,110
341,099
65,253
70,461

201407042209(201407042209)
62,458
121,727
357,944
67,172
72,894

201407042210(201407042210)
62,695
121,727
357,944
67,448
72,894

201407042211(201407042211)
63,044
122,880
359,645
67,811
73,578

201407042212(201407042212)
63,324
123,081
361,037
68,288
74,114

201407042219(201407042219)
65,176
127,207
374,474
70,435
76,240

201407042220(201407042220)
65,489
127,207
377,623
70,435
76,471

201407042221(201407042221)
65,664
128,206
379,168
70,949
76,796

201407042222(201407042222)
65,765
128,206
381,077
71,131
76,910

201407042229(201407042229)
67,811
133,108
391,536
73,785
79,572

201407042230(201407042230)
67,811
133,233
391,536
73,785
79,572

201407042231(201407042231)
68,355
133,395
398,840
74,087
80,024

201407042232(201407042232)
68,551
133,395
401,460
74,114
80,121

201407042239(201407042239)
69,939
135,424
415,483
75,637
81,094

201407042240(201407042240)
69,939
136,404
415,483
75,637
81,094

201407042241(201407042241)
70,313
136,768
419,089
76,139
81,394

201407042242(201407042242)
70,715
137,596
419,089
76,240
81,740

201407042249(201407042249)
72,593
138,751
432,772
77,982
84,066

201407042250(201407042250)
72,593
138,751
433,010
78,123
84,066

201407042251(201407042251)
73,021
139,538
433,172
78,411
84,511

201407042252(201407042252)
73,208
140,877
433,310
78,543
84,979

201407042259(201407042259)
74,959
144,673
441,170
80,228
87,558

201407042300(201407042300)
74,959
145,204
441,170
80,228
87,558

201407042301(201407042301)
75,617
145,204
444,424
80,477
88,090

201407042302(201407042302)
75,637
145,788
444,524
80,950
88,326

201407042309(201407042309)
77,290
149,409
457,787
82,912
90,358

201407042310(201407042310)
77,290
149,409
460,903
82,985
90,358

201407042311(201407042311)
77,444
149,879
463,945
83,273
90,769

201407042312(201407042312)
77,533
150,433
464,947
83,727
91,050

201407042319(201407042319)
79,525
153,568
470,703
86,149
94,020

201407042320(201407042320)
79,525
153,568
470,703
86,149
94,020

201407042321(201407042321)
79,828
154,436
470,703
86,379
94,049

201407042322(201407042322)
80,001
154,753
470,703
86,387
94,395

201407042329(201407042329)
81,168
157,902
476,552
88,199
95,590

201407042330(201407042330)
81,168
157,902
479,167
88,199
95,590

201407042331(201407042331)
81,564
158,869
481,280
88,798
95,963

201407042332(201407042332)
81,830
158,869
488,102
89,075
95,966

201407042339(201407042339)
83,424
161,334
511,984
90,513
97,998

201407042340(201407042340)
83,817
162,315
511,984
90,513
98,291

201407042341(201407042341)
84,011
163,185
512,292
90,822
98,462

201407042342(201407042342)
84,011
163,365
512,292
90,822
98,581

201407042349(201407042349)
86,221
169,000
518,665
93,083
101,165

201407042350(201407042350)
86,221
170,218
518,665
93,083
101,165

201407042351(201407042351)
86,230
170,576
518,665
93,596
101,534

201407042352(201407042352)
86,450
170,576
520,656
94,063
101,613

201407042359(201407042359)
88,117
173,830
527,406
95,009
102,382

201407050000(201407050000)
88,369
173,830
527,406
95,009
102,382

201407050001(201407050001)
88,369
173,830
528,950
95,564
102,481

201407050002(201407050002)
88,859
175,628
528,950
95,606
103,159

201407050009(201407050009)
89,820
178,368
536,503
96,585
104,346

201407050010(201407050010)
89,820
178,501
536,503
96,594
104,346

201407050011(201407050011)
90,352
178,549
536,503
97,125
105,173

201407050012(201407050012)
90,513
178,568
537,610
97,125
105,193

201407050019(201407050019)
92,382
180,633
540,795
98,544
107,319

201407050020(201407050020)
92,382
180,633
540,795
98,544
107,512

201407050021(201407050021)
93,124
181,640
545,012
99,192
107,512

201407050022(201407050022)
93,500
181,640
545,272
99,491
108,322

201407050029(201407050029)
94,550
185,151
547,372
101,676
110,007

201407050030(201407050030)
94,550
185,151
547,372
101,676
110,007

201407050031(201407050031)
94,833
185,360
549,307
101,833
110,420

201407050032(201407050032)
94,833
186,219
549,307
101,917
110,860

201407050039(201407050039)
96,136
189,675
562,649
102,759
112,772

201407050040(201407050040)
96,336
189,675
562,649
102,759
112,772

201407050041(201407050041)
96,497
189,864
562,649
103,480
113,388

201407050042(201407050042)
96,585
189,986
562,649
103,857
113,388

201407050049(201407050049)
97,778
191,590
562,649
105,167
114,610

201407050050(201407050050)
98,021
191,590
562,649
105,167
114,787

201407050051(201407050051)
98,285
191,738
562,649
105,238
114,987

201407050052(201407050052)
98,452
192,365
570,578
105,449
115,026

201407050059(201407050059)
99,954
195,365
570,578
107,583
116,308

201407050100(201407050100)
99,983
195,365
570,578
107,583
116,308

201407050101(201407050101)
100,021
195,397
571,991
107,734
116,853

201407050102(201407050102)
100,482
196,080
572,256
108,322
117,016

201407050109(201407050109)
101,833
199,314
581,981
109,575
118,061

201407050110(201407050110)
101,861
200,095
581,981
109,575
118,061

201407050111(201407050111)
102,052
200,095
583,110
109,943
118,692

201407050112(201407050112)
102,052
200,874
583,110
110,599
118,929

201407050119(201407050119)
102,612
203,269
586,955
111,785
121,272

201407050120(201407050120)
102,612
203,269
586,955
111,860
121,272

201407050121(201407050121)
102,696
203,269
595,148
111,885
121,397

201407050122(201407050122)
102,759
203,310
595,148
111,913
121,412

201407050129(201407050129)
104,732
208,223
601,068
113,885
122,285

201407050130(201407050130)
104,732
208,223
601,068
113,885
122,285

201407050131(201407050131)
105,182
208,223
607,597
114,510
122,914

201407050132(201407050132)
105,182
208,881
607,597
114,751
123,091

201407050139(201407050139)
106,876
211,575
607,597
115,868
124,237

201407050140(201407050140)
107,106
211,575
607,597
116,399
124,237

201407050141(201407050141)
107,316
211,698
607,597
116,399
125,038

201407050142(201407050142)
108,279
212,297
607,597
116,399
125,669

201407050149(201407050149)
109,189
214,404
613,252
117,728
126,807

201407050150(201407050150)
109,189
214,807
613,252
117,728
126,833

201407050151(201407050151)
109,387
214,810
613,252
117,948
127,127

201407050152(201407050152)
109,468
214,989
613,252
118,061
127,169

201407050159(201407050159)
110,893
216,886
613,252
119,495
127,738

201407050200(201407050200)
110,893
216,886
613,252
119,495
127,738

201407050201(201407050201)
111,164
217,072
613,252
119,623
127,980

201407050202(201407050202)
111,164
217,213
613,252
120,460
127,980

201407050209(201407050209)
112,307
219,275
614,649
121,089
128,884

201407050210(201407050210)
112,307
219,549
616,320
121,089
128,884

201407050211(201407050211)
112,491
219,596
617,217
121,355
129,182

201407050212(201407050212)
112,491
219,596
617,217
121,498
129,418

201407050219(201407050219)
113,138
221,254
617,295
122,285
130,143

201407050220(201407050220)
113,232
221,373
617,295
122,285
130,143

201407050221(201407050221)
113,933
221,461
617,560
122,285
130,767

201407050222(201407050222)
113,933
221,508
618,812
122,523
130,885

201407050229(201407050229)
115,041
222,866
621,252
123,180
133,233

201407050230(201407050230)
115,253
222,866
621,252
123,180
133,233

201407050231(201407050231)
115,796
223,262
621,252
123,405
133,584

201407050232(201407050232)
115,796
223,262
621,252
124,172
133,716

201407050239(201407050239)
116,752
226,323
625,040
125,703
134,726

201407050240(201407050240)
116,752
226,984
625,040
125,703
134,726

201407050241(201407050241)
116,947
226,984
625,056
126,138
134,905

201407050242(201407050242)
116,990
227,270
625,364
126,138
134,931

201407050249(201407050249)
118,045
227,737
656,592
127,162
136,021

201407050250(201407050250)
118,045
227,737
659,581
127,162
136,366

201407050251(201407050251)
118,545
228,382
662,011
127,198
136,697

201407050252(201407050252)
118,929
228,382
663,532
127,244
137,156

201407050259(201407050259)
119,623
231,443
666,615
127,946
138,084

201407050300(201407050300)
119,764
231,443
666,615
127,946
138,084

201407050301(201407050301)
119,836
231,903
666,615
127,980
138,354

201407050302(201407050302)
119,836
232,351
666,615
128,109
138,354

201407050309(201407050309)
120,757
232,795
675,941
128,664
138,790

201407050310(201407050310)
120,838
232,795
675,941
128,664
138,790

201407050311(201407050311)
120,838
233,718
675,941
128,753
138,790

201407050312(201407050312)
121,180
233,718
675,941
129,063
138,931

201407050319(201407050319)
121,666
235,382
675,941
129,879
139,938

201407050320(201407050320)
121,666
235,382
675,941
129,879
140,200

201407050321(201407050321)
121,682
235,382
679,935
130,129
140,200

201407050322(201407050322)
121,996
235,382
679,935
130,602
140,292

201407050329(201407050329)
122,914
236,647
683,877
132,286
140,689

201407050330(201407050330)
123,080
236,647
683,877
132,507
140,689

201407050331(201407050331)
123,405
236,647
683,877
132,674
140,689

201407050332(201407050332)
123,462
236,661
683,877
132,886
140,689

201407050339(201407050339)
123,967
238,609
683,877
133,314
142,194

201407050340(201407050340)
124,217
238,609
683,877
133,318
142,194

201407050341(201407050341)
124,237
238,609
695,888
133,584
142,437

201407050342(201407050342)
124,237
238,609
695,888
133,842
142,608

201407050349(201407050349)
125,334
239,624
696,807
134,443
143,086

201407050350(201407050350)
125,334
239,624
696,807
134,460
143,086

201407050351(201407050351)
125,873
240,144
696,807
134,588
143,392

201407050352(201407050352)
126,069
242,132
696,967
134,588
143,392

201407050359(201407050359)
126,232
243,280
700,816
135,248
143,878

201407050400(201407050400)
126,294
243,808
700,816
135,248
143,878

201407050401(201407050401)
126,294
243,832
700,816
135,284
144,136

201407050402(201407050402)
126,394
243,895
700,816
135,294
144,516

201407050409(201407050409)
127,162
244,411
715,251
136,021
145,360

201407050410(201407050410)
127,176
244,411
715,251
136,021
145,360

201407050411(201407050411)
127,244
244,411
715,251
136,148
145,360

201407050412(201407050412)
127,473
244,411
715,251
136,188
145,360

201407050419(201407050419)
127,864
246,772
741,390
136,962
145,770

201407050420(201407050420)
127,864
246,852
741,390
136,962
145,770

201407050421(201407050421)
127,946
246,852
743,323
137,081
145,839

201407050422(201407050422)
127,946
246,859
743,323
137,081
145,839

201407050429(201407050429)
128,048
250,483
753,541
137,230
145,903

201407050430(201407050430)
128,048
250,483
753,541
137,230
145,903

201407050431(201407050431)
128,048
250,483
753,541
137,525
145,925

201407050432(201407050432)
128,048
250,483
753,541
137,699
145,967

201407050439(201407050439)
128,339
251,019
759,344
138,082
146,436

201407050440(201407050440)
128,363
251,019
759,344
138,082
146,436

201407050441(201407050441)
128,363
251,019
759,619
138,082
146,656

201407050442(201407050442)
128,363
251,152
762,516
138,084
146,656

201407050449(201407050449)
128,417
253,281
764,859
138,116
146,967

201407050450(201407050450)
128,523
253,281
764,859
138,116
146,967

201407050451(201407050451)
128,610
253,281
764,859
138,141
147,671

201407050452(201407050452)
128,649
253,744
764,859
138,169
147,671

201407050459(201407050459)
128,884
253,888
764,859
138,572
148,215

201407050500(201407050500)
128,884
253,888
764,859
138,572
148,215

201407050501(201407050501)
128,884
254,114
764,859
138,661
148,218

201407050502(201407050502)
128,884
254,114
764,859
138,661
148,222

201407050509(201407050509)
129,618
256,186
769,617
138,790
149,409

201407050510(201407050510)
129,879
256,186
769,617
138,797
149,409

201407050511(201407050511)
129,879
257,496
769,617
138,918
149,409

201407050512(201407050512)
129,879
257,496
769,657
138,959
149,809

201407050519(201407050519)
130,767
259,347
770,068
139,273
150,306

201407050520(201407050520)
130,767
259,347
770,068
139,359
150,306

201407050521(201407050521)
130,767
259,672
786,713
139,397
150,306

201407050522(201407050522)
130,767
259,672
792,623
139,397
150,454

201407050529(201407050529)
131,300
259,814
792,623
140,157
151,448

201407050530(201407050530)
131,300
259,814
792,623
140,200
151,448

201407050531(201407050531)
131,752
259,814
792,623
140,280
151,449

201407050532(201407050532)
132,073
259,814
813,424
140,292
151,449

201407050539(201407050539)
133,017
260,110
813,424
140,458
152,296

201407050540(201407050540)
133,026
260,110
813,424
140,689
152,296

201407050541(201407050541)
133,205
260,113
813,424
140,689
152,360

201407050542(201407050542)
133,205
260,113
813,424
140,710
152,360

201407050549(201407050549)
133,588
260,436
813,424
142,114
153,026

201407050550(201407050550)
133,711
260,908
813,424
142,114
153,068

201407050551(201407050551)
133,711
260,908
813,424
142,138
153,412

201407050552(201407050552)
134,137
260,908
813,424
142,604
153,412

201407050559(201407050559)
134,443
261,948
813,424
142,707
153,740

201407050600(201407050600)
134,460
261,948
813,424
142,707
153,782

201407050601(201407050601)
134,588
263,654
813,424
142,707
153,782

201407050602(201407050602)
134,622
263,654
813,424
142,707
153,782

201407050609(201407050609)
134,931
264,811
821,591
143,404
154,123

201407050610(201407050610)
134,931
265,168
821,591
143,404
154,123

201407050611(201407050611)
134,947
265,236
821,591
143,464
154,160

201407050612(201407050612)
134,966
265,236
821,591
143,485
154,160

201407050619(201407050619)
135,755
267,601
821,591
144,929
154,928

201407050620(201407050620)
135,755
267,601
821,591
144,929
154,963

201407050621(201407050621)
135,755
267,601
821,591
145,040
154,996

201407050622(201407050622)
136,024
268,160
821,591
145,230
155,134

201407050629(201407050629)
136,340
270,034
821,591
145,788
156,369

201407050630(201407050630)
136,340
270,034
821,591
145,788
156,369

201407050631(201407050631)
136,340
270,034
821,591
145,788
156,554

201407050632(201407050632)
136,340
270,034
821,591
145,903
156,554

201407050639(201407050639)
136,476
271,640
823,585
145,904
157,119

201407050640(201407050640)
136,912
273,220
823,585
145,967
157,119

201407050641(201407050641)
136,912
273,331
823,585
145,967
157,174

201407050642(201407050642)
136,962
273,367
823,908
146,105
157,174

201407050649(201407050649)
137,699
274,965
826,241
146,327
157,653

201407050650(201407050650)
137,817
274,965
826,241
146,355
157,653

201407050651(201407050651)
137,817
275,605
826,241
146,440
157,654

201407050652(201407050652)
137,890
275,640
826,241
146,440
157,675

201407050659(201407050659)
138,797
277,449
826,555
147,877
158,241

201407050700(201407050700)
139,136
277,449
826,555
147,877
158,241

201407050701(201407050701)
139,273
279,336
826,555
147,890
158,364

201407050702(201407050702)
139,273
279,336
826,555
148,215
158,602

201407050709(201407050709)
139,719
281,297
827,044
150,240
160,040

201407050710(201407050710)
139,719
283,981
827,044
150,240
160,040

201407050711(201407050711)
140,088
284,200
827,044
150,497
160,051

201407050712(201407050712)
140,149
284,200
827,044
150,947
160,051

201407050719(201407050719)
140,630
286,029
837,342
151,448
161,597

201407050720(201407050720)
141,631
286,029
837,852
151,448
161,956

201407050721(201407050721)
141,817
286,029
837,852
151,449
162,061

201407050722(201407050722)
141,949
287,401
841,760
151,499
162,061

201407050729(201407050729)
142,707
289,117
843,838
152,397
162,319

201407050730(201407050730)
142,878
289,117
843,838
152,397
162,319

201407050731(201407050731)
143,392
289,602
843,838
152,415
162,390

201407050732(201407050732)
143,392
291,449
843,838
152,593
162,581

201407050739(201407050739)
144,149
292,478
843,995
153,645
164,258

201407050740(201407050740)
144,149
292,491
843,995
153,645
164,368

201407050741(201407050741)
144,149
294,044
843,995
153,662
164,627

201407050742(201407050742)
144,188
294,044
843,995
153,740
164,723

201407050749(201407050749)
144,693
296,747
849,756
153,967
165,231

201407050750(201407050750)
144,761
296,747
851,321
153,967
165,231

201407050751(201407050751)
145,040
297,027
851,321
153,967
165,231

201407050752(201407050752)
145,040
297,027
851,321
154,275
165,343

201407050759(201407050759)
145,770
297,027
853,852
155,372
166,185

201407050800(201407050800)
145,770
297,027
853,852
155,573
166,238

201407050801(201407050801)
145,788
297,037
853,852
155,846
166,584

201407050802(201407050802)
145,788
297,037
853,852
156,033
166,736

201407050809(201407050809)
146,440
297,330
855,358
156,876
167,606

201407050810(201407050810)
146,440
297,330
855,358
157,174
167,606

201407050811(201407050811)
146,440
297,689
855,358
157,174
167,606

201407050812(201407050812)
146,440
297,689
855,358
157,174
167,606

201407050819(201407050819)
147,783
300,375
863,278
158,236
168,251

201407050820(201407050820)
147,783
300,375
863,278
158,241
168,683

201407050821(201407050821)
147,844
301,220
863,278
158,242
168,683

201407050822(201407050822)
147,859
302,094
863,278
158,354
168,683

201407050829(201407050829)
148,927
304,124
891,385
159,544
169,226

201407050830(201407050830)
149,069
304,479
891,385
159,753
169,453

201407050831(201407050831)
149,587
304,636
891,385
160,095
169,710

201407050832(201407050832)
149,843
305,097
891,385
160,120
169,710

201407050839(201407050839)
151,210
307,677
903,123
161,650
171,479

201407050840(201407050840)
151,210
307,677
903,123
161,784
171,514

201407050841(201407050841)
151,269
307,677
903,123
162,061
172,067

201407050842(201407050842)
151,321
307,677
903,123
162,154
172,447

201407050849(201407050849)
152,638
313,110
913,402
162,755
173,808

201407050850(201407050850)
152,638
313,110
913,402
162,824
173,808

201407050851(201407050851)
152,886
313,110
915,480
163,366
173,808

201407050852(201407050852)
153,068
313,110
915,480
163,366
174,450

201407050859(201407050859)
153,866
314,171
915,480
164,316
175,644

201407050900(201407050900)
153,866
314,304
915,480
164,387
175,644

201407050901(201407050901)
153,866
314,426
915,480
164,627
175,760

201407050902(201407050902)
153,866
314,426
923,202
164,723
175,760

201407050909(201407050909)
154,601
317,237
929,102
165,115
176,495

201407050910(201407050910)
154,726
317,267
929,102
165,115
176,495

201407050911(201407050911)
154,996
318,496
929,102
165,367
176,982

201407050912(201407050912)
155,143
318,991
929,102
165,666
176,985

201407050919(201407050919)
156,446
323,678
934,935
166,692
178,761

201407050920(201407050920)
156,824
325,692
934,935
166,785
178,761

201407050921(201407050921)
156,824
326,454
934,935
166,844
178,878

201407050922(201407050922)
157,119
326,454
939,130
167,090
179,076

201407050929(201407050929)
158,364
332,569
942,857
168,724
181,142

201407050930(201407050930)
158,364
334,241
942,857
169,176
181,505

201407050931(201407050931)
158,489
334,241
947,034
169,640
181,530

201407050932(201407050932)
158,489
334,717
948,533
169,866
181,690

201407050939(201407050939)
159,360
334,717
949,039
171,500
183,529

201407050940(201407050940)
159,544
335,027
949,039
171,569
183,872

201407050941(201407050941)
159,795
335,333
949,039
171,576
184,165

201407050942(201407050942)
160,267
336,903
949,039
171,576
184,283

201407050949(201407050949)
161,597
338,036
955,971
172,067
185,832

201407050950(201407050950)
161,597
338,036
955,971
172,067
185,872

201407050951(201407050951)
162,061
339,092
955,971
172,956
185,872

201407050952(201407050952)
162,154
339,092
955,971
172,994
186,125

201407050959(201407050959)
162,581
340,371
971,365
174,534
186,740

201407051000(201407051000)
162,581
340,791
971,365
174,797
186,740

201407051001(201407051001)
162,755
344,101
971,365
174,811
186,740

201407051002(201407051002)
162,755
344,101
993,626
175,285
186,740

201407051009(201407051009)
163,702
346,165
995,562
175,921
189,150

201407051010(201407051010)
163,760
346,508
996,210
175,921
189,150

201407051011(201407051011)
163,760
346,508
996,210
176,333
189,405

201407051012(201407051012)
163,936
346,508
996,210
176,446
189,562

201407051019(201407051019)
164,762
349,422
1,003,531
176,734
190,108

201407051020(201407051020)
164,762
349,422
1,013,556
176,846
190,141

201407051021(201407051021)
164,978
350,606
1,017,219
176,985
190,497

201407051022(201407051022)
165,367
350,606
1,019,236
177,140
190,751

201407051029(201407051029)
167,847
351,109
1,020,905
178,626
192,005

201407051030(201407051030)
167,989
351,514
1,020,905
178,650
192,085

201407051031(201407051031)
168,059
351,769
1,020,905
179,158
192,085

201407051032(201407051032)
168,122
353,104
1,020,905
179,158
192,085

201407051039(201407051039)
169,176
357,000
1,024,209
180,692
193,997

201407051040(201407051040)
169,176
357,000
1,024,346
180,850
193,997

201407051041(201407051041)
169,178
357,000
1,024,346
180,967
194,586

201407051042(201407051042)
169,178
357,000
1,025,464
181,142
194,586

201407051049(201407051049)
170,978
358,009
1,028,581
181,972
196,189

201407051050(201407051050)
171,002
358,009
1,028,917
182,411
196,733

201407051051(201407051051)
171,087
358,522
1,028,917
182,787
197,139

201407051052(201407051052)
171,322
360,450
1,028,917
182,990
197,139

201407051059(201407051059)
171,903
362,581
1,034,475
183,805
198,693

201407051100(201407051100)
172,165
362,581
1,034,475
183,865
199,436

201407051101(201407051101)
172,840
362,581
1,034,475
183,865
199,436

201407051102(201407051102)
172,956
362,581
1,034,475
183,865
199,468

201407051109(201407051109)
174,737
366,461
1,034,475
185,428
200,831

201407051110(201407051110)
175,546
366,461
1,034,475
185,772
201,129

201407051111(201407051111)
175,693
366,461
1,034,475
185,819
201,230

201407051112(201407051112)
175,978
366,461
1,034,475
185,872
201,646

201407051119(201407051119)
177,574
368,243
1,035,440
188,709
202,909

201407051120(201407051120)
177,574
370,095
1,035,440
188,963
202,909

201407051121(201407051121)
177,816
370,675
1,035,440
189,150
202,909

201407051122(201407051122)
177,816
370,718
1,035,440
189,405
202,909

201407051129(201407051129)
178,768
372,365
1,035,440
191,375
204,544

201407051130(201407051130)
178,927
372,365
1,041,841
191,525
204,893

201407051131(201407051131)
178,933
372,365
1,041,841
191,525
205,411

201407051132(201407051132)
179,563
372,569
1,041,841
191,574
205,523

201407051139(201407051139)
181,278
374,802
1,051,884
192,130
207,602

201407051140(201407051140)
181,328
375,806
1,051,884
192,265
207,602

201407051141(201407051141)
181,690
375,806
1,051,884
192,632
207,602

201407051142(201407051142)
181,690
375,806
1,051,884
192,906
207,602

201407051149(201407051149)
182,787
378,119
1,052,088
195,079
208,223

201407051150(201407051150)
182,861
378,176
1,052,088
195,145
208,223

201407051151(201407051151)
182,990
378,176
1,052,088
195,347
208,817

201407051152(201407051152)
183,153
378,176
1,054,229
195,766
209,201

201407051159(201407051159)
184,216
380,922
1,054,450
197,629
210,933

201407051200(201407051200)
184,290
381,289
1,054,450
197,629
210,988

201407051201(201407051201)
184,472
381,289
1,054,450
198,042
211,190

201407051202(201407051202)
184,874
381,289
1,054,450
198,042
211,357

201407051209(201407051209)
185,306
381,953
1,054,450
199,436
213,082

201407051210(201407051210)
185,772
383,069
1,054,450
199,529
213,158

201407051211(201407051211)
185,819
383,926
1,056,102
199,591
213,169

201407051212(201407051212)
186,101
383,926
1,056,102
199,591
213,169

201407051219(201407051219)
186,982
386,502
1,072,476
200,799
214,532

201407051220(201407051220)
187,594
386,502
1,072,476
200,831
214,672

201407051221(201407051221)
187,841
386,502
1,072,476
200,831
214,672

201407051222(201407051222)
188,286
387,892
1,072,476
200,987
214,864

201407051229(201407051229)
189,740
390,078
1,075,298
201,717
216,480

201407051230(201407051230)
189,746
390,127
1,081,078
201,717
216,480

201407051231(201407051231)
189,848
392,148
1,081,078
201,869
216,670

201407051232(201407051232)
190,041
392,601
1,081,078
202,041
216,670

201407051239(201407051239)
191,262
394,403
1,082,290
204,544
219,186

201407051240(201407051240)
191,337
394,671
1,082,290
204,893
219,549

201407051241(201407051241)
191,525
394,778
1,082,290
205,007
219,549

201407051242(201407051242)
191,525
394,778
1,082,290
205,053
219,596

201407051249(201407051249)
192,480
396,282
1,097,576
206,230
221,411

201407051250(201407051250)
192,634
398,028
1,097,576
207,104
221,977

201407051251(201407051251)
192,952
398,773
1,097,576
207,188
222,216

201407051252(201407051252)
192,952
400,087
1,097,576
207,188
222,423

201407051259(201407051259)
194,808
401,682
1,097,576
208,804
223,912

201407051300(201407051300)
195,029
401,682
1,097,576
208,804
223,912

201407051301(201407051301)
195,037
401,682
1,097,576
208,817
224,321

201407051302(201407051302)
195,079
404,911
1,097,745
209,225
224,321

201407051309(201407051309)
195,957
405,887
1,104,975
211,288
225,267

201407051310(201407051310)
196,189
405,887
1,104,975
211,527
225,298

201407051311(201407051311)
196,316
406,063
1,104,975
211,528
225,565

201407051312(201407051312)
196,361
406,261
1,104,975
211,840
225,731

201407051319(201407051319)
197,558
409,918
1,123,414
213,059
226,911

201407051320(201407051320)
197,558
410,418
1,123,414
213,059
227,171

201407051321(201407051321)
197,562
410,418
1,123,414
213,097
227,171

201407051322(201407051322)
197,629
410,418
1,123,414
213,097
227,171

201407051329(201407051329)
199,015
413,197
1,130,794
214,307
229,101

201407051330(201407051330)
199,405
413,259
1,130,794
214,307
229,101

201407051331(201407051331)
199,405
413,259
1,130,794
214,332
229,318

201407051332(201407051332)
199,640
414,399
1,130,794
214,408
229,719

201407051339(201407051339)
200,831
414,542
1,141,549
215,319
231,904

201407051340(201407051340)
201,129
416,722
1,141,549
215,328
232,453

201407051341(201407051341)
201,209
416,722
1,141,549
215,328
232,701

201407051342(201407051342)
201,413
416,796
1,141,549
215,328
232,701

201407051349(201407051349)
202,041
422,709
1,142,703
216,905
234,793

201407051350(201407051350)
202,720
423,190
1,159,569
217,698
235,306

201407051351(201407051351)
202,916
423,190
1,159,569
217,848
235,306

201407051352(201407051352)
204,036
423,190
1,159,569
218,027
235,393

201407051359(201407051359)
206,114
425,237
1,159,569
219,549
236,652

201407051400(201407051400)
206,114
427,745
1,159,569
219,656
236,808

201407051401(201407051401)
206,333
428,771
1,159,569
219,828
236,986

201407051402(201407051402)
206,566
428,771
1,159,569
219,831
236,986

201407051409(201407051409)
208,817
432,315
1,159,569
222,593
238,846

201407051410(201407051410)
208,817
432,539
1,159,569
222,602
239,268

201407051411(201407051411)
209,917
433,452
1,159,569
223,392
239,268

201407051412(201407051412)
210,004
433,452
1,159,569
223,818
239,268

201407051419(201407051419)
211,288
438,324
1,171,001
225,731
243,871

201407051420(201407051420)
211,423
438,328
1,193,847
226,383
243,952

201407051421(201407051421)
211,423
438,492
1,193,874
226,383
244,626

201407051422(201407051422)
211,501
438,722
1,193,874
226,511
244,883

201407051429(201407051429)
212,427
439,328
1,204,425
227,656
246,858

201407051430(201407051430)
212,566
439,328
1,204,425
227,656
246,966

201407051431(201407051431)
213,097
440,281
1,204,425
227,962
247,320

201407051432(201407051432)
213,112
440,281
1,204,425
228,435
248,092

201407051439(201407051439)
213,901
442,548
1,208,370
229,504
252,873

201407051440(201407051440)
213,974
442,548
1,208,370
229,717
253,097

201407051441(201407051441)
214,307
442,667
1,208,370
229,831
253,097

201407051442(201407051442)
214,307
442,667
1,208,370
230,115
253,097

201407051449(201407051449)
216,322
447,433
1,216,802
230,574
254,400

201407051450(201407051450)
216,375
447,433
1,216,802
231,457
254,735

201407051451(201407051451)
216,375
447,433
1,216,802
231,571
254,735

201407051452(201407051452)
216,480
449,328
1,220,350
232,175
255,070

201407051459(201407051459)
218,031
453,012
1,235,103
232,842
258,477

201407051500(201407051500)
218,318
453,012
1,235,103
233,152
258,509

201407051501(201407051501)
218,797
453,283
1,235,103
233,799
258,509

201407051502(201407051502)
218,797
453,614
1,235,103
233,799
259,308

201407051509(201407051509)
219,656
455,027
1,235,103
234,894
260,406

201407051510(201407051510)
220,422
456,392
1,235,103
235,094
260,762

201407051511(201407051511)
220,858
456,392
1,235,103
235,094
260,908

201407051512(201407051512)
221,677
457,678
1,235,103
235,147
260,960

201407051519(201407051519)
222,602
460,517
1,263,379
237,007
261,698

201407051520(201407051520)
222,602
461,371
1,263,379
237,550
262,712

201407051521(201407051521)
222,602
461,662
1,263,379
237,676
262,725

201407051522(201407051522)
222,602
461,662
1,263,379
237,844
263,094

201407051529(201407051529)
223,130
465,817
1,263,540
238,870
265,120

201407051530(201407051530)
223,130
465,817
1,272,741
239,066
265,120

201407051531(201407051531)
223,449
465,817
1,272,741
239,150
265,245

201407051532(201407051532)
223,449
465,817
1,272,741
239,150
265,520

201407051539(201407051539)
225,159
466,115
1,274,594
240,208
268,795

201407051540(201407051540)
225,189
466,335
1,275,058
241,422
268,795

201407051541(201407051541)
225,580
467,539
1,275,580
241,919
269,559

201407051542(201407051542)
225,894
467,539
1,293,620
243,163
269,896

201407051549(201407051549)
226,911
467,699
1,294,182
245,013
274,248

201407051550(201407051550)
227,261
467,699
1,294,182
245,385
274,248

201407051551(201407051551)
227,408
467,699
1,294,261
246,408
274,673

201407051552(201407051552)
227,540
467,699
1,294,261
246,621
275,141

201407051559(201407051559)
228,639
471,348
1,294,261
248,802
276,641

201407051600(201407051600)
228,680
471,348
1,294,261
248,903
277,063

201407051601(201407051601)
228,874
471,348
1,294,261
249,476
277,456

201407051602(201407051602)
228,874
471,886
1,294,261
249,885
277,502

201407051609(201407051609)
229,777
474,692
1,308,441
252,113
279,580

201407051610(201407051610)
229,911
474,692
1,308,441
253,097
279,580

201407051611(201407051611)
230,294
474,692
1,308,441
253,638
279,775

201407051612(201407051612)
230,294
474,692
1,308,868
253,851
279,775

201407051619(201407051619)
231,026
476,698
1,316,223
257,306
281,872

201407051620(201407051620)
231,026
477,079
1,316,223
257,717
281,872

201407051621(201407051621)
231,305
477,079
1,316,223
258,509
281,872

201407051622(201407051622)
232,175
477,079
1,316,223
258,551
282,447

201407051629(201407051629)
232,965
481,372
1,332,483
259,811
283,792

201407051630(201407051630)
234,022
482,850
1,332,483
260,444
284,140

201407051631(201407051631)
235,147
482,850
1,332,483
260,455
284,140

201407051632(201407051632)
235,354
482,850
1,332,483
260,455
284,488

201407051639(201407051639)
236,908
484,277
1,332,483
261,543
287,289

201407051640(201407051640)
236,930
484,372
1,332,483
261,543
287,326

201407051641(201407051641)
237,007
484,372
1,332,483
261,543
287,784

201407051642(201407051642)
237,070
485,354
1,332,663
261,698
287,784

201407051649(201407051649)
237,609
488,574
1,332,903
263,899
289,617

201407051650(201407051650)
237,676
488,574
1,332,903
264,406
289,679

201407051651(201407051651)
237,844
488,574
1,332,903
264,793
289,733

201407051652(201407051652)
237,844
489,928
1,332,903
264,793
289,733

201407051659(201407051659)
240,208
491,932
1,332,903
264,914
291,102

201407051700(201407051700)
240,430
491,932
1,332,903
265,529
291,401

201407051701(201407051701)
240,520
491,932
1,332,903
266,038
291,401

201407051702(201407051702)
240,520
492,826
1,332,903
266,763
291,465

201407051709(201407051709)
242,804
495,013
1,332,903
268,160
293,449

201407051710(201407051710)
243,622
495,013
1,332,903
268,160
293,449

201407051711(201407051711)
243,622
495,013
1,332,903
268,539
293,520

201407051712(201407051712)
243,622
495,866
1,332,903
268,668
293,871

