201407101709(201407101709)
1,243,511
2,414,247
4,632,621
1,345,295
1,445,012

201407101710(201407101710)
1,243,511
2,414,247
4,632,621
1,345,295
1,445,012

201407101711(201407101711)
1,243,511
2,414,247
4,632,621
1,345,295
1,445,012

201407101712(201407101712)
1,243,511
2,414,247
4,632,621
1,345,295
1,445,914

201407101719(201407101719)
1,244,444
2,414,247
4,632,621
1,345,295
1,447,433

201407101720(201407101720)
1,244,444
2,414,247
4,632,621
1,345,295
1,447,433

201407101721(201407101721)
1,244,444
2,414,247
4,632,621
1,345,978
1,447,433

201407101722(201407101722)
1,244,444
2,414,247
4,632,621
1,346,273
1,447,433

201407101729(201407101729)
1,244,871
2,414,247
4,632,621
1,347,160
1,451,061

201407101730(201407101730)
1,244,871
2,414,247
4,632,621
1,347,160
1,451,061

201407101731(201407101731)
1,244,871
2,414,247
4,632,621
1,347,160
1,451,061

201407101732(201407101732)
1,244,871
2,414,247
4,632,621
1,347,160
1,451,061

201407101739(201407101739)
1,244,871
2,414,247
4,632,621
1,348,117
1,451,061

201407101740(201407101740)
1,245,045
2,414,247
4,632,621
1,348,117
1,452,002

201407101741(201407101741)
1,245,045
2,414,247
4,632,621
1,348,117
1,453,028

201407101742(201407101742)
1,245,045
2,414,247
4,632,621
1,348,231
1,453,028

201407101749(201407101749)
1,245,045
2,418,222
4,632,621
1,350,787
1,453,208

201407101750(201407101750)
1,246,376
2,419,509
4,632,621
1,350,787
1,453,208

201407101751(201407101751)
1,246,376
2,419,509
4,632,621
1,350,787
1,453,208

201407101752(201407101752)
1,246,376
2,419,509
4,632,621
1,350,787
1,453,208

201407101759(201407101759)
1,249,466
2,423,208
4,641,739
1,352,205
1,453,208

201407101800(201407101800)
1,249,466
2,423,208
4,641,739
1,352,205
1,453,208

201407101801(201407101801)
1,249,466
2,423,208
4,641,739
1,352,205
1,453,208

201407101802(201407101802)
1,249,466
2,423,208
4,641,739
1,352,205
1,453,208

201407101809(201407101809)
1,251,618
2,424,646
4,641,739
1,353,231
1,454,074

201407101810(201407101810)
1,251,618
2,424,646
4,641,739
1,353,231
1,454,074

201407101811(201407101811)
1,251,645
2,424,646
4,641,739
1,353,231
1,454,074

201407101812(201407101812)
1,251,645
2,424,646
4,641,739
1,354,723
1,454,074

201407101819(201407101819)
1,252,669
2,428,619
4,641,739
1,356,020
1,454,265

201407101820(201407101820)
1,252,669
2,428,619
4,641,739
1,356,020
1,456,108

201407101821(201407101821)
1,252,669
2,428,619
4,641,739
1,356,020
1,457,512

201407101822(201407101822)
1,252,669
2,441,238
4,641,739
1,356,020
1,457,512

201407101829(201407101829)
1,252,669
2,442,229
4,641,739
1,359,684
1,462,333

201407101830(201407101830)
1,252,669
2,442,229
4,641,739
1,359,684
1,462,333

201407101831(201407101831)
1,252,669
2,442,229
4,641,739
1,359,684
1,462,333

201407101832(201407101832)
1,252,722
2,442,229
4,641,739
1,359,684
1,462,333

201407101839(201407101839)
1,253,972
2,442,229
4,641,739
1,364,620
1,462,953

201407101840(201407101840)
1,253,972
2,442,229
4,641,739
1,364,620
1,462,953

201407101841(201407101841)
1,253,972
2,442,229
4,641,739
1,367,088
1,463,287

201407101842(201407101842)
1,253,972
2,442,229
4,641,739
1,367,088
1,463,287

201407101849(201407101849)
1,253,972
2,442,229
4,641,739
1,368,275
1,463,287

201407101850(201407101850)
1,254,049
2,442,229
4,641,739
1,368,275
1,463,628

201407101851(201407101851)
1,254,049
2,442,229
4,641,739
1,368,275
1,463,628

201407101852(201407101852)
1,254,049
2,442,229
4,641,739
1,368,275
1,463,628

201407101859(201407101859)
1,254,075
2,442,229
4,641,739
1,369,517
1,465,873

201407101900(201407101900)
1,254,075
2,442,229
4,641,739
1,369,517
1,466,064

201407101901(201407101901)
1,254,590
2,442,229
4,641,739
1,369,517
1,466,064

201407101902(201407101902)
1,254,590
2,451,381
4,641,739
1,369,517
1,466,064

201407101909(201407101909)
1,254,590
2,459,311
4,641,739
1,369,517
1,466,276

201407101910(201407101910)
1,254,590
2,459,311
4,641,739
1,369,517
1,466,276

201407101911(201407101911)
1,254,590
2,459,311
4,641,739
1,369,517
1,466,276

201407101912(201407101912)
1,254,590
2,459,311
4,641,739
1,369,517
1,466,276

201407101919(201407101919)
1,254,590
2,459,311
4,641,739
1,369,899
1,471,918

201407101920(201407101920)
1,254,590
2,459,311
4,641,739
1,369,899
1,471,918

201407101921(201407101921)
1,254,782
2,459,311
4,641,739
1,370,060
1,471,918

201407101922(201407101922)
1,254,782
2,459,311
4,641,739
1,370,060
1,472,138

201407101929(201407101929)
1,258,240
2,459,311
4,641,739
1,370,662
1,472,232

201407101930(201407101930)
1,258,240
2,459,311
4,641,739
1,370,662
1,473,040

201407101931(201407101931)
1,258,240
2,459,311
4,641,739
1,370,662
1,473,040

201407101932(201407101932)
1,258,240
2,459,311
4,641,739
1,372,445
1,473,040

201407101939(201407101939)
1,259,425
2,459,311
4,641,739
1,373,914
1,473,882

201407101940(201407101940)
1,259,425
2,459,311
4,641,739
1,373,914
1,473,882

201407101941(201407101941)
1,259,425
2,459,311
4,641,739
1,376,602
1,473,882

201407101942(201407101942)
1,259,425
2,459,311
4,641,739
1,376,616
1,473,882

201407101949(201407101949)
1,259,465
2,459,311
4,641,739
1,376,744
1,473,902

201407101950(201407101950)
1,259,465
2,459,311
4,641,739
1,376,744
1,473,902

201407101951(201407101951)
1,259,465
2,459,311
4,641,739
1,376,744
1,473,902

201407101952(201407101952)
1,259,465
2,459,311
4,641,739
1,376,744
1,473,902

201407101959(201407101959)
1,262,634
2,462,562
4,641,739
1,376,822
1,473,902

201407102000(201407102000)
1,262,750
2,462,562
4,641,739
1,376,822
1,473,902

201407102001(201407102001)
1,263,695
2,462,562
4,641,739
1,377,736
1,473,902

201407102002(201407102002)
1,264,935
2,462,562
4,641,739
1,379,063
1,473,902

201407102009(201407102009)
1,265,300
2,464,289
4,641,739
1,383,406
1,476,427

201407102010(201407102010)
1,265,300
2,464,289
4,641,739
1,383,513
1,476,427

201407102011(201407102011)
1,265,300
2,467,036
4,641,739
1,383,513
1,478,217

201407102012(201407102012)
1,266,713
2,467,036
4,641,739
1,383,513
1,478,217

201407102019(201407102019)
1,268,690
2,468,354
4,641,739
1,385,185
1,478,348

201407102020(201407102020)
1,268,763
2,468,354
4,641,739
1,385,185
1,478,348

201407102021(201407102021)
1,268,763
2,468,354
4,641,739
1,385,185
1,478,348

201407102022(201407102022)
1,268,763
2,468,354
4,641,739
1,385,185
1,478,348

201407102029(201407102029)
1,268,832
2,468,354
4,641,739
1,385,461
1,482,800

201407102030(201407102030)
1,269,251
2,468,354
4,641,739
1,385,461
1,482,800

201407102031(201407102031)
1,269,251
2,468,354
4,641,739
1,385,461
1,482,800

201407102032(201407102032)
1,269,251
2,468,354
4,641,739
1,385,461
1,482,800

201407102039(201407102039)
1,270,467
2,468,354
4,641,739
1,386,119
1,484,136

201407102040(201407102040)
1,270,467
2,468,354
4,641,739
1,386,119
1,484,136

201407102041(201407102041)
1,270,467
2,468,354
4,641,739
1,386,119
1,484,136

201407102042(201407102042)
1,270,467
2,468,354
4,641,739
1,386,119
1,484,136

201407102049(201407102049)
1,273,383
2,476,958
4,641,739
1,386,151
1,484,217

201407102050(201407102050)
1,273,383
2,477,023
4,641,739
1,386,151
1,485,707

201407102051(201407102051)
1,273,383
2,477,023
4,641,739
1,386,151
1,485,988

201407102052(201407102052)
1,273,383
2,477,023
4,641,739
1,386,151
1,486,106

201407102059(201407102059)
1,275,754
2,494,332
4,641,739
1,386,151
1,487,218

201407102100(201407102100)
1,276,116
2,494,332
4,641,739
1,386,151
1,487,218

201407102101(201407102101)
1,276,116
2,494,332
4,641,739
1,386,151
1,488,089

201407102102(201407102102)
1,276,116
2,494,332
4,641,739
1,388,647
1,488,089

201407102109(201407102109)
1,276,381
2,494,332
4,645,449
1,393,043
1,490,565

201407102110(201407102110)
1,276,381
2,494,332
4,645,449
1,393,446
1,490,595

201407102111(201407102111)
1,276,381
2,494,332
4,645,449
1,393,446
1,490,595

201407102112(201407102112)
1,276,381
2,495,024
4,645,449
1,393,446
1,497,763

201407102119(201407102119)
1,279,706
2,495,951
4,664,247
1,396,036
1,501,536

201407102120(201407102120)
1,279,971
2,495,951
4,668,091
1,396,036
1,501,536

201407102121(201407102121)
1,280,166
2,495,951
4,672,923
1,396,036
1,501,536

201407102122(201407102122)
1,280,166
2,495,951
4,672,923
1,397,863
1,504,008

201407102129(201407102129)
1,280,166
2,495,951
4,676,493
1,397,863
1,506,851

201407102130(201407102130)
1,281,867
2,495,951
4,680,344
1,397,863
1,506,851

201407102131(201407102131)
1,281,867
2,495,951
4,684,195
1,397,863
1,506,851

201407102132(201407102132)
1,281,894
2,495,951
4,688,117
1,399,106
1,506,851

201407102139(201407102139)
1,285,892
2,495,951
4,688,994
1,399,215
1,510,827

201407102140(201407102140)
1,285,892
2,500,534
4,688,994
1,399,215
1,510,827

201407102141(201407102141)
1,285,892
2,500,534
4,688,994
1,399,918
1,510,827

201407102142(201407102142)
1,285,892
2,500,534
4,688,994
1,399,918
1,510,827

201407102149(201407102149)
1,285,892
2,502,692
4,688,994
1,402,821
1,512,050

201407102150(201407102150)
1,285,892
2,502,692
4,688,994
1,402,821
1,512,050

201407102151(201407102151)
1,285,892
2,502,692
4,688,994
1,402,821
1,512,050

201407102152(201407102152)
1,285,892
2,502,692
4,688,994
1,402,821
1,512,050

201407102159(201407102159)
1,286,922
2,506,154
4,688,994
1,404,142
1,515,848

201407102200(201407102200)
1,286,922
2,506,154
4,688,994
1,404,142
1,515,848

201407102201(201407102201)
1,286,922
2,506,154
4,688,994
1,404,142
1,515,848

201407102202(201407102202)
1,286,922
2,506,154
4,688,994
1,404,142
1,515,848

201407102209(201407102209)
1,292,548
2,506,322
4,688,994
1,406,487
1,516,613

201407102210(201407102210)
1,292,548
2,506,322
4,688,994
1,410,360
1,516,613

201407102211(201407102211)
1,292,548
2,506,322
4,688,994
1,410,481
1,516,616

201407102212(201407102212)
1,292,548
2,506,322
4,688,994
1,410,481
1,516,616

201407102219(201407102219)
1,292,991
2,512,777
4,688,994
1,410,481
1,522,163

201407102220(201407102220)
1,292,991
2,514,223
4,688,994
1,410,481
1,522,163

201407102221(201407102221)
1,293,012
2,514,223
4,688,994
1,410,481
1,522,163

201407102222(201407102222)
1,294,546
2,514,223
4,688,994
1,410,481
1,522,163

201407102229(201407102229)
1,295,042
2,514,223
4,711,484
1,410,481
1,522,449

201407102230(201407102230)
1,295,042
2,514,223
4,711,484
1,410,481
1,522,449

201407102231(201407102231)
1,295,544
2,514,223
4,711,484
1,410,481
1,522,449

201407102232(201407102232)
1,295,708
2,514,223
4,711,484
1,410,481
1,522,449

201407102239(201407102239)
1,295,991
2,520,043
4,711,484
1,410,992
1,523,106

201407102240(201407102240)
1,295,991
2,520,043
4,711,484
1,410,992
1,523,106

201407102241(201407102241)
1,295,991
2,520,043
4,711,484
1,410,992
1,523,719

201407102242(201407102242)
1,295,991
2,524,930
4,711,484
1,410,992
1,523,719

201407102249(201407102249)
1,298,501
2,527,615
4,725,786
1,412,603
1,523,982

201407102250(201407102250)
1,298,501
2,527,615
4,725,786
1,412,603
1,524,425

201407102251(201407102251)
1,298,501
2,527,615
4,725,786
1,412,603
1,524,425

201407102252(201407102252)
1,298,501
2,527,615
4,725,786
1,412,603
1,524,425

201407102259(201407102259)
1,304,936
2,527,615
4,725,786
1,412,603
1,525,796

201407102300(201407102300)
1,304,936
2,527,615
4,725,786
1,412,603
1,525,796

201407102301(201407102301)
1,305,448
2,527,615
4,725,786
1,412,603
1,525,796

201407102302(201407102302)
1,305,448
2,527,615
4,725,786
1,412,603
1,525,796

201407102309(201407102309)
1,310,024
2,528,023
4,725,786
1,413,542
1,526,362

201407102310(201407102310)
1,310,024
2,528,023
4,725,786
1,413,542
1,526,362

201407102311(201407102311)
1,312,439
2,528,023
4,725,786
1,413,542
1,527,698

201407102312(201407102312)
1,312,439
2,528,023
4,725,786
1,413,542
1,527,698

201407102319(201407102319)
1,315,137
2,532,603
4,725,786
1,414,577
1,529,614

201407102320(201407102320)
1,315,137
2,533,884
4,725,786
1,414,577
1,529,614

201407102321(201407102321)
1,315,137
2,533,884
4,725,786
1,414,577
1,530,840

201407102322(201407102322)
1,315,137
2,533,884
4,725,786
1,414,577
1,530,840

201407102329(201407102329)
1,315,959
2,534,743
4,725,786
1,416,239
1,533,140

201407102330(201407102330)
1,315,959
2,534,743
4,725,786
1,416,239
1,533,140

201407102331(201407102331)
1,316,182
2,534,743
4,725,786
1,416,239
1,533,140

201407102332(201407102332)
1,316,182
2,534,743
4,725,786
1,416,239
1,533,140

201407102339(201407102339)
1,316,437
2,542,200
4,725,786
1,416,437
1,533,640

201407102340(201407102340)
1,316,437
2,542,200
4,725,786
1,416,437
1,533,640

201407102341(201407102341)
1,316,437
2,542,200
4,725,786
1,416,437
1,533,640

201407102342(201407102342)
1,316,437
2,548,027
4,725,786
1,416,437
1,535,632

201407102349(201407102349)
1,316,881
2,548,027
4,725,786
1,417,568
1,537,961

201407102350(201407102350)
1,316,881
2,551,433
4,725,786
1,417,568
1,538,117

201407102351(201407102351)
1,316,881
2,551,433
4,725,786
1,417,594
1,538,273

201407102352(201407102352)
1,316,881
2,551,433
4,725,786
1,417,594
1,538,429

201407102359(201407102359)
1,317,056
2,553,705
4,725,786
1,419,526
1,541,444

201407110000(201407110000)
1,317,056
2,553,918
4,725,786
1,419,526
1,541,444

201407110001(201407110001)
1,318,592
2,553,918
4,725,786
1,419,526
1,541,444

201407110002(201407110002)
1,318,681
2,553,918
4,725,786
1,419,526
1,541,444

201407110009(201407110009)
1,319,731
2,553,918
4,725,786
1,423,328
1,542,374

201407110010(201407110010)
1,320,449
2,553,918
4,725,786
1,423,328
1,542,374

201407110011(201407110011)
1,320,480
2,553,918
4,725,786
1,423,328
1,542,374

201407110012(201407110012)
1,320,480
2,553,918
4,725,786
1,423,328
1,542,374

201407110019(201407110019)
1,321,640
2,564,391
4,725,786
1,427,405
1,543,147

201407110020(201407110020)
1,321,746
2,566,720
4,725,786
1,427,405
1,543,147

201407110021(201407110021)
1,321,799
2,566,720
4,725,786
1,427,405
1,543,147

201407110022(201407110022)
1,321,799
2,567,013
4,725,786
1,428,329
1,543,147

201407110029(201407110029)
1,323,463
2,567,013
4,725,786
1,429,581
1,546,329

201407110030(201407110030)
1,323,463
2,567,013
4,725,786
1,429,581
1,546,329

201407110031(201407110031)
1,323,463
2,567,013
4,725,786
1,429,581
1,546,329

201407110032(201407110032)
1,323,463
2,567,484
4,725,786
1,429,581
1,547,130

201407110039(201407110039)
1,323,463
2,567,802
4,725,786
1,430,748
1,551,897

201407110040(201407110040)
1,323,463
2,567,802
4,725,786
1,431,141
1,551,897

201407110041(201407110041)
1,323,463
2,567,802
4,725,786
1,431,141
1,553,400

201407110042(201407110042)
1,323,463
2,567,802
4,725,786
1,431,141
1,553,400

201407110049(201407110049)
1,324,460
2,567,802
4,725,786
1,431,141
1,553,793

201407110050(201407110050)
1,324,460
2,567,802
4,725,786
1,431,141
1,554,235

201407110051(201407110051)
1,324,460
2,567,802
4,725,786
1,431,141
1,554,235

201407110052(201407110052)
1,324,460
2,570,974
4,725,786
1,431,141
1,554,235

201407110059(201407110059)
1,325,937
2,573,211
4,725,786
1,431,242
1,558,491

201407110100(201407110100)
1,331,194
2,573,211
4,725,786
1,431,242
1,558,491

201407110101(201407110101)
1,331,194
2,575,378
4,725,786
1,431,242
1,560,748

201407110102(201407110102)
1,331,194
2,575,378
4,725,786
1,431,924
1,561,153

201407110109(201407110109)
1,331,194
2,575,378
4,725,786
1,433,460
1,565,084

201407110110(201407110110)
1,331,194
2,575,378
4,725,786
1,433,460
1,565,084

201407110111(201407110111)
1,331,663
2,575,378
4,725,786
1,433,460
1,565,084

201407110112(201407110112)
1,331,663
2,575,378
4,725,786
1,433,460
1,565,084

201407110119(201407110119)
1,334,123
2,576,338
4,725,786
1,433,460
1,566,726

201407110120(201407110120)
1,334,123
2,576,338
4,725,786
1,433,460
1,567,733

201407110121(201407110121)
1,334,123
2,576,338
4,725,786
1,433,460
1,568,861

201407110122(201407110122)
1,334,232
2,576,338
4,725,786
1,433,460
1,568,876

201407110129(201407110129)
1,334,317
2,577,610
4,725,786
1,433,898
1,572,320

201407110130(201407110130)
1,334,317
2,577,610
4,725,786
1,433,898
1,572,320

201407110131(201407110131)
1,334,317
2,577,610
4,725,786
1,433,898
1,572,320

201407110132(201407110132)
1,336,139
2,577,610
4,725,786
1,433,898
1,572,320

201407110139(201407110139)
1,336,139
2,579,081
4,725,786
1,436,160
1,572,320

201407110140(201407110140)
1,336,139
2,579,081
4,725,786
1,436,160
1,572,320

201407110141(201407110141)
1,336,139
2,579,081
4,725,786
1,436,160
1,572,320

201407110142(201407110142)
1,336,139
2,579,081
4,725,786
1,436,160
1,572,320

201407110149(201407110149)
1,336,783
2,580,837
4,725,786
1,436,160
1,573,707

201407110150(201407110150)
1,336,783
2,580,837
4,729,438
1,436,235
1,573,707

201407110151(201407110151)
1,336,783
2,580,837
4,735,955
1,436,235
1,573,707

201407110152(201407110152)
1,336,783
2,580,837
4,735,955
1,436,296
1,573,707

201407110159(201407110159)
1,336,783
2,585,074
4,735,955
1,436,296
1,574,427

201407110200(201407110200)
1,336,783
2,585,074
4,735,955
1,436,296
1,574,427

201407110201(201407110201)
1,336,783
2,585,074
4,735,955
1,436,296
1,574,427

201407110202(201407110202)
1,336,783
2,585,074
4,735,955
1,436,296
1,574,427

201407110209(201407110209)
1,336,783
2,585,074
4,735,955
1,440,314
1,574,427

201407110210(201407110210)
1,336,783
2,585,074
4,735,955
1,440,439
1,574,427

201407110211(201407110211)
1,336,783
2,585,074
4,735,955
1,441,749
1,574,520

201407110212(201407110212)
1,336,783
2,585,074
4,735,955
1,441,914
1,574,764

201407110219(201407110219)
1,336,888
2,585,074
4,735,955
1,444,530
1,575,015

201407110220(201407110220)
1,336,888
2,585,074
4,735,955
1,446,204
1,575,015

201407110221(201407110221)
1,337,329
2,585,074
4,735,955
1,446,204
1,577,773

201407110222(201407110222)
1,337,329
2,585,074
4,735,955
1,446,308
1,581,139

201407110229(201407110229)
1,337,329
2,599,592
4,735,955
1,446,308
1,581,139

201407110230(201407110230)
1,337,329
2,599,592
4,735,955
1,446,308
1,581,139

201407110231(201407110231)
1,337,329
2,599,592
4,735,955
1,448,581
1,581,139

201407110232(201407110232)
1,337,329
2,599,592
4,735,955
1,448,581
1,581,139

201407110239(201407110239)
1,337,329
2,599,592
4,735,955
1,450,216
1,581,363

201407110240(201407110240)
1,337,329
2,599,592
4,735,955
1,450,216
1,581,363

201407110241(201407110241)
1,337,329
2,599,592
4,735,955
1,450,216
1,581,363

201407110242(201407110242)
1,337,451
2,599,592
4,735,955
1,450,216
1,581,363

201407110249(201407110249)
1,337,451
2,602,337
4,735,955
1,450,711
1,584,681

201407110250(201407110250)
1,337,451
2,602,337
4,735,955
1,450,711
1,585,349

201407110251(201407110251)
1,337,451
2,602,337
4,735,955
1,450,711
1,585,349

201407110252(201407110252)
1,337,451
2,602,337
4,735,955
1,450,711
1,585,349

201407110259(201407110259)
1,337,451
2,602,337
4,735,955
1,450,711
1,585,591

201407110300(201407110300)
1,337,451
2,602,337
4,735,955
1,450,711
1,585,591

201407110301(201407110301)
1,337,451
2,602,337
4,735,955
1,450,711
1,585,591

201407110302(201407110302)
1,337,451
2,602,337
4,735,955
1,450,711
1,585,591

201407110309(201407110309)
1,337,451
2,602,337
4,735,955
1,455,106
1,585,591

201407110310(201407110310)
1,340,337
2,602,337
4,735,955
1,455,106
1,585,591

201407110311(201407110311)
1,340,337
2,602,337
4,735,955
1,455,106
1,585,591

201407110312(201407110312)
1,342,298
2,602,337
4,735,955
1,455,106
1,585,591

201407110319(201407110319)
1,342,298
2,602,337
4,735,955
1,455,106
1,590,556

201407110320(201407110320)
1,342,298
2,602,337
4,735,955
1,455,106
1,590,556

201407110321(201407110321)
1,342,298
2,602,337
4,735,955
1,455,106
1,590,556

201407110322(201407110322)
1,342,298
2,602,337
4,735,955
1,455,106
1,590,556

201407110329(201407110329)
1,343,240
2,602,337
4,735,955
1,455,106
1,590,556

201407110330(201407110330)
1,343,240
2,602,337
4,735,955
1,455,106
1,590,556

201407110331(201407110331)
1,343,240
2,602,337
4,735,955
1,455,106
1,590,556

201407110332(201407110332)
1,343,240
2,602,337
4,735,955
1,455,106
1,590,556

201407110339(201407110339)
1,343,240
2,602,337
4,735,955
1,455,106
1,590,556

201407110340(201407110340)
1,343,240
2,602,337
4,735,955
1,455,106
1,590,556

201407110341(201407110341)
1,343,240
2,602,337
4,735,955
1,455,106
1,590,556

201407110342(201407110342)
1,343,240
2,602,337
4,735,955
1,455,106
1,590,556

201407110349(201407110349)
1,345,207
2,602,337
4,735,955
1,455,106
1,590,556

201407110350(201407110350)
1,345,207
2,602,337
4,735,955
1,455,106
1,590,556

201407110351(201407110351)
1,345,207
2,602,337
4,735,955
1,455,106
1,591,030

201407110352(201407110352)
1,345,207
2,602,337
4,735,955
1,455,106
1,592,674

201407110359(201407110359)
1,346,535
2,602,337
4,735,955
1,455,106
1,592,674

201407110400(201407110400)
1,346,535
2,602,337
4,735,955
1,455,106
1,592,674

201407110401(201407110401)
1,346,535
2,602,337
4,735,955
1,455,106
1,592,674

201407110402(201407110402)
1,346,535
2,602,337
4,735,955
1,455,106
1,592,674

201407110409(201407110409)
1,346,535
2,602,337
4,735,955
1,455,106
1,592,674

201407110410(201407110410)
1,346,535
2,602,337
4,735,955
1,455,106
1,592,674

201407110411(201407110411)
1,346,535
2,602,337
4,735,955
1,455,106
1,592,674

201407110412(201407110412)
1,346,535
2,602,337
4,735,955
1,455,106
1,592,674

201407110419(201407110419)
1,346,535
2,603,502
4,735,955
1,455,106
1,593,044

201407110420(201407110420)
1,346,535
2,605,674
4,735,955
1,455,106
1,593,044

201407110421(201407110421)
1,346,535
2,605,674
4,735,955
1,455,106
1,593,044

201407110422(201407110422)
1,346,535
2,605,674
4,735,955
1,455,106
1,593,044

201407110429(201407110429)
1,346,535
2,606,271
4,735,955
1,456,013
1,593,419

201407110430(201407110430)
1,346,535
2,606,271
4,735,955
1,456,013
1,593,419

201407110431(201407110431)
1,346,535
2,606,271
4,735,955
1,456,013
1,593,419

201407110432(201407110432)
1,346,535
2,606,271
4,735,955
1,456,013
1,593,419

201407110439(201407110439)
1,346,535
2,606,271
4,735,955
1,456,013
1,593,419

201407110440(201407110440)
1,347,201
2,606,936
4,735,955
1,456,013
1,593,419

201407110441(201407110441)
1,347,201
2,606,936
4,735,955
1,456,013
1,593,419

201407110442(201407110442)
1,347,559
2,606,936
4,735,955
1,456,013
1,593,419

201407110449(201407110449)
1,347,956
2,606,936
4,735,955
1,456,624
1,593,419

201407110450(201407110450)
1,347,956
2,606,936
4,735,955
1,456,624
1,593,419

201407110451(201407110451)
1,347,956
2,606,936
4,735,955
1,456,624
1,593,419

201407110452(201407110452)
1,347,956
2,606,936
4,735,955
1,456,624
1,593,419

201407110459(201407110459)
1,348,064
2,607,372
4,735,955
1,456,624
1,594,356

201407110500(201407110500)
1,348,064
2,607,372
4,735,955
1,457,700
1,594,356

201407110501(201407110501)
1,348,540
2,607,372
4,735,955
1,457,700
1,594,356

201407110502(201407110502)
1,348,540
2,607,372
4,735,955
1,457,700
1,594,356

201407110509(201407110509)
1,348,540
2,607,372
4,735,955
1,457,700
1,594,356

201407110510(201407110510)
1,348,685
2,607,372
4,735,955
1,457,700
1,594,356

201407110511(201407110511)
1,348,685
2,615,336
4,735,955
1,457,700
1,594,356

201407110512(201407110512)
1,348,685
2,615,336
4,735,955
1,457,700
1,594,356

201407110519(201407110519)
1,348,685
2,619,132
4,735,955
1,457,700
1,596,436

201407110520(201407110520)
1,348,685
2,619,132
4,735,955
1,457,700
1,596,436

201407110521(201407110521)
1,348,685
2,619,132
4,735,955
1,457,700
1,596,436

201407110522(201407110522)
1,348,685
2,619,132
4,735,955
1,457,700
1,596,436

201407110529(201407110529)
1,348,685
2,624,822
4,735,955
1,458,842
1,596,436

201407110530(201407110530)
1,348,685
2,624,822
4,735,955
1,458,842
1,596,436

201407110531(201407110531)
1,348,685
2,624,822
4,735,955
1,458,842
1,597,806

201407110532(201407110532)
1,348,685
2,624,822
4,735,955
1,458,842
1,597,806

201407110539(201407110539)
1,348,685
2,624,822
4,735,955
1,458,842
1,597,899

201407110540(201407110540)
1,348,685
2,624,822
4,735,955
1,459,259
1,597,899

201407110541(201407110541)
1,348,700
2,624,822
4,735,955
1,459,259
1,597,899

201407110542(201407110542)
1,348,754
2,624,822
4,735,955
1,459,259
1,597,899

201407110549(201407110549)
1,348,754
2,626,517
4,735,955
1,463,429
1,597,899

201407110550(201407110550)
1,348,754
2,626,517
4,735,955
1,463,429
1,597,912

201407110551(201407110551)
1,348,754
2,626,517
4,735,955
1,463,429
1,597,912

201407110552(201407110552)
1,348,754
2,626,517
4,735,955
1,463,429
1,597,912

201407110559(201407110559)
1,348,754
2,626,517
4,735,955
1,464,975
1,597,912

201407110600(201407110600)
1,348,754
2,626,517
4,735,955
1,464,975
1,597,912

201407110601(201407110601)
1,348,754
2,626,517
4,735,955
1,464,975
1,597,912

201407110602(201407110602)
1,348,754
2,626,517
4,735,955
1,464,975
1,597,912

201407110609(201407110609)
1,349,258
2,626,517
4,735,955
1,464,975
1,597,912

201407110610(201407110610)
1,349,258
2,626,517
4,735,955
1,464,975
1,597,912

201407110611(201407110611)
1,350,664
2,626,517
4,735,955
1,464,975
1,597,912

201407110612(201407110612)
1,350,664
2,626,517
4,735,955
1,466,276
1,597,912

201407110619(201407110619)
1,351,093
2,626,517
4,735,955
1,466,276
1,597,912

201407110620(201407110620)
1,351,093
2,626,517
4,735,955
1,466,276
1,597,912

201407110621(201407110621)
1,351,093
2,626,517
4,735,955
1,466,276
1,597,912

201407110622(201407110622)
1,351,093
2,626,517
4,735,955
1,466,276
1,597,912

201407110629(201407110629)
1,351,093
2,631,263
4,735,955
1,467,734
1,597,912

201407110630(201407110630)
1,351,093
2,631,263
4,735,955
1,467,734
1,597,912

201407110631(201407110631)
1,351,093
2,631,263
4,735,955
1,467,734
1,597,912

201407110632(201407110632)
1,351,093
2,631,263
4,735,955
1,467,734
1,597,912

201407110639(201407110639)
1,352,537
2,631,263
4,735,955
1,468,535
1,597,912

201407110640(201407110640)
1,352,537
2,631,263
4,735,955
1,468,535
1,600,553

201407110641(201407110641)
1,352,537
2,633,350
4,735,955
1,468,535
1,600,553

201407110642(201407110642)
1,352,537
2,633,350
4,735,955
1,468,535
1,603,790

201407110649(201407110649)
1,354,389
2,633,350
4,735,955
1,469,218
1,603,790

201407110650(201407110650)
1,354,389
2,633,350
4,735,955
1,469,218
1,603,790

201407110651(201407110651)
1,354,389
2,633,350
4,735,955
1,469,218
1,603,944

201407110652(201407110652)
1,354,389
2,633,350
4,735,955
1,469,218
1,603,944

201407110659(201407110659)
1,354,389
2,633,350
4,735,955
1,469,606
1,603,944

201407110700(201407110700)
1,354,389
2,633,350
4,735,955
1,469,606
1,603,944

201407110701(201407110701)
1,354,389
2,633,350
4,735,955
1,469,606
1,603,944

201407110702(201407110702)
1,354,389
2,633,350
4,735,955
1,469,606
1,603,944

201407110709(201407110709)
1,354,389
2,633,718
4,735,955
1,470,834
1,605,976

201407110710(201407110710)
1,354,447
2,633,718
4,735,955
1,470,834
1,605,976

201407110711(201407110711)
1,354,447
2,633,718
4,735,955
1,470,834
1,609,001

201407110712(201407110712)
1,354,447
2,633,718
4,735,955
1,470,834
1,609,001

201407110719(201407110719)
1,356,427
2,644,949
4,735,955
1,470,834
1,610,629

201407110720(201407110720)
1,356,765
2,644,949
4,735,955
1,470,834
1,610,629

201407110721(201407110721)
1,356,765
2,644,949
4,735,955
1,470,834
1,610,629

201407110722(201407110722)
1,356,765
2,644,949
4,735,955
1,470,834
1,610,629

201407110729(201407110729)
1,359,438
2,644,949
4,735,955
1,472,026
1,613,467

201407110730(201407110730)
1,359,438
2,644,949
4,735,955
1,472,026
1,613,467

201407110731(201407110731)
1,359,438
2,644,949
4,735,955
1,472,026
1,613,467

201407110732(201407110732)
1,359,438
2,644,949
4,735,955
1,472,026
1,613,467

201407110739(201407110739)
1,359,438
2,644,949
4,735,955
1,472,828
1,614,583

201407110740(201407110740)
1,359,438
2,644,949
4,735,955
1,474,662
1,614,583

201407110741(201407110741)
1,359,438
2,644,949
4,735,955
1,474,662
1,614,683

201407110742(201407110742)
1,359,438
2,644,949
4,735,955
1,474,662
1,614,822

201407110749(201407110749)
1,360,089
2,646,367
4,735,955
1,476,479
1,615,751

201407110750(201407110750)
1,360,089
2,646,367
4,735,955
1,476,479
1,617,000

201407110751(201407110751)
1,360,089
2,646,367
4,735,955
1,476,479
1,617,000

201407110752(201407110752)
1,360,239
2,646,367
4,735,955
1,476,479
1,617,000

201407110759(201407110759)
1,363,679
2,649,735
4,735,955
1,481,685
1,618,582

201407110800(201407110800)
1,363,679
2,649,735
4,735,955
1,484,153
1,618,582

201407110801(201407110801)
1,364,083
2,649,735
4,735,955
1,484,153
1,618,582

201407110802(201407110802)
1,364,083
2,649,735
4,735,955
1,484,153
1,618,582

201407110809(201407110809)
1,364,083
2,649,739
4,735,955
1,486,778
1,618,582

201407110810(201407110810)
1,364,083
2,649,739
4,735,955
1,486,778
1,618,582

201407110811(201407110811)
1,364,083
2,649,739
4,735,955
1,486,778
1,618,582

201407110812(201407110812)
1,364,083
2,649,739
4,735,955
1,486,778
1,618,582

201407110819(201407110819)
1,368,143
2,649,739
4,735,955
1,488,035
1,619,931

201407110820(201407110820)
1,368,143
2,649,739
4,735,955
1,488,035
1,619,931

201407110821(201407110821)
1,368,143
2,649,739
4,735,955
1,488,035
1,619,931

201407110822(201407110822)
1,368,143
2,649,739
4,735,955
1,488,035
1,619,931

201407110829(201407110829)
1,368,285
2,649,739
4,735,955
1,488,458
1,619,931

201407110830(201407110830)
1,368,285
2,649,739
4,735,955
1,488,458
1,619,931

201407110831(201407110831)
1,371,428
2,649,739
4,735,955
1,488,458
1,620,156

201407110832(201407110832)
1,371,428
2,649,739
4,735,955
1,492,076
1,620,156

201407110839(201407110839)
1,371,428
2,650,609
4,735,955
1,492,100
1,620,156

201407110840(201407110840)
1,371,428
2,650,609
4,735,955
1,492,100
1,620,156

201407110841(201407110841)
1,371,428
2,650,609
4,735,955
1,492,160
1,620,156

201407110842(201407110842)
1,371,428
2,651,891
4,735,955
1,492,341
1,620,156

201407110849(201407110849)
1,376,385
2,658,425
4,735,955
1,492,447
1,620,824

201407110850(201407110850)
1,376,385
2,658,425
4,735,955
1,492,447
1,621,152

201407110851(201407110851)
1,376,385
2,658,425
4,735,955
1,492,447
1,621,221

201407110852(201407110852)
1,376,385
2,658,425
4,735,955
1,492,447
1,621,221

201407110859(201407110859)
1,376,385
2,664,092
4,735,955
1,492,447
1,621,221

201407110900(201407110900)
1,376,385
2,664,092
4,735,955
1,492,447
1,621,221

201407110901(201407110901)
1,377,501
2,664,092
4,735,955
1,492,570
1,621,221

201407110902(201407110902)
1,377,501
2,664,092
4,735,955
1,492,570
1,621,221

201407110909(201407110909)
1,377,501
2,664,092
4,735,955
1,493,976
1,621,399

201407110910(201407110910)
1,377,501
2,664,092
4,735,955
1,493,976
1,621,399

201407110911(201407110911)
1,377,501
2,664,092
4,735,955
1,493,976
1,621,399

201407110912(201407110912)
1,377,501
2,664,092
4,735,955
1,493,976
1,621,399

201407110919(201407110919)
1,377,501
2,664,092
4,735,955
1,493,976
1,622,159

201407110920(201407110920)
1,377,501
2,664,900
4,735,955
1,493,976
1,622,159

201407110921(201407110921)
1,377,501
2,667,984
4,735,955
1,493,976
1,622,159

201407110922(201407110922)
1,377,501
2,667,984
4,735,955
1,493,976
1,622,159

201407110929(201407110929)
1,377,501
2,669,537
4,735,955
1,495,595
1,622,159

201407110930(201407110930)
1,377,501
2,669,537
4,735,955
1,495,595
1,622,159

201407110931(201407110931)
1,377,501
2,669,537
4,735,955
1,495,595
1,622,159

201407110932(201407110932)
1,377,501
2,669,537
4,735,955
1,495,595
1,622,159

201407110939(201407110939)
1,377,501
2,669,537
4,735,955
1,500,299
1,622,159

201407110940(201407110940)
1,377,501
2,669,537
4,735,955
1,501,078
1,622,159

201407110941(201407110941)
1,377,501
2,669,537
4,735,955
1,501,078
1,622,159

201407110942(201407110942)
1,377,501
2,669,537
4,735,955
1,501,078
1,622,159

201407110949(201407110949)
1,377,893
2,669,537
4,735,955
1,501,078
1,622,501

201407110950(201407110950)
1,378,377
2,669,537
4,735,955
1,501,078
1,622,501

201407110951(201407110951)
1,378,377
2,669,537
4,735,955
1,504,396
1,622,501

201407110952(201407110952)
1,378,377
2,669,537
4,735,955
1,504,396
1,623,404

201407110959(201407110959)
1,378,409
2,669,537
4,735,955
1,504,396
1,625,863

201407111000(201407111000)
1,378,409
2,669,537
4,735,955
1,504,396
1,625,863

201407111001(201407111001)
1,378,409
2,669,537
4,735,955
1,504,396
1,625,863

201407111002(201407111002)
1,378,409
2,669,537
4,735,955
1,504,396
1,625,863

201407111009(201407111009)
1,378,491
2,669,537
4,741,210
1,504,396
1,625,863

201407111010(201407111010)
1,378,491
2,669,537
4,741,210
1,504,396
1,625,863

201407111011(201407111011)
1,378,491
2,669,537
4,741,210
1,504,396
1,625,863

201407111012(201407111012)
1,378,491
2,669,537
4,741,210
1,504,396
1,625,863

201407111019(201407111019)
1,378,491
2,670,105
4,741,210
1,504,396
1,625,863

201407111020(201407111020)
1,380,276
2,671,448
4,741,210
1,504,396
1,625,863

201407111021(201407111021)
1,380,276
2,671,448
4,741,210
1,504,396
1,625,863

201407111022(201407111022)
1,380,276
2,671,448
4,741,210
1,504,396
1,625,863

201407111029(201407111029)
1,380,276
2,676,635
4,741,210
1,504,396
1,625,863

201407111030(201407111030)
1,380,276
2,676,635
4,741,210
1,504,396
1,625,863

201407111031(201407111031)
1,380,276
2,676,635
4,741,210
1,504,906
1,625,863

201407111032(201407111032)
1,381,043
2,676,635
4,741,210
1,504,906
1,625,863

201407111039(201407111039)
1,381,043
2,676,635
4,741,210
1,504,906
1,625,863

201407111040(201407111040)
1,381,043
2,676,635
4,741,210
1,504,906
1,625,863

201407111041(201407111041)
1,381,043
2,676,871
4,741,210
1,504,906
1,625,863

201407111042(201407111042)
1,381,043
2,676,930
4,741,210
1,504,906
1,625,863

201407111049(201407111049)
1,383,130
2,676,930
4,741,210
1,504,906
1,626,126

201407111050(201407111050)
1,383,130
2,676,930
4,741,210
1,504,906
1,626,126

201407111051(201407111051)
1,383,130
2,676,930
4,741,210
1,504,906
1,626,126

201407111052(201407111052)
1,383,130
2,676,930
4,741,210
1,504,906
1,626,126

201407111059(201407111059)
1,385,820
2,676,930
4,741,210
1,504,906
1,628,911

201407111100(201407111100)
1,385,820
2,676,930
4,741,210
1,504,906
1,628,911

201407111101(201407111101)
1,385,820
2,676,930
4,741,210
1,504,906
1,628,911

201407111102(201407111102)
1,385,820
2,676,930
4,741,210
1,504,906
1,628,911

201407111109(201407111109)
1,385,820
2,676,930
4,741,210
1,504,906
1,631,187

201407111110(201407111110)
1,386,311
2,676,930
4,741,210
1,504,906
1,631,187

201407111111(201407111111)
1,386,311
2,676,930
4,741,210
1,504,906
1,631,187

201407111112(201407111112)
1,386,311
2,676,930
4,741,210
1,504,906
1,631,187

201407111119(201407111119)
1,386,311
2,676,930
4,741,210
1,504,906
1,631,236

201407111120(201407111120)
1,386,311
2,676,930
4,741,210
1,504,906
1,634,440

201407111121(201407111121)
1,386,311
2,676,930
4,741,210
1,511,645
1,634,440

201407111122(201407111122)
1,386,311
2,676,930
4,741,210
1,511,645
1,634,440

201407111129(201407111129)
1,386,311
2,689,210
4,741,210
1,511,645
1,634,440

201407111130(201407111130)
1,386,311
2,689,210
4,741,210
1,511,645
1,634,440

201407111131(201407111131)
1,386,311
2,689,210
4,749,682
1,511,645
1,634,440

201407111132(201407111132)
1,388,066
2,689,210
4,749,682
1,511,645
1,634,440

201407111139(201407111139)
1,389,476
2,689,210
4,749,682
1,511,645
1,635,051

201407111140(201407111140)
1,389,476
2,689,210
4,749,682
1,511,645
1,635,051

201407111141(201407111141)
1,389,476
2,689,210
4,749,682
1,511,645
1,635,051

201407111142(201407111142)
1,389,476
2,689,210
4,749,682
1,511,645
1,635,051

201407111149(201407111149)
1,389,476
2,689,210
4,761,177
1,511,645
1,635,051

201407111150(201407111150)
1,389,476
2,689,210
4,761,177
1,511,645
1,635,051

201407111151(201407111151)
1,389,476
2,689,210
4,761,177
1,511,645
1,635,051

201407111152(201407111152)
1,389,476
2,689,210
4,761,177
1,512,050
1,635,051

201407111159(201407111159)
1,389,476
2,689,210
4,761,177
1,517,155
1,636,258

201407111200(201407111200)
1,389,476
2,689,210
4,761,177
1,517,155
1,636,258

201407111201(201407111201)
1,389,476
2,689,210
4,761,177
1,517,155
1,636,258

201407111202(201407111202)
1,389,476
2,689,210
4,761,177
1,517,155
1,636,258

201407111209(201407111209)
1,390,045
2,689,378
4,761,177
1,517,155
1,637,043

201407111210(201407111210)
1,390,045
2,691,948
4,761,177
1,517,155
1,637,043

201407111211(201407111211)
1,390,045
2,691,948
4,761,177
1,517,155
1,637,043

201407111212(201407111212)
1,390,045
2,691,948
4,761,177
1,517,155
1,637,043

201407111219(201407111219)
1,390,045
2,691,948
4,761,177
1,517,155
1,641,161

201407111220(201407111220)
1,390,045
2,691,948
4,761,177
1,517,155
1,642,960

201407111221(201407111221)
1,390,045
2,691,948
4,761,177
1,518,229
1,642,960

201407111222(201407111222)
1,390,045
2,691,948
4,761,177
1,518,233
1,642,960

201407111229(201407111229)
1,390,045
2,691,948
4,761,177
1,519,285
1,642,960

201407111230(201407111230)
1,390,366
2,691,948
4,761,177
1,519,285
1,642,960

201407111231(201407111231)
1,392,098
2,691,948
4,761,177
1,519,285
1,642,960

201407111232(201407111232)
1,392,098
2,691,948
4,761,177
1,519,285
1,645,004

201407111239(201407111239)
1,394,265
2,691,948
4,798,717
1,519,285
1,648,910

201407111240(201407111240)
1,395,009
2,691,948
4,798,717
1,519,285
1,648,910

201407111241(201407111241)
1,395,009
2,692,777
4,798,717
1,519,285
1,648,910

201407111242(201407111242)
1,395,009
2,692,777
4,798,717
1,519,285
1,648,910

201407111249(201407111249)
1,395,009
2,692,777
4,798,717
1,525,469
1,648,910

201407111250(201407111250)
1,395,009
2,692,777
4,798,717
1,525,469
1,648,910

201407111251(201407111251)
1,395,009
2,692,777
4,798,717
1,526,622
1,650,805

201407111252(201407111252)
1,395,009
2,692,777
4,798,717
1,526,622
1,650,805

201407111259(201407111259)
1,396,522
2,698,340
4,798,717
1,528,039
1,655,039

201407111300(201407111300)
1,396,522
2,698,340
4,798,717
1,528,039
1,655,039

201407111301(201407111301)
1,396,522
2,698,340
4,798,717
1,528,039
1,655,039

201407111302(201407111302)
1,396,522
2,698,340
4,798,717
1,528,039
1,655,039

201407111309(201407111309)
1,396,522
2,698,340
4,798,717
1,528,039
1,655,039

201407111310(201407111310)
1,396,522
2,698,340
4,798,717
1,528,039
1,655,039

201407111311(201407111311)
1,396,522
2,698,340
4,798,717
1,528,039
1,655,039

201407111312(201407111312)
1,396,522
2,698,340
4,798,717
1,528,039
1,655,039

201407111319(201407111319)
1,398,331
2,698,340
4,798,717
1,528,039
1,655,039

201407111320(201407111320)
1,398,331
2,698,340
4,798,717
1,528,039
1,655,039

201407111321(201407111321)
1,398,331
2,698,340
4,798,717
1,528,039
1,655,039

201407111322(201407111322)
1,398,331
2,698,340
4,798,717
1,528,039
1,655,039

201407111329(201407111329)
1,398,331
2,698,340
4,798,717
1,528,039
1,655,063

201407111330(201407111330)
1,398,331
2,698,340
4,798,717
1,528,039
1,655,063

201407111331(201407111331)
1,398,331
2,698,340
4,798,717
1,528,039
1,655,063

201407111332(201407111332)
1,398,331
2,698,340
4,798,717
1,528,039
1,655,063

201407111339(201407111339)
1,398,331
2,698,340
4,798,717
1,528,039
1,655,171

201407111340(201407111340)
1,398,331
2,698,340
4,798,717
1,528,039
1,655,371

201407111341(201407111341)
1,398,331
2,698,340
4,798,717
1,528,039
1,655,371

201407111342(201407111342)
1,398,331
2,698,340
4,798,717
1,530,187
1,655,371

201407111349(201407111349)
1,398,331
2,698,340
4,798,717
1,530,187
1,656,054

201407111350(201407111350)
1,398,331
2,698,340
4,798,717
1,530,187
1,656,054

201407111351(201407111351)
1,398,331
2,698,340
4,798,717
1,533,257
1,656,054

201407111352(201407111352)
1,398,331
2,698,340
4,798,717
1,533,257
1,656,054

201407111359(201407111359)
1,399,276
2,700,315
4,798,717
1,535,806
1,656,054

201407111400(201407111400)
1,399,276
2,700,315
4,798,717
1,535,806
1,656,054

201407111401(201407111401)
1,400,922
2,700,315
4,798,717
1,535,806
1,656,054

201407111402(201407111402)
1,400,922
2,700,315
4,798,717
1,535,806
1,656,054

201407111409(201407111409)
1,401,677
2,700,315
4,798,717
1,535,806
1,656,054

201407111410(201407111410)
1,401,677
2,700,315
4,798,717
1,535,806
1,656,054

201407111411(201407111411)
1,401,677
2,700,315
4,798,717
1,535,806
1,656,054

201407111412(201407111412)
1,401,677
2,700,315
4,798,717
1,535,806
1,656,054

201407111419(201407111419)
1,401,805
2,700,315
4,798,717
1,535,806
1,656,054

201407111420(201407111420)
1,401,805
2,700,315
4,798,717
1,535,806
1,656,054

201407111421(201407111421)
1,401,805
2,700,315
4,798,717
1,535,806
1,656,054

201407111422(201407111422)
1,401,805
2,700,315
4,798,717
1,536,549
1,656,054

201407111429(201407111429)
1,401,805
2,700,315
4,798,717
1,536,549
1,656,054

201407111430(201407111430)
1,401,805
2,700,315
4,798,717
1,536,549
1,656,054

201407111431(201407111431)
1,401,805
2,700,315
4,798,717
1,536,549
1,656,054

201407111432(201407111432)
1,401,805
2,700,315
4,822,431
1,536,549
1,656,054

201407111439(201407111439)
1,403,023
2,700,315
4,822,431
1,536,549
1,657,955

201407111440(201407111440)
1,403,023
2,700,315
4,822,431
1,536,753
1,657,955

201407111441(201407111441)
1,403,290
2,700,315
4,822,431
1,536,753
1,657,955

201407111442(201407111442)
1,403,290
2,700,315
4,822,431
1,536,753
1,657,955

201407111449(201407111449)
1,403,290
2,700,315
4,822,431
1,536,753
1,658,854

201407111450(201407111450)
1,403,290
2,700,315
4,822,431
1,536,753
1,658,854

201407111451(201407111451)
1,403,290
2,700,315
4,822,431
1,536,753
1,658,854

201407111452(201407111452)
1,403,290
2,700,315
4,822,431
1,536,753
1,658,854

201407111459(201407111459)
1,403,426
2,700,315
4,822,431
1,536,753
1,658,854

201407111500(201407111500)
1,403,426
2,700,315
4,822,431
1,536,753
1,658,854

201407111501(201407111501)
1,403,584
2,700,315
4,822,431
1,536,753
1,659,834

201407111502(201407111502)
1,403,584
2,700,315
4,822,431
1,539,802
1,659,834

201407111509(201407111509)
1,404,205
2,700,575
4,822,431
1,541,057
1,662,367

201407111510(201407111510)
1,404,550
2,700,575
4,822,431
1,541,057
1,662,367

201407111511(201407111511)
1,404,550
2,700,575
4,822,431
1,541,057
1,662,367

201407111512(201407111512)
1,404,550
2,700,575
4,822,431
1,541,057
1,662,367

201407111519(201407111519)
1,406,959
2,702,369
4,822,431
1,541,057
1,662,367

201407111520(201407111520)
1,406,959
2,702,369
4,822,431
1,541,057
1,662,367

201407111521(201407111521)
1,406,959
2,702,369
4,822,431
1,541,057
1,662,367

201407111522(201407111522)
1,406,959
2,702,369
4,822,431
1,541,057
1,662,367

201407111529(201407111529)
1,408,742
2,708,013
4,822,431
1,542,088
1,662,367

201407111530(201407111530)
1,408,742
2,708,013
4,822,431
1,542,088
1,662,367

201407111531(201407111531)
1,408,742
2,708,013
4,822,431
1,542,088
1,665,651

201407111532(201407111532)
1,408,742
2,708,013
4,822,431
1,542,088
1,665,651

201407111539(201407111539)
1,408,742
2,708,013
4,822,431
1,542,088
1,665,651

201407111540(201407111540)
1,408,742
2,708,013
4,822,431
1,542,088
1,665,651

201407111541(201407111541)
1,408,742
2,708,013
4,822,431
1,542,088
1,665,651

201407111542(201407111542)
1,408,742
2,708,013
4,822,431
1,542,088
1,665,651

201407111549(201407111549)
1,408,742
2,715,700
4,822,431
1,542,088
1,666,463

201407111550(201407111550)
1,408,742
2,715,700
4,822,431
1,542,979
1,666,463

201407111551(201407111551)
1,408,742
2,715,700
4,822,431
1,542,979
1,666,463

201407111552(201407111552)
1,408,742
2,715,700
4,822,431
1,542,979
1,666,463

201407111559(201407111559)
1,409,923
2,715,700
4,822,844
1,542,979
1,666,463

201407111600(201407111600)
1,409,940
2,715,700
4,822,844
1,542,979
1,666,463

201407111601(201407111601)
1,409,940
2,715,700
4,822,844
1,542,979
1,666,463

201407111602(201407111602)
1,409,940
2,715,700
4,822,844
1,545,508
1,666,463

201407111609(201407111609)
1,409,940
2,715,700
4,822,844
1,547,130
1,666,463

201407111610(201407111610)
1,409,940
2,715,700
4,822,844
1,547,130
1,666,463

201407111611(201407111611)
1,409,940
2,715,700
4,822,844
1,547,130
1,666,463

201407111612(201407111612)
1,409,940
2,715,700
4,822,844
1,547,130
1,666,463

201407111619(201407111619)
1,410,171
2,716,475
4,822,844
1,548,480
1,666,463

201407111620(201407111620)
1,410,171
2,716,475
4,822,844
1,548,480
1,666,463

201407111621(201407111621)
1,411,287
2,716,475
4,822,844
1,548,480
1,666,463

201407111622(201407111622)
1,411,287
2,724,330
4,822,844
1,548,480
1,666,463

201407111629(201407111629)
1,411,287
2,725,131
4,822,844
1,548,480
1,666,463

201407111630(201407111630)
1,411,287
2,725,462
4,822,844
1,548,480
1,666,463

201407111631(201407111631)
1,411,287
2,725,462
4,822,844
1,548,480
1,666,463

201407111632(201407111632)
1,411,287
2,725,462
4,822,844
1,548,480
1,666,463

201407111639(201407111639)
1,411,287
2,725,462
4,822,844
1,548,480
1,669,448

201407111640(201407111640)
1,411,287
2,725,462
4,822,844
1,548,480
1,669,448

201407111641(201407111641)
1,411,287
2,725,462
4,822,844
1,548,480
1,669,448

201407111642(201407111642)
1,411,287
2,725,462
4,822,844
1,548,480
1,669,448

201407111649(201407111649)
1,411,287
2,725,885
4,822,844
1,548,480
1,669,448

201407111650(201407111650)
1,412,847
2,725,885
4,822,844
1,548,480
1,669,448

201407111651(201407111651)
1,412,847
2,725,885
4,822,844
1,548,480
1,669,448

201407111652(201407111652)
1,412,847
2,725,885
4,822,844
1,548,480
1,669,448

201407111659(201407111659)
1,412,847
2,725,885
4,822,844
1,548,480
1,674,760

201407111700(201407111700)
1,412,847
2,725,885
4,822,844
1,548,480
1,674,760

201407111701(201407111701)
1,412,847
2,725,885
4,822,844
1,548,480
1,674,760

201407111702(201407111702)
1,412,847
2,725,885
4,822,844
1,548,480
1,674,760

