201407111709(201407111709)
1,412,847
2,725,885
4,822,844
1,548,480
1,675,644

201407111710(201407111710)
1,412,847
2,725,885
4,822,844
1,548,480
1,675,644

201407111711(201407111711)
1,412,961
2,725,885
4,822,844
1,548,480
1,675,644

201407111712(201407111712)
1,412,961
2,726,084
4,822,844
1,548,480
1,675,644

201407111719(201407111719)
1,414,904
2,728,553
4,822,844
1,548,480
1,676,359

201407111720(201407111720)
1,415,321
2,728,553
4,822,844
1,548,480
1,676,359

201407111721(201407111721)
1,415,321
2,728,553
4,822,844
1,548,480
1,676,359

201407111722(201407111722)
1,415,702
2,734,500
4,822,844
1,548,480
1,676,359

201407111729(201407111729)
1,417,683
2,735,009
4,834,099
1,549,318
1,685,562

201407111730(201407111730)
1,417,683
2,735,009
4,834,099
1,549,318
1,685,562

201407111731(201407111731)
1,417,683
2,735,009
4,834,099
1,549,318
1,685,562

201407111732(201407111732)
1,417,683
2,735,009
4,834,099
1,549,318
1,685,562

201407111739(201407111739)
1,418,399
2,735,009
4,834,099
1,550,558
1,685,905

201407111740(201407111740)
1,418,404
2,735,009
4,834,099
1,550,558
1,685,905

201407111741(201407111741)
1,418,404
2,735,009
4,834,099
1,550,659
1,685,905

201407111742(201407111742)
1,418,404
2,735,009
4,834,099
1,550,659
1,685,905

201407111749(201407111749)
1,421,718
2,735,009
4,834,099
1,550,659
1,685,905

201407111750(201407111750)
1,422,092
2,735,009
4,834,099
1,550,659
1,685,905

201407111751(201407111751)
1,422,154
2,735,009
4,834,099
1,550,659
1,685,905

201407111752(201407111752)
1,422,278
2,735,009
4,834,099
1,550,659
1,685,905

201407111759(201407111759)
1,422,340
2,735,009
4,834,099
1,550,659
1,685,905

201407111800(201407111800)
1,422,340
4,834,099
1,550,659
1,685,905

201407111801(201407111801)
1,422,340
2,741,415
4,834,099
1,550,659
1,685,905

201407111802(201407111802)
1,422,340
2,741,415
4,834,099
1,550,659
1,685,905

201407111809(201407111809)
1,423,304
2,744,071
4,834,099
1,550,659
1,688,005

201407111810(201407111810)
1,423,304
2,744,071
4,834,099
1,550,659
1,688,005

201407111811(201407111811)
1,423,304
2,744,071
4,834,099
1,550,659
1,688,284

201407111812(201407111812)
1,423,304
2,744,071
4,834,099
1,550,659
1,688,284

201407111819(201407111819)
1,427,232
2,746,457
4,834,099
1,550,659
1,688,859

201407111820(201407111820)
1,427,486
2,746,457
4,834,099
1,550,659
1,688,859

201407111821(201407111821)
1,427,486
2,746,457
4,834,099
1,550,659
1,688,859

201407111822(201407111822)
1,428,032
2,746,457
4,834,099
1,550,659
1,688,859

201407111829(201407111829)
1,430,447
2,749,270
4,834,099
1,552,415
1,688,859

201407111830(201407111830)
1,431,166
2,749,270
4,834,099
1,552,415
1,688,859

201407111831(201407111831)
1,431,166
2,749,270
4,834,099
1,552,415
1,690,289

201407111832(201407111832)
1,431,206
2,751,259
4,834,099
1,552,700
1,690,289

201407111839(201407111839)
1,431,206
2,752,203
4,834,099
1,553,299
1,691,120

201407111840(201407111840)
1,431,206
2,752,203
4,834,099
1,553,299
1,691,120

201407111841(201407111841)
1,431,206
2,752,203
4,834,099
1,556,422
1,691,120

201407111842(201407111842)
1,431,355
2,752,203
4,834,099
1,556,422
1,691,120

201407111849(201407111849)
1,431,938
2,752,203
4,855,705
1,560,515
1,693,334

201407111850(201407111850)
1,431,938
2,752,203
4,855,705
1,560,515
1,693,334

201407111851(201407111851)
1,431,938
2,752,203
4,855,705
1,560,515
1,693,334

201407111852(201407111852)
1,433,188
2,752,203
4,855,705
1,560,515
1,693,334

201407111859(201407111859)
1,434,776
2,752,203
4,855,705
1,561,858
1,695,076

201407111900(201407111900)
1,434,776
2,754,930
4,855,705
1,561,858
1,695,076

201407111901(201407111901)
1,434,776
2,755,302
4,855,705
1,561,901
1,695,076

201407111902(201407111902)
1,434,776
2,755,488
4,855,705
1,561,901
1,701,137

201407111909(201407111909)
1,434,776
2,755,788
4,855,705
1,563,994
1,702,852

201407111910(201407111910)
1,434,776
2,755,788
4,855,705
1,563,994
1,702,852

201407111911(201407111911)
1,437,510
2,755,788
4,855,705
1,563,994
1,707,605

201407111912(201407111912)
1,437,510
2,755,788
4,855,705
1,563,994
1,707,605

201407111919(201407111919)
1,437,510
2,755,788
4,855,705
1,563,994
1,713,180

201407111920(201407111920)
1,438,643
2,755,788
4,855,705
1,563,994
1,713,180

201407111921(201407111921)
1,438,643
2,755,788
4,855,705
1,565,779
1,713,180

201407111922(201407111922)
1,439,625
2,755,788
4,855,705
1,565,779
1,713,180

201407111929(201407111929)
1,440,002
2,768,228
4,855,705
1,567,190
1,714,750

201407111930(201407111930)
1,440,002
2,768,228
4,855,705
1,567,190
1,714,750

201407111931(201407111931)
1,440,002
2,768,228
4,855,705
1,567,190
1,714,750

201407111932(201407111932)
1,440,002
2,771,956
4,855,705
1,567,190
1,714,750

201407111939(201407111939)
1,441,773
2,771,956
4,855,705
1,567,477
1,714,750

201407111940(201407111940)
1,441,773
2,771,956
4,855,705
1,567,477
1,714,750

201407111941(201407111941)
1,441,773
2,771,956
4,855,705
1,567,477
1,714,750

201407111942(201407111942)
1,441,773
2,771,956
4,855,705
1,567,923
1,714,750

201407111949(201407111949)
1,441,773
2,771,956
4,855,705
1,569,975
1,714,841

201407111950(201407111950)
1,441,773
2,771,956
4,855,705
1,571,034
1,714,841

201407111951(201407111951)
1,441,990
2,771,956
4,855,705
1,571,902
1,714,841

201407111952(201407111952)
1,441,990
2,771,956
4,855,705
1,571,902
1,714,841

201407111959(201407111959)
1,443,395
2,773,847
4,862,469
1,571,902
1,716,308

201407112000(201407112000)
1,443,395
2,773,847
4,862,469
1,571,902
1,716,308

201407112001(201407112001)
1,443,395
2,773,847
4,862,469
1,571,902
1,716,370

201407112002(201407112002)
1,443,395
2,773,847
4,862,469
1,571,902
1,716,370

201407112009(201407112009)
1,443,395
2,774,992
4,862,469
1,571,902
1,716,370

201407112010(201407112010)
1,443,395
2,774,992
4,862,469
1,571,902
1,716,370

201407112011(201407112011)
1,443,395
2,774,992
4,862,469
1,571,902
1,716,370

201407112012(201407112012)
1,443,395
2,774,992
4,862,469
1,571,902
1,716,370

201407112019(201407112019)
1,446,329
2,776,553
4,862,469
1,578,237
1,716,370

201407112020(201407112020)
1,446,329
2,776,553
4,862,469
1,578,237
1,718,249

201407112021(201407112021)
1,446,329
2,776,553
4,862,469
1,578,237
1,718,249

201407112022(201407112022)
1,446,329
2,776,553
4,862,469
1,578,237
1,718,249

201407112029(201407112029)
1,447,819
2,784,850
4,889,034
1,578,237
1,718,249

201407112030(201407112030)
1,447,819
2,784,850
4,889,034
1,578,237
1,718,249

201407112031(201407112031)
1,447,819
2,784,850
4,889,034
1,578,237
1,718,249

201407112032(201407112032)
1,447,819
2,784,850
4,889,034
1,579,046
1,718,249

201407112039(201407112039)
1,448,954
2,784,850
4,889,034
1,579,046
1,720,824

201407112040(201407112040)
1,448,954
2,784,850
4,889,034
1,579,046
1,720,824

201407112041(201407112041)
1,448,954
2,784,850
4,889,034
1,579,046
1,721,559

201407112042(201407112042)
1,452,947
2,787,066
4,889,034
1,579,046
1,721,793

201407112049(201407112049)
1,453,632
2,787,066
4,889,034
1,579,046
1,727,786

201407112050(201407112050)
1,453,632
2,787,066
4,889,034
1,579,046
1,727,786

201407112051(201407112051)
1,453,632
2,787,066
4,889,034
1,581,457
1,727,786

201407112052(201407112052)
1,453,632
2,787,066
4,889,034
1,581,457
1,727,786

201407112059(201407112059)
1,453,632
2,789,563
4,889,034
1,581,457
1,731,895

201407112100(201407112100)
1,453,901
2,789,563
4,889,034
1,581,457
1,731,895

201407112101(201407112101)
1,453,901
2,789,563
4,889,034
1,581,457
1,731,895

201407112102(201407112102)
1,453,901
2,789,563
4,889,034
1,581,457
1,731,895

201407112109(201407112109)
1,456,076
2,792,330
4,889,034
1,582,693
1,731,895

201407112110(201407112110)
1,458,006
2,792,330
4,889,034
1,582,693
1,731,895

201407112111(201407112111)
1,458,006
2,792,330
4,889,034
1,582,693
1,731,895

201407112112(201407112112)
1,458,006
2,792,330
4,889,034
1,582,693
1,731,895

201407112119(201407112119)
1,460,695
2,799,651
4,889,034
1,584,363
1,732,992

201407112120(201407112120)
1,460,853
2,799,651
4,889,034
1,584,363
1,736,953

201407112121(201407112121)
1,460,853
2,799,651
4,889,034
1,584,363
1,736,953

201407112122(201407112122)
1,460,853
2,799,651
4,889,034
1,585,251
1,737,156

201407112129(201407112129)
1,464,513
2,805,042
4,889,034
1,586,412
1,737,564

201407112130(201407112130)
1,464,513
2,805,042
4,889,034
1,586,611
1,737,564

201407112131(201407112131)
1,464,513
2,806,386
4,889,034
1,586,611
1,737,564

201407112132(201407112132)
1,464,513
2,806,386
4,889,034
1,586,611
1,737,564

201407112139(201407112139)
1,465,206
2,808,671
4,889,034
1,587,288
1,738,654

201407112140(201407112140)
1,465,206
2,812,769
4,889,034
1,587,288
1,738,654

201407112141(201407112141)
1,466,521
2,812,769
4,889,034
1,587,703
1,738,654

201407112142(201407112142)
1,466,521
2,813,835
4,914,638
1,587,876
1,738,654

201407112149(201407112149)
1,468,908
2,813,835
4,949,793
1,591,088
1,738,964

201407112150(201407112150)
1,468,908
2,813,835
4,949,793
1,591,088
1,738,964

201407112151(201407112151)
1,468,908
2,813,835
4,949,793
1,591,088
1,738,964

201407112152(201407112152)
1,468,975
2,813,957
4,949,793
1,591,088
1,738,964

201407112159(201407112159)
1,469,622
2,814,095
4,949,793
1,596,436
1,745,062

201407112200(201407112200)
1,472,161
2,814,095
4,949,793
1,597,361
1,745,062

201407112201(201407112201)
1,472,161
2,814,095
4,949,793
1,599,477
1,745,062

201407112202(201407112202)
1,472,161
2,814,095
4,949,793
1,599,477
1,745,062

201407112209(201407112209)
1,473,826
2,818,456
4,951,133
1,600,553
1,749,831

201407112210(201407112210)
1,473,826
2,821,023
4,951,133
1,600,553
1,752,576

201407112211(201407112211)
1,473,826
2,821,023
4,951,133
1,600,863
1,752,576

201407112212(201407112212)
1,475,479
2,822,713
4,951,133
1,600,863
1,753,241

201407112219(201407112219)
1,476,766
2,822,713
4,951,133
1,602,790
1,753,902

201407112220(201407112220)
1,476,766
2,828,999
4,951,133
1,602,790
1,753,902

201407112221(201407112221)
1,476,766
2,829,671
4,951,133
1,602,790
1,753,902

201407112222(201407112222)
1,476,766
2,829,671
4,951,133
1,602,790
1,755,107

201407112229(201407112229)
1,477,126
2,829,862
4,951,133
1,602,790
1,759,775

201407112230(201407112230)
1,477,232
2,829,862
4,951,133
1,602,790
1,759,775

201407112231(201407112231)
1,477,232
2,829,862
4,951,133
1,605,659
1,759,775

201407112232(201407112232)
1,478,944
2,829,862
4,951,133
1,607,579
1,759,775

201407112239(201407112239)
1,479,095
2,835,924
4,951,133
1,608,662
1,760,151

201407112240(201407112240)
1,481,974
2,835,924
4,951,133
1,608,662
1,760,151

201407112241(201407112241)
1,482,455
2,839,116
4,951,133
1,609,270
1,760,151

201407112242(201407112242)
1,482,455
2,839,116
4,951,133
1,609,270
1,760,151

201407112249(201407112249)
1,486,197
2,841,863
4,968,016
1,610,217
1,760,961

201407112250(201407112250)
1,486,301
2,841,863
4,968,016
1,610,217
1,760,961

201407112251(201407112251)
1,486,765
2,841,863
4,968,016
1,610,217
1,762,248

201407112252(201407112252)
1,486,765
2,841,863
4,968,016
1,610,217
1,763,075

201407112259(201407112259)
1,487,844
2,845,935
4,968,016
1,616,625
1,765,386

201407112300(201407112300)
1,487,844
2,845,935
4,968,016
1,616,625
1,765,386

201407112301(201407112301)
1,487,844
2,845,935
4,968,016
1,616,625
1,765,386

201407112302(201407112302)
1,487,970
2,845,935
4,968,016
1,616,625
1,765,386

201407112309(201407112309)
1,489,208
2,845,935
4,968,016
1,621,787
1,768,788

201407112310(201407112310)
1,490,948
2,845,935
4,968,016
1,621,787
1,769,095

201407112311(201407112311)
1,490,948
2,845,935
4,968,016
1,621,787
1,769,095

201407112312(201407112312)
1,490,948
2,845,935
4,968,016
1,621,998
1,769,095

201407112319(201407112319)
1,490,948
2,845,935
4,987,560
1,622,399
1,770,855

201407112320(201407112320)
1,490,948
2,845,935
4,987,560
1,622,399
1,770,855

201407112321(201407112321)
1,490,948
2,845,935
4,987,560
1,622,399
1,770,855

201407112322(201407112322)
1,490,948
2,846,189
4,987,560
1,622,399
1,770,855

201407112329(201407112329)
1,490,948
2,846,189
4,987,560
1,623,185
1,777,467

201407112330(201407112330)
1,490,948
2,846,189
4,987,560
1,623,185
1,777,467

201407112331(201407112331)
1,490,948
2,846,189
4,987,560
1,623,717
1,777,467

201407112332(201407112332)
1,490,948
2,846,189
4,987,560
1,623,717
1,777,467

201407112339(201407112339)
1,492,506
2,856,408
4,987,560
1,627,069
1,780,101

201407112340(201407112340)
1,492,506
2,856,467
4,987,560
1,627,069
1,780,101

201407112341(201407112341)
1,494,603
2,856,467
4,987,560
1,627,069
1,780,101

201407112342(201407112342)
1,495,514
2,856,467
4,987,560
1,627,069
1,780,101

201407112349(201407112349)
1,496,503
2,859,600
4,987,560
1,627,241
1,781,785

201407112350(201407112350)
1,496,801
2,859,600
4,987,560
1,627,241
1,781,785

201407112351(201407112351)
1,498,266
2,859,600
4,987,560
1,627,241
1,781,785

201407112352(201407112352)
1,498,266
2,859,600
4,987,560
1,627,241
1,781,785

201407112359(201407112359)
1,498,399
2,860,063
4,987,560
1,628,123
1,781,785

201407120000(201407120000)
1,498,399
2,860,063
4,987,560
1,628,123
1,781,785

201407120001(201407120001)
1,498,399
2,860,063
4,987,560
1,628,123
1,781,785

201407120002(201407120002)
1,498,399
2,860,063
4,987,560
1,628,123
1,781,785

201407120009(201407120009)
1,500,552
2,860,063
4,987,560
1,631,660
1,781,785

201407120010(201407120010)
1,500,552
2,860,063
4,987,560
1,632,596
1,781,785

201407120011(201407120011)
1,502,114
2,860,063
4,987,560
1,632,596
1,781,785

201407120012(201407120012)
1,502,114
2,860,063
4,987,560
1,632,596
1,781,785

201407120019(201407120019)
1,502,114
2,861,569
4,987,560
1,633,165
1,792,638

201407120020(201407120020)
1,504,379
2,861,745
4,987,560
1,633,165
1,792,963

201407120021(201407120021)
1,504,379
2,863,111
4,987,560
1,633,165
1,793,067

201407120022(201407120022)
1,504,379
2,867,188
4,987,560
1,633,165
1,795,440

201407120029(201407120029)
1,504,379
2,867,188
4,987,560
1,633,165
1,800,318

201407120030(201407120030)
1,504,379
2,867,188
4,987,560
1,634,034
1,800,318

201407120031(201407120031)
1,504,379
2,867,188
4,987,560
1,634,273
1,800,838

201407120032(201407120032)
1,504,379
2,867,188
4,987,560
1,635,508
1,800,838

201407120039(201407120039)
1,504,379
2,877,941
4,987,560
1,637,784
1,805,687

201407120040(201407120040)
1,504,379
2,877,941
4,987,560
1,637,784
1,805,687

201407120041(201407120041)
1,504,379
2,877,941
4,987,560
1,637,784
1,805,687

201407120042(201407120042)
1,504,379
2,877,941
4,987,560
1,637,784
1,805,687

201407120049(201407120049)
1,504,396
2,877,941
4,987,560
1,637,898
1,809,689

201407120050(201407120050)
1,504,396
2,877,941
4,987,560
1,637,898
1,811,248

201407120051(201407120051)
1,504,396
2,877,941
4,987,560
1,637,898
1,811,248

201407120052(201407120052)
1,504,396
2,879,687
4,987,560
1,637,898
1,811,248

201407120059(201407120059)
1,506,413
2,883,099
5,005,199
1,639,207
1,813,989

201407120100(201407120100)
1,506,413
2,883,099
5,027,534
1,639,207
1,813,989

201407120101(201407120101)
1,506,413
2,883,099
5,027,720
1,639,207
1,813,989

201407120102(201407120102)
1,506,413
2,883,916
5,027,720
1,639,207
1,813,989

201407120109(201407120109)
1,506,413
2,883,916
5,053,371
1,641,424
1,817,005

201407120110(201407120110)
1,506,413
2,883,916
5,053,371
1,641,424
1,817,005

201407120111(201407120111)
1,506,413
2,883,916
5,053,371
1,641,424
1,817,005

201407120112(201407120112)
1,506,413
2,883,916
5,053,371
1,641,424
1,817,005

201407120119(201407120119)
1,506,413
2,895,799
5,053,371
1,641,424
1,818,333

201407120120(201407120120)
1,506,413
2,895,799
5,053,371
1,641,424
1,818,718

201407120121(201407120121)
1,506,413
2,895,799
5,053,371
1,641,446
1,818,718

201407120122(201407120122)
1,506,413
2,895,799
5,053,371
1,641,446
1,818,718

201407120129(201407120129)
1,509,874
2,902,789
5,094,337
1,642,423
1,823,885

201407120130(201407120130)
1,509,874
2,902,789
5,094,337
1,642,423
1,824,035

201407120131(201407120131)
1,512,050
2,902,789
5,094,337
1,642,423
1,824,035

201407120132(201407120132)
1,512,050
2,902,789
5,094,337
1,642,423
1,827,952

201407120139(201407120139)
1,512,050
2,905,123
5,094,337
1,642,423
1,827,952

201407120140(201407120140)
1,514,799
2,905,123
5,094,337
1,642,558
1,827,952

201407120141(201407120141)
1,514,799
2,905,190
5,094,337
1,642,558
1,827,952

201407120142(201407120142)
1,514,799
2,906,726
5,094,337
1,643,645
1,827,952

201407120149(201407120149)
1,522,504
2,906,726
5,094,337
1,645,290
1,828,068

201407120150(201407120150)
1,522,504
2,909,185
5,094,337
1,645,290
1,828,068

201407120151(201407120151)
1,522,504
2,909,185
5,094,337
1,645,290
1,828,068

201407120152(201407120152)
1,522,504
2,909,185
5,094,337
1,645,290
1,828,068

201407120159(201407120159)
1,523,384
2,909,185
5,094,337
1,655,171
1,829,295

201407120200(201407120200)
1,523,384
2,909,185
5,094,337
1,655,171
1,829,295

201407120201(201407120201)
1,523,384
2,909,185
5,094,337
1,655,171
1,829,295

201407120202(201407120202)
1,523,384
2,909,185
5,094,337
1,655,171
1,829,295

201407120209(201407120209)
1,523,384
2,909,185
5,094,337
1,655,171
1,832,410

201407120210(201407120210)
1,523,384
2,909,185
5,094,337
1,655,313
1,832,410

201407120211(201407120211)
1,523,384
2,909,185
5,094,337
1,655,313
1,832,410

201407120212(201407120212)
1,523,384
2,909,185
5,094,337
1,655,313
1,832,410

201407120219(201407120219)
1,525,916
2,909,185
5,094,337
1,656,914
1,832,474

201407120220(201407120220)
1,525,916
2,913,655
5,094,337
1,656,914
1,832,474

201407120221(201407120221)
1,525,916
2,913,655
5,094,337
1,656,914
1,833,686

201407120222(201407120222)
1,525,916
2,913,655
5,094,337
1,656,914
1,833,686

201407120229(201407120229)
1,525,916
2,913,655
5,094,337
1,658,554
1,836,086

201407120230(201407120230)
1,525,916
2,915,436
5,094,337
1,658,554
1,838,094

201407120231(201407120231)
1,525,916
2,915,436
5,094,337
1,658,554
1,838,094

201407120232(201407120232)
1,525,916
2,915,436
5,094,337
1,658,554
1,838,094

201407120239(201407120239)
1,527,942
2,922,645
5,094,337
1,658,554
1,838,094

201407120240(201407120240)
1,527,942
2,922,645
5,094,337
1,658,554
1,838,094

201407120241(201407120241)
1,527,942
2,922,645
5,094,337
1,658,554
1,838,094

201407120242(201407120242)
1,527,942
2,922,645
5,094,337
1,658,554
1,838,094

201407120249(201407120249)
1,529,815
2,923,943
5,115,584
1,661,232
1,838,094

201407120250(201407120250)
1,529,815
2,923,943
5,115,584
1,661,232
1,838,094

201407120251(201407120251)
1,529,815
2,923,943
5,115,584
1,664,716
1,838,094

201407120252(201407120252)
1,529,815
2,923,943
5,115,584
1,665,160
1,838,094

201407120259(201407120259)
1,529,815
2,932,115
5,115,584
1,665,160
1,844,179

201407120300(201407120300)
1,529,815
2,932,115
5,115,584
1,665,160
1,844,179

201407120301(201407120301)
1,529,815
2,932,115
5,115,584
1,665,160
1,844,179

201407120302(201407120302)
1,529,815
2,932,115
5,115,584
1,665,268
1,844,179

201407120309(201407120309)
1,529,815
2,932,115
5,115,584
1,665,268
1,849,462

201407120310(201407120310)
1,529,815
2,932,115
5,115,584
1,665,268
1,849,462

201407120311(201407120311)
1,529,815
2,932,115
5,115,584
1,665,268
1,849,462

201407120312(201407120312)
1,529,815
2,932,115
5,115,584
1,665,268
1,849,462

201407120319(201407120319)
1,529,968
2,932,115
5,115,584
1,665,268
1,854,623

201407120320(201407120320)
1,529,968
2,932,115
5,115,584
1,665,813
1,854,623

201407120321(201407120321)
1,529,968
2,932,115
5,115,584
1,665,813
1,854,623

201407120322(201407120322)
1,529,968
2,932,115
5,115,584
1,665,813
1,854,706

201407120329(201407120329)
1,529,968
2,932,115
5,115,584
1,665,813
1,854,706

201407120330(201407120330)
1,529,968
2,932,115
5,115,584
1,665,813
1,854,706

201407120331(201407120331)
1,529,968
2,932,115
5,115,584
1,665,813
1,854,706

201407120332(201407120332)
1,529,968
2,932,115
5,115,584
1,665,813
1,854,706

201407120339(201407120339)
1,529,968
2,932,115
5,115,584
1,665,813
1,854,706

201407120340(201407120340)
1,529,968
2,932,115
5,115,584
1,665,813
1,854,706

201407120341(201407120341)
1,529,968
2,932,115
5,115,584
1,665,813
1,854,706

201407120342(201407120342)
1,529,968
2,932,115
5,115,584
1,667,695
1,854,706

201407120349(201407120349)
1,529,968
2,932,115
5,115,584
1,669,680
1,854,706

201407120350(201407120350)
1,529,968
2,932,115
5,115,584
1,669,680
1,854,706

201407120351(201407120351)
1,529,968
2,932,115
5,115,584
1,669,680
1,854,706

201407120352(201407120352)
1,529,968
2,932,115
5,115,584
1,669,680
1,856,517

201407120359(201407120359)
1,531,274
2,932,115
5,115,584
1,669,680
1,856,517

201407120400(201407120400)
1,531,274
2,932,115
5,115,584
1,669,680
1,856,517

201407120401(201407120401)
1,531,274
2,932,115
5,115,584
1,669,680
1,856,517

201407120402(201407120402)
1,531,274
2,932,115
5,115,584
1,669,680
1,856,517

201407120409(201407120409)
1,531,274
2,932,115
5,115,584
1,669,680
1,858,380

201407120410(201407120410)
1,531,274
2,932,115
5,115,584
1,669,680
1,858,380

201407120411(201407120411)
1,531,274
2,932,115
5,115,584
1,671,300
1,858,380

201407120412(201407120412)
1,531,274
2,932,115
5,115,584
1,671,300
1,858,380

201407120419(201407120419)
1,535,238
2,932,115
5,115,584
1,671,300
1,860,887

201407120420(201407120420)
1,535,238
2,932,115
5,115,584
1,671,300
1,860,887

201407120421(201407120421)
1,535,238
2,932,115
5,115,584
1,671,300
1,860,887

201407120422(201407120422)
1,535,238
2,932,115
5,115,584
1,671,300
1,860,887

201407120429(201407120429)
1,535,924
2,932,115
5,115,584
1,671,300
1,860,887

201407120430(201407120430)
1,536,416
2,932,115
5,115,584
1,671,300
1,860,887

201407120431(201407120431)
1,536,416
2,932,115
5,115,584
1,671,300
1,860,887

201407120432(201407120432)
1,536,416
2,932,115
5,115,755
1,671,300
1,860,887

201407120439(201407120439)
1,536,416
2,941,995
5,123,476
1,671,300
1,860,887

201407120440(201407120440)
1,536,416
2,941,995
5,123,476
1,671,300
1,860,887

201407120441(201407120441)
1,536,416
2,941,995
5,123,476
1,671,300
1,860,887

201407120442(201407120442)
1,536,416
2,941,995
5,123,476
1,672,680
1,861,028

201407120449(201407120449)
1,537,318
2,941,995
5,123,476
1,672,815
1,861,192

201407120450(201407120450)
1,538,393
2,944,089
5,123,476
1,672,815
1,861,192

201407120451(201407120451)
1,538,393
2,944,089
5,123,476
1,672,815
1,861,192

201407120452(201407120452)
1,538,393
2,944,089
5,123,476
1,672,815
1,861,192

201407120459(201407120459)
1,538,393
2,945,785
5,123,476
1,672,985
1,861,355

201407120500(201407120500)
1,540,827
2,945,785
5,123,476
1,672,985
1,864,356

201407120501(201407120501)
1,541,059
2,945,785
5,123,476
1,672,985
1,864,356

201407120502(201407120502)
1,545,557
2,945,785
5,123,476
1,672,985
1,864,356

201407120509(201407120509)
1,550,428
2,945,785
5,123,476
1,672,985
1,864,356

201407120510(201407120510)
1,550,428
2,945,785
5,123,476
1,672,985
1,864,356

201407120511(201407120511)
1,550,428
2,945,785
5,123,476
1,674,820
1,864,356

201407120512(201407120512)
1,550,428
2,945,785
5,123,476
1,674,820
1,864,356

201407120519(201407120519)
1,550,428
2,946,518
5,123,476
1,674,820
1,864,460

201407120520(201407120520)
1,550,428
2,946,518
5,123,476
1,674,820
1,865,773

201407120521(201407120521)
1,550,428
2,946,518
5,123,476
1,674,820
1,865,773

201407120522(201407120522)
1,550,428
2,946,518
5,123,476
1,674,820
1,865,773

201407120529(201407120529)
1,550,428
2,956,599
5,123,476
1,674,820
1,865,773

201407120530(201407120530)
1,550,428
2,956,599
5,123,476
1,674,820
1,865,773

201407120531(201407120531)
1,550,428
2,956,599
5,123,476
1,674,820
1,865,773

201407120532(201407120532)
1,550,428
2,956,599
5,123,476
1,674,820
1,865,773

201407120539(201407120539)
1,555,054
2,956,599
5,123,476
1,674,820
1,865,773

201407120540(201407120540)
1,555,054
2,956,599
5,123,476
1,675,768
1,865,773

201407120541(201407120541)
1,555,054
2,956,599
5,123,476
1,675,768
1,865,773

201407120542(201407120542)
1,555,054
2,956,599
5,123,476
1,675,768
1,865,773

201407120549(201407120549)
1,557,289
2,958,139
5,123,476
1,675,768
1,867,849

201407120550(201407120550)
1,557,289
2,958,139
5,123,476
1,675,768
1,867,849

201407120551(201407120551)
1,557,289
2,958,139
5,123,476
1,675,768
1,867,849

201407120552(201407120552)
1,557,289
2,958,139
5,123,476
1,675,768
1,867,849

201407120559(201407120559)
1,557,289
2,958,139
5,123,476
1,679,381
1,867,849

201407120600(201407120600)
1,557,289
2,958,139
5,123,476
1,679,381
1,867,849

201407120601(201407120601)
1,557,289
2,958,139
5,123,476
1,679,381
1,867,849

201407120602(201407120602)
1,557,289
2,958,139
5,123,476
1,679,381
1,867,849

201407120609(201407120609)
1,558,506
2,960,481
5,123,476
1,679,381
1,867,849

201407120610(201407120610)
1,558,506
2,960,481
5,123,476
1,679,381
1,867,849

201407120611(201407120611)
1,558,506
2,960,481
5,123,476
1,679,381
1,867,849

201407120612(201407120612)
1,558,506
2,960,481
5,123,476
1,679,381
1,867,849

201407120619(201407120619)
1,559,392
2,960,481
5,123,476
1,680,342
1,867,849

201407120620(201407120620)
1,559,392
2,960,481
5,123,476
1,680,342
1,867,849

201407120621(201407120621)
1,559,392
2,960,481
5,123,476
1,680,342
1,867,849

201407120622(201407120622)
1,559,392
2,960,481
5,123,476
1,680,342
1,867,849

201407120629(201407120629)
1,559,392
2,969,941
5,123,476
1,680,342
1,869,734

201407120630(201407120630)
1,559,392
2,969,941
5,123,476
1,680,342
1,869,734

201407120631(201407120631)
1,559,392
2,969,941
5,123,476
1,682,435
1,869,734

201407120632(201407120632)
1,559,392
2,969,941
5,123,476
1,682,435
1,869,734

201407120639(201407120639)
1,560,440
2,969,941
5,126,811
1,682,435
1,869,734

201407120640(201407120640)
1,560,440
2,969,941
5,126,811
1,682,435
1,869,734

201407120641(201407120641)
1,560,440
2,969,941
5,126,811
1,682,435
1,869,734

201407120642(201407120642)
1,560,440
2,969,941
5,126,811
1,682,435
1,869,734

201407120649(201407120649)
1,560,440
2,969,941
5,126,811
1,682,435
1,869,734

201407120650(201407120650)
1,560,440
2,969,941
5,126,811
1,682,435
1,869,734

201407120651(201407120651)
1,560,440
2,969,941
5,126,811
1,682,435
1,869,734

201407120652(201407120652)
1,560,440
2,969,941
5,126,811
1,684,895
1,869,734

201407120659(201407120659)
1,560,440
2,970,134
5,126,811
1,684,895
1,870,225

201407120700(201407120700)
1,560,440
2,972,210
5,126,811
1,684,895
1,870,225

201407120701(201407120701)
1,560,440
2,972,442
5,126,811
1,684,895
1,870,225

201407120702(201407120702)
1,560,440
2,978,627
5,126,811
1,684,895
1,870,225

201407120709(201407120709)
1,560,440
2,979,367
5,126,811
1,684,895
1,872,531

201407120710(201407120710)
1,560,440
2,979,367
5,126,811
1,684,895
1,872,531

201407120711(201407120711)
1,560,440
2,979,367
5,126,811
1,684,895
1,872,531

201407120712(201407120712)
1,560,440
2,979,367
5,126,811
1,684,895
1,872,531

201407120719(201407120719)
1,560,775
2,979,367
5,126,811
1,685,449
1,872,531

201407120720(201407120720)
1,560,775
2,979,367
5,126,811
1,686,497
1,872,531

201407120721(201407120721)
1,560,775
2,988,587
5,126,811
1,686,497
1,873,944

201407120722(201407120722)
1,560,775
2,988,587
5,126,811
1,686,497
1,873,944

201407120729(201407120729)
1,560,919
2,988,587
5,126,811
1,688,005
1,873,944

201407120730(201407120730)
1,560,919
2,988,587
5,126,811
1,688,005
1,873,944

201407120731(201407120731)
1,560,919
2,988,587
5,126,811
1,688,005
1,873,944

201407120732(201407120732)
1,560,919
2,988,587
5,126,811
1,688,005
1,873,944

201407120739(201407120739)
1,560,919
2,988,587
5,126,811
1,688,005
1,875,272

201407120740(201407120740)
1,560,919
2,988,587
5,126,811
1,688,058
1,875,272

201407120741(201407120741)
1,560,919
2,988,587
5,126,811
1,688,270
1,875,272

201407120742(201407120742)
1,560,919
2,988,587
5,126,811
1,688,429
1,875,272

201407120749(201407120749)
1,560,919
2,988,587
5,126,811
1,692,147
1,875,272

201407120750(201407120750)
1,560,919
2,988,587
5,126,811
1,692,147
1,875,272

201407120751(201407120751)
1,560,919
2,988,587
5,126,811
1,692,147
1,875,272

201407120752(201407120752)
1,560,919
2,988,587
5,126,811
1,692,147
1,875,272

201407120759(201407120759)
1,561,229
2,990,601
5,126,811
1,692,147
1,875,272

201407120800(201407120800)
1,561,229
3,009,098
5,126,811
1,692,147
1,875,272

201407120801(201407120801)
1,561,577
3,009,098
5,126,811
1,692,147
1,875,272

201407120802(201407120802)
1,561,577
3,009,098
5,163,450
1,692,147
1,875,272

201407120809(201407120809)
1,561,577
3,009,098
5,163,450
1,692,147
1,875,272

201407120810(201407120810)
1,561,577
3,009,098
5,163,450
1,692,147
1,875,994

201407120811(201407120811)
1,561,577
3,009,098
5,163,450
1,693,906
1,875,994

201407120812(201407120812)
1,561,577
3,009,653
5,163,450
1,693,906
1,875,994

201407120819(201407120819)
1,563,476
3,012,655
5,163,450
1,695,171
1,877,166

201407120820(201407120820)
1,563,476
3,012,655
5,163,450
1,695,171
1,880,595

201407120821(201407120821)
1,565,009
3,012,655
5,163,450
1,695,171
1,880,595

201407120822(201407120822)
1,565,009
3,012,655
5,163,450
1,695,171
1,880,595

201407120829(201407120829)
1,565,009
3,013,602
5,163,450
1,700,945
1,880,595

201407120830(201407120830)
1,565,009
3,013,602
5,163,450
1,700,945
1,880,595

201407120831(201407120831)
1,565,009
3,013,602
5,163,450
1,700,945
1,880,595

201407120832(201407120832)
1,565,009
3,013,602
5,163,450
1,700,945
1,881,893

201407120839(201407120839)
1,565,009
3,013,602
5,163,450
1,700,945
1,881,893

201407120840(201407120840)
1,565,009
3,013,602
5,163,450
1,702,162
1,881,893

201407120841(201407120841)
1,567,274
3,013,602
5,163,450
1,702,162
1,881,893

201407120842(201407120842)
1,567,274
3,013,602
5,163,450
1,702,162
1,881,893

201407120849(201407120849)
1,568,763
3,013,602
5,163,450
1,705,853
1,888,310

201407120850(201407120850)
1,568,763
3,013,602
5,163,450
1,706,120
1,888,310

201407120851(201407120851)
1,568,763
3,013,602
5,163,450
1,706,120
1,888,310

201407120852(201407120852)
1,568,763
3,013,602
5,163,450
1,706,120
1,888,310

201407120859(201407120859)
1,568,763
3,013,602
5,163,450
1,706,120
1,893,469

201407120900(201407120900)
1,568,763
3,013,602
5,163,450
1,706,120
1,893,469

201407120901(201407120901)
1,574,923
3,013,602
5,163,450
1,706,120
1,893,469

201407120902(201407120902)
1,574,923
3,013,602
5,163,450
1,706,120
1,893,469

201407120909(201407120909)
1,574,923
3,013,602
5,163,450
1,710,600
1,893,469

201407120910(201407120910)
1,575,604
3,013,602
5,163,450
1,710,600
1,893,469

201407120911(201407120911)
1,575,604
3,013,602
5,163,450
1,710,600
1,893,469

201407120912(201407120912)
1,575,604
3,013,602
5,163,450
1,713,336
1,893,469

201407120919(201407120919)
1,575,604
3,013,602
5,163,450
1,713,336
1,894,631

201407120920(201407120920)
1,575,604
3,013,602
5,163,450
1,713,336
1,896,890

201407120921(201407120921)
1,575,604
3,013,602
5,163,450
1,713,336
1,896,890

201407120922(201407120922)
1,575,604
3,013,602
5,163,450
1,713,336
1,896,890

201407120929(201407120929)
1,575,604
3,014,403
5,163,450
1,713,510
1,896,890

201407120930(201407120930)
1,575,604
3,015,889
5,163,450
1,713,510
1,896,890

201407120931(201407120931)
1,575,604
3,015,889
5,163,450
1,713,510
1,897,177

201407120932(201407120932)
1,577,304
3,015,889
5,163,450
1,717,265
1,897,177

201407120939(201407120939)
1,580,721
3,015,889
5,163,450
1,717,694
1,897,877

201407120940(201407120940)
1,580,721
3,015,889
5,163,450
1,717,694
1,897,877

201407120941(201407120941)
1,580,721
3,015,889
5,163,450
1,717,694
1,898,804

201407120942(201407120942)
1,580,721
3,015,889
5,163,450
1,717,694
1,898,804

201407120949(201407120949)
1,580,721
3,017,661
5,163,450
1,717,694
1,900,326

201407120950(201407120950)
1,580,721
3,017,661
5,163,450
1,717,694
1,900,326

201407120951(201407120951)
1,580,721
3,017,661
5,163,450
1,717,694
1,900,326

201407120952(201407120952)
1,580,721
3,017,661
5,163,450
1,717,694
1,900,326

201407120959(201407120959)
1,582,463
3,018,580
5,168,835
1,718,790
1,903,316

201407121000(201407121000)
1,582,463
3,018,580
5,168,835
1,718,790
1,903,316

201407121001(201407121001)
1,582,463
3,018,580
5,168,835
1,718,790
1,903,316

201407121002(201407121002)
1,582,463
3,018,580
5,168,835
1,718,790
1,903,316

201407121009(201407121009)
1,582,463
3,019,428
5,168,835
1,718,790
1,903,482

201407121010(201407121010)
1,582,463
3,019,428
5,168,835
1,718,790
1,903,482

201407121011(201407121011)
1,582,463
3,019,428
5,168,835
1,718,790
1,903,482

201407121012(201407121012)
1,582,463
3,019,929
5,168,835
1,719,456
1,903,482

201407121019(201407121019)
1,582,463
3,019,929
5,168,835
1,719,456
1,908,612

201407121020(201407121020)
1,582,463
3,019,929
5,168,835
1,719,456
1,908,612

201407121021(201407121021)
1,582,463
3,019,929
5,168,835
1,719,456
1,908,612

201407121022(201407121022)
1,582,463
3,019,929
5,168,835
1,719,456
1,908,612

201407121029(201407121029)
1,582,463
3,024,128
5,209,928
1,719,456
1,909,442

201407121030(201407121030)
1,585,283
3,024,128
5,209,928
1,719,456
1,909,442

201407121031(201407121031)
1,585,283
3,024,128
5,209,928
1,719,456
1,909,442

201407121032(201407121032)
1,585,283
3,024,128
5,209,928
1,719,456
1,909,442

201407121039(201407121039)
1,589,959
3,024,128
5,209,928
1,720,698
1,910,817

201407121040(201407121040)
1,589,959
3,024,128
5,209,928
1,720,698
1,910,817

201407121041(201407121041)
1,590,687
3,024,128
5,209,928
1,720,698
1,910,817

201407121042(201407121042)
1,590,687
3,024,961
5,209,928
1,720,698
1,910,817

201407121049(201407121049)
1,590,687
3,030,076
5,209,928
1,724,262
1,916,406

201407121050(201407121050)
1,590,687
3,030,076
5,209,928
1,724,262
1,916,406

201407121051(201407121051)
1,590,687
3,030,076
5,209,928
1,724,262
1,916,406

201407121052(201407121052)
1,590,687
3,030,076
5,209,928
1,724,262
1,916,406

201407121059(201407121059)
1,591,088
3,037,563
5,209,928
1,726,194
1,916,406

201407121100(201407121100)
1,591,088
3,037,563
5,209,928
1,726,194
1,919,356

201407121101(201407121101)
1,591,088
3,037,563
5,209,928
1,726,194
1,919,356

201407121102(201407121102)
1,591,088
3,037,563
5,209,928
1,726,194
1,919,356

201407121109(201407121109)
1,591,346
3,037,623
5,209,928
1,737,528
1,919,356

201407121110(201407121110)
1,591,346
3,038,063
5,209,928
1,739,161
1,919,356

201407121111(201407121111)
1,591,346
3,038,063
5,209,928
1,739,161
1,919,356

201407121112(201407121112)
1,592,520
3,038,063
5,209,928
1,739,161
1,919,356

201407121119(201407121119)
1,593,211
3,039,409
5,209,928
1,739,161
1,919,828

201407121120(201407121120)
1,593,211
3,039,409
5,209,928
1,739,161
1,919,828

201407121121(201407121121)
1,594,978
3,039,409
5,209,928
1,739,161
1,919,828

201407121122(201407121122)
1,594,978
3,039,409
5,209,928
1,739,161
1,919,828

201407121129(201407121129)
1,594,985
3,039,409
5,209,928
1,739,218
1,920,800

201407121130(201407121130)
1,595,368
3,039,409
5,209,928
1,739,332
1,920,800

201407121131(201407121131)
1,595,368
3,039,409
5,209,928
1,739,332
1,920,800

201407121132(201407121132)
1,595,368
3,039,409
5,209,928
1,739,332
1,920,800

201407121139(201407121139)
1,597,683
3,044,147
5,209,928
1,741,787
1,925,275

201407121140(201407121140)
1,597,683
3,044,394
5,209,928
1,741,787
1,925,275

201407121141(201407121141)
1,597,683
3,047,694
5,209,928
1,741,787
1,925,275

201407121142(201407121142)
1,597,683
3,047,694
5,209,928
1,741,787
1,925,275

201407121149(201407121149)
1,600,863
3,050,512
5,209,928
1,741,787
1,925,275

201407121150(201407121150)
1,600,863
3,050,512
5,209,928
1,741,787
1,925,275

201407121151(201407121151)
1,600,863
3,050,512
5,209,928
1,741,787
1,925,275

201407121152(201407121152)
1,600,863
3,050,512
5,209,928
1,742,759
1,925,275

201407121159(201407121159)
1,600,863
3,051,945
5,209,928
1,745,346
1,925,275

201407121200(201407121200)
1,600,863
3,051,945
5,209,928
1,746,298
1,925,275

201407121201(201407121201)
1,600,863
3,051,945
5,216,243
1,746,298
1,925,275

201407121202(201407121202)
1,600,863
3,051,945
5,216,543
1,746,298
1,925,275

201407121209(201407121209)
1,601,320
3,051,945
5,216,543
1,747,008
1,925,275

201407121210(201407121210)
1,601,320
3,051,945
5,216,543
1,747,008
1,925,275

201407121211(201407121211)
1,601,320
3,051,945
5,216,543
1,751,307
1,925,275

201407121212(201407121212)
1,601,320
3,052,047
5,216,543
1,751,307
1,925,275

201407121219(201407121219)
1,602,790
3,057,982
5,228,343
1,751,794
1,925,365

201407121220(201407121220)
1,602,790
3,057,982
5,228,343
1,751,794
1,925,365

201407121221(201407121221)
1,602,790
3,057,982
5,228,343
1,751,794
1,925,365

201407121222(201407121222)
1,604,387
3,057,982
5,228,343
1,751,794
1,925,365

201407121229(201407121229)
1,604,387
3,057,982
5,254,511
1,751,794
1,925,365

201407121230(201407121230)
1,604,387
3,057,982
5,254,511
1,751,794
1,925,365

201407121231(201407121231)
1,604,387
3,057,982
5,254,511
1,751,794
1,925,365

201407121232(201407121232)
1,604,387
3,057,982
5,254,511
1,751,794
1,925,365

201407121239(201407121239)
1,604,387
3,057,982
5,254,511
1,755,205
1,929,777

201407121240(201407121240)
1,604,387
3,060,540
5,254,511
1,755,205
1,933,739

201407121241(201407121241)
1,604,387
3,060,540
5,254,511
1,755,205
1,933,739

201407121242(201407121242)
1,604,387
3,060,540
5,254,511
1,755,205
1,933,739

201407121249(201407121249)
1,606,409
3,066,126
5,254,511
1,755,205
1,933,739

201407121250(201407121250)
1,606,409
3,066,126
5,254,511
1,755,205
1,933,739

201407121251(201407121251)
1,606,409
3,066,126
5,254,511
1,756,293
1,933,739

201407121252(201407121252)
1,606,409
3,066,126
5,254,511
1,756,293
1,933,739

201407121259(201407121259)
1,607,579
3,066,126
5,254,511
1,757,557
1,933,739

201407121300(201407121300)
1,607,579
3,066,126
5,254,511
1,757,557
1,933,739

201407121301(201407121301)
1,607,579
3,066,126
5,254,511
1,757,557
1,933,739

201407121302(201407121302)
1,609,329
3,066,126
5,254,511
1,757,557
1,933,739

201407121309(201407121309)
1,611,151
3,069,176
5,254,511
1,757,981
1,933,739

201407121310(201407121310)
1,611,151
3,069,176
5,254,511
1,757,981
1,933,739

201407121311(201407121311)
1,613,257
3,069,176
5,254,511
1,757,981
1,933,739

201407121312(201407121312)
1,613,257
3,069,176
5,254,511
1,757,981
1,933,739

201407121319(201407121319)
1,613,931
3,069,176
5,321,906
1,757,981
1,936,042

201407121320(201407121320)
1,613,931
3,069,176
5,321,906
1,757,981
1,936,042

201407121321(201407121321)
1,613,931
3,069,176
5,321,906
1,757,981
1,937,786

201407121322(201407121322)
1,613,931
3,069,176
5,321,906
1,757,981
1,937,786

201407121329(201407121329)
1,613,931
3,069,176
5,321,906
1,759,560
1,947,281

201407121330(201407121330)
1,613,931
3,069,176
5,321,906
1,762,717
1,949,183

201407121331(201407121331)
1,613,931
3,069,176
5,321,906
1,764,223
1,949,183

201407121332(201407121332)
1,613,931
3,069,176
5,321,906
1,765,245
1,949,183

201407121339(201407121339)
1,613,931
3,074,339
5,321,906
1,765,245
1,950,137

201407121340(201407121340)
1,614,053
3,074,339
5,321,906
1,765,245
1,950,137

201407121341(201407121341)
1,614,053
3,074,339
5,321,906
1,765,245
1,950,350

201407121342(201407121342)
1,614,053
3,074,339
5,321,906
1,765,245
1,950,350

201407121349(201407121349)
1,617,655
3,074,339
5,321,906
1,766,564
1,950,350

201407121350(201407121350)
1,617,655
3,074,339
5,321,906
1,766,564
1,950,350

201407121351(201407121351)
1,617,655
3,074,339
5,321,906
1,766,564
1,950,350

201407121352(201407121352)
1,617,655
3,074,339
5,321,906
1,766,564
1,950,350

201407121359(201407121359)
1,619,331
3,074,339
5,321,906
1,769,622
1,950,350

201407121400(201407121400)
1,619,331
3,074,339
5,321,906
1,772,041
1,950,350

201407121401(201407121401)
1,619,331
3,074,339
5,321,906
1,772,041
1,950,350

201407121402(201407121402)
1,619,331
3,074,339
5,321,906
1,772,041
1,951,239

201407121409(201407121409)
1,621,787
3,074,339
5,321,906
1,772,041
1,951,239

201407121410(201407121410)
1,621,787
3,074,339
5,321,906
1,772,041
1,951,239

201407121411(201407121411)
1,621,787
3,074,339
5,321,906
1,772,041
1,951,239

201407121412(201407121412)
1,621,787
3,074,339
5,321,906
1,772,041
1,951,239

201407121419(201407121419)
1,621,787
3,074,339
5,321,906
1,772,041
1,951,239

201407121420(201407121420)
1,621,787
3,074,339
5,321,906
1,772,041
1,951,239

201407121421(201407121421)
1,621,787
3,075,014
5,321,906
1,772,041
1,951,239

201407121422(201407121422)
1,621,787
3,075,014
5,321,906
1,772,041
1,951,239

201407121429(201407121429)
1,622,153
3,075,014
5,363,339
1,772,041
1,951,438

201407121430(201407121430)
1,622,294
3,075,014
5,367,205
1,772,041
1,951,438

201407121431(201407121431)
1,622,294
3,075,014
5,392,748
1,772,041
1,951,438

201407121432(201407121432)
1,622,294
3,075,014
5,392,748
1,772,041
1,951,438

201407121439(201407121439)
1,622,357
3,075,014
5,392,748
1,777,240
1,954,556

201407121440(201407121440)
1,622,357
3,075,014
5,392,748
1,777,240
1,954,556

201407121441(201407121441)
1,622,357
3,075,014
5,392,748
1,777,240
1,954,556

201407121442(201407121442)
1,622,357
3,075,014
5,392,748
1,777,240
1,954,556

201407121449(201407121449)
1,623,307
3,075,014
5,392,748
1,777,240
1,958,754

201407121450(201407121450)
1,623,307
3,075,014
5,392,748
1,777,240
1,958,754

201407121451(201407121451)
1,623,307
3,075,014
5,392,748
1,777,240
1,958,754

201407121452(201407121452)
1,623,307
3,075,014
5,392,748
1,777,240
1,958,754

201407121459(201407121459)
1,623,307
3,075,014
5,392,748
1,777,240
1,959,775

201407121500(201407121500)
1,623,307
3,075,014
5,392,748
1,778,393
1,959,775

201407121501(201407121501)
1,623,307
3,075,014
5,392,748
1,778,393
1,959,775

201407121502(201407121502)
1,623,307
3,075,014
5,392,748
1,778,393
1,959,775

201407121509(201407121509)
1,624,394
3,078,049
5,392,748
1,778,650
1,963,856

201407121510(201407121510)
1,624,623
3,078,049
5,392,748
1,778,650
1,963,856

201407121511(201407121511)
1,624,623
3,078,049
5,392,748
1,778,650
1,963,856

201407121512(201407121512)
1,624,623
3,078,049
5,392,748
1,778,650
1,963,856

201407121519(201407121519)
1,625,696
3,080,143
5,392,748
1,781,393
1,973,987

201407121520(201407121520)
1,625,696
3,083,939
5,392,748
1,781,393
1,973,987

201407121521(201407121521)
1,625,696
3,083,939
5,392,748
1,781,393
1,973,987

201407121522(201407121522)
1,625,696
3,083,939
5,392,748
1,781,393
1,973,987

201407121529(201407121529)
1,627,209
3,086,194
5,392,748
1,781,393
1,974,111

201407121530(201407121530)
1,627,209
3,086,194
5,392,748
1,781,393
1,974,614

201407121531(201407121531)
1,627,209
3,086,194
5,392,748
1,781,393
1,974,614

201407121532(201407121532)
1,630,543
3,086,194
5,392,748
1,781,393
1,974,614

201407121539(201407121539)
1,631,397
3,092,715
5,392,748
1,781,393
1,975,149

201407121540(201407121540)
1,631,397
3,092,715
5,392,748
1,781,393
1,975,149

201407121541(201407121541)
1,631,414
3,092,715
5,392,748
1,781,393
1,975,149

201407121542(201407121542)
1,631,469
3,092,715
5,392,748
1,781,393
1,975,149

201407121549(201407121549)
1,631,715
3,092,715
5,394,836
1,782,164
1,987,060

201407121550(201407121550)
1,631,715
3,092,715
5,394,836
1,782,164
1,987,060

201407121551(201407121551)
1,631,715
3,092,715
5,394,836
1,782,164
1,987,060

201407121552(201407121552)
1,631,715
3,092,715
5,394,836
1,782,164
1,987,060

201407121559(201407121559)
1,633,486
3,092,715
5,394,836
1,782,164
1,987,060

201407121600(201407121600)
1,633,486
3,092,715
5,394,836
1,782,164
1,987,060

201407121601(201407121601)
1,634,452
3,092,715
5,394,836
1,782,164
1,987,060

201407121602(201407121602)
1,635,508
3,092,715
5,394,836
1,782,164
1,987,060

201407121609(201407121609)
1,635,508
3,097,622
5,394,836
1,788,887
1,987,386

201407121610(201407121610)
1,635,508
3,097,622
5,394,836
1,788,887
1,987,386

201407121611(201407121611)
1,635,508
3,097,622
5,394,836
1,788,887
1,987,386

201407121612(201407121612)
1,635,508
3,097,622
5,394,836
1,788,887
1,987,386

201407121619(201407121619)
1,636,600
3,097,622
5,394,836
1,790,864
1,987,386

201407121620(201407121620)
1,636,600
3,097,622
5,394,836
1,790,864
1,987,386

201407121621(201407121621)
1,636,600
3,097,622
5,394,836
1,790,864
1,987,386

201407121622(201407121622)
1,636,600
3,097,622
5,394,836
1,790,864
1,987,386

201407121629(201407121629)
1,637,784
3,097,622
5,394,836
1,790,864
1,987,386

201407121630(201407121630)
1,637,784
3,102,809
5,394,836
1,790,864
1,987,386

201407121631(201407121631)
1,637,784
3,104,552
5,394,836
1,790,864
1,987,386

201407121632(201407121632)
1,637,784
3,104,552
5,394,836
1,793,284
1,987,386

201407121639(201407121639)
1,643,386
3,104,552
5,394,836
1,799,569
1,994,110

201407121640(201407121640)
1,644,263
3,104,552
5,394,836
1,799,569
1,994,110

201407121641(201407121641)
1,644,263
3,104,552
5,394,836
1,799,569
1,994,110

201407121642(201407121642)
1,644,263
3,104,552
5,394,836
1,799,569
1,994,514

201407121649(201407121649)
1,644,361
3,104,552
5,394,836
1,806,256
1,995,325

201407121650(201407121650)
1,644,361
3,104,552
5,394,836
1,807,304
1,995,325

201407121651(201407121651)
1,644,361
3,104,552
5,394,836
1,808,946
1,995,325

201407121652(201407121652)
1,644,361
3,104,552
5,394,836
1,808,946
1,995,325

201407121659(201407121659)
1,652,202
3,104,552
5,394,836
1,808,946
2,001,413

201407121700(201407121700)
1,652,202
3,105,081
5,394,836
1,808,946
2,001,413

201407121701(201407121701)
1,652,202
3,105,081
5,394,836
1,808,946
2,001,413

201407121702(201407121702)
1,652,202
3,105,081
5,394,836
1,808,946
2,001,413

