201407061709(201407061709)
535,821
925,126
2,571,250
567,838
604,559

201407061710(201407061710)
536,120
925,126
2,571,250
567,838
604,559

201407061711(201407061711)
536,293
926,997
2,571,250
567,838
604,559

201407061712(201407061712)
536,527
926,997
2,571,250
567,838
605,469

201407061719(201407061719)
537,055
930,639
2,588,551
570,293
605,726

201407061720(201407061720)
537,540
931,988
2,588,551
570,498
605,726

201407061721(201407061721)
537,540
931,988
2,593,584
570,836
605,987

201407061722(201407061722)
537,540
931,988
2,593,584
573,284
606,016

201407061729(201407061729)
539,340
939,927
2,631,842
573,416
608,370

201407061730(201407061730)
540,795
939,927
2,631,842
573,416
608,602

201407061731(201407061731)
540,804
941,804
2,631,842
573,416
608,602

201407061732(201407061732)
540,804
941,804
2,631,842
573,416
608,602

201407061739(201407061739)
541,413
944,875
2,631,842
574,047
609,142

201407061740(201407061740)
541,750
944,875
2,631,842
574,700
609,142

201407061741(201407061741)
541,750
944,875
2,631,842
574,700
609,699

201407061742(201407061742)
541,774
944,875
2,631,842
575,618
609,699

201407061749(201407061749)
542,011
944,875
2,636,298
576,162
610,717

201407061750(201407061750)
542,011
944,875
2,636,298
576,191
610,717

201407061751(201407061751)
542,011
944,875
2,636,298
576,347
610,717

201407061752(201407061752)
542,779
945,204
2,636,298
576,451
610,717

201407061759(201407061759)
545,880
946,134
2,636,298
580,225
614,147

201407061800(201407061800)
545,988
947,681
2,636,298
580,225
614,706

201407061801(201407061801)
545,988
947,787
2,678,478
580,225
614,706

201407061802(201407061802)
545,988
948,159
2,678,904
580,225
614,791

201407061809(201407061809)
547,251
949,801
2,678,904
580,953
615,299

201407061810(201407061810)
547,424
949,801
2,678,904
580,953
615,299

201407061811(201407061811)
547,444
950,076
2,678,904
580,953
616,080

201407061812(201407061812)
548,240
950,076
2,678,904
582,107
616,080

201407061819(201407061819)
548,413
959,718
2,678,904
582,696
619,081

201407061820(201407061820)
548,413
959,718
2,678,904
582,696
619,081

201407061821(201407061821)
549,484
959,718
2,678,904
582,696
619,081

201407061822(201407061822)
549,484
964,183
2,678,904
582,899
620,494

201407061829(201407061829)
549,531
966,228
2,678,904
583,107
620,606

201407061830(201407061830)
549,541
966,228
2,678,904
583,645
620,606

201407061831(201407061831)
549,604
966,615
2,678,904
584,038
620,606

201407061832(201407061832)
549,644
966,615
2,678,904
584,239
620,606

201407061839(201407061839)
550,617
967,882
2,679,800
585,172
620,606

201407061840(201407061840)
550,634
967,897
2,689,023
586,363
621,173

201407061841(201407061841)
551,082
967,897
2,692,632
586,363
621,219

201407061842(201407061842)
551,082
968,246
2,692,632
586,363
621,219

201407061849(201407061849)
551,502
973,279
2,693,075
589,449
621,229

201407061850(201407061850)
551,502
973,279
2,693,075
589,449
621,718

201407061851(201407061851)
551,822
973,279
2,693,075
589,449
621,718

201407061852(201407061852)
551,822
973,479
2,693,075
589,449
621,718

201407061859(201407061859)
552,432
975,844
2,693,075
590,028
624,028

201407061900(201407061900)
552,547
975,844
2,693,075
590,028
624,028

201407061901(201407061901)
553,009
975,844
2,693,075
590,159
624,028

201407061902(201407061902)
553,188
975,844
2,693,075
590,270
624,194

201407061909(201407061909)
554,418
977,197
2,713,862
591,796
627,569

201407061910(201407061910)
554,418
977,197
2,713,862
591,875
627,569

201407061911(201407061911)
554,418
977,197
2,713,862
591,875
627,569

201407061912(201407061912)
554,525
977,197
2,713,862
591,906
627,569

201407061919(201407061919)
556,016
984,384
2,720,967
592,334
627,731

201407061920(201407061920)
556,016
984,384
2,720,967
592,334
627,731

201407061921(201407061921)
556,103
984,384
2,720,967
592,334
627,731

201407061922(201407061922)
557,077
985,212
2,720,967
593,748
627,731

201407061929(201407061929)
558,620
988,839
2,739,111
594,063
628,441

201407061930(201407061930)
558,620
988,839
2,739,111
594,374
628,820

201407061931(201407061931)
558,765
988,839
2,739,111
594,374
628,820

201407061932(201407061932)
558,765
988,839
2,739,111
594,374
630,044

201407061939(201407061939)
561,050
990,216
2,741,399
595,420
630,419

201407061940(201407061940)
561,227
990,216
2,741,399
595,630
630,419

201407061941(201407061941)
561,769
990,216
2,741,399
595,651
630,782

201407061942(201407061942)
562,207
990,216
2,741,399
596,626
630,782

201407061949(201407061949)
564,515
992,183
2,742,315
599,395
631,395

201407061950(201407061950)
564,515
992,183
2,742,315
599,395
631,548

201407061951(201407061951)
564,515
992,183
2,742,315
599,821
632,131

201407061952(201407061952)
564,912
992,183
2,742,315
599,821
632,424

201407061959(201407061959)
567,378
992,183
2,742,315
601,820
634,349

201407062000(201407062000)
567,378
992,398
2,742,315
602,208
634,349

201407062001(201407062001)
567,429
992,398
2,742,315
602,451
634,349

201407062002(201407062002)
567,838
992,398
2,742,315
602,451
634,349

201407062009(201407062009)
568,035
995,062
2,742,315
602,846
634,360

201407062010(201407062010)
568,142
995,062
2,765,612
602,846
634,360

201407062011(201407062011)
568,150
995,062
2,765,612
602,846
634,360

201407062012(201407062012)
568,799
995,062
2,765,612
602,846
634,579

201407062019(201407062019)
571,601
1,001,686
2,773,547
603,465
636,889

201407062020(201407062020)
571,601
1,001,686
2,773,547
603,465
636,889

201407062021(201407062021)
572,005
1,002,416
2,773,547
603,507
637,268

201407062022(201407062022)
572,005
1,002,416
2,773,547
603,634
637,360

201407062029(201407062029)
573,902
1,005,287
2,773,547
604,031
637,752

201407062030(201407062030)
574,312
1,005,287
2,776,976
604,477
638,136

201407062031(201407062031)
574,312
1,005,287
2,780,943
604,477
638,136

201407062032(201407062032)
574,312
1,005,287
2,781,396
605,051
638,136

201407062039(201407062039)
575,990
1,005,287
2,799,011
605,439
639,969

201407062040(201407062040)
576,283
1,005,377
2,799,011
605,662
639,969

201407062041(201407062041)
576,283
1,005,377
2,799,011
605,662
639,969

201407062042(201407062042)
576,283
1,005,377
2,799,011
605,983
640,013

201407062049(201407062049)
576,737
1,005,997
2,802,926
608,038
641,316

201407062050(201407062050)
577,355
1,005,997
2,802,926
608,038
641,316

201407062051(201407062051)
577,355
1,006,535
2,802,926
608,038
641,316

201407062052(201407062052)
577,463
1,006,535
2,802,926
608,038
641,864

201407062059(201407062059)
578,111
1,010,711
2,802,926
608,602
642,245

201407062100(201407062100)
578,165
1,010,711
2,813,238
608,602
642,245

201407062101(201407062101)
579,486
1,010,711
2,813,238
608,602
642,360

201407062102(201407062102)
579,486
1,010,711
2,813,238
608,602
643,198

201407062109(201407062109)
580,953
1,014,531
2,813,238
609,770
643,900

201407062110(201407062110)
580,961
1,014,531
2,813,238
609,770
643,927

201407062111(201407062111)
580,961
1,014,531
2,814,671
609,790
643,993

201407062112(201407062112)
580,961
1,015,871
2,814,671
609,790
643,993

201407062119(201407062119)
582,449
1,016,718
2,837,225
610,641
644,669

201407062120(201407062120)
582,449
1,016,718
2,837,225
610,641
644,669

201407062121(201407062121)
582,449
1,016,718
2,837,225
610,641
644,669

201407062122(201407062122)
582,449
1,016,718
2,837,225
610,641
645,824

201407062129(201407062129)
583,506
1,017,753
2,854,671
610,746
646,259

201407062130(201407062130)
583,569
1,017,753
2,854,671
611,087
646,259

201407062131(201407062131)
583,645
1,017,753
2,854,671
611,087
648,340

201407062132(201407062132)
584,002
1,017,753
2,854,671
611,888
648,664

201407062139(201407062139)
586,827
1,028,869
2,854,671
615,714
649,860

201407062140(201407062140)
586,827
1,029,254
2,854,671
616,318
651,034

201407062141(201407062141)
587,083
1,029,254
2,854,671
617,090
651,455

201407062142(201407062142)
587,083
1,029,254
2,854,671
617,090
652,016

201407062149(201407062149)
589,395
1,034,450
2,875,705
619,198
652,919

201407062150(201407062150)
589,449
1,034,450
2,875,705
619,198
652,919

201407062151(201407062151)
589,449
1,034,450
2,889,118
619,198
652,919

201407062152(201407062152)
589,655
1,034,450
2,889,118
619,198
652,919

201407062159(201407062159)
589,884
1,039,153
2,906,317
620,550
655,754

201407062200(201407062200)
589,920
1,040,001
2,906,317
620,975
655,754

201407062201(201407062201)
590,232
1,040,341
2,906,317
620,975
656,166

201407062202(201407062202)
590,232
1,040,341
2,906,317
620,975
656,594

201407062209(201407062209)
590,378
1,042,358
2,936,467
621,476
657,094

201407062210(201407062210)
590,378
1,042,358
2,936,467
621,476
657,094

201407062211(201407062211)
590,378
1,042,358
2,936,467
621,716
657,094

201407062212(201407062212)
590,477
1,043,580
2,936,467
622,429
657,094

201407062219(201407062219)
592,115
1,045,057
2,952,035
623,941
660,002

201407062220(201407062220)
592,115
1,045,567
2,952,035
623,941
660,475

201407062221(201407062221)
592,470
1,045,567
2,952,035
624,028
661,009

201407062222(201407062222)
592,700
1,045,567
2,952,035
625,267
663,436

201407062229(201407062229)
594,912
1,049,077
2,952,035
627,284
668,053

201407062230(201407062230)
595,420
1,049,077
2,969,542
627,284
668,053

201407062231(201407062231)
595,651
1,049,514
2,969,542
627,600
668,053

201407062232(201407062232)
597,160
1,049,960
2,969,542
627,600
668,053

201407062239(201407062239)
598,258
1,050,916
2,969,542
628,214
669,171

201407062240(201407062240)
598,418
1,050,916
2,969,542
628,761
669,649

201407062241(201407062241)
598,418
1,050,916
2,984,297
628,761
669,649

201407062242(201407062242)
598,418
1,052,103
2,984,297
628,820
670,664

201407062249(201407062249)
599,821
1,055,671
2,990,058
630,978
671,297

201407062250(201407062250)
600,145
1,055,725
2,990,058
631,236
671,297

201407062251(201407062251)
600,224
1,055,725
2,990,058
631,325
671,429

201407062252(201407062252)
600,782
1,055,725
2,990,058
631,367
671,429

201407062259(201407062259)
602,165
1,056,794
2,990,058
632,424
673,489

201407062300(201407062300)
602,165
1,056,794
2,990,058
632,956
673,603

201407062301(201407062301)
602,165
1,056,794
2,990,058
632,956
673,765

201407062302(201407062302)
602,208
1,056,794
2,990,058
632,956
673,927

201407062309(201407062309)
602,749
1,061,466
2,990,058
633,096
675,001

201407062310(201407062310)
602,815
1,061,466
2,990,058
634,034
675,562

201407062311(201407062311)
602,867
1,061,466
2,990,058
634,034
675,596

201407062312(201407062312)
603,292
1,061,466
2,990,058
634,425
675,890

201407062319(201407062319)
603,446
1,067,558
3,013,175
637,151
678,061

201407062320(201407062320)
603,446
1,067,558
3,013,175
637,151
678,061

201407062321(201407062321)
603,446
1,067,656
3,013,175
637,151
678,721

201407062322(201407062322)
603,446
1,070,931
3,013,175
639,274
678,721

201407062329(201407062329)
603,887
1,080,474
3,013,175
640,024
680,585

201407062330(201407062330)
603,887
1,080,769
3,026,934
640,024
680,585

201407062331(201407062331)
603,887
1,081,421
3,036,577
640,024
680,638

201407062332(201407062332)
603,887
1,081,421
3,039,671
640,054
681,023

201407062339(201407062339)
605,308
1,082,025
3,039,842
641,316
681,665

201407062340(201407062340)
605,308
1,082,025
3,039,842
641,316
682,907

201407062341(201407062341)
605,983
1,082,025
3,039,842
642,404
682,907

201407062342(201407062342)
606,576
1,082,025
3,039,842
643,198
683,606

201407062349(201407062349)
607,742
1,083,833
3,050,238
643,900
684,690

201407062350(201407062350)
608,602
1,083,833
3,050,238
644,192
684,799

201407062351(201407062351)
608,602
1,084,041
3,050,238
644,192
684,844

201407062352(201407062352)
609,699
1,084,041
3,050,238
644,192
684,844

201407062359(201407062359)
610,527
1,094,089
3,050,238
646,066
685,469

201407070000(201407070000)
610,641
1,094,089
3,050,238
646,259
685,469

201407070001(201407070001)
610,641
1,094,089
3,050,238
646,259
685,469

201407070002(201407070002)
610,641
1,094,089
3,050,238
646,259
686,129

201407070009(201407070009)
610,850
1,094,362
3,050,238
646,497
687,986

201407070010(201407070010)
611,060
1,094,362
3,050,238
646,497
687,986

201407070011(201407070011)
611,168
1,094,362
3,050,238
647,344
687,986

201407070012(201407070012)
611,824
1,094,362
3,050,238
647,506
689,002

201407070019(201407070019)
614,147
1,098,958
3,079,483
648,742
690,859

201407070020(201407070020)
614,147
1,099,024
3,079,483
648,876
690,859

201407070021(201407070021)
614,147
1,099,024
3,079,483
648,876
690,859

201407070022(201407070022)
614,147
1,099,024
3,079,483
648,876
690,859

201407070029(201407070029)
618,035
1,101,779
3,079,483
649,703
690,859

201407070030(201407070030)
618,035
1,101,779
3,079,483
651,034
690,859

201407070031(201407070031)
618,035
1,101,779
3,079,483
651,390
690,979

201407070032(201407070032)
619,137
1,102,006
3,079,483
651,390
691,611

201407070039(201407070039)
620,295
1,111,156
3,079,483
652,197
693,133

201407070040(201407070040)
620,332
1,111,156
3,079,483
652,197
693,133

201407070041(201407070041)
620,508
1,111,156
3,079,483
652,197
693,133

201407070042(201407070042)
620,508
1,111,156
3,079,483
652,361
693,133

201407070049(201407070049)
622,588
1,113,336
3,079,483
652,959
699,106

201407070050(201407070050)
622,588
1,113,336
3,079,483
654,367
699,106

201407070051(201407070051)
622,989
1,113,336
3,079,483
654,688
699,311

201407070052(201407070052)
623,523
1,113,336
3,079,483
654,688
699,355

201407070059(201407070059)
624,600
1,115,362
3,079,483
655,102
702,504

201407070100(201407070100)
624,691
1,115,362
3,079,483
655,738
703,615

201407070101(201407070101)
625,758
1,115,362
3,079,483
655,754
703,742

201407070102(201407070102)
625,758
1,115,362
3,079,483
655,754
703,881

201407070109(201407070109)
626,129
1,118,065
3,080,734
657,749
703,933

201407070110(201407070110)
626,190
1,118,065
3,080,734
657,749
704,023

201407070111(201407070111)
626,932
1,118,065
3,080,734
657,905
704,023

201407070112(201407070112)
627,205
1,118,065
3,080,734
657,905
704,282

201407070119(201407070119)
627,600
1,119,713
3,080,734
658,578
705,293

201407070120(201407070120)
627,894
1,119,713
3,080,734
658,857
705,293

201407070121(201407070121)
627,894
1,119,713
3,080,734
658,857
705,293

201407070122(201407070122)
628,111
1,119,713
3,080,734
660,002
705,293

201407070129(201407070129)
628,699
1,123,965
3,080,734
660,002
708,785

201407070130(201407070130)
628,820
1,123,991
3,080,734
660,002
708,785

201407070131(201407070131)
629,023
1,123,991
3,080,734
661,235
709,000

201407070132(201407070132)
629,023
1,123,991
3,080,734
661,235
709,827

201407070139(201407070139)
629,983
1,125,721
3,100,224
662,886
710,921

201407070140(201407070140)
629,983
1,125,721
3,100,224
662,886
710,921

201407070141(201407070141)
629,983
1,125,721
3,100,224
662,886
710,921

201407070142(201407070142)
629,983
1,127,808
3,100,224
663,436
710,921

201407070149(201407070149)
631,163
1,127,897
3,100,224
667,035
710,921

201407070150(201407070150)
631,163
1,127,897
3,100,224
667,035
710,921

201407070151(201407070151)
631,238
1,128,031
3,100,224
667,230
711,362

201407070152(201407070152)
631,238
1,128,031
3,100,224
667,493
711,362

201407070159(201407070159)
631,395
1,131,546
3,100,224
668,053
711,616

201407070200(201407070200)
631,395
1,131,546
3,100,224
668,053
711,616

201407070201(201407070201)
631,395
1,131,546
3,100,224
668,053
711,616

201407070202(201407070202)
631,395
1,131,546
3,100,224
668,053
711,616

201407070209(201407070209)
632,355
1,132,737
3,100,224
668,557
712,087

201407070210(201407070210)
632,355
1,132,737
3,100,224
668,557
712,791

201407070211(201407070211)
632,355
1,132,737
3,100,224
668,557
714,277

201407070212(201407070212)
632,355
1,132,737
3,100,224
668,557
714,277

201407070219(201407070219)
632,486
1,133,026
3,100,224
668,624
714,440

201407070220(201407070220)
632,486
1,133,026
3,100,224
669,649
714,440

201407070221(201407070221)
633,096
1,133,026
3,100,224
670,541
714,440

201407070222(201407070222)
633,373
1,133,026
3,100,224
670,664
714,440

201407070229(201407070229)
633,373
1,137,134
3,100,224
670,960
715,114

201407070230(201407070230)
633,462
1,137,134
3,100,224
670,960
715,114

201407070231(201407070231)
633,621
1,137,438
3,100,224
670,960
715,114

201407070232(201407070232)
633,674
1,137,438
3,100,224
671,429
715,114

201407070239(201407070239)
634,789
1,138,110
3,100,224
671,429
715,569

201407070240(201407070240)
634,789
1,139,342
3,100,224
671,429
715,569

201407070241(201407070241)
635,294
1,140,891
3,100,224
671,567
715,569

201407070242(201407070242)
635,294
1,144,275
3,100,224
671,567
715,569

201407070249(201407070249)
635,592
1,146,442
3,100,224
673,103
715,569

201407070250(201407070250)
635,592
1,146,442
3,100,224
673,103
715,569

201407070251(201407070251)
635,592
1,146,442
3,100,224
673,229
715,569

201407070252(201407070252)
635,592
1,146,442
3,100,224
673,229
715,569

201407070259(201407070259)
636,259
1,148,460
3,100,224
673,233
715,824

201407070300(201407070300)
636,259
1,150,198
3,100,224
673,233
715,824

201407070301(201407070301)
636,259
1,150,198
3,100,224
673,233
715,824

201407070302(201407070302)
636,259
1,150,198
3,100,224
673,233
715,824

201407070309(201407070309)
636,259
1,150,198
3,100,224
673,489
716,345

201407070310(201407070310)
636,259
1,150,198
3,100,224
673,489
716,345

201407070311(201407070311)
636,982
1,150,198
3,100,224
674,000
716,345

201407070312(201407070312)
636,982
1,150,198
3,100,224
674,000
716,345

201407070319(201407070319)
637,036
1,150,198
3,100,224
675,031
718,098

201407070320(201407070320)
637,488
1,150,198
3,100,224
675,031
718,098

201407070321(201407070321)
637,488
1,150,198
3,100,224
675,031
718,098

201407070322(201407070322)
637,907
1,150,198
3,100,224
675,518
718,098

201407070329(201407070329)
638,223
1,150,198
3,104,563
675,596
719,108

201407070330(201407070330)
638,223
1,150,198
3,104,563
675,596
719,108

201407070331(201407070331)
638,223
1,150,198
3,104,563
676,235
719,108

201407070332(201407070332)
638,223
1,150,198
3,104,563
676,235
719,108

201407070339(201407070339)
638,223
1,150,198
3,104,563
676,235
719,108

201407070340(201407070340)
638,223
1,150,198
3,104,563
676,235
719,108

201407070341(201407070341)
638,223
1,150,198
3,104,563
676,235
719,239

201407070342(201407070342)
638,223
1,150,198
3,104,563
676,235
719,239

201407070349(201407070349)
639,582
1,150,198
3,104,563
676,235
721,957

201407070350(201407070350)
639,582
1,150,198
3,104,563
676,235
722,734

201407070351(201407070351)
639,582
1,150,198
3,104,563
676,235
722,734

201407070352(201407070352)
639,582
1,150,198
3,104,563
676,235
722,734

201407070359(201407070359)
640,013
1,150,198
3,104,563
676,235
722,734

201407070400(201407070400)
640,013
1,150,198
3,104,563
676,235
722,734

201407070401(201407070401)
640,013
1,150,198
3,104,563
676,235
722,734

201407070402(201407070402)
640,013
1,150,198
3,104,563
676,235
722,734

201407070409(201407070409)
640,013
1,152,771
3,104,563
676,235
722,734

201407070410(201407070410)
640,013
1,152,771
3,104,563
676,235
722,734

201407070411(201407070411)
640,013
1,152,771
3,104,563
676,235
722,734

201407070412(201407070412)
640,013
1,162,229
3,104,563
676,464
722,734

201407070419(201407070419)
640,054
1,162,229
3,104,563
676,464
722,734

201407070420(201407070420)
640,054
1,162,229
3,104,563
676,464
722,734

201407070421(201407070421)
640,054
1,162,229
3,104,563
676,464
722,734

201407070422(201407070422)
640,054
1,162,229
3,104,563
676,464
722,734

201407070429(201407070429)
641,391
1,162,229
3,104,563
676,464
722,734

201407070430(201407070430)
641,391
1,162,229
3,104,563
677,530
722,734

201407070431(201407070431)
641,391
1,162,229
3,104,563
677,530
722,734

201407070432(201407070432)
641,391
1,162,229
3,104,563
678,061
722,734

201407070439(201407070439)
641,391
1,163,039
3,104,563
678,078
725,498

201407070440(201407070440)
641,864
1,163,039
3,104,563
678,078
725,582

201407070441(201407070441)
641,864
1,163,777
3,104,563
678,078
725,582

201407070442(201407070442)
641,864
1,163,777
3,104,563
678,200
725,582

201407070449(201407070449)
641,864
1,164,007
3,104,563
679,093
725,582

201407070450(201407070450)
641,864
1,164,007
3,104,563
679,093
725,582

201407070451(201407070451)
641,864
1,164,007
3,104,563
679,093
725,582

201407070452(201407070452)
641,864
1,164,007
3,104,563
679,093
725,787

201407070459(201407070459)
642,516
1,164,007
3,104,563
679,581
725,787

201407070500(201407070500)
642,626
1,164,007
3,104,563
679,581
725,787

201407070501(201407070501)
642,626
1,164,007
3,104,563
679,581
725,787

201407070502(201407070502)
642,626
1,164,007
3,104,563
679,814
725,787

201407070509(201407070509)
642,953
1,166,142
3,104,563
680,197
725,919

201407070510(201407070510)
643,193
1,166,142
3,104,563
680,197
725,919

201407070511(201407070511)
643,193
1,166,142
3,104,563
681,023
725,919

201407070512(201407070512)
643,193
1,166,142
3,104,563
681,023
726,521

201407070519(201407070519)
644,192
1,167,397
3,104,563
681,023
726,683

201407070520(201407070520)
644,192
1,167,397
3,104,563
681,023
726,683

201407070521(201407070521)
644,192
1,167,397
3,104,563
681,023
726,683

201407070522(201407070522)
644,192
1,167,397
3,104,563
681,023
726,683

201407070529(201407070529)
644,192
1,171,910
3,104,563
681,023
726,683

201407070530(201407070530)
644,291
1,171,910
3,104,563
681,023
726,683

201407070531(201407070531)
644,291
1,171,910
3,104,563
681,023
726,683

201407070532(201407070532)
644,291
1,171,910
3,104,563
681,023
726,683

201407070539(201407070539)
644,981
1,171,910
3,104,563
681,636
726,683

201407070540(201407070540)
644,981
1,171,910
3,104,563
681,636
727,205

201407070541(201407070541)
645,387
1,171,910
3,104,563
681,636
727,205

201407070542(201407070542)
645,387
1,171,910
3,104,563
681,636
727,205

201407070549(201407070549)
645,824
1,171,910
3,104,563
681,636
728,254

201407070550(201407070550)
645,824
1,171,910
3,104,563
681,636
728,254

201407070551(201407070551)
645,824
1,171,910
3,104,563
681,636
728,254

201407070552(201407070552)
645,824
1,171,910
3,104,563
681,636
728,254

201407070559(201407070559)
645,824
1,171,910
3,104,563
681,636
728,371

201407070600(201407070600)
645,824
1,172,953
3,104,563
681,636
728,371

201407070601(201407070601)
645,824
1,172,953
3,104,563
681,636
728,371

201407070602(201407070602)
645,824
1,172,953
3,104,563
681,636
728,371

201407070609(201407070609)
646,226
1,175,606
3,104,563
681,636
729,175

201407070610(201407070610)
646,226
1,175,606
3,104,563
681,636
729,175

201407070611(201407070611)
646,259
1,175,606
3,104,563
682,912
729,175

201407070612(201407070612)
646,259
1,175,606
3,104,563
682,912
729,175

201407070619(201407070619)
647,992
1,175,606
3,106,150
682,912
729,175

201407070620(201407070620)
648,316
1,175,606
3,106,150
682,912
729,216

201407070621(201407070621)
648,340
1,175,606
3,106,150
682,912
729,216

201407070622(201407070622)
648,340
1,175,606
3,106,150
682,912
729,216

201407070629(201407070629)
648,340
1,177,363
3,107,063
682,912
729,216

201407070630(201407070630)
648,340
1,177,363
3,107,063
682,912
729,216

201407070631(201407070631)
648,340
1,177,363
3,107,063
683,047
729,216

201407070632(201407070632)
648,354
1,177,743
3,107,063
683,047
729,216

201407070639(201407070639)
649,631
1,177,743
3,107,063
684,109
731,021

201407070640(201407070640)
650,388
1,177,743
3,107,063
684,109
731,021

201407070641(201407070641)
650,388
1,177,743
3,107,063
684,109
731,021

201407070642(201407070642)
650,782
1,177,743
3,107,063
684,109
731,021

201407070649(201407070649)
651,175
1,177,743
3,107,063
684,705
731,313

201407070650(201407070650)
651,390
1,177,743
3,107,063
684,705
731,313

201407070651(201407070651)
651,390
1,177,743
3,107,063
684,705
731,313

201407070652(201407070652)
651,390
1,177,743
3,115,047
684,705
731,313

201407070659(201407070659)
651,923
1,180,621
3,115,047
685,566
731,903

201407070700(201407070700)
652,197
1,180,621
3,115,047
685,566
731,903

201407070701(201407070701)
652,197
1,180,621
3,115,047
685,566
731,903

201407070702(201407070702)
652,197
1,181,790
3,115,047
685,566
731,964

201407070709(201407070709)
652,485
1,182,785
3,115,047
686,671
732,623

201407070710(201407070710)
652,485
1,182,785
3,115,047
686,671
732,623

201407070711(201407070711)
652,485
1,186,848
3,115,047
686,671
732,623

201407070712(201407070712)
652,485
1,187,253
3,115,047
686,671
732,623

201407070719(201407070719)
652,904
1,187,978
3,115,047
687,535
735,321

201407070720(201407070720)
653,214
1,187,978
3,115,047
687,536
735,790

201407070721(201407070721)
653,214
1,188,859
3,115,047
687,536
735,790

201407070722(201407070722)
653,214
1,189,484
3,115,047
687,536
735,790

201407070729(201407070729)
653,422
1,190,077
3,115,047
689,017
735,790

201407070730(201407070730)
653,422
1,190,077
3,115,047
689,017
735,790

201407070731(201407070731)
653,453
1,191,046
3,115,047
689,017
735,909

201407070732(201407070732)
653,766
1,191,046
3,115,047
689,017
736,183

201407070739(201407070739)
654,688
1,191,046
3,144,016
690,503
737,696

201407070740(201407070740)
654,688
1,191,046
3,144,016
690,503
737,696

201407070741(201407070741)
654,923
1,191,046
3,144,016
690,503
737,696

201407070742(201407070742)
654,923
1,191,046
3,144,016
690,503
737,696

201407070749(201407070749)
655,462
1,192,222
3,144,016
690,559
737,777

201407070750(201407070750)
655,656
1,192,222
3,144,016
690,689
737,777

201407070751(201407070751)
655,656
1,192,222
3,144,016
690,689
737,777

201407070752(201407070752)
655,656
1,192,473
3,144,016
690,689
737,777

201407070759(201407070759)
655,921
1,194,438
3,144,016
690,859
737,847

201407070800(201407070800)
655,921
1,194,438
3,144,016
690,859
737,847

201407070801(201407070801)
655,921
1,194,438
3,154,592
690,859
738,050

201407070802(201407070802)
655,921
1,194,438
3,154,860
691,740
738,050

201407070809(201407070809)
657,935
1,194,438
3,159,283
692,266
738,761

201407070810(201407070810)
657,991
1,194,438
3,159,283
692,266
738,761

201407070811(201407070811)
658,578
1,194,438
3,159,283
692,266
739,605

201407070812(201407070812)
659,042
1,194,438
3,159,283
693,133
739,829

201407070819(201407070819)
661,235
1,194,637
3,160,933
695,133
740,173

201407070820(201407070820)
661,235
1,194,637
3,160,933
695,439
740,173

201407070821(201407070821)
661,472
1,195,883
3,160,933
695,439
740,290

201407070822(201407070822)
661,472
1,195,883
3,160,933
695,439
740,290

201407070829(201407070829)
661,845
1,195,883
3,160,933
696,951
740,297

201407070830(201407070830)
661,845
1,197,643
3,160,933
698,608
740,555

201407070831(201407070831)
661,845
1,197,643
3,160,933
698,608
740,555

201407070832(201407070832)
661,845
1,198,262
3,160,933
698,608
740,555

201407070839(201407070839)
661,960
1,204,592
3,160,933
698,885
742,019

201407070840(201407070840)
661,960
1,204,592
3,160,933
699,430
742,236

201407070841(201407070841)
661,960
1,204,592
3,160,933
699,430
742,236

201407070842(201407070842)
662,059
1,204,592
3,160,933
699,430
742,236

201407070849(201407070849)
662,634
1,206,671
3,160,933
699,651
742,236

201407070850(201407070850)
662,634
1,206,671
3,160,933
699,651
742,236

201407070851(201407070851)
662,634
1,206,671
3,160,933
700,259
742,236

201407070852(201407070852)
662,696
1,206,671
3,160,933
700,259
742,236

201407070859(201407070859)
663,040
1,206,671
3,160,933
702,273
743,157

201407070900(201407070900)
663,040
1,206,671
3,160,933
702,273
743,157

201407070901(201407070901)
663,040
1,206,671
3,160,933
702,273
743,157

201407070902(201407070902)
663,040
1,206,671
3,160,933
702,273
743,157

201407070909(201407070909)
663,204
1,214,086
3,164,633
702,474
743,157

201407070910(201407070910)
663,204
1,214,086
3,164,633
702,740
743,157

201407070911(201407070911)
663,204
1,214,086
3,164,633
702,740
743,157

201407070912(201407070912)
663,204
1,214,086
3,164,633
702,740
743,157

201407070919(201407070919)
664,262
1,215,378
3,164,633
703,004
743,333

201407070920(201407070920)
664,262
1,215,378
3,164,633
703,004
744,379

201407070921(201407070921)
664,262
1,215,378
3,164,633
703,004
744,379

201407070922(201407070922)
664,350
1,215,378
3,164,633
703,004
744,411

201407070929(201407070929)
665,505
1,215,378
3,164,633
703,183
744,530

201407070930(201407070930)
665,505
1,215,378
3,164,633
703,345
744,530

201407070931(201407070931)
665,505
1,215,378
3,164,633
703,431
744,530

201407070932(201407070932)
665,505
1,215,378
3,164,633
703,431
744,530

201407070939(201407070939)
666,364
1,218,317
3,164,633
703,615
745,348

201407070940(201407070940)
666,860
1,218,317
3,164,633
703,615
745,348

201407070941(201407070941)
666,860
1,218,317
3,164,633
703,615
745,348

201407070942(201407070942)
666,860
1,218,317
3,164,633
704,095
745,497

201407070949(201407070949)
667,035
1,219,366
3,164,633
704,463
745,888

201407070950(201407070950)
667,035
1,219,366
3,164,633
705,293
745,888

201407070951(201407070951)
667,035
1,219,366
3,164,633
705,293
745,888

201407070952(201407070952)
667,035
1,220,123
3,164,633
705,293
745,888

201407070959(201407070959)
667,230
1,224,013
3,164,633
705,731
745,888

201407071000(201407071000)
667,230
1,224,013
3,164,633
705,731
745,888

201407071001(201407071001)
667,230
1,224,013
3,164,633
705,731
745,888

201407071002(201407071002)
667,230
1,224,013
3,164,633
705,731
745,888

201407071009(201407071009)
667,230
1,224,013
3,164,633
707,189
750,184

201407071010(201407071010)
667,230
1,224,013
3,164,633
707,189
750,184

201407071011(201407071011)
667,230
1,224,013
3,164,633
707,189
751,320

201407071012(201407071012)
667,230
1,224,013
3,164,633
707,189
751,320

201407071019(201407071019)
667,233
1,225,663
3,164,633
707,392
751,887

201407071020(201407071020)
667,384
1,225,663
3,164,633
707,392
751,887

201407071021(201407071021)
667,487
1,225,663
3,164,633
707,392
751,887

201407071022(201407071022)
667,493
1,226,689
3,164,633
707,591
752,045

201407071029(201407071029)
667,493
1,226,689
3,164,633
707,775
752,347

201407071030(201407071030)
667,493
1,226,689
3,164,633
707,775
752,347

201407071031(201407071031)
668,053
1,226,689
3,164,633
708,093
752,347

201407071032(201407071032)
668,053
1,226,689
3,164,633
708,093
752,347

201407071039(201407071039)
668,887
1,228,624
3,164,633
708,284
752,347

201407071040(201407071040)
670,414
1,228,624
3,164,633
708,284
752,347

201407071041(201407071041)
670,414
1,228,633
3,164,633
708,284
752,347

201407071042(201407071042)
670,541
1,228,633
3,164,633
708,284
752,347

201407071049(201407071049)
672,138
1,230,249
3,164,633
708,516
752,610

201407071050(201407071050)
672,138
1,230,249
3,164,633
708,516
752,640

201407071051(201407071051)
672,138
1,230,610
3,164,633
708,516
752,640

201407071052(201407071052)
672,192
1,230,610
3,164,633
708,516
752,640

201407071059(201407071059)
673,287
1,231,110
3,164,633
708,785
753,827

201407071100(201407071100)
673,287
1,231,110
3,164,633
708,785
753,827

201407071101(201407071101)
673,287
1,231,110
3,164,633
708,785
753,827

201407071102(201407071102)
673,287
1,231,110
3,164,633
708,785
753,827

201407071109(201407071109)
673,864
1,231,110
3,182,861
708,785
753,941

201407071110(201407071110)
673,864
1,231,110
3,182,861
708,908
755,366

201407071111(201407071111)
673,864
1,231,110
3,182,861
708,908
755,366

201407071112(201407071112)
673,962
1,231,110
3,182,861
708,961
755,366

201407071119(201407071119)
673,962
1,231,110
3,182,861
755,580

201407071120(201407071120)
673,962
1,231,110
3,182,861
709,933
755,580

201407071121(201407071121)
673,962
1,231,110
3,182,861
709,933
755,580

201407071122(201407071122)
674,255
1,231,110
3,182,861
709,933
755,580

201407071129(201407071129)
674,760
1,231,110
3,182,861
710,022
756,963

201407071130(201407071130)
674,760
1,231,684
3,182,861
710,022
756,963

201407071131(201407071131)
674,760
1,231,684
3,182,861
710,022
756,963

201407071132(201407071132)
674,760
1,231,684
3,182,861
710,022
756,963

201407071139(201407071139)
674,993
1,231,684
3,182,861
710,116
756,963

201407071140(201407071140)
674,993
1,235,124
3,182,861
710,116
756,963

201407071141(201407071141)
674,993
1,235,124
3,182,861
710,303
756,963

201407071142(201407071142)
674,993
1,235,124
3,182,861
710,303
756,963

201407071149(201407071149)
675,596
1,235,124
3,182,861
710,751
757,289

201407071150(201407071150)
675,596
1,235,197
3,182,861
710,751
757,289

201407071151(201407071151)
675,596
1,235,197
3,182,861
710,751
757,505

201407071152(201407071152)
676,235
1,243,710
3,182,861
710,906
757,667

201407071159(201407071159)
676,835
1,243,710
3,182,861
711,940
758,371

201407071200(201407071200)
676,835
1,244,205
3,182,861
712,716
758,371

201407071201(201407071201)
676,835
1,245,759
3,182,861
712,716
758,650

201407071202(201407071202)
676,835
1,246,428
3,182,861
713,110
758,650

201407071209(201407071209)
677,495
1,246,428
3,182,861
713,395
758,932

201407071210(201407071210)
677,495
1,246,428
3,182,861
713,395
758,932

201407071211(201407071211)
677,495
1,246,428
3,182,861
713,875
758,932

201407071212(201407071212)
677,495
1,246,428
3,182,861
713,875
758,932

201407071219(201407071219)
677,869
1,246,428
3,182,861
714,836
763,124

201407071220(201407071220)
677,869
1,246,428
3,182,861
715,172
763,898

201407071221(201407071221)
677,869
1,246,428
3,182,861
715,282
763,898

201407071222(201407071222)
678,078
1,246,428
3,182,861
715,471
763,921

201407071229(201407071229)
680,479
1,246,428
3,182,861
717,643
765,136

201407071230(201407071230)
680,479
1,248,659
3,182,861
717,780
765,291

201407071231(201407071231)
680,479
1,250,020
3,182,995
718,098
765,291

201407071232(201407071232)
680,479
1,250,020
3,182,995
718,148
765,884

201407071239(201407071239)
682,383
1,250,173
3,198,874
718,714
770,131

201407071240(201407071240)
682,383
1,251,352
3,198,874
719,108
770,131

201407071241(201407071241)
682,383
1,251,592
3,221,067
719,108
770,131

201407071242(201407071242)
682,383
1,252,359
3,221,067
719,108
770,131

201407071249(201407071249)
682,383
1,254,732
3,236,801
719,239
770,255

201407071250(201407071250)
682,383
1,254,788
3,236,801
719,614
770,255

201407071251(201407071251)
682,759
1,254,788
3,236,801
719,851
770,381

201407071252(201407071252)
682,759
1,254,788
3,236,801
720,037
770,381

201407071259(201407071259)
683,440
1,254,788
3,236,801
720,653
771,187

201407071300(201407071300)
683,440
1,254,788
3,236,801
721,657
771,187

201407071301(201407071301)
683,440
1,254,788
3,236,801
721,657
771,187

201407071302(201407071302)
683,440
1,254,788
3,236,801
721,657
771,187

201407071309(201407071309)
684,123
1,259,538
3,236,801
721,957
771,206

201407071310(201407071310)
684,123
1,259,538
3,236,801
721,957
771,206

201407071311(201407071311)
684,123
1,262,420
3,236,801
721,957
771,206

201407071312(201407071312)
684,123
1,262,420
3,236,801
722,373
771,242

201407071319(201407071319)
684,123
1,262,550
3,236,801
723,192
772,064

201407071320(201407071320)
684,123
1,262,550
3,254,237
723,192
772,064

201407071321(201407071321)
684,910
1,262,550
3,254,237
723,192
772,064

201407071322(201407071322)
685,441
1,262,550
3,254,237
723,192
772,064

201407071329(201407071329)
687,405
1,262,550
3,254,237
726,339
773,760

201407071330(201407071330)
687,829
1,262,550
3,254,237
726,339
773,760

201407071331(201407071331)
687,857
1,262,550
3,254,237
726,339
773,760

201407071332(201407071332)
687,857
1,262,550
3,254,237
726,736
773,760

201407071339(201407071339)
689,849
1,262,550
3,254,237
728,017
774,145

201407071340(201407071340)
689,849
1,262,550
3,254,237
728,017
774,145

201407071341(201407071341)
689,849
1,262,550
3,254,237
728,017
774,145

201407071342(201407071342)
689,849
1,262,550
3,254,237
728,017
774,145

201407071349(201407071349)
689,909
1,265,652
3,254,237
728,883
774,145

201407071350(201407071350)
689,909
1,265,652
3,254,237
728,883
774,145

201407071351(201407071351)
689,909
1,265,652
3,254,237
728,883
774,145

201407071352(201407071352)
689,909
1,269,066
3,254,237
728,883
774,670

201407071359(201407071359)
690,559
1,269,066
3,254,237
730,881
775,857

201407071400(201407071400)
690,559
1,269,066
3,254,237
730,881
775,857

201407071401(201407071401)
690,559
1,269,066
3,254,237
730,881
775,857

201407071402(201407071402)
690,559
1,269,066
3,254,237
730,881
775,857

201407071409(201407071409)
690,859
1,269,066
3,258,134
731,452
776,894

201407071410(201407071410)
693,037
1,269,066
3,258,134
731,948
776,894

201407071411(201407071411)
693,037
1,269,066
3,258,134
731,948
776,894

201407071412(201407071412)
693,037
1,269,066
3,258,573
731,948
776,894

201407071419(201407071419)
693,398
1,272,591
3,258,573
732,877
776,962

201407071420(201407071420)
693,398
1,272,591
3,258,573
733,514
776,962

201407071421(201407071421)
693,791
1,272,591
3,258,573
733,641
776,962

201407071422(201407071422)
693,791
1,272,591
3,258,573
733,641
776,962

201407071429(201407071429)
694,329
1,272,591
3,258,573
735,232
779,189

201407071430(201407071430)
694,329
1,272,591
3,258,573
735,232
779,189

201407071431(201407071431)
694,329
1,272,807
3,258,573
735,232
779,189

201407071432(201407071432)
694,329
1,272,807
3,258,573
735,232
779,189

201407071439(201407071439)
694,748
1,272,807
3,258,573
736,184
780,956

201407071440(201407071440)
694,748
1,272,807
3,258,573
736,184
780,956

201407071441(201407071441)
694,748
1,273,337
3,258,573
736,184
780,956

201407071442(201407071442)
694,748
1,273,337
3,258,573
736,184
780,956

201407071449(201407071449)
695,898
1,276,974
3,258,573
737,086
781,627

201407071450(201407071450)
695,898
1,276,974
3,258,573
737,682
781,627

201407071451(201407071451)
695,898
1,278,605
3,258,573
737,682
781,627

201407071452(201407071452)
695,898
1,278,605
3,258,573
737,682
781,627

201407071459(201407071459)
696,902
1,279,015
3,258,573
737,682
782,578

201407071500(201407071500)
696,902
1,279,015
3,258,573
737,682
782,786

201407071501(201407071501)
696,902
1,279,015
3,258,573
737,682
782,818

201407071502(201407071502)
696,902
1,279,015
3,258,573
737,682
782,818

201407071509(201407071509)
696,951
1,294,846
3,258,573
738,070
783,101

201407071510(201407071510)
696,951
1,294,846
3,258,573
738,070
783,379

201407071511(201407071511)
697,582
1,294,846
3,258,573
738,070
783,379

201407071512(201407071512)
697,582
1,294,846
3,258,573
739,191
784,056

201407071519(201407071519)
698,533
1,294,846
3,258,573
739,536
784,301

201407071520(201407071520)
698,533
1,294,846
3,258,573
739,536
784,301

201407071521(201407071521)
698,533
1,294,846
3,258,573
739,536
784,301

201407071522(201407071522)
698,533
1,294,846
3,258,573
739,536
784,464

201407071529(201407071529)
698,885
1,301,384
3,258,573
739,807
784,606

201407071530(201407071530)
698,885
1,301,384
3,258,573
739,807
785,558

201407071531(201407071531)
698,885
1,301,384
3,258,573
739,807
785,558

201407071532(201407071532)
698,885
1,301,504
3,258,573
739,823
785,558

201407071539(201407071539)
698,885
1,305,181
3,258,573
739,823
785,558

201407071540(201407071540)
699,340
1,305,181
3,258,573
739,823
785,558

201407071541(201407071541)
699,340
1,305,241
3,258,573
739,823
785,558

201407071542(201407071542)
699,396
1,306,264
3,258,573
739,823
785,558

201407071549(201407071549)
700,810
1,307,032
3,258,573
739,829
785,558

201407071550(201407071550)
700,810
1,307,032
3,258,573
739,829
786,164

201407071551(201407071551)
700,810
1,307,032
3,258,573
740,297
786,164

201407071552(201407071552)
700,834
1,307,032
3,258,573
740,297
786,164

201407071559(201407071559)
702,740
1,307,032
3,258,573
740,784
786,164

201407071600(201407071600)
702,740
1,307,032
3,258,573
740,784
786,164

201407071601(201407071601)
702,740
1,307,032
3,258,573
740,830
786,164

201407071602(201407071602)
702,740
1,307,032
3,273,130
740,830
786,164

201407071609(201407071609)
702,740
1,307,032
3,288,421
741,179
786,304

201407071610(201407071610)
702,740
1,307,032
3,288,421
741,886
786,304

201407071611(201407071611)
702,740
1,307,032
3,288,421
741,886
786,304

201407071612(201407071612)
702,740
1,307,032
3,288,421
741,886
786,587

201407071619(201407071619)
702,740
1,309,453
3,290,649
742,156
787,653

201407071620(201407071620)
702,740
1,309,453
3,290,649
742,156
787,653

201407071621(201407071621)
702,740
1,309,453
3,290,649
742,156
787,653

201407071622(201407071622)
702,740
1,309,453
3,290,649
742,156
787,653

201407071629(201407071629)
702,755
1,309,453
3,308,308
742,874
788,568

201407071630(201407071630)
702,755
1,309,453
3,308,308
742,874
788,620

201407071631(201407071631)
702,755
1,309,453
3,308,308
742,874
788,620

201407071632(201407071632)
702,755
1,309,453
3,308,308
742,874
789,018

201407071639(201407071639)
703,242
1,309,801
3,308,308
743,264
790,524

201407071640(201407071640)
703,242
1,309,801
3,308,308
743,264
790,749

201407071641(201407071641)
703,242
1,309,801
3,308,308
743,264
791,015

201407071642(201407071642)
703,242
1,310,145
3,308,308
743,264
791,015

201407071649(201407071649)
703,431
1,310,145
3,308,308
743,994
791,831

201407071650(201407071650)
703,431
1,310,145
3,308,308
743,994
791,831

201407071651(201407071651)
703,513
1,310,145
3,308,308
743,994
791,831

201407071652(201407071652)
703,615
1,310,145
3,308,308
745,311
792,004

201407071659(201407071659)
703,615
1,310,145
3,335,367
746,909
792,133

201407071700(201407071700)
703,716
1,310,145
3,335,367
746,909
792,133

201407071701(201407071701)
703,716
1,313,124
3,335,367
746,909
792,133

201407071702(201407071702)
703,716
1,313,124
3,335,367
746,909
792,133

201407071709(201407071709)
704,311
1,313,407
3,431,932
746,909
793,844

201407071710(201407071710)
704,418
1,313,407
3,431,932
747,256
793,844

201407071711(201407071711)
704,418
1,313,407
3,431,932
747,256
793,844

201407071712(201407071712)
704,418
1,313,407
3,431,932
747,256
793,844

