201407091709(201407091709)
1,051,887
2,061,598
4,124,257
1,125,678
1,215,111

201407091710(201407091710)
1,052,939
2,061,598
4,124,257
1,125,678
1,215,111

201407091711(201407091711)
1,053,222
2,061,598
4,124,257
1,125,678
1,215,111

201407091712(201407091712)
1,053,222
2,061,598
4,124,257
1,125,678
1,215,111

201407091719(201407091719)
1,053,222
2,061,598
4,124,257
1,125,678
1,215,111

201407091720(201407091720)
1,053,222
2,061,598
4,124,257
1,125,990
1,215,111

201407091721(201407091721)
1,053,222
2,061,598
4,124,257
1,126,051
1,215,111

201407091722(201407091722)
1,053,222
2,061,598
4,124,257
1,126,051
1,215,111

201407091729(201407091729)
1,053,778
2,065,428
4,124,257
1,126,102
1,215,111

201407091730(201407091730)
1,053,778
2,065,725
4,124,257
1,126,102
1,215,111

201407091731(201407091731)
1,053,778
2,065,725
4,124,257
1,126,102
1,215,111

201407091732(201407091732)
1,053,778
2,065,725
4,124,257
1,126,102
1,216,950

201407091739(201407091739)
1,053,778
2,066,145
4,134,253
1,127,385
1,217,845

201407091740(201407091740)
1,053,778
2,066,145
4,134,253
1,127,385
1,217,845

201407091741(201407091741)
1,053,778
2,066,145
4,134,460
1,127,385
1,217,845

201407091742(201407091742)
1,053,778
2,066,145
4,134,943
1,127,385
1,217,845

201407091749(201407091749)
1,054,357
2,066,145
4,142,724
1,127,385
1,218,429

201407091750(201407091750)
1,054,357
2,066,145
4,142,724
1,127,385
1,218,429

201407091751(201407091751)
1,054,357
2,066,145
4,142,724
1,127,385
1,219,250

201407091752(201407091752)
1,054,357
2,066,145
4,142,724
1,127,650
1,219,250

201407091759(201407091759)
1,055,747
2,069,182
4,142,724
1,127,930
1,222,423

201407091800(201407091800)
1,055,747
2,069,497
4,142,724
1,127,930
1,222,423

201407091801(201407091801)
1,055,747
2,069,811
4,142,724
1,127,930
1,224,649

201407091802(201407091802)
1,055,747
2,069,811
4,142,724
1,127,930
1,224,649

201407091809(201407091809)
1,056,293
2,069,811
4,142,724
1,127,930
1,226,085

201407091810(201407091810)
1,056,293
2,069,811
4,142,724
1,127,930
1,226,085

201407091811(201407091811)
1,056,361
2,069,811
4,142,724
1,128,557
1,226,085

201407091812(201407091812)
1,056,361
2,069,811
4,142,724
1,128,557
1,226,085

201407091819(201407091819)
1,056,461
2,071,634
4,142,724
1,129,881
1,229,998

201407091820(201407091820)
1,056,461
2,071,634
4,142,724
1,129,881
1,229,998

201407091821(201407091821)
1,056,461
2,071,634
4,142,724
1,129,881
1,229,998

201407091822(201407091822)
1,056,570
2,071,634
4,142,724
1,129,881
1,229,998

201407091829(201407091829)
1,056,570
2,072,696
4,142,724
1,129,881
1,231,187

201407091830(201407091830)
1,056,570
2,072,696
4,142,724
1,130,654
1,231,187

201407091831(201407091831)
1,056,570
2,072,696
4,142,724
1,130,654
1,231,187

201407091832(201407091832)
1,056,570
2,072,696
4,142,724
1,130,654
1,231,187

201407091839(201407091839)
1,057,754
2,074,102
4,142,724
1,130,985
1,235,654

201407091840(201407091840)
1,057,754
2,074,102
4,142,724
1,130,985
1,235,654

201407091841(201407091841)
1,058,615
2,074,102
4,142,724
1,130,985
1,235,654

201407091842(201407091842)
1,059,427
2,074,102
4,142,724
1,130,985
1,235,654

201407091849(201407091849)
1,061,023
2,076,647
4,142,724
1,131,708
1,239,287

201407091850(201407091850)
1,061,023
2,076,647
4,142,724
1,131,708
1,242,219

201407091851(201407091851)
1,061,023
2,076,647
4,142,724
1,131,708
1,242,219

201407091852(201407091852)
1,061,237
2,076,647
4,142,724
1,131,708
1,242,372

201407091859(201407091859)
1,062,736
2,077,398
4,142,724
1,133,688
1,242,372

201407091900(201407091900)
1,062,736
2,077,398
4,142,724
1,133,688
1,242,372

201407091901(201407091901)
1,062,736
2,079,575
4,142,724
1,133,688
1,242,372

201407091902(201407091902)
1,063,513
2,079,575
4,142,724
1,133,688
1,242,372

201407091909(201407091909)
1,065,142
2,079,575
4,179,975
1,139,366
1,242,372

201407091910(201407091910)
1,065,142
2,080,014
4,179,975
1,139,366
1,242,372

201407091911(201407091911)
1,065,142
2,080,014
4,179,975
1,139,366
1,242,372

201407091912(201407091912)
1,067,396
2,080,014
4,179,975
1,140,354
1,242,472

201407091919(201407091919)
1,068,865
2,081,004
4,179,975
1,144,106
1,242,472

201407091920(201407091920)
1,068,865
2,081,004
4,179,975
1,144,372
1,242,472

201407091921(201407091921)
1,070,058
2,081,004
4,179,975
1,144,372
1,242,472

201407091922(201407091922)
1,070,058
2,081,004
4,179,975
1,144,372
1,242,472

201407091929(201407091929)
1,070,246
2,086,278
4,180,059
1,145,283
1,242,499

201407091930(201407091930)
1,070,246
2,086,278
4,180,059
1,145,283
1,242,930

201407091931(201407091931)
1,070,246
2,086,278
4,180,059
1,145,283
1,244,879

201407091932(201407091932)
1,070,246
2,086,278
4,180,059
1,145,284
1,244,879

201407091939(201407091939)
1,070,727
2,086,352
4,180,128
1,148,074
1,244,963

201407091940(201407091940)
1,070,753
2,086,352
4,183,277
1,148,074
1,244,963

201407091941(201407091941)
1,070,753
2,086,352
4,183,277
1,148,074
1,244,963

201407091942(201407091942)
1,070,753
2,086,352
4,183,277
1,148,074
1,245,013

201407091949(201407091949)
1,070,938
2,086,559
4,184,299
1,149,015
1,246,075

201407091950(201407091950)
1,070,938
2,086,559
4,184,299
1,149,015
1,246,075

201407091951(201407091951)
1,070,938
2,086,559
4,184,299
1,149,015
1,246,075

201407091952(201407091952)
1,070,938
2,086,559
4,184,299
1,149,015
1,246,075

201407091959(201407091959)
1,071,394
2,106,603
4,229,447
1,149,015
1,246,075

201407092000(201407092000)
1,071,394
2,106,603
4,240,665
1,149,015
1,246,075

201407092001(201407092001)
1,071,587
2,106,603
4,240,665
1,149,015
1,246,075

201407092002(201407092002)
1,071,587
2,106,603
4,240,665
1,150,126
1,246,075

201407092009(201407092009)
1,072,630
2,107,927
4,240,665
1,151,685
1,248,056

201407092010(201407092010)
1,073,582
2,107,927
4,240,665
1,151,685
1,248,056

201407092011(201407092011)
1,073,582
2,107,927
4,240,665
1,151,685
1,248,056

201407092012(201407092012)
1,075,168
2,107,927
4,240,665
1,153,746
1,248,056

201407092019(201407092019)
1,076,953
2,121,629
4,240,665
1,153,878
1,248,056

201407092020(201407092020)
1,076,953
2,121,629
4,240,665
1,153,878
1,248,056

201407092021(201407092021)
1,076,953
2,121,629
4,240,665
1,154,411
1,248,056

201407092022(201407092022)
1,076,953
2,121,629
4,240,665
1,154,411
1,248,229

201407092029(201407092029)
1,079,677
2,129,325
4,240,665
1,157,621
1,252,308

201407092030(201407092030)
1,079,677
2,129,325
4,240,665
1,157,621
1,252,308

201407092031(201407092031)
1,079,677
2,129,325
4,240,665
1,157,621
1,252,851

201407092032(201407092032)
1,079,677
2,129,325
4,240,665
1,157,621
1,252,851

201407092039(201407092039)
1,079,677
2,132,731
4,240,665
1,159,184
1,252,851

201407092040(201407092040)
1,080,235
2,132,731
4,240,665
1,159,184
1,252,851

201407092041(201407092041)
1,080,235
2,132,731
4,240,665
1,160,437
1,252,851

201407092042(201407092042)
1,080,235
2,132,731
4,240,665
1,160,515
1,253,156

201407092049(201407092049)
1,081,223
2,142,301
4,240,665
1,161,097
1,253,622

201407092050(201407092050)
1,081,223
2,142,301
4,240,665
1,163,093
1,255,062

201407092051(201407092051)
1,081,223
2,144,489
4,240,665
1,163,093
1,255,062

201407092052(201407092052)
1,081,223
2,145,087
4,240,665
1,163,093
1,255,062

201407092059(201407092059)
1,081,223
2,148,058
4,240,665
1,164,493
1,255,647

201407092100(201407092100)
1,081,223
2,151,925
4,240,665
1,164,493
1,255,731

201407092101(201407092101)
1,081,223
2,151,925
4,240,665
1,164,493
1,257,588

201407092102(201407092102)
1,081,223
2,151,925
4,240,665
1,164,493
1,257,588

201407092109(201407092109)
1,083,253
2,155,457
4,240,665
1,164,721
1,259,735

201407092110(201407092110)
1,083,253
2,155,457
4,240,665
1,164,721
1,259,735

201407092111(201407092111)
1,083,253
2,155,457
4,240,665
1,164,721
1,259,735

201407092112(201407092112)
1,083,253
2,155,743
4,240,665
1,164,721
1,259,735

201407092119(201407092119)
1,083,253
2,155,743
4,240,665
1,166,870
1,261,113

201407092120(201407092120)
1,083,253
2,155,743
4,240,665
1,166,985
1,261,113

201407092121(201407092121)
1,083,253
2,169,143
4,240,665
1,167,049
1,261,113

201407092122(201407092122)
1,083,253
2,169,567
4,240,665
1,167,049
1,261,113

201407092129(201407092129)
1,084,126
2,170,880
4,240,665
1,167,706
1,263,927

201407092130(201407092130)
1,084,126
2,170,880
4,240,665
1,167,706
1,263,927

201407092131(201407092131)
1,084,126
2,170,880
4,240,665
1,167,706
1,263,927

201407092132(201407092132)
1,084,126
2,170,880
4,240,665
1,167,706
1,263,927

201407092139(201407092139)
1,084,440
2,170,880
4,240,665
1,168,837
1,264,599

201407092140(201407092140)
1,084,440
2,170,880
4,240,665
1,168,837
1,264,599

201407092141(201407092141)
1,084,440
2,170,880
4,240,665
1,168,837
1,264,599

201407092142(201407092142)
1,084,440
2,170,880
4,240,665
1,168,837
1,264,939

201407092149(201407092149)
1,085,436
2,170,880
4,240,665
1,171,821
1,264,939

201407092150(201407092150)
1,085,559
2,170,880
4,240,665
1,171,821
1,264,939

201407092151(201407092151)
1,085,559
2,170,880
4,240,665
1,171,821
1,264,939

201407092152(201407092152)
1,085,980
2,174,288
4,240,665
1,171,821
1,264,939

201407092159(201407092159)
1,086,586
2,174,288
4,240,665
1,173,721
1,266,132

201407092200(201407092200)
1,087,632
2,174,288
4,240,665
1,173,721
1,266,132

201407092201(201407092201)
1,087,632
2,174,288
4,240,665
1,173,721
1,266,132

201407092202(201407092202)
1,087,632
2,174,288
4,240,665
1,173,721
1,266,132

201407092209(201407092209)
1,087,989
2,176,210
4,240,848
1,174,809
1,266,132

201407092210(201407092210)
1,087,989
2,176,210
4,240,848
1,174,809
1,266,132

201407092211(201407092211)
1,087,989
2,176,210
4,240,848
1,174,809
1,266,132

201407092212(201407092212)
1,088,347
2,176,210
4,240,848
1,174,809
1,266,132

201407092219(201407092219)
1,089,489
2,187,667
4,244,960
1,177,378
1,269,340

201407092220(201407092220)
1,091,615
2,187,667
4,244,960
1,177,378
1,269,340

201407092221(201407092221)
1,092,038
2,187,667
4,244,960
1,177,877
1,269,340

201407092222(201407092222)
1,092,038
2,187,667
4,244,960
1,177,877
1,269,340

201407092229(201407092229)
1,098,576
2,187,856
4,244,960
1,178,963
1,271,630

201407092230(201407092230)
1,098,576
2,187,856
4,251,597
1,178,963
1,271,630

201407092231(201407092231)
1,098,576
2,187,856
4,251,987
1,178,963
1,271,630

201407092232(201407092232)
1,098,576
2,187,856
4,254,575
1,178,963
1,271,630

201407092239(201407092239)
1,098,785
2,191,693
4,254,575
1,179,009
1,272,489

201407092240(201407092240)
1,098,785
2,191,693
4,254,575
1,179,468
1,272,489

201407092241(201407092241)
1,098,785
2,191,693
4,254,575
1,179,468
1,272,746

201407092242(201407092242)
1,099,425
2,194,940
4,254,575
1,180,102
1,272,746

201407092249(201407092249)
1,099,425
2,194,940
4,254,575
1,180,376
1,272,915

201407092250(201407092250)
1,099,425
2,194,940
4,254,575
1,180,376
1,272,915

201407092251(201407092251)
1,100,213
2,194,940
4,254,575
1,180,376
1,274,731

201407092252(201407092252)
1,100,215
2,194,940
4,254,575
1,180,376
1,274,731

201407092259(201407092259)
1,100,521
2,194,940
4,254,575
1,182,185
1,276,301

201407092300(201407092300)
1,100,521
2,194,940
4,254,575
1,182,648
1,276,301

201407092301(201407092301)
1,105,474
2,194,940
4,254,575
1,182,648
1,276,301

201407092302(201407092302)
1,105,701
2,210,266
4,254,575
1,182,648
1,276,301

201407092309(201407092309)
1,105,701
2,210,745
4,254,575
1,184,761
1,285,358

201407092310(201407092310)
1,106,328
2,210,745
4,254,575
1,184,761
1,286,136

201407092311(201407092311)
1,106,328
2,210,745
4,254,575
1,184,761
1,288,290

201407092312(201407092312)
1,107,893
2,210,745
4,254,575
1,184,848
1,288,290

201407092319(201407092319)
1,109,041
2,211,976
4,254,575
1,186,966
1,295,488

201407092320(201407092320)
1,109,041
2,211,976
4,261,117
1,186,966
1,295,488

201407092321(201407092321)
1,109,041
2,211,976
4,268,635
1,186,966
1,296,976

201407092322(201407092322)
1,109,903
2,211,976
4,268,635
1,186,966
1,296,976

201407092329(201407092329)
1,109,903
2,211,976
4,268,705
1,188,482
1,296,976

201407092330(201407092330)
1,110,639
2,211,976
4,272,780
1,188,482
1,296,976

201407092331(201407092331)
1,110,639
2,211,976
4,273,130
1,188,482
1,296,976

201407092332(201407092332)
1,110,639
2,211,976
4,273,550
1,188,482
1,298,615

201407092339(201407092339)
1,113,452
2,216,313
4,284,751
1,188,482
1,298,615

201407092340(201407092340)
1,113,452
2,216,313
4,284,751
1,188,482
1,298,674

201407092341(201407092341)
1,113,452
2,216,313
4,284,751
1,188,482
1,299,635

201407092342(201407092342)
1,113,452
2,216,313
4,284,751
1,188,482
1,301,612

201407092349(201407092349)
1,116,641
2,216,313
4,284,751
1,189,599
1,301,612

201407092350(201407092350)
1,116,641
2,216,313
4,284,751
1,189,599
1,301,612

201407092351(201407092351)
1,116,641
2,216,313
4,284,751
1,192,643
1,301,612

201407092352(201407092352)
1,116,699
2,216,313
4,284,751
1,194,013
1,301,612

201407092359(201407092359)
1,117,943
2,216,502
4,284,751
1,195,633
1,304,260

201407100000(201407100000)
1,117,943
2,216,502
4,284,751
1,195,633
1,304,670

201407100001(201407100001)
1,117,943
2,216,502
4,284,751
1,195,633
1,304,670

201407100002(201407100002)
1,117,943
2,216,502
4,284,751
1,195,633
1,304,670

201407100009(201407100009)
1,119,466
2,216,817
4,284,751
1,198,049
1,305,520

201407100010(201407100010)
1,119,494
2,217,069
4,284,751
1,198,049
1,305,569

201407100011(201407100011)
1,119,615
2,217,132
4,284,751
1,198,049
1,305,569

201407100012(201407100012)
1,119,786
2,217,132
4,284,751
1,198,105
1,305,569

201407100019(201407100019)
1,122,209
2,225,708
4,284,751
1,199,604
1,309,745

201407100020(201407100020)
1,122,737
2,225,708
4,284,751
1,199,604
1,309,745

201407100021(201407100021)
1,122,737
2,225,708
4,284,751
1,199,604
1,309,745

201407100022(201407100022)
1,122,755
2,225,708
4,284,751
1,199,604
1,310,506

201407100029(201407100029)
1,123,171
2,225,708
4,284,751
1,201,661
1,314,236

201407100030(201407100030)
1,123,171
2,225,708
4,284,751
1,201,661
1,314,236

201407100031(201407100031)
1,123,224
2,225,708
4,284,751
1,201,661
1,314,236

201407100032(201407100032)
1,123,224
2,225,708
4,284,751
1,201,661
1,314,236

201407100039(201407100039)
1,123,224
2,226,679
4,284,751
1,201,900
1,314,819

201407100040(201407100040)
1,123,224
2,226,679
4,284,751
1,201,900
1,314,819

201407100041(201407100041)
1,123,224
2,226,679
4,284,751
1,201,900
1,314,819

201407100042(201407100042)
1,123,857
2,226,679
4,284,751
1,201,900
1,315,228

201407100049(201407100049)
1,126,179
2,236,171
4,284,751
1,202,087
1,318,573

201407100050(201407100050)
1,126,200
2,236,171
4,284,751
1,202,087
1,318,573

201407100051(201407100051)
1,127,684
2,236,171
4,284,751
1,202,087
1,321,152

201407100052(201407100052)
1,127,684
2,236,466
4,284,751
1,202,087
1,321,152

201407100059(201407100059)
1,128,329
2,252,218
4,312,833
1,208,290
1,322,645

201407100100(201407100100)
1,128,603
2,252,218
4,327,707
1,208,290
1,322,645

201407100101(201407100101)
1,129,750
2,252,218
4,332,336
1,208,290
1,322,645

201407100102(201407100102)
1,129,750
2,252,218
4,341,120
1,208,290
1,322,645

201407100109(201407100109)
1,130,024
2,258,496
4,341,120
1,208,805
1,322,694

201407100110(201407100110)
1,130,024
2,258,496
4,341,120
1,208,805
1,322,694

201407100111(201407100111)
1,130,024
2,258,496
4,341,120
1,210,065
1,322,694

201407100112(201407100112)
1,130,024
2,258,496
4,341,120
1,210,065
1,322,694

201407100119(201407100119)
1,130,136
2,258,496
4,345,983
1,210,802
1,323,239

201407100120(201407100120)
1,130,654
2,258,496
4,349,741
1,210,802
1,324,816

201407100121(201407100121)
1,130,654
2,258,496
4,356,340
1,210,802
1,324,816

201407100122(201407100122)
1,130,654
2,258,496
4,356,340
1,210,802
1,324,816

201407100129(201407100129)
1,132,194
2,258,496
4,371,101
1,211,402
1,326,416

201407100130(201407100130)
1,132,194
2,258,496
4,371,101
1,211,402
1,326,416

201407100131(201407100131)
1,132,194
2,258,496
4,371,101
1,211,402
1,326,519

201407100132(201407100132)
1,132,194
2,258,496
4,371,101
1,211,402
1,327,624

201407100139(201407100139)
1,132,261
2,264,922
4,371,101
1,211,402
1,327,624

201407100140(201407100140)
1,132,261
2,264,922
4,371,101
1,211,461
1,327,624

201407100141(201407100141)
1,132,261
2,264,922
4,371,101
1,211,461
1,327,624

201407100142(201407100142)
1,132,261
2,264,922
4,371,101
1,211,461
1,327,624

201407100149(201407100149)
1,135,056
2,264,922
4,371,101
1,214,208
1,331,526

201407100150(201407100150)
1,135,056
2,264,922
4,371,101
1,214,208
1,331,526

201407100151(201407100151)
1,135,056
2,264,922
4,371,101
1,214,208
1,332,986

201407100152(201407100152)
1,135,056
2,264,922
4,371,101
1,214,208
1,332,986

201407100159(201407100159)
1,135,056
2,271,005
4,371,101
1,214,208
1,332,986

201407100200(201407100200)
1,135,056
2,271,005
4,371,101
1,214,558
1,332,986

201407100201(201407100201)
1,135,056
2,271,005
4,371,101
1,214,675
1,332,986

201407100202(201407100202)
1,135,056
2,271,005
4,371,101
1,214,675
1,332,986

201407100209(201407100209)
1,138,752
2,271,005
4,371,101
1,218,031
1,337,404

201407100210(201407100210)
1,138,752
2,271,005
4,371,101
1,218,031
1,337,404

201407100211(201407100211)
1,138,752
2,271,005
4,371,101
1,218,031
1,337,404

201407100212(201407100212)
1,138,752
2,271,005
4,371,101
1,218,031
1,337,404

201407100219(201407100219)
1,140,372
2,271,005
4,371,101
1,218,166
1,339,140

201407100220(201407100220)
1,140,372
2,271,005
4,371,101
1,218,166
1,339,140

201407100221(201407100221)
1,140,372
2,271,005
4,371,101
1,218,229
1,339,140

201407100222(201407100222)
1,140,372
2,271,005
4,371,101
1,225,176
1,339,250

201407100229(201407100229)
1,141,032
2,274,026
4,371,101
1,225,193
1,339,302

201407100230(201407100230)
1,141,032
2,274,026
4,371,101
1,225,193
1,339,562

201407100231(201407100231)
1,141,032
2,274,026
4,371,101
1,225,193
1,340,256

201407100232(201407100232)
1,141,032
2,274,026
4,371,101
1,225,193
1,340,256

201407100239(201407100239)
1,141,032
2,274,026
4,371,101
1,226,730
1,342,132

201407100240(201407100240)
1,141,032
2,274,026
4,371,101
1,227,735
1,342,132

201407100241(201407100241)
1,141,032
2,274,026
4,371,101
1,227,735
1,342,132

201407100242(201407100242)
1,141,032
2,274,026
4,371,101
1,227,735
1,342,132

201407100249(201407100249)
1,141,032
2,274,026
4,403,957
1,227,735
1,344,275

201407100250(201407100250)
1,143,170
2,274,026
4,403,957
1,227,735
1,344,275

201407100251(201407100251)
1,143,552
2,274,026
4,403,957
1,227,735
1,344,275

201407100252(201407100252)
1,143,552
2,274,026
4,403,957
1,227,735
1,345,207

201407100259(201407100259)
1,143,552
2,275,115
4,406,233
1,228,424
1,345,207

201407100300(201407100300)
1,143,552
2,275,115
4,410,339
1,228,424
1,345,207

201407100301(201407100301)
1,143,552
2,275,115
4,412,150
1,228,424
1,345,207

201407100302(201407100302)
1,143,552
2,275,115
4,412,150
1,228,424
1,345,207

201407100309(201407100309)
1,143,552
2,275,115
4,412,150
1,228,806
1,345,207

201407100310(201407100310)
1,143,552
2,275,115
4,412,150
1,228,806
1,345,207

201407100311(201407100311)
1,143,552
2,275,115
4,412,150
1,228,806
1,345,341

201407100312(201407100312)
1,143,552
2,275,115
4,412,150
1,228,806
1,345,341

201407100319(201407100319)
1,143,750
2,275,115
4,412,150
1,229,571
1,345,341

201407100320(201407100320)
1,143,750
2,275,115
4,412,150
1,229,571
1,345,341

201407100321(201407100321)
1,143,750
2,275,115
4,412,150
1,229,571
1,345,341

201407100322(201407100322)
1,143,750
2,275,115
4,412,150
1,229,571
1,345,341

201407100329(201407100329)
1,143,750
2,275,115
4,412,150
1,229,571
1,345,341

201407100330(201407100330)
1,144,441
2,275,115
4,412,150
1,229,571
1,345,341

201407100331(201407100331)
1,144,441
2,275,115
4,412,150
1,229,571
1,345,341

201407100332(201407100332)
1,144,441
2,275,115
4,412,150
1,229,571
1,345,341

201407100339(201407100339)
1,144,441
2,277,137
4,412,150
1,229,571
1,345,341

201407100340(201407100340)
1,144,441
2,277,137
4,412,150
1,229,571
1,345,341

201407100341(201407100341)
1,144,441
2,277,137
4,412,150
1,229,571
1,345,341

201407100342(201407100342)
1,144,441
2,277,137
4,412,150
1,229,571
1,345,341

201407100349(201407100349)
1,144,441
2,277,137
4,412,150
1,230,786
1,345,341

201407100350(201407100350)
1,144,441
2,277,137
4,412,150
1,230,786
1,345,341

201407100351(201407100351)
1,144,441
2,277,137
4,412,150
1,230,786
1,345,341

201407100352(201407100352)
1,144,441
2,277,137
4,412,150
1,230,786
1,345,341

201407100359(201407100359)
1,144,441
2,279,961
4,412,150
1,230,786
1,345,341

201407100400(201407100400)
1,144,441
2,279,961
4,412,150
1,230,786
1,345,341

201407100401(201407100401)
1,144,441
2,279,961
4,412,150
1,230,786
1,345,341

201407100402(201407100402)
1,144,441
2,279,961
4,412,150
1,230,786
1,345,341

201407100409(201407100409)
1,144,441
2,279,961
4,412,150
1,230,786
1,345,341

201407100410(201407100410)
1,144,441
2,279,961
4,412,150
1,230,786
1,345,341

201407100411(201407100411)
1,144,441
2,279,961
4,412,150
1,231,187
1,345,341

201407100412(201407100412)
1,144,920
2,279,961
4,412,150
1,231,187
1,345,341

201407100419(201407100419)
1,145,268
2,279,961
4,412,150
1,231,385
1,345,341

201407100420(201407100420)
1,145,823
2,279,961
4,412,150
1,231,385
1,346,147

201407100421(201407100421)
1,145,823
2,279,961
4,412,150
1,231,385
1,346,420

201407100422(201407100422)
1,145,823
2,279,961
4,412,150
1,231,815
1,346,420

201407100429(201407100429)
1,146,223
2,279,961
4,412,150
1,236,002
1,346,420

201407100430(201407100430)
1,146,223
2,279,961
4,412,150
1,236,002
1,346,420

201407100431(201407100431)
1,146,223
2,283,972
4,412,150
1,236,002
1,346,420

201407100432(201407100432)
1,146,223
2,283,972
4,412,150
1,236,002
1,346,420

201407100439(201407100439)
1,146,223
2,283,972
4,412,150
1,236,002
1,346,878

201407100440(201407100440)
1,146,223
2,283,972
4,412,150
1,236,002
1,346,878

201407100441(201407100441)
1,146,223
2,283,972
4,412,150
1,236,002
1,346,878

201407100442(201407100442)
1,146,223
2,283,972
4,412,150
1,236,002
1,346,878

201407100449(201407100449)
1,146,223
2,284,240
4,412,248
1,236,002
1,346,878

201407100450(201407100450)
1,146,223
2,284,240
4,412,248
1,236,002
1,346,878

201407100451(201407100451)
1,146,223
2,284,240
4,412,248
1,236,002
1,346,878

201407100452(201407100452)
1,146,687
2,284,240
4,412,248
1,236,002
1,346,878

201407100459(201407100459)
1,151,537
2,284,240
4,412,248
1,236,711
1,346,878

201407100500(201407100500)
1,151,537
2,284,240
4,412,248
1,236,711
1,346,878

201407100501(201407100501)
1,151,537
2,284,240
4,412,248
1,236,711
1,346,878

201407100502(201407100502)
1,151,537
2,284,240
4,412,248
1,236,711
1,346,878

201407100509(201407100509)
1,151,619
2,284,240
4,412,248
1,236,711
1,347,506

201407100510(201407100510)
1,151,619
2,284,240
4,412,248
1,236,711
1,347,506

201407100511(201407100511)
1,151,619
2,284,240
4,412,248
1,236,711
1,347,506

201407100512(201407100512)
1,151,619
2,284,240
4,412,248
1,236,711
1,347,506

201407100519(201407100519)
1,151,619
2,284,240
4,412,248
1,236,711
1,347,506

201407100520(201407100520)
1,151,619
2,284,240
4,412,248
1,236,711
1,347,506

201407100521(201407100521)
1,151,619
2,284,240
4,412,248
1,236,711
1,347,506

201407100522(201407100522)
1,151,619
2,284,240
4,412,248
1,236,711
1,347,506

201407100529(201407100529)
1,151,619
2,286,513
4,412,248
1,236,711
1,348,866

201407100530(201407100530)
1,151,619
2,286,513
4,412,248
1,236,711
1,348,866

201407100531(201407100531)
1,151,619
2,286,513
4,412,248
1,236,711
1,348,866

201407100532(201407100532)
1,151,619
2,287,872
4,412,248
1,238,079
1,348,866

201407100539(201407100539)
1,151,619
2,287,872
4,412,248
1,239,089
1,348,866

201407100540(201407100540)
1,151,619
2,287,872
4,412,248
1,239,089
1,351,093

201407100541(201407100541)
1,151,619
2,287,872
4,412,248
1,239,089
1,351,093

201407100542(201407100542)
1,151,619
2,287,872
4,412,248
1,239,089
1,351,093

201407100549(201407100549)
1,157,832
2,287,872
4,412,248
1,239,089
1,351,093

201407100550(201407100550)
1,157,832
2,287,872
4,412,248
1,239,089
1,351,093

201407100551(201407100551)
1,157,832
2,287,872
4,412,248
1,239,089
1,351,093

201407100552(201407100552)
1,157,832
2,287,872
4,412,248
1,239,089
1,351,093

201407100559(201407100559)
1,157,832
2,287,872
4,412,248
1,242,478
1,351,093

201407100600(201407100600)
1,157,832
2,287,872
4,412,248
1,242,478
1,351,093

201407100601(201407100601)
1,157,832
2,287,872
4,412,248
1,242,478
1,351,467

201407100602(201407100602)
1,157,832
2,287,872
4,412,248
1,242,478
1,351,606

201407100609(201407100609)
1,158,465
2,287,872
4,412,248
1,242,478
1,351,606

201407100610(201407100610)
1,158,625
2,289,615
4,412,248
1,242,478
1,351,606

201407100611(201407100611)
1,158,625
2,289,615
4,412,248
1,242,478
1,351,606

201407100612(201407100612)
1,158,625
2,289,615
4,412,248
1,242,478
1,353,176

201407100619(201407100619)
1,158,625
2,289,615
4,412,248
1,242,478
1,353,176

201407100620(201407100620)
1,158,625
2,289,615
4,412,248
1,242,478
1,353,176

201407100621(201407100621)
1,158,625
2,289,615
4,412,248
1,242,478
1,353,176

201407100622(201407100622)
1,158,625
2,289,615
4,412,248
1,242,478
1,353,176

201407100629(201407100629)
1,159,284
2,291,442
4,412,248
1,242,478
1,353,773

201407100630(201407100630)
1,159,284
2,291,442
4,412,248
1,242,478
1,353,773

201407100631(201407100631)
1,159,284
2,291,442
4,412,248
1,242,980
1,353,773

201407100632(201407100632)
1,159,284
2,297,335
4,412,248
1,244,417
1,353,773

201407100639(201407100639)
1,159,848
2,297,335
4,412,248
1,244,597
1,353,773

201407100640(201407100640)
1,159,848
2,297,335
4,412,248
1,244,597
1,353,773

201407100641(201407100641)
1,159,966
2,297,335
4,412,248
1,244,597
1,353,773

201407100642(201407100642)
1,159,966
2,297,335
4,412,248
1,245,993
1,353,773

201407100649(201407100649)
1,160,773
2,297,335
4,412,248
1,246,283
1,356,252

201407100650(201407100650)
1,160,773
2,297,335
4,412,248
1,246,283
1,356,252

201407100651(201407100651)
1,160,773
2,297,335
4,412,248
1,246,283
1,356,252

201407100652(201407100652)
1,160,785
2,297,335
4,412,248
1,246,283
1,356,252

201407100659(201407100659)
1,161,302
2,297,335
4,412,248
1,248,056
1,356,252

201407100700(201407100700)
1,161,302
2,297,335
4,412,248
1,248,056
1,356,252

201407100701(201407100701)
1,161,302
2,297,335
4,412,248
1,248,056
1,356,749

201407100702(201407100702)
1,161,302
2,297,335
4,412,248
1,248,056
1,356,749

201407100709(201407100709)
1,161,690
2,298,820
4,414,007
1,249,405
1,358,627

201407100710(201407100710)
1,161,690
2,298,820
4,415,080
1,249,631
1,358,627

201407100711(201407100711)
1,161,690
2,298,820
4,415,080
1,249,631
1,358,627

201407100712(201407100712)
1,161,931
2,298,820
4,415,080
1,249,631
1,358,627

201407100719(201407100719)
1,162,097
2,298,820
4,415,080
1,249,631
1,360,239

201407100720(201407100720)
1,162,097
2,298,820
4,415,080
1,249,631
1,360,864

201407100721(201407100721)
1,162,097
2,298,820
4,415,080
1,249,631
1,360,864

201407100722(201407100722)
1,162,680
2,298,820
4,415,080
1,249,631
1,360,864

201407100729(201407100729)
1,162,836
2,313,329
4,415,080
1,256,722
1,361,279

201407100730(201407100730)
1,162,836
2,313,329
4,415,080
1,256,722
1,361,279

201407100731(201407100731)
1,162,836
2,313,329
4,415,360
1,256,722
1,363,407

201407100732(201407100732)
1,162,836
2,313,329
4,415,570
1,256,722
1,363,407

201407100739(201407100739)
1,162,836
2,315,080
4,415,570
1,256,722
1,365,297

201407100740(201407100740)
1,162,836
2,315,080
4,415,570
1,256,722
1,365,297

201407100741(201407100741)
1,163,897
2,315,080
4,415,570
1,256,722
1,365,297

201407100742(201407100742)
1,163,897
2,315,640
4,415,570
1,256,722
1,365,297

201407100749(201407100749)
1,165,370
2,315,640
4,415,570
1,256,722
1,365,682

201407100750(201407100750)
1,165,973
2,315,640
4,415,570
1,256,722
1,365,682

201407100751(201407100751)
1,166,885
2,315,640
4,415,570
1,256,722
1,365,682

201407100752(201407100752)
1,167,416
2,315,640
4,415,570
1,256,722
1,365,682

201407100759(201407100759)
1,167,462
2,315,811
4,415,570
1,258,011
1,366,750

201407100800(201407100800)
1,167,462
2,315,811
4,415,570
1,258,011
1,366,750

201407100801(201407100801)
1,167,462
2,315,811
4,415,570
1,258,011
1,366,750

201407100802(201407100802)
1,167,462
2,315,811
4,415,570
1,258,011
1,366,750

201407100809(201407100809)
1,169,064
2,315,811
4,415,570
1,258,011
1,366,750

201407100810(201407100810)
1,169,064
2,315,811
4,415,570
1,258,011
1,366,750

201407100811(201407100811)
1,169,064
2,315,811
4,415,570
1,258,011
1,366,750

201407100812(201407100812)
1,169,064
2,315,811
4,415,570
1,258,011
1,366,750

201407100819(201407100819)
1,169,787
2,315,811
4,415,570
1,259,735
1,367,705

201407100820(201407100820)
1,169,787
2,315,811
4,415,570
1,259,735
1,367,705

201407100821(201407100821)
1,170,344
2,315,811
4,415,570
1,259,735
1,367,705

201407100822(201407100822)
1,170,344
2,315,811
4,415,570
1,259,735
1,367,705

201407100829(201407100829)
1,171,778
2,315,811
4,415,570
1,260,652
1,368,516

201407100830(201407100830)
1,171,778
2,315,811
4,415,570
1,260,652
1,368,516

201407100831(201407100831)
1,171,778
2,315,811
4,415,570
1,260,652
1,368,516

201407100832(201407100832)
1,171,778
2,315,811
4,417,604
1,260,652
1,368,516

201407100839(201407100839)
1,171,928
2,320,866
4,417,604
1,260,652
1,368,516

201407100840(201407100840)
1,171,928
2,320,866
4,417,604
1,260,652
1,368,516

201407100841(201407100841)
1,172,521
2,320,866
4,417,604
1,264,027
1,368,516

201407100842(201407100842)
1,172,521
2,320,866
4,417,604
1,264,267
1,368,516

201407100849(201407100849)
1,172,521
2,321,915
4,417,604
1,268,132
1,374,638

201407100850(201407100850)
1,173,510
2,321,915
4,417,604
1,268,132
1,374,638

201407100851(201407100851)
1,173,510
2,321,915
4,417,604
1,269,340
1,374,998

201407100852(201407100852)
1,173,510
2,321,915
4,417,604
1,269,340
1,375,158

201407100859(201407100859)
1,173,510
2,321,915
4,417,604
1,269,560
1,377,120

201407100900(201407100900)
1,173,510
2,321,915
4,417,604
1,269,560
1,377,120

201407100901(201407100901)
1,173,510
2,321,915
4,417,604
1,269,560
1,377,120

201407100902(201407100902)
1,173,510
2,321,915
4,417,604
1,269,560
1,377,120

201407100909(201407100909)
1,174,507
2,322,434
4,417,604
1,269,560
1,378,103

201407100910(201407100910)
1,174,507
2,322,434
4,417,604
1,269,560
1,378,103

201407100911(201407100911)
1,174,507
2,322,434
4,417,604
1,269,560
1,379,311

201407100912(201407100912)
1,174,507
2,322,434
4,417,604
1,269,560
1,379,311

201407100919(201407100919)
1,174,507
2,322,434
4,417,604
1,270,608
1,380,936

201407100920(201407100920)
1,174,507
2,322,434
4,417,604
1,270,608
1,380,975

201407100921(201407100921)
1,174,507
2,322,434
4,417,604
1,270,608
1,380,975

201407100922(201407100922)
1,174,507
2,322,434
4,417,604
1,270,608
1,380,975

201407100929(201407100929)
1,177,218
2,324,722
4,417,604
1,270,608
1,381,005

201407100930(201407100930)
1,177,269
2,324,722
4,417,604
1,270,987
1,381,005

201407100931(201407100931)
1,177,269
2,324,722
4,417,604
1,271,110
1,381,005

201407100932(201407100932)
1,177,269
2,324,722
4,417,604
1,271,110
1,381,005

201407100939(201407100939)
1,178,086
2,336,516
4,417,604
1,271,630
1,381,005

201407100940(201407100940)
1,178,086
2,336,684
4,417,604
1,271,630
1,381,005

201407100941(201407100941)
1,178,086
2,336,852
4,417,604
1,274,413
1,381,005

201407100942(201407100942)
1,178,963
2,336,852
4,417,604
1,274,413
1,381,005

201407100949(201407100949)
1,178,963
2,336,852
4,417,604
1,274,413
1,382,047

201407100950(201407100950)
1,178,963
2,339,839
4,417,604
1,274,413
1,382,047

201407100951(201407100951)
1,178,963
2,339,839
4,417,604
1,274,413
1,382,047

201407100952(201407100952)
1,180,758
2,339,839
4,436,766
1,275,618
1,382,047

201407100959(201407100959)
1,183,935
2,339,839
4,460,653
1,275,618
1,382,047

201407101000(201407101000)
1,183,935
2,339,839
4,460,653
1,278,105
1,382,047

201407101001(201407101001)
1,183,935
2,339,839
4,460,653
1,278,105
1,382,047

201407101002(201407101002)
1,183,935
2,339,839
4,460,653
1,278,105
1,382,047

201407101009(201407101009)
1,184,305
2,339,839
4,460,653
1,284,675
1,382,403

201407101010(201407101010)
1,184,305
2,344,009
4,463,201
1,284,675
1,382,403

201407101011(201407101011)
1,186,351
2,344,009
4,463,201
1,284,675
1,382,403

201407101012(201407101012)
1,186,351
2,344,009
4,463,201
1,284,675
1,382,403

201407101019(201407101019)
1,188,223
2,348,010
4,463,201
1,285,358
1,382,628

201407101020(201407101020)
1,188,223
2,348,010
4,463,201
1,285,468
1,382,628

201407101021(201407101021)
1,188,223
2,348,010
4,463,201
1,285,523
1,382,628

201407101022(201407101022)
1,188,223
2,348,010
4,463,201
1,285,578
1,382,628

201407101029(201407101029)
1,188,663
2,348,010
4,486,221
1,286,698
1,382,628

201407101030(201407101030)
1,188,663
2,348,010
4,486,221
1,286,698
1,382,628

201407101031(201407101031)
1,188,663
2,348,010
4,486,221
1,286,867
1,382,628

201407101032(201407101032)
1,188,663
2,348,010
4,486,221
1,286,867
1,382,628

201407101039(201407101039)
1,190,662
2,348,010
4,486,221
1,290,586
1,383,914

201407101040(201407101040)
1,190,662
2,348,010
4,486,221
1,291,220
1,386,110

201407101041(201407101041)
1,190,662
2,348,010
4,486,221
1,291,220
1,387,064

201407101042(201407101042)
1,190,662
2,348,010
4,486,221
1,291,220
1,387,064

201407101049(201407101049)
1,190,662
2,349,904
4,495,322
1,291,564
1,387,064

201407101050(201407101050)
1,190,662
2,349,904
4,495,322
1,291,564
1,387,064

201407101051(201407101051)
1,190,662
2,349,904
4,495,322
1,291,564
1,387,064

201407101052(201407101052)
1,190,662
2,349,904
4,495,322
1,291,564
1,387,064

201407101059(201407101059)
1,192,479
2,352,221
4,495,322
1,291,564
1,387,064

201407101100(201407101100)
1,192,479
2,352,221
4,495,322
1,291,564
1,387,064

201407101101(201407101101)
1,192,479
2,352,221
4,495,322
1,291,564
1,387,181

201407101102(201407101102)
1,192,479
2,352,221
4,495,322
1,291,564
1,387,181

201407101109(201407101109)
1,192,479
2,353,733
4,495,322
1,294,411
1,387,181

201407101110(201407101110)
1,192,479
2,353,733
4,495,322
1,294,635
1,387,181

201407101111(201407101111)
1,192,479
2,353,861
4,495,322
1,295,139
1,387,181

201407101112(201407101112)
1,192,479
2,353,861
4,495,322
1,295,139
1,387,181

201407101119(201407101119)
1,194,482
2,353,861
4,495,322
1,295,156
1,387,181

201407101120(201407101120)
1,194,482
2,353,861
4,495,322
1,295,156
1,387,181

201407101121(201407101121)
1,194,482
2,353,861
4,495,322
1,295,156
1,387,181

201407101122(201407101122)
1,194,482
2,353,861
4,495,322
1,295,156
1,387,181

201407101129(201407101129)
1,194,482
2,353,861
4,495,322
1,296,963
1,388,147

201407101130(201407101130)
1,194,482
2,353,861
4,495,322
1,296,963
1,388,147

201407101131(201407101131)
1,194,482
2,353,861
4,495,322
1,296,963
1,388,147

201407101132(201407101132)
1,194,482
2,353,861
4,495,322
1,296,963
1,388,147

201407101139(201407101139)
1,195,244
2,353,861
4,495,322
1,297,214
1,390,517

201407101140(201407101140)
1,195,244
2,353,861
4,495,322
1,297,214
1,390,517

201407101141(201407101141)
1,195,244
2,353,861
4,495,322
1,297,214
1,390,517

201407101142(201407101142)
1,195,244
2,354,630
4,495,322
1,297,214
1,390,517

201407101149(201407101149)
1,195,244
2,354,630
4,495,322
1,297,756
1,392,716

201407101150(201407101150)
1,195,244
2,354,630
4,495,322
1,297,756
1,392,716

201407101151(201407101151)
1,195,244
2,354,630
4,495,322
1,300,469
1,392,716

201407101152(201407101152)
1,195,244
2,354,630
4,495,322
1,300,469
1,392,716

201407101159(201407101159)
1,195,930
2,354,630
4,495,322
1,300,646
1,393,461

201407101200(201407101200)
1,195,930
2,354,630
4,495,322
1,300,882
1,393,461

201407101201(201407101201)
1,195,930
2,354,630
4,495,322
1,300,941
1,393,461

201407101202(201407101202)
1,195,930
2,354,630
4,495,322
1,300,941
1,393,461

201407101209(201407101209)
1,196,018
2,360,386
4,495,322
1,300,941
1,393,461

201407101210(201407101210)
1,196,018
2,361,455
4,495,322
1,300,941
1,393,461

201407101211(201407101211)
1,199,871
2,361,455
4,495,322
1,300,941
1,393,461

201407101212(201407101212)
1,199,871
2,361,455
4,495,322
1,300,941
1,393,461

201407101219(201407101219)
1,200,522
2,361,455
4,495,322
1,305,650
1,394,419

201407101220(201407101220)
1,200,522
2,361,455
4,495,322
1,305,650
1,394,419

201407101221(201407101221)
1,200,522
2,361,455
4,495,322
1,305,650
1,395,457

201407101222(201407101222)
1,200,522
2,361,455
4,495,322
1,306,171
1,395,610

201407101229(201407101229)
1,206,136
2,369,122
4,495,322
1,306,171
1,396,624

201407101230(201407101230)
1,208,805
2,369,122
4,495,322
1,306,171
1,397,079

201407101231(201407101231)
1,208,805
2,374,029
4,495,322
1,306,171
1,397,079

201407101232(201407101232)
1,210,065
2,374,029
4,495,322
1,308,269
1,397,079

201407101239(201407101239)
1,214,712
2,374,292
4,495,322
1,314,061
1,402,241

201407101240(201407101240)
1,214,712
2,374,292
4,495,322
1,314,061
1,402,241

201407101241(201407101241)
1,214,906
2,374,292
4,495,322
1,314,413
1,402,241

201407101242(201407101242)
1,215,372
2,374,292
4,495,322
1,314,413
1,402,241

201407101249(201407101249)
1,221,413
2,375,945
4,500,261
1,314,413
1,403,936

201407101250(201407101250)
1,221,413
2,375,945
4,500,261
1,314,413
1,403,936

201407101251(201407101251)
1,221,413
2,375,945
4,500,261
1,314,413
1,403,936

201407101252(201407101252)
1,221,413
2,375,945
4,500,261
1,314,413
1,403,936

201407101259(201407101259)
1,221,539
2,375,945
4,500,261
1,314,413
1,404,141

201407101300(201407101300)
1,222,561
2,375,945
4,500,261
1,314,413
1,404,141

201407101301(201407101301)
1,222,561
2,375,945
4,500,261
1,314,413
1,404,141

201407101302(201407101302)
1,222,561
2,375,945
4,500,261
1,314,413
1,404,141

201407101309(201407101309)
1,224,527
2,375,945
4,500,261
1,314,413
1,405,164

201407101310(201407101310)
1,224,527
2,375,945
4,500,261
1,314,413
1,405,164

201407101311(201407101311)
1,224,527
2,375,945
4,500,261
1,314,413
1,405,164

201407101312(201407101312)
1,224,527
2,375,945
4,500,261
1,314,413
1,405,164

201407101319(201407101319)
1,224,658
2,379,730
4,500,261
1,315,137
1,405,665

201407101320(201407101320)
1,224,658
2,379,730
4,500,261
1,315,228
1,405,665

201407101321(201407101321)
1,224,658
2,379,730
4,500,261
1,315,228
1,405,665

201407101322(201407101322)
1,224,658
2,379,730
4,500,261
1,315,228
1,405,665

201407101329(201407101329)
1,225,127
2,379,730
4,530,975
1,315,228
1,406,439

201407101330(201407101330)
1,225,127
2,379,730
4,530,975
1,315,228
1,406,439

201407101331(201407101331)
1,225,127
2,379,730
4,530,975
1,315,228
1,406,439

201407101332(201407101332)
1,225,127
2,379,730
4,530,975
1,315,228
1,406,439

201407101339(201407101339)
1,225,127
2,380,170
4,541,191
1,315,228
1,408,475

201407101340(201407101340)
1,225,127
2,380,170
4,545,160
1,315,228
1,408,475

201407101341(201407101341)
1,225,127
2,380,170
4,552,480
1,316,182
1,408,475

201407101342(201407101342)
1,225,127
2,380,170
4,569,949
1,316,182
1,408,597

201407101349(201407101349)
1,225,127
2,380,170
4,569,949
1,316,182
1,414,526

201407101350(201407101350)
1,225,127
2,380,170
4,569,949
1,316,182
1,415,793

201407101351(201407101351)
1,225,127
2,380,170
4,569,949
1,316,182
1,415,793

201407101352(201407101352)
1,225,127
2,380,170
4,569,949
1,316,182
1,415,793

201407101359(201407101359)
1,225,127
2,385,793
4,569,949
1,321,152
1,415,793

201407101400(201407101400)
1,225,127
2,385,793
4,569,949
1,321,152
1,415,793

201407101401(201407101401)
1,225,127
2,385,793
4,569,949
1,321,152
1,415,793

201407101402(201407101402)
1,225,127
2,385,793
4,569,949
1,321,152
1,415,904

201407101409(201407101409)
1,225,193
2,385,793
4,569,949
1,321,152
1,416,333

201407101410(201407101410)
1,225,193
2,385,793
4,569,949
1,321,152
1,416,333

201407101411(201407101411)
1,227,207
2,385,793
4,570,063
1,321,152
1,416,333

201407101412(201407101412)
1,227,207
2,385,793
4,570,063
1,321,152
1,416,333

201407101419(201407101419)
1,227,207
2,385,793
4,570,063
1,321,152
1,418,922

201407101420(201407101420)
1,227,207
2,385,793
4,570,063
1,321,152
1,423,454

201407101421(201407101421)
1,227,207
2,385,850
4,570,063
1,321,152
1,423,454

201407101422(201407101422)
1,227,207
2,385,850
4,570,063
1,321,152
1,423,454

201407101429(201407101429)
1,227,207
2,387,892
4,570,063
1,321,152
1,423,861

201407101430(201407101430)
1,227,207
2,387,892
4,570,063
1,321,152
1,423,861

201407101431(201407101431)
1,227,207
2,387,892
4,570,063
1,321,152
1,423,861

201407101432(201407101432)
1,227,207
2,387,892
4,570,063
1,321,152
1,423,861

201407101439(201407101439)
1,227,207
2,387,892
4,570,063
1,321,152
1,423,861

201407101440(201407101440)
1,227,207
2,395,902
4,570,120
1,322,538
1,423,861

201407101441(201407101441)
1,227,207
2,395,902
4,570,120
1,322,538
1,423,861

201407101442(201407101442)
1,227,207
2,395,902
4,570,120
1,322,538
1,423,861

201407101449(201407101449)
1,229,684
2,395,902
4,570,120
1,323,239
1,423,861

201407101450(201407101450)
1,229,684
2,395,902
4,570,120
1,323,239
1,423,861

201407101451(201407101451)
1,229,684
2,395,902
4,570,120
1,325,640
1,423,861

201407101452(201407101452)
1,229,988
2,395,902
4,570,120
1,326,545
1,425,306

201407101459(201407101459)
1,230,172
2,397,408
4,570,120
1,326,545
1,425,791

201407101500(201407101500)
1,230,172
2,397,408
4,570,120
1,326,545
1,425,791

201407101501(201407101501)
1,230,172
2,397,408
4,570,120
1,326,545
1,425,791

201407101502(201407101502)
1,230,172
2,397,408
4,570,120
1,326,774
1,425,791

201407101509(201407101509)
1,231,176
2,397,408
4,570,120
1,329,193
1,428,106

201407101510(201407101510)
1,231,176
2,397,408
4,570,120
1,329,193
1,428,106

201407101511(201407101511)
1,231,176
2,397,408
4,570,120
1,329,193
1,428,106

201407101512(201407101512)
1,231,176
2,397,408
4,570,120
1,329,193
1,428,534

201407101519(201407101519)
1,231,916
2,397,408
4,570,120
1,329,193
1,428,534

201407101520(201407101520)
1,231,916
2,397,408
4,570,120
1,329,193
1,428,534

201407101521(201407101521)
1,231,916
2,397,408
4,570,120
1,329,193
1,428,534

201407101522(201407101522)
1,231,916
2,397,408
4,570,120
1,329,193
1,428,534

201407101529(201407101529)
1,231,916
2,397,408
4,570,120
1,329,193
1,428,534

201407101530(201407101530)
1,231,916
2,397,408
4,570,120
1,329,193
1,428,534

201407101531(201407101531)
1,231,916
2,397,408
4,570,120
1,329,808
1,428,534

201407101532(201407101532)
1,231,916
2,397,408
4,570,120
1,330,776
1,428,534

201407101539(201407101539)
1,231,916
2,397,408
4,570,120
1,330,776
1,429,781

201407101540(201407101540)
1,231,916
2,397,408
4,570,120
1,330,776
1,429,781

201407101541(201407101541)
1,231,916
2,397,408
4,570,120
1,330,776
1,429,781

201407101542(201407101542)
1,231,916
2,397,408
4,570,120
1,330,776
1,429,781

201407101549(201407101549)
1,232,294
2,397,546
4,570,120
1,335,131
1,430,792

201407101550(201407101550)
1,232,294
2,397,546
4,570,120
1,335,131
1,430,792

201407101551(201407101551)
1,232,294
2,397,546
4,570,120
1,335,131
1,430,792

201407101552(201407101552)
1,232,294
2,397,546
4,570,348
1,335,131
1,430,792

201407101559(201407101559)
1,235,077
2,397,546
4,572,112
1,338,440
1,432,614

201407101600(201407101600)
1,235,266
2,397,546
4,585,956
1,338,440
1,436,549

201407101601(201407101601)
1,236,727
2,397,546
4,595,508
1,338,440
1,436,549

201407101602(201407101602)
1,236,727
2,397,546
4,596,004
1,338,440
1,436,693

201407101609(201407101609)
1,237,333
2,401,752
4,632,621
1,340,431
1,436,710

201407101610(201407101610)
1,237,333
2,401,752
4,632,621
1,340,431
1,436,710

201407101611(201407101611)
1,237,333
2,401,752
4,632,621
1,340,431
1,437,025

201407101612(201407101612)
1,237,333
2,401,752
4,632,621
1,340,431
1,437,025

201407101619(201407101619)
1,238,366
2,401,752
4,632,621
1,340,431
1,437,025

201407101620(201407101620)
1,238,366
2,401,752
4,632,621
1,340,431
1,437,025

201407101621(201407101621)
1,238,366
2,407,052
4,632,621
1,340,431
1,437,025

201407101622(201407101622)
1,238,366
2,411,225
4,632,621
1,340,431
1,437,025

201407101629(201407101629)
1,239,368
2,413,359
4,632,621
1,340,811
1,437,025

201407101630(201407101630)
1,239,368
2,413,359
4,632,621
1,340,811
1,437,025

201407101631(201407101631)
1,239,368
2,413,359
4,632,621
1,340,811
1,437,025

201407101632(201407101632)
1,239,368
2,413,359
4,632,621
1,340,811
1,437,025

201407101639(201407101639)
1,240,563
2,413,359
4,632,621
1,340,811
1,437,025

201407101640(201407101640)
1,240,563
2,413,359
4,632,621
1,340,811
1,437,025

201407101641(201407101641)
1,240,563
2,413,359
4,632,621
1,340,811
1,437,025

201407101642(201407101642)
1,241,755
2,413,359
4,632,621
1,340,811
1,437,025

201407101649(201407101649)
1,243,511
2,414,247
4,632,621
1,342,452
1,438,842

201407101650(201407101650)
1,243,511
2,414,247
4,632,621
1,342,921
1,438,842

201407101651(201407101651)
1,243,511
2,414,247
4,632,621
1,344,563
1,438,842

201407101652(201407101652)
1,243,511
2,414,247
4,632,621
1,344,563
1,438,842

201407101659(201407101659)
1,243,511
2,414,247
4,632,621
1,344,563
1,441,582

201407101700(201407101700)
1,243,511
2,414,247
4,632,621
1,344,563
1,441,582

201407101701(201407101701)
1,243,511
2,414,247
4,632,621
1,344,563
1,441,582

201407101702(201407101702)
1,243,511
2,414,247
4,632,621
1,344,563
1,441,582

