201407131719(201407131719)
1,979,786
3,520,653
6,081,384
2,195,909
2,372,673

201407131720(201407131720)
1,979,786
3,520,653
6,081,384
2,195,909
2,372,673

201407131721(201407131721)
1,982,598
3,520,653
6,081,384
2,195,909
2,373,449

201407131722(201407131722)
1,982,598
3,521,755
6,081,384
2,195,909
2,373,449

201407131729(201407131729)
1,984,812
3,524,787
6,081,384
2,195,909
2,374,953

201407131730(201407131730)
1,985,196
3,524,787
6,081,384
2,195,909
2,374,953

201407131731(201407131731)
1,985,196
3,524,787
6,081,384
2,195,909
2,375,639

201407131732(201407131732)
1,985,196
3,524,787
6,081,384
2,195,909
2,375,639

201407131739(201407131739)
1,991,339
3,524,787
6,081,384
2,196,534
2,375,639

201407131740(201407131740)
1,992,993
3,524,787
6,081,384
2,196,534
2,375,639

201407131741(201407131741)
1,992,993
3,529,623
6,081,384
2,196,534
2,376,155

201407131742(201407131742)
1,992,993
3,533,014
6,081,384
2,196,534
2,376,155

201407131749(201407131749)
1,992,993
3,545,205
6,081,384
2,196,534
2,379,559

201407131750(201407131750)
1,995,185
3,545,205
6,081,384
2,196,534
2,379,559

201407131751(201407131751)
1,995,185
3,548,644
6,081,384
2,196,534
2,379,559

201407131752(201407131752)
1,999,049
3,548,644
6,081,384
2,198,701
2,379,784

201407131759(201407131759)
2,003,278
3,548,764
6,081,384
2,203,915
2,380,536

201407131800(201407131800)
2,003,278
3,548,764
6,081,384
2,203,915
2,380,536

201407131801(201407131801)
2,003,278
3,554,926
6,081,384
2,203,915
2,380,977

201407131802(201407131802)
2,003,278
3,555,178
6,081,384
2,203,994
2,380,977

201407131809(201407131809)
2,008,037
3,566,143
6,081,384
2,205,969
2,384,497

201407131810(201407131810)
2,008,037
3,566,143
6,081,384
2,205,969
2,384,497

201407131811(201407131811)
2,008,037
3,569,040
6,081,384
2,205,969
2,384,497

201407131812(201407131812)
2,008,037
3,571,850
6,081,384
2,205,969
2,384,497

201407131819(201407131819)
2,014,377
3,574,218
6,081,384
2,205,969
2,387,622

201407131820(201407131820)
2,014,377
3,574,218
6,081,384
2,206,676
2,387,654

201407131821(201407131821)
2,014,377
3,574,218
6,081,384
2,206,676
2,387,849

201407131822(201407131822)
2,014,377
3,574,218
6,081,384
2,206,676
2,388,044

201407131829(201407131829)
2,020,865
3,574,403
6,081,384
2,210,150
2,389,273

201407131830(201407131830)
2,020,865
3,586,024
6,081,384
2,210,150
2,389,273

201407131831(201407131831)
2,020,865
3,586,024
6,081,384
2,210,150
2,389,273

201407131832(201407131832)
2,020,865
3,586,024
6,081,384
2,210,150
2,389,273

201407131839(201407131839)
2,024,750
3,586,024
6,081,384
2,215,207
2,391,722

201407131840(201407131840)
2,024,750
3,586,024
6,081,384
2,216,329
2,391,722

201407131841(201407131841)
2,027,109
3,586,024
6,081,384
2,216,329
2,391,722

201407131842(201407131842)
2,027,109
3,586,621
6,081,384
2,216,329
2,391,722

201407131849(201407131849)
2,027,109
3,586,952
6,084,689
2,218,152
2,394,058

201407131850(201407131850)
2,027,109
3,586,952
6,097,733
2,218,267
2,394,058

201407131851(201407131851)
2,027,678
3,586,952
6,097,797
2,218,267
2,394,058

201407131852(201407131852)
2,028,384
3,586,952
6,097,797
2,218,267
2,394,864

201407131859(201407131859)
2,028,410
3,586,952
6,097,797
2,218,267
2,399,792

201407131900(201407131900)
2,028,410
3,586,952
6,097,797
2,218,267
2,399,792

201407131901(201407131901)
2,028,410
3,586,952
6,097,797
2,218,267
2,399,792

201407131902(201407131902)
2,028,410
3,586,952
6,097,797
2,218,267
2,399,792

201407131909(201407131909)
2,028,410
3,586,952
6,097,797
2,222,404
2,403,657

201407131910(201407131910)
2,028,410
3,586,952
6,097,797
2,222,404
2,403,657

201407131911(201407131911)
2,028,410
3,586,952
6,097,797
2,222,404
2,403,657

201407131912(201407131912)
2,028,410
3,590,084
6,097,797
2,222,404
2,403,657

201407131919(201407131919)
2,031,782
3,590,084
6,097,797
2,224,343
2,408,996

201407131920(201407131920)
2,031,971
3,590,084
6,097,797
2,224,343
2,409,482

201407131921(201407131921)
2,032,223
3,593,416
6,097,797
2,226,587
2,409,482

201407131922(201407131922)
2,032,359
3,593,416
6,097,797
2,226,587
2,409,482

201407131929(201407131929)
2,033,534
3,601,757
6,097,797
2,226,707
2,414,803

201407131930(201407131930)
2,033,534
3,602,006
6,097,797
2,227,381
2,414,803

201407131931(201407131931)
2,033,534
3,602,006
6,097,797
2,227,381
2,415,931

201407131932(201407131932)
2,033,534
3,602,006
6,097,797
2,227,381
2,415,931

201407131939(201407131939)
2,033,764
3,611,177
6,105,768
2,228,614
2,416,030

201407131940(201407131940)
2,033,764
3,611,177
6,105,768
2,228,614
2,416,030

201407131941(201407131941)
2,033,764
3,611,177
6,109,183
2,228,614
2,416,030

201407131942(201407131942)
2,033,764
3,612,323
6,109,183
2,228,614
2,418,451

201407131949(201407131949)
2,036,332
3,613,374
6,109,183
2,228,614
2,423,040

201407131950(201407131950)
2,036,332
3,613,374
6,109,183
2,228,614
2,423,040

201407131951(201407131951)
2,036,512
3,613,374
6,109,183
2,228,614
2,423,040

201407131952(201407131952)
2,036,512
3,613,374
6,109,183
2,231,500
2,423,040

201407131959(201407131959)
2,038,397
3,616,233
6,109,183
2,239,882
2,425,355

201407132000(201407132000)
2,038,397
3,616,233
6,109,183
2,239,882
2,425,355

201407132001(201407132001)
2,038,397
3,616,233
6,109,183
2,241,283
2,425,355

201407132002(201407132002)
2,038,397
3,616,233
6,109,183
2,241,283
2,425,777

201407132009(201407132009)
2,039,428
3,620,468
6,109,183
2,244,431
2,429,061

201407132010(201407132010)
2,039,428
3,620,468
6,109,183
2,245,322
2,429,061

201407132011(201407132011)
2,039,428
3,620,468
6,109,183
2,245,322
2,429,061

201407132012(201407132012)
2,039,428
3,620,468
6,109,183
2,245,322
2,429,061

201407132019(201407132019)
2,040,682
3,629,186
6,109,183
2,248,170
2,432,965

201407132020(201407132020)
2,040,682
3,629,186
6,109,183
2,248,376
2,434,479

201407132021(201407132021)
2,041,235
3,631,808
6,109,183
2,249,898
2,436,076

201407132022(201407132022)
2,043,671
3,631,808
6,109,183
2,249,898
2,436,076

201407132029(201407132029)
2,044,720
3,631,808
6,109,183
2,260,401
2,440,886

201407132030(201407132030)
2,044,720
3,631,808
6,109,183
2,260,401
2,440,886

201407132031(201407132031)
2,044,868
3,631,808
6,109,183
2,260,401
2,440,886

201407132032(201407132032)
2,047,523
3,631,808
6,109,183
2,260,401
2,440,886

201407132039(201407132039)
2,048,713
3,645,207
6,109,183
2,269,697
2,441,860

201407132040(201407132040)
2,048,713
3,645,207
6,109,369
2,269,697
2,442,829

201407132041(201407132041)
2,048,713
3,645,207
6,109,369
2,269,697
2,442,829

201407132042(201407132042)
2,048,713
3,645,207
6,109,369
2,269,697
2,442,829

201407132049(201407132049)
2,050,404
3,645,207
6,109,369
2,269,899
2,444,290

201407132050(201407132050)
2,050,404
3,645,207
6,109,369
2,269,899
2,444,574

201407132051(201407132051)
2,050,404
3,645,207
6,109,369
2,269,899
2,446,265

201407132052(201407132052)
2,050,404
3,645,207
6,109,369
2,269,899
2,446,265

201407132059(201407132059)
2,058,304
3,648,890
6,109,369
2,273,436
2,450,566

201407132100(201407132100)
2,058,304
3,648,890
6,109,369
2,273,746
2,450,566

201407132101(201407132101)
2,058,304
3,648,890
6,109,369
2,276,486
2,450,566

201407132102(201407132102)
2,058,304
3,648,890
6,109,369
2,276,486
2,450,566

201407132109(201407132109)
2,060,433
3,660,712
6,109,369
2,282,432
2,450,853

201407132110(201407132110)
2,060,433
3,660,712
6,109,369
2,282,432
2,450,853

201407132111(201407132111)
2,060,433
3,660,712
6,109,369
2,282,764
2,450,853

201407132112(201407132112)
2,060,433
3,660,712
6,109,369
2,283,819
2,450,893

201407132119(201407132119)
2,067,492
3,664,575
6,109,369
2,287,081
2,452,281

201407132120(201407132120)
2,068,504
3,664,575
6,109,369
2,287,249
2,458,765

201407132121(201407132121)
2,068,804
3,664,575
6,109,369
2,287,473
2,463,262

201407132122(201407132122)
2,069,879
3,665,026
6,109,369
2,290,457
2,463,454

201407132129(201407132129)
2,069,879
3,672,309
6,109,369
2,292,778
2,470,124

201407132130(201407132130)
2,069,879
3,672,309
6,109,369
2,292,778
2,470,124

201407132131(201407132131)
2,069,879
3,674,187
6,109,369
2,292,778
2,470,124

201407132132(201407132132)
2,069,879
3,674,187
6,109,369
2,292,778
2,470,124

201407132139(201407132139)
2,071,289
3,678,941
6,109,369
2,293,105
2,471,320

201407132140(201407132140)
2,071,289
3,678,941
6,109,369
2,293,105
2,471,320

201407132141(201407132141)
2,071,289
3,678,941
6,109,369
2,293,105
2,471,320

201407132142(201407132142)
2,076,112
3,678,941
6,109,369
2,293,105
2,471,320

201407132149(201407132149)
2,078,422
3,678,941
6,109,369
2,295,889
2,474,826

201407132150(201407132150)
2,078,422
3,678,941
6,109,369
2,297,407
2,474,826

201407132151(201407132151)
2,078,422
3,678,941
6,109,369
2,297,407
2,474,826

201407132152(201407132152)
2,079,093
3,678,941
6,109,369
2,297,407
2,474,987

201407132159(201407132159)
2,081,866
3,678,941
6,109,369
2,303,538
2,479,024

201407132200(201407132200)
2,081,866
3,684,515
6,109,369
2,304,636
2,479,024

201407132201(201407132201)
2,081,866
3,684,515
6,109,369
2,304,636
2,479,024

201407132202(201407132202)
2,083,693
3,684,515
6,109,369
2,310,158
2,479,024

201407132209(201407132209)
2,087,712
3,684,515
6,128,479
2,310,353
2,480,663

201407132210(201407132210)
2,087,712
3,684,515
6,128,948
2,310,353
2,480,663

201407132211(201407132211)
2,087,712
3,684,515
6,143,665
2,310,353
2,480,663

201407132212(201407132212)
2,090,476
3,684,515
6,154,384
2,310,857
2,480,663

201407132219(201407132219)
2,094,002
3,686,549
6,184,907
2,325,516
2,490,570

201407132220(201407132220)
2,094,002
3,686,549
6,192,311
2,325,516
2,490,570

201407132221(201407132221)
2,094,002
3,686,549
6,196,182
2,325,516
2,496,500

201407132222(201407132222)
2,098,401
3,686,549
6,197,385
2,325,516
2,496,500

201407132229(201407132229)
2,106,984
3,692,708
6,197,385
2,340,933
2,499,509

201407132230(201407132230)
2,106,984
3,693,097
6,197,385
2,340,933
2,501,172

201407132231(201407132231)
2,106,984
3,693,097
6,197,385
2,340,933
2,501,172

201407132232(201407132232)
2,106,984
3,693,755
6,197,385
2,340,933
2,505,850

201407132239(201407132239)
2,115,629
3,696,252
6,263,962
2,342,454
2,513,644

201407132240(201407132240)
2,115,629
3,696,252
6,263,962
2,342,454
2,513,644

201407132241(201407132241)
2,115,629
3,697,551
6,263,962
2,342,454
2,514,263

201407132242(201407132242)
2,115,629
3,697,551
6,263,962
2,342,454
2,516,101

201407132249(201407132249)
2,115,629
3,703,976
6,263,962
2,343,522
2,521,532

201407132250(201407132250)
2,121,794
3,706,399
6,263,962
2,343,522
2,521,532

201407132251(201407132251)
2,121,794
3,706,399
6,263,962
2,343,564
2,524,956

201407132252(201407132252)
2,121,794
3,706,399
6,263,962
2,343,564
2,525,206

201407132259(201407132259)
2,121,794
3,731,416
6,263,962
2,349,912
2,529,519

201407132300(201407132300)
2,121,794
3,733,365
6,263,962
2,349,912
2,529,519

201407132301(201407132301)
2,121,794
3,733,365
6,263,962
2,349,912
2,529,519

201407132302(201407132302)
2,121,794
3,733,365
6,263,962
2,351,111
2,529,519

201407132309(201407132309)
2,127,126
3,744,846
6,263,962
2,356,760
2,537,678

201407132310(201407132310)
2,127,126
3,748,559
6,263,962
2,356,760
2,537,678

201407132311(201407132311)
2,127,126
3,748,559
6,263,962
2,356,760
2,539,256

201407132312(201407132312)
2,130,121
3,757,446
6,263,962
2,356,760
2,540,495

201407132319(201407132319)
2,138,901
3,761,058
6,277,438
2,356,821
2,544,195

201407132320(201407132320)
2,138,901
3,764,064
6,285,764
2,356,821
2,546,000

201407132321(201407132321)
2,138,901
3,764,902
6,285,837
2,356,821
2,546,367

201407132322(201407132322)
2,140,030
3,766,333
6,285,837
2,356,821
2,546,367

201407132329(201407132329)
2,146,767
3,772,244
6,285,837
2,356,868
2,552,672

201407132330(201407132330)
2,146,767
3,774,926
6,285,837
2,356,923
2,552,753

201407132331(201407132331)
2,146,767
3,774,926
6,285,837
2,359,799
2,557,521

201407132332(201407132332)
2,146,767
3,774,926
6,285,837
2,360,019
2,557,521

201407132339(201407132339)
2,150,324
3,784,479
6,285,837
2,372,462
2,561,195

201407132340(201407132340)
2,150,443
3,784,479
6,285,837
2,374,599
2,561,195

201407132341(201407132341)
2,150,963
3,784,479
6,285,837
2,375,823
2,561,195

201407132342(201407132342)
2,151,018
3,787,038
6,285,837
2,376,311
2,564,791

201407132349(201407132349)
2,153,183
3,793,935
6,285,837
2,379,784
2,577,031

201407132350(201407132350)
2,153,183
3,797,747
6,285,837
2,380,038
2,577,031

201407132351(201407132351)
2,153,183
3,802,127
6,285,837
2,380,038
2,577,031

201407132352(201407132352)
2,153,183
3,802,127
6,285,837
2,380,038
2,577,228

201407132359(201407132359)
2,153,183
3,818,933
6,291,066
2,381,444
2,584,007

201407140000(201407140000)
2,153,183
3,825,902
6,309,119
2,381,444
2,584,007

201407140001(201407140001)
2,153,183
3,825,902
6,309,119
2,385,771
2,584,007

201407140002(201407140002)
2,153,183
3,825,902
6,309,119
2,386,161
2,584,007

201407140009(201407140009)
2,158,652
3,825,902
6,309,119
2,386,849
2,602,430

201407140010(201407140010)
2,159,228
3,825,902
6,309,119
2,386,849
2,602,430

201407140011(201407140011)
2,159,878
3,825,902
6,309,119
2,386,849
2,604,746

201407140012(201407140012)
2,161,638
3,825,902
6,309,119
2,386,849
2,605,763

201407140019(201407140019)
2,161,638
3,834,295
6,310,084
2,386,849
2,605,763

201407140020(201407140020)
2,161,638
3,834,295
6,310,084
2,386,849
2,605,763

201407140021(201407140021)
2,161,638
3,834,295
6,310,084
2,386,849
2,605,763

201407140022(201407140022)
2,161,638
3,834,295
6,310,084
2,386,849
2,605,763

201407140029(201407140029)
2,163,283
3,834,391
6,310,084
2,387,622
2,605,763

201407140030(201407140030)
2,163,283
3,834,391
6,310,084
2,387,622
2,609,696

201407140031(201407140031)
2,163,283
3,834,391
6,310,084
2,387,622
2,609,944

201407140032(201407140032)
2,163,283
3,834,391
6,310,084
2,387,622
2,610,192

201407140039(201407140039)
2,163,283
3,834,391
6,310,084
2,390,417
2,615,944

201407140040(201407140040)
2,163,283
3,834,391
6,310,084
2,390,573
2,615,944

201407140041(201407140041)
2,163,283
3,834,391
6,310,084
2,390,625
2,615,944

201407140042(201407140042)
2,163,283
3,834,391
6,310,084
2,390,625
2,615,944

201407140049(201407140049)
2,164,712
3,835,258
6,310,084
2,393,019
2,616,628

201407140050(201407140050)
2,164,712
3,835,258
6,310,084
2,393,414
2,617,116

201407140051(201407140051)
2,166,791
3,835,258
6,310,084
2,393,414
2,617,116

201407140052(201407140052)
2,166,791
3,835,258
6,310,084
2,393,414
2,621,153

201407140059(201407140059)
2,172,362
3,835,258
6,310,084
2,393,926
2,621,518

201407140100(201407140100)
2,172,362
3,835,258
6,310,084
2,393,926
2,621,518

201407140101(201407140101)
2,172,362
3,835,489
6,310,084
2,393,926
2,621,518

201407140102(201407140102)
2,172,362
3,835,489
6,310,084
2,393,926
2,621,518

201407140109(201407140109)
2,176,612
3,836,631
6,310,084
2,393,926
2,621,518

201407140110(201407140110)
2,176,612
3,836,631
6,310,084
2,393,926
2,621,518

201407140111(201407140111)
2,176,612
3,836,631
6,310,084
2,393,926
2,621,518

201407140112(201407140112)
2,176,612
3,836,631
6,310,084
2,393,926
2,622,044

201407140119(201407140119)
2,176,612
3,839,089
6,310,084
2,397,401
2,622,044

201407140120(201407140120)
2,179,190
3,839,089
6,310,084
2,397,401
2,622,044

201407140121(201407140121)
2,179,190
3,839,089
6,310,084
2,397,401
2,622,044

201407140122(201407140122)
2,179,190
3,839,089
6,310,084
2,397,401
2,622,044

201407140129(201407140129)
2,183,519
3,839,089
6,310,084
2,402,740
2,622,044

201407140130(201407140130)
2,184,303
3,839,089
6,310,084
2,402,740
2,622,044

201407140131(201407140131)
2,184,303
3,839,089
6,310,084
2,402,740
2,622,044

201407140132(201407140132)
2,186,272
3,839,089
6,310,084
2,402,740
2,622,044

201407140139(201407140139)
2,186,272
3,839,089
6,310,084
2,410,314
2,627,399

201407140140(201407140140)
2,186,366
3,839,089
6,310,084
2,410,314
2,627,399

201407140141(201407140141)
2,186,366
3,839,089
6,310,084
2,410,314
2,627,399

201407140142(201407140142)
2,186,366
3,839,089
6,310,084
2,410,314
2,627,399

201407140149(201407140149)
2,193,735
3,839,089
6,310,084
2,418,786
2,629,363

201407140150(201407140150)
2,193,735
3,839,089
6,310,084
2,418,786
2,629,363

201407140151(201407140151)
2,193,735
3,839,089
6,310,084
2,418,786
2,629,363

201407140152(201407140152)
2,193,801
3,839,089
6,310,084
2,418,786
2,629,363

201407140159(201407140159)
2,207,165
3,840,574
6,310,084
2,418,928
2,629,363

201407140200(201407140200)
2,207,165
3,840,574
6,310,084
2,418,928
2,629,363

201407140201(201407140201)
2,207,165
3,840,574
6,310,084
2,423,030
2,631,729

201407140202(201407140202)
2,210,366
3,840,574
6,310,084
2,424,084
2,631,729

201407140209(201407140209)
2,211,608
3,840,574
6,310,084
2,440,920
2,639,388

201407140210(201407140210)
2,211,608
3,840,574
6,310,084
2,440,920
2,639,388

201407140211(201407140211)
2,211,608
3,840,574
6,310,084
2,440,920
2,639,388

201407140212(201407140212)
2,211,608
3,840,574
6,310,084
2,440,920
2,639,388

201407140219(201407140219)
2,211,608
3,840,574
6,310,084
2,442,476
2,640,605

201407140220(201407140220)
2,211,608
3,840,574
6,310,084
2,442,829
2,640,605

201407140221(201407140221)
2,211,608
3,840,574
6,310,084
2,442,829
2,641,302

201407140222(201407140222)
2,211,608
3,840,574
6,310,084
2,442,829
2,641,302

201407140229(201407140229)
2,211,608
3,841,648
6,310,084
2,442,829
2,643,610

201407140230(201407140230)
2,211,608
3,841,648
6,310,084
2,442,829
2,643,610

201407140231(201407140231)
2,211,608
3,841,648
6,310,084
2,442,829
2,644,416

201407140232(201407140232)
2,211,608
3,841,648
6,310,084
2,442,829
2,644,416

201407140239(201407140239)
2,211,608
3,841,648
6,310,084
2,442,829
2,644,416

201407140240(201407140240)
2,212,052
3,841,648
6,310,084
2,442,829
2,644,416

201407140241(201407140241)
2,212,052
3,841,648
6,310,084
2,442,829
2,644,416

201407140242(201407140242)
2,212,052
3,841,648
6,310,084
2,446,171
2,644,416

201407140249(201407140249)
2,213,855
3,844,405
6,334,678
2,446,171
2,644,416

201407140250(201407140250)
2,213,855
3,855,645
6,334,678
2,446,171
2,644,416

201407140251(201407140251)
2,213,855
3,855,645
6,334,678
2,446,171
2,644,416

201407140252(201407140252)
2,214,612
3,855,645
6,334,678
2,448,223
2,644,416

201407140259(201407140259)
2,216,545
3,855,645
6,334,678
2,448,639
2,645,027

201407140300(201407140300)
2,216,545
3,855,645
6,334,678
2,448,639
2,645,282

201407140301(201407140301)
2,216,545
3,855,645
6,334,678
2,448,639
2,645,282

201407140302(201407140302)
2,216,545
3,855,645
6,334,678
2,448,639
2,645,282

201407140309(201407140309)
2,216,545
3,856,025
6,334,678
2,449,997
2,645,755

201407140310(201407140310)
2,216,545
3,856,025
6,334,678
2,449,997
2,645,755

201407140311(201407140311)
2,216,545
3,856,025
6,334,678
2,449,997
2,645,755

201407140312(201407140312)
2,216,545
3,856,025
6,334,678
2,449,997
2,645,755

201407140319(201407140319)
2,217,139
3,856,025
6,334,678
2,449,997
2,649,257

201407140320(201407140320)
2,217,139
3,856,025
6,334,678
2,449,997
2,649,257

201407140321(201407140321)
2,217,139
3,856,025
6,334,678
2,449,997
2,649,257

201407140322(201407140322)
2,221,889
3,856,025
6,334,678
2,449,997
2,649,257

201407140329(201407140329)
2,221,889
3,856,025
6,334,678
2,449,997
2,650,038

201407140330(201407140330)
2,221,889
3,856,025
6,334,678
2,449,997
2,650,038

201407140331(201407140331)
2,221,889
3,856,025
6,334,678
2,449,997
2,650,038

201407140332(201407140332)
2,221,889
3,865,804
6,334,678
2,449,997
2,650,038

201407140339(201407140339)
2,221,889
3,868,127
6,334,678
2,450,893
2,650,038

201407140340(201407140340)
2,221,889
3,868,127
6,334,678
2,450,893
2,650,038

201407140341(201407140341)
2,221,889
3,868,127
6,334,678
2,450,893
2,650,038

201407140342(201407140342)
2,221,889
3,868,127
6,334,678
2,450,893
2,650,038

201407140349(201407140349)
2,221,889
3,869,309
6,334,678
2,450,893
2,650,038

201407140350(201407140350)
2,221,889
3,869,309
6,334,678
2,450,893
2,650,127

201407140351(201407140351)
2,221,889
3,869,309
6,334,678
2,450,893
2,650,127

201407140352(201407140352)
2,221,889
3,869,309
6,334,678
2,450,893
2,650,127

201407140359(201407140359)
2,221,889
3,870,400
6,334,678
2,451,566
2,650,943

201407140400(201407140400)
2,221,889
3,870,400
6,334,678
2,451,566
2,650,943

201407140401(201407140401)
2,221,889
3,870,400
6,334,678
2,451,566
2,650,943

201407140402(201407140402)
2,221,889
3,870,400
6,334,678
2,451,566
2,650,943

201407140409(201407140409)
2,222,107
3,885,184
6,334,678
2,451,566
2,651,871

201407140410(201407140410)
2,222,107
3,885,184
6,334,678
2,451,566
2,651,871

201407140411(201407140411)
2,222,107
3,885,184
6,334,678
2,451,566
2,651,871

201407140412(201407140412)
2,222,107
3,885,184
6,334,678
2,451,566
2,651,871

201407140419(201407140419)
2,222,107
3,885,184
6,334,678
2,452,634
2,652,824

201407140420(201407140420)
2,222,107
3,885,184
6,334,678
2,452,742
2,653,533

201407140421(201407140421)
2,222,107
3,885,184
6,334,678
2,452,850
2,653,533

201407140422(201407140422)
2,222,107
3,885,184
6,334,678
2,452,958
2,653,533

201407140429(201407140429)
2,222,107
3,888,672
6,334,678
2,458,765
2,653,557

201407140430(201407140430)
2,222,107
3,888,672
6,334,678
2,458,765
2,653,557

201407140431(201407140431)
2,222,107
3,888,672
6,334,678
2,458,765
2,653,557

201407140432(201407140432)
2,222,107
3,888,672
6,334,678
2,458,765
2,653,557

201407140439(201407140439)
2,222,107
3,888,672
6,334,678
2,458,765
2,653,557

201407140440(201407140440)
2,222,107
3,888,672
6,334,678
2,458,765
2,653,557

201407140441(201407140441)
2,222,107
3,888,858
6,334,678
2,458,765
2,653,557

201407140442(201407140442)
2,222,107
3,888,858
6,334,678
2,458,765
2,653,557

201407140449(201407140449)
2,222,923
3,888,858
6,334,678
2,458,765
2,654,604

201407140450(201407140450)
2,222,923
3,888,858
6,334,678
2,458,765
2,654,604

201407140451(201407140451)
2,222,923
3,888,982
6,334,678
2,458,765
2,654,604

201407140452(201407140452)
2,222,923
3,892,302
6,334,678
2,458,765
2,654,604

201407140459(201407140459)
2,222,970
3,895,189
6,334,678
2,458,765
2,654,640

201407140500(201407140500)
2,222,970
3,895,189
6,334,678
2,458,765
2,654,640

201407140501(201407140501)
2,222,970
3,895,189
6,334,678
2,458,765
2,654,640

201407140502(201407140502)
2,223,090
3,895,189
6,334,678
2,458,765
2,654,640

201407140509(201407140509)
2,223,090
3,895,189
6,334,678
2,461,181
2,656,302

201407140510(201407140510)
2,223,090
3,895,189
6,334,678
2,461,181
2,656,302

201407140511(201407140511)
2,223,090
3,895,189
6,334,678
2,461,181
2,656,302

201407140512(201407140512)
2,223,090
3,895,189
6,334,678
2,461,181
2,656,302

201407140519(201407140519)
2,223,090
3,895,189
6,334,678
2,463,697
2,656,302

201407140520(201407140520)
2,223,090
3,895,189
6,334,678
2,463,697
2,656,302

201407140521(201407140521)
2,223,090
3,895,189
6,334,678
2,463,697
2,656,302

201407140522(201407140522)
2,223,090
3,895,189
6,334,678
2,463,697
2,656,302

201407140529(201407140529)
2,223,090
3,899,694
6,334,678
2,463,697
2,657,784

201407140530(201407140530)
2,223,090
3,899,694
6,334,678
2,463,697
2,657,784

201407140531(201407140531)
2,223,090
3,899,694
6,353,836
2,463,697
2,657,784

201407140532(201407140532)
2,223,090
3,899,694
6,353,836
2,463,697
2,657,784

201407140539(201407140539)
2,223,090
3,899,694
6,353,836
2,468,001
2,659,838

201407140540(201407140540)
2,223,090
3,899,694
6,353,836
2,468,001
2,659,838

201407140541(201407140541)
2,224,363
3,899,694
6,353,836
2,468,001
2,659,838

201407140542(201407140542)
2,224,531
3,901,697
6,353,836
2,468,001
2,659,838

201407140549(201407140549)
2,227,183
3,901,697
6,353,836
2,468,001
2,674,242

201407140550(201407140550)
2,227,183
3,901,697
6,353,836
2,468,001
2,674,242

201407140551(201407140551)
2,227,183
3,901,697
6,353,836
2,468,001
2,674,242

201407140552(201407140552)
2,227,183
3,901,697
6,353,836
2,468,001
2,674,242

201407140559(201407140559)
2,227,183
3,901,697
6,362,037
2,468,001
2,674,242

201407140600(201407140600)
2,227,183
3,901,697
6,369,627
2,468,001
2,674,242

201407140601(201407140601)
2,227,183
3,901,697
6,373,319
2,468,001
2,674,242

201407140602(201407140602)
2,227,183
3,901,697
6,388,305
2,468,001
2,674,242

201407140609(201407140609)
2,227,183
3,901,697
6,388,305
2,468,001
2,674,329

201407140610(201407140610)
2,227,183
3,901,697
6,388,305
2,468,001
2,674,329

201407140611(201407140611)
2,227,183
3,901,697
6,388,305
2,468,001
2,674,329

201407140612(201407140612)
2,227,894
3,901,697
6,388,305
2,468,001
2,674,329

201407140619(201407140619)
2,227,894
3,901,697
6,388,305
2,468,001
2,674,874

201407140620(201407140620)
2,227,894
3,901,697
6,388,305
2,468,001
2,675,251

201407140621(201407140621)
2,227,894
3,901,697
6,388,305
2,468,271
2,675,251

201407140622(201407140622)
2,227,894
3,901,697
6,388,305
2,468,487
2,678,314

201407140629(201407140629)
2,232,024
3,902,162
6,388,305
2,471,425
2,681,773

201407140630(201407140630)
2,232,024
3,902,162
6,388,305
2,471,425
2,681,773

201407140631(201407140631)
2,233,065
3,902,162
6,388,305
2,472,160
2,681,773

201407140632(201407140632)
2,236,429
3,902,214
6,388,305
2,472,160
2,681,773

201407140639(201407140639)
2,240,265
3,902,214
6,388,305
2,473,481
2,687,697

201407140640(201407140640)
2,240,265
3,902,214
6,388,305
2,473,481
2,694,103

201407140641(201407140641)
2,240,265
3,902,214
6,388,305
2,473,481
2,694,103

201407140642(201407140642)
2,240,265
3,902,214
6,388,305
2,473,481
2,694,103

201407140649(201407140649)
2,241,501
3,902,214
6,388,305
2,473,481
2,694,103

201407140650(201407140650)
2,241,501
3,902,214
6,388,305
2,473,481
2,694,103

201407140651(201407140651)
2,241,501
3,902,214
6,388,305
2,473,481
2,694,103

201407140652(201407140652)
2,241,501
3,902,214
6,388,305
2,473,481
2,694,103

201407140659(201407140659)
2,242,479
3,903,030
6,408,870
2,474,378
2,696,052

201407140700(201407140700)
2,242,479
3,903,030
6,408,870
2,474,378
2,703,053

201407140701(201407140701)
2,242,479
3,903,030
6,408,870
2,474,378
2,703,053

201407140702(201407140702)
2,242,479
3,903,030
6,408,870
2,474,378
2,703,053

201407140709(201407140709)
2,242,514
3,903,030
6,408,870
2,478,552
2,703,053

201407140710(201407140710)
2,242,514
3,903,030
6,408,870
2,478,552
2,703,053

201407140711(201407140711)
2,242,514
3,903,030
6,408,870
2,483,043
2,703,053

201407140712(201407140712)
2,244,474
3,903,030
6,408,870
2,483,043
2,703,053

201407140719(201407140719)
2,244,474
3,905,135
6,408,870
2,484,320
2,703,733

201407140720(201407140720)
2,244,474
3,905,135
6,408,870
2,484,320
2,703,733

201407140721(201407140721)
2,244,474
3,905,135
6,408,870
2,484,320
2,705,202

201407140722(201407140722)
2,248,628
3,905,135
6,408,870
2,485,658
2,705,202

201407140729(201407140729)
2,250,154
3,906,717
6,408,870
2,485,658
2,706,862

201407140730(201407140730)
2,250,154
3,906,717
6,408,870
2,485,658
2,706,862

201407140731(201407140731)
2,250,154
3,906,717
6,408,870
2,485,658
2,706,862

201407140732(201407140732)
2,250,154
3,906,717
6,408,870
2,485,658
2,706,862

201407140739(201407140739)
2,250,154
3,906,717
6,408,870
2,485,658
2,711,333

201407140740(201407140740)
2,250,154
3,906,717
6,408,870
2,485,658
2,711,333

201407140741(201407140741)
2,250,154
3,906,717
6,408,870
2,485,658
2,711,333

201407140742(201407140742)
2,250,154
3,906,717
6,408,870
2,485,658
2,711,333

201407140749(201407140749)
2,250,154
3,911,651
6,408,870
2,488,632
2,714,106

201407140750(201407140750)
2,250,154
3,911,651
6,408,870
2,489,727
2,714,106

201407140751(201407140751)
2,250,154
3,911,651
6,408,870
2,489,727
2,714,106

201407140752(201407140752)
2,250,154
3,911,651
6,408,870
2,489,727
2,714,106

201407140759(201407140759)
2,250,154
3,911,651
6,408,870
2,489,727
2,717,284

201407140800(201407140800)
2,250,154
3,911,651
6,408,870
2,489,727
2,717,284

201407140801(201407140801)
2,250,154
3,911,651
6,408,870
2,489,727
2,717,284

201407140802(201407140802)
2,250,154
3,911,651
6,408,870
2,489,727
2,717,284

201407140809(201407140809)
2,255,525
3,918,425
6,408,870
2,493,201
2,718,887

201407140810(201407140810)
2,255,525
3,918,425
6,408,870
2,493,201
2,718,887

201407140811(201407140811)
2,255,525
3,922,617
6,408,870
2,493,219
2,718,887

201407140812(201407140812)
2,255,525
3,922,617
6,408,870
2,493,219
2,718,887

201407140819(201407140819)
2,255,525
3,922,617
6,408,870
2,501,252
2,718,887

201407140820(201407140820)
2,257,453
3,922,617
6,408,870
2,501,252
2,718,887

201407140821(201407140821)
2,257,453
3,922,617
6,408,870
2,501,252
2,719,821

201407140822(201407140822)
2,257,453
3,922,617
6,408,870
2,501,252
2,719,821

201407140829(201407140829)
2,257,453
3,922,617
6,408,870
2,503,306
2,720,677

201407140830(201407140830)
2,257,453
3,922,617
6,408,870
2,503,306
2,720,677

201407140831(201407140831)
2,257,453
3,922,617
6,408,870
2,503,306
2,720,731

201407140832(201407140832)
2,257,453
3,922,617
6,408,870
2,508,526
2,720,785

201407140839(201407140839)
2,268,395
3,922,617
6,408,870
2,508,526
2,723,005

201407140840(201407140840)
2,268,395
3,922,617
6,408,870
2,508,526
2,723,005

201407140841(201407140841)
2,268,395
3,922,617
6,408,870
2,508,526
2,723,005

201407140842(201407140842)
2,268,395
3,922,617
6,408,870
2,508,526
2,723,005

