201611221651(201611221651)
21,311,285
3,693,053
764,582
650,298
1,103,202
160,526,061
57,108,373
56,735,376
43,808,044

201611221650(201611221650)
21,288,293
3,662,242
761,881
650,273
1,099,005
160,526,061
57,108,373
56,735,376
43,808,044

201611221649(201611221649)
21,288,293
3,662,242
761,799
650,273
1,099,005
160,526,061
57,108,373
56,735,376
43,808,044

201611221648(201611221648)
21,288,293
3,645,261
759,273
643,700
1,088,487
160,526,061
57,108,373
56,735,376
43,808,044

201611221646(201611221646)
21,288,293
3,625,203
745,077
635,499
1,077,878
153,843,370
57,108,373
56,735,376
43,808,044

201611221645(201611221645)
21,288,273
3,601,041
742,949
634,629
1,064,301
153,843,370
57,108,373
56,735,376
43,808,044

201611221643(201611221643)
21,080,440
3,564,963
736,906
629,592
1,044,811
152,444,772
57,108,373
56,735,376
43,808,044

201611221641(201611221641)
20,827,424
3,564,963
731,920
622,959
1,031,922
151,009,006
57,108,373
56,735,376
43,808,044

201611221640(201611221640)
20,827,424
3,564,963
725,264
615,528
1,029,839
151,008,866
57,108,373
56,735,376
43,808,044

201611221639(201611221639)
20,827,424
3,560,281
725,133
612,809
1,019,927
151,008,746
57,108,373
56,735,376
43,192,943

201611221638(201611221638)
20,827,424
3,560,281
723,288
611,819
1,019,927
151,008,706
57,108,373
56,735,376
43,192,943

201611221636(201611221636)
20,174,874
3,517,318
718,929
611,489
1,013,531
149,572,740
57,108,373
56,735,376
43,192,943

201611221635(201611221635)
20,174,874
3,503,181
718,929
611,489
1,012,525
149,572,670
57,108,373
56,735,376
43,192,923

201611221633(201611221633)
19,816,754
3,484,026
708,558
598,398
1,000,266
148,854,797
56,830,614
56,735,376
43,192,853

201611221631(201611221631)
19,499,570
3,461,281
700,407
590,790
991,157
140,078,128
56,830,614
56,735,376
43,192,853

201611221630(201611221630)
19,382,980
3,417,836
697,615
586,588
987,027
140,078,128
56,830,614
56,735,376
42,417,288

201611221629(201611221629)
19,051,673
3,388,893
695,784
583,119
981,667
134,794,536
56,830,614
56,735,376
42,417,288

201611221628(201611221628)
18,895,065
3,380,594
691,167
581,348
968,974
134,717,136
56,830,614
56,735,376
42,417,288

201611221626(201611221626)
18,581,762
3,290,298
679,666
568,899
937,401
134,639,736
56,735,376
56,638,932
42,417,288

201611221625(201611221625)
18,581,762
3,257,496
671,802
566,916
929,102
134,639,736
56,735,376
56,638,932
42,417,288

201611221623(201611221623)
18,543,716
3,236,251
662,325
561,037
916,746
134,460,894
56,735,376
56,376,580
42,416,528








































































































































































































































































