201403151402(201403151350)
396744
637944
1553072
417348
447640

201403151418(201403151410)
396744
637944
1553072
417348
447640

201403151438(201403151430)
398198
638899
1564248
418927
452021

201403151458(201403151450)
400545
641878
1573984
421964
453469

201403151518(201403151510)
401943
645173
1599184
424197
456552

201403151538(201403151530)
404998
656028
1609011
427199
458829

201403151558(201403151550)
406568
660498
1625536
428196
461010

201403151618(201403151610)
408026
662838
1650602
431464
462865

201403151638(201403151630)
409320
665483
1650602
433257
466521

201403151658(201403151650)
410736
667131
1683429
435430
470024

201403151718(201403151710)
412352
673683
1683429
437439
472280

201403151738(201403151730)
415309
682150
1683429
441758
473426

201403151758(201403151750)
415309
684981
1716887
445238
475193

201403151818(201403151810)
419295
692007
1717812
448363
477766

201403151838(201403151830)
420737
695885
1717812
449503
480648

201403151858(201403151850)
422809
697835
1717812
451967
483317

201403151918(201403151910)
423384
698207
1717812
453807
484879

201403151938(201403151930)
425469
701917
1737970
454643
486394

201403151958(201403151950)
426475
707881
1737970
456672
488749

201403152018(201403152010)
428658
708243
1753083
458138
489809

201403152038(201403152030)
430362
713175
1753083
461064
491561

201403152058(201403152050)
434421
714511
1793217
464912
496549

201403152118(201403152110)
436503
715123
1797469
468454
497531

201403152138(201403152130)
437103
717106
1808005
469803
500010

201403152158(201403152150)
438013
719218
1823848
472907
501503

201403152218(201403152210)
440801
723118
1841693
475159
503253

201403152238(201403152230)
445502
726627
1842853
478311
505537

201403152258(201403152250)
449229
733656
1868772
480455
509023

201403152318(201403152310)
450281
737160
1894998
482411
511269

201403152338(201403152330)
452609
738542
1907588
484879
513544

201403152358(201403152350)
455438
743051
1930106
486752
517069

