
201403221143(201403221130)
1356382
2372101
5703834
1465214
1595730

201403221145(201403221130)
1356382
2372101
5703834
1465214
1595730

201403221205(201403221150)
1359258
2375833
5703834
1471503
1595730

201403221225(201403221210)
1360918
2376507
5703834
1475924
1601398

201403221245(201403221230)
1361299
2390721
5703834
1480200
1604053

201403221305(201403221250)
1363308
2396114
5703834
1480741
1613178

201403221325(201403221310)
1364522
2397451
5703834
1481940
1615379

201403221345(201403221330)
1364522
2398782
5703834
1484667
1617098

201403221405(201403221350)
1369790
2402904
5703834
1486803
1620232

201403221425(201403221410)
1372096
2404421
5703834
1494280
1624602

201403221445(201403221430)
1376141
2418869
5783527
1495349
1629005

201403221505(201403221450)
1380209
2418869
5791120
1496694
1631001

201403221525(201403221510)
1384841
2425640
5791120
1499633
1632658

201403221545(201403221530)
1387231
2430375
5791120
1511043
1636638

201403221605(201403221550)
1389082
2437038
5796460
1511985
1641104

201403221625(201403221610)
1389193
2449003
5796460
1513248
1647515

201403221645(201403221630)
1398694
2450041
5796460
1520878
1656142

201403221705(201403221650)
1402134
2450703
5796460
1527334
1659846

201403221725(201403221710)
1404218
2453818
5796460
1529732
1669126

201403221745(201403221730)
1415810
2459976
5796460
1533859
1677395

201403221805(201403221750)
1419655
2461869
5796460
1538306
1678833

201403221825(201403221810)
1422188
2464631
5796460
1544118
1685749

201403221845(201403221830)
1425559
2464787
5796460
1550641
1688560

201403221905(201403221850)
1428672
2468912
5796460
1555275
1694286

201403221925(201403221910)
1429735
2472511
5823497
1562344
1695398

201403221945(201403221930)
1431584
2476177
5857860
1562344
1697570

201403222005(201403221950)
1433293
2476342
5859184
1564179
1700283

201403222025(201403222010)
1442689
2492109
5859184
1564880
1704101

201403222045(201403222030)
1446975
2513074
5859242
1568048
1708605

201403222105(201403222050)
1452644
2513074
5877969
1582831
1713424

201403222125(201403222110)
1458068
2516675
5882744
1586722
1718456

201403222145(201403222130)
1460098
2519933
5882744
1586839
1722251

201403222205(201403222150)
1468028
2521800
5882744
1589029
1735222

201403222225(201403222210)
1472338
2539525
5882744
1590925
1741065

201403222245(201403222230)
1477002
2548970
5926782
1598381
1746670

201403222305(201403222250)
1479687
2554844
6049420
1603468
1748214

201403222325(201403222310)
1483587
2559437
6049420
1609225
1762455

201403222345(201403222330)
1486201
2569208
6049420
1615429
1763230

201403230005(201403222350)
1493196
2572344
6049420
1635463
1765360

201403230025(201403230010)
1496694
2582349
6082957
1635790
1767819

201403230045(201403230030)
1507437
2596141
6096690
1644702
1770695

201403230105(201403230050)
1514414
2600024
6120005
1649952
1783189

201403230125(201403230110)
1518599
2607519
6120005
1652476
1787289

201403230145(201403230130)
1522510
2613852
6120005
1654540
1793592

201403230205(201403230150)
1528354
2614577
6121263
1659353
1799945

201403230225(201403230210)
1531842
2615760
6160678
1673222
1802979

201403230245(201403230230)
1534456
2615760
6214606
1679274
1805012

201403230305(201403230250)
1540152
2617740
6214606
1681373
1805831

201403230325(201403230310)
1546755
2623669
6214606
1686505
1810684

201403230345(201403230330)
1547368
2625368
6214606
1686845
1817515

201403230405(201403230350)
1554765
2635633
6214606
1689134
1820105

201403230425(201403230410)
1554991
2636875
6214606
1691818
1820105

201403230445(201403230430)
1554991
2638377
6214606
1695398
1821387

201403230505(201403230450)
1557766
2639959
6214606
1697488
1822665

201403230525(201403230510)
1557778
2644866
6214606
1699264
1828070

201403230545(201403230530)
1559250
2647008
6268906
1703985
1828836

201403230605(201403230550)
1560047
2647008
6281879
1704427
1840042

201403230625(201403230610)
1571718
2648840
6357226
1707507
1840078

201403230645(201403230630)
1571718
2664875
6357226
1711562
1841269

201403230705(201403230650)
1571718
2664875
6357226
1713049
1844395

201403230725(201403230710)
1572272
2664875
6357226
1713171
1845974

201403230745(201403230730)
1575726
2667920
6357226
1716924
1855186

201403230805(201403230750)
1576763
2677917
6357226
1723844
1858549

201403230825(201403230810)
1579878
2677917
6357226
1728569
1858670

201403230845(201403230830)
1580518
2682859
6418388
1729313
1860969

201403230905(201403230850)
1591474
2701424
6418506
1731505
1870367

201403230925(201403230910)
1595627
2705846
6418506
1737540
1872502

201403230945(201403230930)
1600394
2711299
6425179
1745547
1873783

201403231005(201403230950)
1613940
2712186
6425179
1754341
1877412

201403231025(201403231010)
1622863
2717826
6425179
1763230
1889059

201403231045(201403231030)
1631739
2718606
6425179
1765828
1899263

201403231105(201403231050)
1631739
2725209
6425179
1769537
1906950

201403231125(201403231110)
1635370
2728910
6425179
1781575
1908634

201403231145(201403231130)
1640989
2733731
6425179
1792713
1914389

201403231205(201403231150)
1646539
2741278
6425179
1796168
1918442

201403231225(201403231210)
1651582
2750532
6425179
1802594
1920083

201403231245(201403231230)
1656264
2753910
6583819
1807318
1925148

201403231305(201403231250)
1667906
2778219
6597053
1817177
1937211

201403231325(201403231310)
1670248
2794355
6597611
1820932
1941704

201403231345(201403231330)
1680122
2802462
6597611
1826236
1952733

201403231405(201403231350)
1686116
2808414
6597611
1832726
1956821

201403231425(201403231410)
1691330
2818009
6597611
1840439
1962082

201403231445(201403231430)
1701346
2819062
6600933
1845643
1971428

201403231505(201403231450)
1703055
2836659
6600995
1845872
1972881

201403231525(201403231510)
1712115
2839298
6600995
1848313
1979626

201403231545(201403231530)
1722453
2840505
6600995
1857254
1985794

201403231605(201403231550)
1731505
2866250
6623099
1863645
1994287

201403231625(201403231610)
1735977
2869463
6623099
1865307
1997408

201403231645(201403231630)
1742689
2870602
6623099
1868065
2002845

201403231705(201403231650)
1746724
2873882
6623099
1870558
2010216

201403231725(201403231710)
1755648
2883046
6623099
1878442
2024446

201403231745(201403231730)
1760192
2888270
6660403
1882851
2029624

201403231805(201403231750)
1770607
2894052
6660403
1894252
2032137

201403231825(201403231810)
1774401
2898366
6698196
1901317
2039438

201403231845(201403231830)
1789357
2910185
6721423
1914554
2048097

201403231905(201403231850)
1799910
2935529
6725910
1919554
2059513

201403231925(201403231910)
1808021
2943083
6725910
1926323
2062445

201403231945(201403231930)
1820551
2957307
6725910
1942085
2068243

201403232005(201403231950)
1829773
2971878
6742951
1948914
2078500

201403232025(201403232010)
1840730
2985862
6768252
1961854
2085345

201403232045(201403232030)
1854707
2997624
6924886
1965283
2103807

201403232105(201403232050)
1866827
3003762
6924886
1978796
2115696

201403232125(201403232110)
1874511
3014886
6924886
1985679
2122441

201403232145(201403232130)
1874511
3030192
6995545
2006010
2127891

201403232155(201403232150)
1883584
3030192
6995545
2006010
2127891

201403232205(201403232150)
1902152
3044861
7150708
2026998
2147371

201403232225(201403232210)
1902152
3059629
7150708
2043676
2163982

201403232245(201403232230)
1926433
3072497
7150708
2049430
2176123

201403232305(201403232250)
1936704
3103406
7161073
2059547
2191211

201403232325(201403232310)
1950453
3131296
7183758
2079076
2211484

201403232345(201403232330)
1971016
3167449
7469887
2102016
2229715

201403240025(201403232350)
2000826
3197563
7492389
2123868
2257526

201403240031(201403240010)
2013619
3212766
7496015
2143263
2275088

201403240047(201403240030)
2043676
3250020
7496015
2165758
2292331

201403240107(201403240050)
2053626
3255864
7496015
2175154
2304940

201403240127(201403240110)
2066456
3271005
7496015
2196579
2331596

201403240147(201403240130)
2080244
3281339
7666416
2205583
2346196

201403240207(201403240150)
2100647
3292435
7772438
2233404
2361206

201403240227(201403240210)
2110234
3304239
7861716
2245147
2369639

201403240247(201403240230)
2119468
3307721
7922262
2260194
2378533

201403240307(201403240250)
2132816
3311788
7922262
2265352
2388510

201403240327(201403240310)
2142871
3328988
7922262
2273124
2400779

201403240347(201403240330)
2148085
3336981
7922262
2282599
2417054

201403240407(201403240350)
2157687
3336981
7954762
2288971
2425404

201403240427(201403240410)
2160169
3356724
7954762
2292331
2434148

201403240447(201403240430)
2162823
3364534
7954762
2295686
2437782

201403240507(201403240450)
2162823
3365296
7954762
2297367
2447690

201403240527(201403240510)
2167050
3372876
7954762
2300132
2448527

201403240547(201403240530)
2174885
3373644
7954762
2301703
2450582

201403240607(201403240550)
2176823
3375388
7954762
2310389
2470157

201403240627(201403240610)
2176823
3377495
7954762
2312766
2482233

201403240647(201403240630)
2188270
3383298
8055508
2322466
2497715

201403240707(201403240650)
2193395
3396513
8055546
2334101
2502036

201403240727(201403240710)
2197744
3407115
8071820
2350139
2514874

201403240747(201403240730)
2213406
3412765
8071820
2361969
2529600

201403240807(201403240750)
2217588
3418043
8071820
2369639
2544623

201403240827(201403240810)
2233074
3424152
8071820
2385371
2559893

201403240847(201403240830)
2245147
3424244
8160036
2398933
2565819

201403240907(201403240850)
2255645
3431895
8160036
2427644
2576203

201403240927(201403240910)
2271871
3437854
8160036
2434787
2587042

201403240947(201403240930)
2282599
3443024
8160036
2444577
2611774

201403241007(201403240950)
2288957
3451016
8160036
2461760
2629687

201403241027(201403241010)
2308012
3458302
8160036
2487280
2641921

201403241047(201403241030)
2326002
3464860
8160036
2512725
2653207

201403241107(201403241050)
2348556
3474322
8195494
2518379
2667496

201403241127(201403241110)
2369639
3491467
8360058
2543711
2689512

201403241147(201403241130)
2396233
3502506
8360058
2553784
2703159

201403241207(201403241150)
2408299
3507870
8360058
2581609
2721153

201403241227(201403241210)
2431732
3513107
8360058
2600878
2737941

201403241247(201403241230)
2479586
3520970
8424008
2639871
2781027

201403241307(201403241250)
2541020
3530312
8514715
2686203
2834216

201403241327(201403241310)
2573934
3538619
8514715
2723551
2882885

201403241347(201403241330)
2588962
3557668
8514715
2748642
2897413

201403241407(201403241350)
2641921
3563936
8596721
2797150
2921303

201403241427(201403241410)
2686374
3568210
8720584
2835994
2960216

201403241447(201403241430)
2727328
3580517
8720584
2878844
2997050

201403241507(201403241450)
2769190
3585674
8963797
2911677
3025014

201403241527(201403241510)
2816740
3606377
9029171
2965180
3059049

201403241547(201403241530)
2887901
3620616
9303550
3020054
3102991

201403241607(201403241550)
2953395
3643177
9559899
3082820
3172320

201403241627(201403241610)
3044798
3668168
9768881
3151319
3231631

201403241647(201403241630)
3103998
3701436
9940145
3228400
3300713

