201407261707(201407261707)
200,010
438,286
1,122,041
219,041
242,167

201407261710(201407261710)
200,263
439,149
1,122,041
219,041
242,905

201407261711(201407261711)
200,263
439,611
1,122,041
219,081
243,208

201407261712(201407261712)
200,413
439,886
1,122,041
219,107
243,208

201407261715(201407261715)
200,696
440,099
1,122,041
219,523
243,208

201407261716(201407261716)
200,696
440,099
1,122,041
219,775
243,208

201407261717(201407261717)
200,853
440,099
1,122,041
220,212
243,208

201407261720(201407261720)
201,070
440,965
1,122,041
221,469
243,489

201407261721(201407261721)
201,070
441,316
1,122,041
221,469
243,563

201407261722(201407261722)
201,070
442,012
1,122,041
222,153
243,901

201407261725(201407261725)
201,205
442,844
1,122,041
222,166
244,321

201407261726(201407261726)
201,205
442,844
1,122,041
222,166
244,321

201407261727(201407261727)
201,205
443,052
1,122,041
222,197
244,594

201407261730(201407261730)
201,212
443,568
1,123,575
222,385
244,594

201407261731(201407261731)
201,212
443,818
1,123,575
222,452
244,913

201407261732(201407261732)
201,233
443,818
1,123,575
222,682
244,913

201407261735(201407261735)
201,433
444,482
1,123,575
223,107
244,922

201407261736(201407261736)
201,464
444,482
1,123,575
223,107
244,957

201407261737(201407261737)
201,464
444,781
1,123,575
223,803
244,957

201407261740(201407261740)
201,735
448,721
1,126,034
223,965
245,623

201407261741(201407261741)
201,735
448,721
1,126,034
223,965
245,623

201407261742(201407261742)
202,217
448,721
1,126,034
223,965
245,623

201407261747(201407261747)
202,563
448,774
1,128,180
224,670
247,956

201407261750(201407261750)
202,563
449,461
1,128,180
225,097
247,956

201407261751(201407261751)
202,563
449,636
1,130,182
225,097
248,224

201407261752(201407261752)
202,831
449,636
1,131,437
225,213
248,294

201407261755(201407261755)
202,893
450,698
1,133,348
225,213
248,297

201407261756(201407261756)
202,898
450,698
1,133,348
225,213
248,297

201407261757(201407261757)
202,898
450,698
1,134,195
225,213
248,297

201407261800(201407261800)
202,949
450,698
1,134,195
226,178
248,324

201407261801(201407261801)
202,959
450,698
1,134,195
226,178
248,324

201407261802(201407261802)
203,241
450,958
1,134,195
226,197
248,324

201407261805(201407261805)
203,555
451,080
1,134,195
226,337
249,324

201407261806(201407261806)
203,555
451,080
1,134,195
226,337
249,324

201407261807(201407261807)
204,751
451,080
1,134,195
226,401
249,324

201407261810(201407261810)
206,217
451,554
1,138,589
226,999
250,389

201407261811(201407261811)
206,384
451,554
1,138,589
227,657
250,911

201407261812(201407261812)
206,384
451,554
1,144,117
227,781
250,911

201407261815(201407261815)
206,384
452,097
1,144,117
227,903
250,911

201407261816(201407261816)
206,500
452,097
1,144,117
227,927
251,483

201407261817(201407261817)
206,500
452,097
1,144,117
228,103
251,483

201407261820(201407261820)
207,554
452,097
1,144,117
228,495
251,789

201407261821(201407261821)
207,712
452,097
1,144,117
228,495
251,789

201407261822(201407261822)
208,286
452,097
1,144,117
228,495
251,789

201407261825(201407261825)
208,330
452,785
1,144,117
229,196
251,914

201407261826(201407261826)
208,330
453,340
1,144,117
229,196
252,092

201407261827(201407261827)
208,389
453,340
1,144,117
229,627
252,200

201407261830(201407261830)
209,487
455,091
1,144,117
230,357
252,465

201407261831(201407261831)
209,487
455,226
1,144,117
231,180
252,465

201407261832(201407261832)
209,487
455,470
1,144,117
231,441
252,811

201407261835(201407261835)
209,904
457,559
1,144,906
232,500
254,671

201407261836(201407261836)
209,904
457,559
1,144,906
232,500
254,671

201407261837(201407261837)
209,904
457,559
1,144,906
232,680
254,671

201407261840(201407261840)
210,517
457,645
1,145,738
233,049
254,734

201407261841(201407261841)
210,517
458,625
1,145,738
233,229
254,767

201407261842(201407261842)
210,517
460,453
1,145,738
233,348
254,856

201407261845(201407261845)
210,892
461,206
1,145,738
233,865
255,982

201407261846(201407261846)
211,071
461,206
1,145,738
234,192
255,982

201407261847(201407261847)
211,087
462,832
1,145,738
234,192
257,660

201407261850(201407261850)
211,087
464,551
1,145,738
234,192
258,161

201407261851(201407261851)
211,087
464,551
1,145,738
234,247
258,161

201407261852(201407261852)
211,250
465,116
1,145,738
234,311
258,161

201407261855(201407261855)
211,263
469,274
1,153,945
234,311
258,161

201407261856(201407261856)
211,318
469,274
1,153,945
234,355
258,161

201407261857(201407261857)
211,345
469,274
1,153,945
234,355
258,161

201407261900(201407261900)
211,757
470,012
1,153,945
234,818
258,161

201407261901(201407261901)
211,769
470,012
1,153,945
235,000
258,783

201407261902(201407261902)
211,769
472,048
1,153,945
235,020
258,783

201407261905(201407261905)
211,769
472,897
1,153,945
235,720
259,103

201407261906(201407261906)
212,176
473,244
1,153,945
235,720
259,103

201407261907(201407261907)
212,176
473,468
1,153,945
235,741
259,103

201407261910(201407261910)
214,362
473,839
1,153,945
235,895
259,436

201407261911(201407261911)
214,906
474,032
1,153,945
236,265
259,716

201407261912(201407261912)
216,132
474,637
1,153,945
236,265
259,990

201407261915(201407261915)
217,519
475,062
1,153,945
236,493
261,034

201407261916(201407261916)
217,663
475,397
1,153,945
236,971
261,128

201407261917(201407261917)
217,663
475,397
1,153,945
237,538
261,128

201407261920(201407261920)
217,669
478,894
1,153,945
238,405
261,401

201407261921(201407261921)
217,669
479,328
1,153,945
238,405
261,823

201407261922(201407261922)
217,996
479,328
1,153,945
238,468
262,034

201407261925(201407261925)
218,111
479,328
1,157,285
238,563
262,956

201407261926(201407261926)
218,237
479,328
1,157,285
239,568
263,136

201407261927(201407261927)
218,237
480,477
1,161,055
239,652
263,136

201407261930(201407261930)
219,166
481,267
1,161,055
240,158
263,240

201407261931(201407261931)
219,444
481,267
1,161,055
240,158
263,495

201407261932(201407261932)
219,444
481,477
1,161,055
240,158
263,628

201407261935(201407261935)
221,467
481,823
1,161,055
240,729
265,254

201407261936(201407261936)
221,469
481,823
1,161,055
241,014
265,254

201407261937(201407261937)
221,469
481,823
1,161,055
241,084
265,337

201407261940(201407261940)
221,698
482,169
1,161,055
241,163
266,579

201407261941(201407261941)
221,698
482,169
1,161,055
241,163
266,773

201407261942(201407261942)
221,698
482,169
1,161,055
241,481
266,836

201407261945(201407261945)
221,772
482,528
1,164,431
242,364
266,836

201407261946(201407261946)
221,772
482,528
1,164,431
242,555
266,836

201407261947(201407261947)
221,773
482,528
1,164,431
242,555
267,038

201407261950(201407261950)
221,793
482,528
1,164,431
242,804
268,337

201407261951(201407261951)
221,793
482,528
1,164,431
242,905
268,337

201407261952(201407261952)
222,682
482,528
1,164,431
242,905
268,570

201407261955(201407261955)
222,682
482,864
1,164,431
243,147
269,454

201407261956(201407261956)
223,063
482,968
1,164,431
243,147
269,454

201407261957(201407261957)
223,107
483,773
1,172,007
243,208
269,454

201407262000(201407262000)
224,029
485,056
1,181,377
243,867
269,454

201407262001(201407262001)
224,029
485,056
1,184,183
243,867
269,454

201407262002(201407262002)
224,155
485,056
1,185,751
244,152
269,454

201407262005(201407262005)
224,168
485,056
1,185,751
244,773
269,485

201407262006(201407262006)
224,168
486,385
1,185,751
244,773
269,610

201407262007(201407262007)
224,243
486,906
1,185,751
244,773
269,840

201407262010(201407262010)
225,097
487,990
1,185,751
244,833
270,011

201407262011(201407262011)
225,129
488,366
1,190,503
244,873
270,041

201407262012(201407262012)
225,648
490,664
1,190,503
245,200
270,387

201407262015(201407262015)
225,666
492,447
1,202,091
245,454
270,781

201407262016(201407262016)
225,666
492,552
1,205,000
245,563
270,781

201407262017(201407262017)
226,024
493,392
1,205,788
245,710
270,847

201407262020(201407262020)
226,024
495,568
1,205,788
245,710
271,153

201407262021(201407262021)
226,024
495,568
1,205,788
245,710
271,153

201407262022(201407262022)
226,043
495,568
1,209,891
245,710
271,153

201407262025(201407262025)
226,175
496,028
1,209,891
246,351
271,153

201407262026(201407262026)
226,197
496,028
1,212,582
246,351
271,153

201407262027(201407262027)
226,405
496,028
1,212,582
246,351
271,153

201407262030(201407262030)
226,808
496,028
1,212,582
246,876
271,548

201407262031(201407262031)
226,808
496,526
1,212,582
247,071
271,548

201407262032(201407262032)
227,210
496,526
1,212,582
247,240
271,548

201407262035(201407262035)
227,449
496,526
1,212,582
247,560
272,447

201407262036(201407262036)
227,449
496,526
1,212,582
247,844
272,447

201407262037(201407262037)
227,449
496,526
1,212,582
247,844
272,447

201407262040(201407262040)
227,903
496,526
1,212,582
248,081
272,679

201407262041(201407262041)
227,903
498,406
1,212,582
248,081
272,679

201407262042(201407262042)
227,903
499,411
1,212,582
248,081
273,287

201407262045(201407262045)
227,927
499,411
1,213,568
248,247
273,805

201407262046(201407262046)
228,436
499,411
1,213,568
248,247
273,805

201407262047(201407262047)
228,436
499,411
1,213,568
248,247
273,878

201407262050(201407262050)
228,436
499,993
1,213,568
248,538
274,223

201407262051(201407262051)
229,559
501,055
1,213,568
248,538
274,223

201407262052(201407262052)
229,575
501,055
1,213,568
248,996
274,281

201407262055(201407262055)
231,070
501,055
1,213,568
248,996
274,926

201407262056(201407262056)
231,070
501,055
1,213,568
249,440
274,926

201407262057(201407262057)
231,363
501,413
1,213,568
249,942
274,926

201407262100(201407262100)
231,858
502,021
1,213,568
250,995
275,124

201407262101(201407262101)
231,906
502,021
1,213,568
251,107
275,124

201407262102(201407262102)
231,906
502,021
1,213,568
251,107
275,124

201407262105(201407262105)
232,281
504,106
1,213,568
251,621
275,595

201407262106(201407262106)
232,281
505,385
1,213,568
252,159
275,595

201407262107(201407262107)
232,293
506,228
1,213,568
252,200
275,595

201407262110(201407262110)
233,134
506,228
1,213,568
252,764
277,152

201407262111(201407262111)
233,507
506,228
1,213,568
252,764
277,152

201407262112(201407262112)
233,742
506,228
1,213,568
252,811
277,152

201407262115(201407262115)
234,150
506,228
1,213,568
253,787
278,735

201407262116(201407262116)
234,247
506,228
1,213,568
253,894
279,186

201407262117(201407262117)
234,571
506,746
1,213,568
253,894
279,250

201407262120(201407262120)
234,866
508,455
1,213,568
254,281
279,771

201407262121(201407262121)
234,916
508,971
1,213,568
254,281
279,887

201407262122(201407262122)
235,000
509,091
1,213,568
254,508
280,410

201407262125(201407262125)
235,895
510,687
1,214,235
255,781
281,204

201407262126(201407262126)
236,127
510,904
1,214,235
255,781
281,204

201407262127(201407262127)
236,209
510,904
1,214,235
255,781
282,681

201407262130(201407262130)
236,265
512,156
1,214,235
256,543
284,270

201407262131(201407262131)
236,265
512,156
1,214,235
256,543
284,313

201407262132(201407262132)
236,490
512,314
1,214,235
256,614
284,332

201407262135(201407262135)
236,939
512,321
1,216,772
257,314
285,442

201407262136(201407262136)
236,971
512,321
1,216,772
257,314
285,442

201407262137(201407262137)
237,098
512,321
1,216,772
257,314
285,862

201407262140(201407262140)
237,354
514,216
1,216,772
257,660
286,143

201407262141(201407262141)
237,899
515,430
1,216,772
258,161
286,143

201407262142(201407262142)
237,899
515,430
1,216,772
258,662
286,143

201407262145(201407262145)
238,583
515,430
1,216,772
258,793
286,445

201407262146(201407262146)
238,583
515,593
1,216,772
258,793
286,445

201407262147(201407262147)
238,583
515,593
1,216,772
259,155
286,445

201407262150(201407262150)
238,755
515,593
1,223,775
260,165
287,731

201407262151(201407262151)
238,823
515,593
1,223,775
260,165
288,323

201407262152(201407262152)
239,649
516,857
1,223,775
260,165
289,588

201407262155(201407262155)
239,962
517,635
1,223,775
260,799
289,980

201407262156(201407262156)
240,158
517,635
1,224,897
260,799
290,240

201407262157(201407262157)
240,281
517,635
1,224,897
261,771
290,298

201407262200(201407262200)
240,799
517,959
1,230,079
261,823
291,287

201407262201(201407262201)
240,799
518,254
1,230,079
262,034
291,287

201407262202(201407262202)
240,799
518,808
1,230,079
262,468
291,342

201407262205(201407262205)
240,799
521,326
1,230,079
263,182
291,524

201407262206(201407262206)
240,799
521,925
1,230,079
263,182
291,524

201407262207(201407262207)
241,456
521,925
1,230,079
263,324
291,524

201407262210(201407262210)
242,555
522,560
1,232,936
263,687
291,977

201407262211(201407262211)
242,945
523,309
1,235,732
264,147
291,977

201407262212(201407262212)
242,945
523,673
1,237,186
264,475
292,072

201407262215(201407262215)
244,833
523,926
1,237,186
264,475
293,277

201407262216(201407262216)
244,833
524,114
1,237,186
264,475
293,899

201407262217(201407262217)
245,320
524,114
1,237,186
264,581
293,899

201407262220(201407262220)
245,454
524,689
1,237,186
265,938
294,327

201407262221(201407262221)
245,454
524,689
1,237,186
265,938
295,151

201407262222(201407262222)
245,754
524,689
1,239,973
266,389
295,151

201407262225(201407262225)
246,434
525,378
1,240,378
266,836
297,793

201407262226(201407262226)
247,071
526,547
1,240,378
266,836
297,927

201407262227(201407262227)
247,071
526,547
1,240,476
267,038
298,417

201407262230(201407262230)
247,252
527,280
1,240,476
268,227
298,826

201407262231(201407262231)
247,697
527,977
1,240,476
268,374
299,211

201407262232(201407262232)
247,697
530,278
1,244,087
269,069
299,211

201407262235(201407262235)
248,081
530,578
1,247,110
270,294
299,240

201407262236(201407262236)
248,215
530,578
1,247,248
270,460
299,240

201407262237(201407262237)
248,215
530,749
1,250,156
270,460
299,240

201407262240(201407262240)
248,564
531,687
1,250,156
271,029
299,705

201407262241(201407262241)
248,564
531,687
1,250,156
271,029
299,705

201407262242(201407262242)
248,671
531,703
1,254,547
271,029
299,958

201407262245(201407262245)
248,888
531,703
1,257,526
271,153
300,127

201407262246(201407262246)
248,996
531,703
1,258,079
271,153
300,400

201407262247(201407262247)
248,996
531,703
1,258,079
271,265
300,717

201407262250(201407262250)
249,714
533,392
1,259,598
271,628
301,084

201407262251(201407262251)
249,941
533,392
1,259,598
271,628
301,642

201407262252(201407262252)
249,941
533,907
1,259,598
271,942
301,642

201407262255(201407262255)
249,994
535,513
1,260,012
272,231
301,984

201407262256(201407262256)
250,063
535,513
1,260,012
272,987
302,003

201407262257(201407262257)
250,124
535,513
1,260,012
272,987
302,171

201407262300(201407262300)
250,550
537,830
1,260,012
273,568
302,214

201407262301(201407262301)
251,178
537,830
1,260,207
273,685
302,214

201407262302(201407262302)
251,604
537,830
1,260,207
273,895
302,233

201407262305(201407262305)
251,604
537,830
1,260,207
274,499
302,318

201407262306(201407262306)
251,604
537,830
1,260,207
274,499
302,392

201407262307(201407262307)
251,805
538,202
1,260,207
274,499
302,392

201407262310(201407262310)
252,576
539,018
1,260,574
274,926
303,550

201407262311(201407262311)
252,675
541,740
1,260,574
275,210
303,550

201407262312(201407262312)
252,764
541,821
1,260,574
275,210
303,550

201407262315(201407262315)
252,806
542,306
1,264,656
276,606
304,689

201407262316(201407262316)
252,806
542,873
1,267,513
276,606
304,689

201407262317(201407262317)
252,806
543,210
1,270,145
276,606
304,689

201407262320(201407262320)
253,887
544,766
1,271,398
276,994
304,811

201407262321(201407262321)
253,894
544,893
1,272,959
276,994
304,811

201407262322(201407262322)
253,894
545,184
1,273,576
277,152
305,136

201407262325(201407262325)
255,124
545,319
1,274,089
277,797
305,667

201407262326(201407262326)
255,396
546,193
1,274,089
278,069
306,616

201407262327(201407262327)
255,670
548,294
1,274,089
278,069
306,982

201407262330(201407262330)
256,463
550,524
1,280,350
278,069
307,126

201407262331(201407262331)
256,675
550,625
1,280,350
278,069
307,126

201407262332(201407262332)
256,723
552,288
1,280,350
278,155
307,126

201407262335(201407262335)
257,964
552,477
1,280,350
279,172
307,471

201407262336(201407262336)
257,964
552,781
1,280,350
279,455
307,537

201407262337(201407262337)
257,964
552,781
1,280,350
279,555
307,537

201407262340(201407262340)
258,660
555,086
1,285,356
279,891
309,253

201407262341(201407262341)
258,662
555,086
1,285,356
280,557
309,676

201407262342(201407262342)
258,662
555,086
1,288,151
280,557
309,994

201407262345(201407262345)
258,686
556,486
1,288,151
280,558
310,800

201407262346(201407262346)
258,853
556,486
1,288,667
280,558
310,800

201407262347(201407262347)
259,155
556,486
1,288,667
280,771
311,679

201407262350(201407262350)
259,961
556,766
1,288,667
281,404
312,707

201407262351(201407262351)
259,961
557,286
1,288,667
281,404
312,707

201407262352(201407262352)
259,961
557,358
1,288,667
281,614
312,707

201407262355(201407262355)
261,034
559,374
1,288,667
282,123
312,707

201407262356(201407262356)
261,175
560,095
1,288,667
282,227
312,822

201407262357(201407262357)
261,175
560,133
1,288,667
283,188
312,822

201407270000(201407270000)
261,413
561,742
1,291,201
284,318
313,727

201407270001(201407270001)
261,823
561,775
1,291,201
285,004
313,727

201407270002(201407270002)
262,089
562,106
1,291,201
285,004
313,912

201407270005(201407270005)
263,250
563,092
1,293,627
285,442
315,138

201407270006(201407270006)
263,250
563,092
1,293,806
285,442
315,138

201407270007(201407270007)
263,324
563,092
1,293,806
285,442
315,909

201407270010(201407270010)
264,147
563,703
1,298,850
286,030
316,889

201407270011(201407270011)
264,147
563,703
1,300,430
286,296
316,889

201407270012(201407270012)
264,157
563,926
1,300,430
286,413
316,889

201407270015(201407270015)
264,475
563,989
1,300,430
287,101
318,219

201407270016(201407270016)
264,534
563,989
1,300,430
287,149
318,281

201407270017(201407270017)
264,534
566,746
1,300,430
287,223
318,281

201407270020(201407270020)
265,113
567,607
1,300,430
287,478
320,321

201407270021(201407270021)
265,113
567,607
1,300,430
287,521
320,909

201407270022(201407270022)
265,113
567,607
1,300,430
287,521
320,909

201407270025(201407270025)
267,102
568,150
1,300,430
288,435
321,489

201407270026(201407270026)
267,403
568,150
1,300,430
288,812
321,489

201407270027(201407270027)
267,403
569,777
1,300,430
289,065
321,489

201407270030(201407270030)
267,841
570,390
1,307,673
289,942
321,489

201407270031(201407270031)
267,937
572,845
1,307,673
289,942
321,489

201407270032(201407270032)
268,753
574,884
1,307,673
290,240
321,565

201407270035(201407270035)
269,069
574,884
1,307,673
291,824
324,447

201407270036(201407270036)
269,069
574,884
1,307,673
292,373
324,447

201407270037(201407270037)
269,069
574,884
1,307,673
293,491
324,447

201407270040(201407270040)
269,111
575,690
1,312,768
293,491
325,199

201407270041(201407270041)
269,240
575,782
1,312,768
293,491
325,804

201407270042(201407270042)
270,460
576,583
1,312,768
293,541
325,804

201407270045(201407270045)
270,683
576,583
1,313,058
294,588
325,895

201407270046(201407270046)
270,683
577,825
1,313,058
294,931
326,371

201407270047(201407270047)
270,761
577,853
1,313,058
296,445
326,371

201407270050(201407270050)
271,029
577,918
1,313,058
296,651
327,830

201407270051(201407270051)
271,029
577,949
1,313,058
296,651
327,830

201407270052(201407270052)
271,038
578,112
1,317,607
296,807
327,830

201407270055(201407270055)
271,253
579,650
1,317,607
297,247
328,005

201407270056(201407270056)
271,797
579,650
1,317,607
297,586
328,005

201407270057(201407270057)
271,942
579,963
1,317,607
298,503
328,631

201407270100(201407270100)
272,111
579,963
1,318,970
299,843
329,607

201407270101(201407270101)
272,111
579,963
1,321,139
300,492
330,051

201407270102(201407270102)
272,200
579,963
1,323,380
300,806
331,028

201407270105(201407270105)
273,559
580,879
1,324,507
300,814
331,714

201407270106(201407270106)
273,989
580,879
1,324,507
300,814
332,205

201407270107(201407270107)
274,097
580,879
1,324,507
300,814
332,744

201407270110(201407270110)
274,499
583,872
1,329,289
301,380
333,387

201407270111(201407270111)
274,926
584,057
1,329,289
301,642
333,684

201407270112(201407270112)
274,926
584,057
1,329,289
301,964
334,089

201407270115(201407270115)
275,539
584,057
1,330,234
302,388
334,661

201407270116(201407270116)
275,539
584,057
1,330,234
302,392
334,761

201407270117(201407270117)
275,539
584,057
1,330,234
302,538
334,761

201407270120(201407270120)
276,828
584,057
1,350,413
303,446
334,761

201407270121(201407270121)
276,994
584,057
1,351,466
304,117
334,761

201407270122(201407270122)
277,152
584,057
1,352,823
304,117
334,987

201407270125(201407270125)
277,152
584,399
1,352,823
304,330
335,460

201407270126(201407270126)
277,726
584,399
1,352,823
304,330
335,460

201407270127(201407270127)
277,726
584,399
1,352,823
304,601
335,542

201407270130(201407270130)
278,375
584,575
1,352,823
306,476
337,565

201407270131(201407270131)
278,382
584,625
1,352,823
306,509
337,835

201407270132(201407270132)
278,382
585,473
1,352,823
306,509
337,835

201407270135(201407270135)
279,080
586,749
1,352,823
307,000
338,125

201407270136(201407270136)
279,172
587,119
1,352,823
307,034
338,125

201407270137(201407270137)
279,172
587,119
1,352,823
307,126
338,539

201407270140(201407270140)
279,455
588,991
1,352,823
307,787
339,657

201407270141(201407270141)
279,455
590,395
1,352,823
307,787
339,775

201407270142(201407270142)
279,455
594,087
1,352,823
308,615
339,775

201407270145(201407270145)
280,558
594,087
1,352,823
309,020
339,775

201407270146(201407270146)
280,737
594,087
1,352,823
309,020
339,775

201407270147(201407270147)
280,737
594,087
1,352,823
309,020
339,775

201407270150(201407270150)
280,960
595,747
1,352,823
309,570
340,046

201407270151(201407270151)
281,199
597,113
1,352,823
309,570
340,046

201407270152(201407270152)
281,199
597,924
1,352,823
309,570
340,046

201407270155(201407270155)
281,474
599,079
1,352,823
309,994
340,046

201407270156(201407270156)
281,720
599,079
1,352,823
310,103
340,206

201407270157(201407270157)
282,783
599,604
1,352,823
310,109
340,266

201407270200(201407270200)
282,783
601,008
1,352,823
311,005
340,965

201407270201(201407270201)
282,783
601,532
1,352,823
311,243
342,731

201407270202(201407270202)
282,815
602,199
1,352,823
311,243
342,731

201407270205(201407270205)
283,063
602,199
1,352,823
311,764
342,812

201407270206(201407270206)
283,063
602,199
1,356,808
311,764
342,812

201407270207(201407270207)
283,063
602,685
1,356,808
311,764
342,812

201407270210(201407270210)
283,992
603,568
1,356,808
312,026
342,812

201407270211(201407270211)
283,992
604,151
1,356,808
312,026
342,872

201407270212(201407270212)
284,036
604,549
1,356,808
312,416
343,126

201407270215(201407270215)
284,430
605,668
1,356,808
312,912
343,543

201407270216(201407270216)
284,555
605,668
1,356,808
312,912
344,780

201407270217(201407270217)
285,004
605,668
1,356,808
312,912
344,780

201407270220(201407270220)
285,479
606,197
1,356,808
313,417
344,965

201407270221(201407270221)
285,862
606,197
1,356,808
313,417
344,965

201407270222(201407270222)
285,862
606,197
1,356,808
314,234
344,965

201407270225(201407270225)
286,092
606,693
1,362,230
314,808
345,295

201407270226(201407270226)
286,814
606,693
1,362,230
314,808
345,295

201407270227(201407270227)
286,844
606,693
1,362,230
314,808
345,295

201407270230(201407270230)
286,845
606,693
1,362,230
314,892
345,543

201407270231(201407270231)
287,101
606,693
1,362,230
315,546
345,543

201407270232(201407270232)
287,101
606,715
1,362,230
315,676
345,691

201407270235(201407270235)
287,223
606,755
1,362,230
316,303
347,211

201407270236(201407270236)
287,223
606,755
1,362,230
316,303
347,211

201407270237(201407270237)
287,223
606,755
1,362,230
316,380
347,211

201407270240(201407270240)
287,272
606,755
1,362,230
316,470
348,564

201407270241(201407270241)
287,478
607,120
1,362,230
316,470
348,564

201407270242(201407270242)
287,521
607,120
1,362,230
316,470
348,564

201407270245(201407270245)
287,581
607,120
1,362,230
316,470
349,002

201407270246(201407270246)
287,581
607,120
1,362,230
316,470
349,948

201407270247(201407270247)
287,581
607,120
1,365,654
316,470
349,948

201407270250(201407270250)
287,801
607,120
1,365,654
316,470
350,054

201407270251(201407270251)
287,921
607,120
1,365,654
317,355
350,206

201407270252(201407270252)
287,921
607,120
1,365,654
317,624
350,206

201407270255(201407270255)
289,065
607,120
1,365,921
318,281
350,814

201407270256(201407270256)
289,065
607,120
1,366,529
318,355
350,814

201407270257(201407270257)
289,253
607,120
1,368,028
318,455
350,814

201407270300(201407270300)
289,253
607,120
1,370,406
319,391
351,371

201407270301(201407270301)
289,352
607,408
1,370,406
320,260
351,371

201407270302(201407270302)
289,352
607,408
1,370,406
320,909
353,335

201407270305(201407270305)
290,071
609,616
1,370,406
320,909
353,920

201407270306(201407270306)
290,071
612,290
1,370,406
321,140
353,920

201407270307(201407270307)
290,071
612,437
1,370,406
321,759
353,920

201407270310(201407270310)
290,188
612,437
1,370,406
321,817
355,191

201407270311(201407270311)
290,546
612,437
1,371,515
321,817
355,191

201407270312(201407270312)
291,060
612,437
1,377,078
321,817
355,489

201407270315(201407270315)
291,060
614,746
1,379,830
322,050
356,453

201407270316(201407270316)
291,060
614,746
1,379,830
322,050
356,453

201407270317(201407270317)
291,060
614,746
1,382,592
322,050
356,453

201407270320(201407270320)
291,060
614,746
1,387,971
322,809
356,453

201407270321(201407270321)
291,060
614,746
1,387,971
322,809
356,540

201407270322(201407270322)
291,060
614,746
1,387,971
322,809
356,540

201407270325(201407270325)
291,360
616,143
1,390,911
322,809
356,540

201407270326(201407270326)
291,360
616,143
1,390,911
322,809
356,652

201407270327(201407270327)
291,360
616,143
1,390,911
322,985
357,126

201407270330(201407270330)
291,360
616,143
1,390,911
322,985
357,126

201407270331(201407270331)
291,360
616,143
1,390,911
323,889
357,554

201407270332(201407270332)
291,360
616,425
1,390,911
323,889
357,554

201407270335(201407270335)
291,360
616,425
1,402,151
323,889
357,554

201407270336(201407270336)
291,360
616,425
1,402,151
323,889
357,595

201407270337(201407270337)
291,360
616,425
1,402,151
323,889
357,595

201407270340(201407270340)
291,437
616,425
1,402,151
323,889
357,859

201407270341(201407270341)
291,437
616,425
1,402,151
323,889
357,859

201407270342(201407270342)
291,437
616,425
1,402,151
323,889
357,859

201407270345(201407270345)
291,437
617,124
1,402,151
324,838
357,995

201407270346(201407270346)
291,437
618,062
1,402,151
324,838
357,995

201407270347(201407270347)
291,811
618,062
1,402,151
324,838
357,995

201407270350(201407270350)
291,995
618,062
1,402,151
325,804
357,995

201407270351(201407270351)
291,995
618,062
1,402,151
325,804
357,995

201407270352(201407270352)
291,995
618,062
1,402,151
325,845
357,995

201407270355(201407270355)
292,204
618,062
1,402,151
327,130
358,113

201407270356(201407270356)
292,204
618,062
1,402,151
327,797
358,113

201407270357(201407270357)
292,204
618,062
1,402,151
327,797
358,113

201407270400(201407270400)
292,204
619,035
1,402,151
327,991
358,136

201407270401(201407270401)
292,204
619,035
1,402,151
327,991
358,280

201407270402(201407270402)
292,204
619,035
1,402,151
327,991
358,572

201407270405(201407270405)
293,491
619,640
1,402,151
327,991
359,305

201407270406(201407270406)
293,899
620,028
1,402,151
327,991
359,305

201407270407(201407270407)
294,165
620,028
1,402,151
328,005
359,305

201407270410(201407270410)
294,221
620,028
1,402,151
328,005
359,421

201407270411(201407270411)
294,221
620,113
1,402,151
328,005
359,421

201407270412(201407270412)
294,221
620,113
1,402,151
328,005
360,386

201407270415(201407270415)
294,327
620,113
1,402,151
328,005
360,966

201407270416(201407270416)
294,327
620,113
1,402,151
328,005
361,104

201407270417(201407270417)
294,327
620,113
1,402,151
328,005
361,104

201407270420(201407270420)
294,836
620,868
1,402,151
328,951
361,408

201407270421(201407270421)
294,836
620,868
1,402,151
328,951
362,804

201407270422(201407270422)
294,836
620,868
1,402,151
329,493
362,804

201407270425(201407270425)
295,376
620,868
1,402,151
329,493
362,834

201407270426(201407270426)
295,376
620,868
1,402,151
329,493
362,834

201407270427(201407270427)
295,376
621,403
1,402,151
329,493
362,834

201407270430(201407270430)
295,376
621,658
1,402,151
329,607
362,914

201407270431(201407270431)
295,376
621,658
1,402,151
329,607
362,914

201407270432(201407270432)
295,376
621,658
1,402,151
329,607
362,914

201407270435(201407270435)
295,376
621,658
1,402,151
330,051
362,914

201407270436(201407270436)
295,515
621,658
1,402,151
330,051
362,914

201407270437(201407270437)
296,445
621,658
1,402,151
330,066
362,914

201407270440(201407270440)
296,807
621,658
1,402,151
330,142
362,914

201407270441(201407270441)
296,807
621,658
1,402,151
330,142
363,959

201407270442(201407270442)
296,807
621,658
1,402,151
330,142
363,959

201407270445(201407270445)
296,947
621,658
1,402,151
330,142
364,499

201407270446(201407270446)
297,584
621,658
1,402,151
330,142
364,499

201407270447(201407270447)
297,668
621,658
1,402,151
330,310
364,499

201407270450(201407270450)
297,668
623,713
1,402,151
330,310
364,499

201407270451(201407270451)
297,668
623,713
1,402,151
330,310
364,499

201407270452(201407270452)
298,503
623,713
1,402,151
330,310
364,612

201407270455(201407270455)
298,503
623,713
1,402,151
330,310
365,678

201407270456(201407270456)
299,036
623,713
1,402,151
330,310
365,678

201407270457(201407270457)
299,036
623,713
1,402,151
330,310
365,678

201407270500(201407270500)
299,036
623,940
1,402,151
330,908
365,678

201407270501(201407270501)
299,036
624,248
1,402,151
330,908
365,678

201407270502(201407270502)
299,036
624,248
1,402,151
330,908
365,678

201407270505(201407270505)
299,036
624,939
1,402,151
330,908
365,678

201407270506(201407270506)
299,036
624,939
1,402,151
330,908
365,678

201407270507(201407270507)
299,036
626,587
1,402,151
330,908
365,678

201407270510(201407270510)
299,036
626,587
1,402,151
330,908
365,678

201407270511(201407270511)
299,036
626,587
1,402,151
330,908
365,678

201407270512(201407270512)
299,036
626,587
1,402,151
330,908
365,678

201407270515(201407270515)
299,956
626,587
1,402,151
330,908
365,678

201407270516(201407270516)
301,173
626,587
1,402,151
330,908
365,678

201407270517(201407270517)
301,173
626,587
1,402,151
331,028
365,678

201407270520(201407270520)
301,173
626,587
1,402,151
331,028
365,678

201407270521(201407270521)
301,173
626,587
1,402,151
331,028
365,678

201407270522(201407270522)
301,173
626,587
1,402,151
331,714
365,678

201407270525(201407270525)
301,173
629,122
1,402,151
331,714
365,678

201407270526(201407270526)
301,336
629,122
1,402,151
331,714
365,715

201407270527(201407270527)
301,336
629,122
1,402,151
331,714
365,904

201407270530(201407270530)
301,380
629,122
1,402,151
331,714
365,904

201407270531(201407270531)
301,380
629,122
1,402,151
331,763
366,566

201407270532(201407270532)
301,380
629,122
1,402,151
332,744
366,566

201407270535(201407270535)
301,482
629,122
1,402,151
332,744
367,472

201407270536(201407270536)
301,794
629,640
1,402,151
332,744
367,472

201407270537(201407270537)
301,794
630,040
1,402,151
332,744
367,472

201407270540(201407270540)
301,794
630,229
1,402,151
334,171
367,472

201407270541(201407270541)
302,135
630,229
1,402,151
334,171
367,548

201407270542(201407270542)
302,182
632,049
1,402,151
334,171
367,548

201407270545(201407270545)
302,625
632,049
1,402,151
334,171
367,548

201407270546(201407270546)
302,625
632,049
1,402,151
334,171
367,548

201407270547(201407270547)
302,625
632,049
1,402,151
334,171
367,548

201407270550(201407270550)
302,884
632,049
1,402,151
334,387
367,803

201407270551(201407270551)
302,884
632,049
1,402,151
334,387
367,803

201407270552(201407270552)
302,884
632,049
1,402,151
334,387
367,986

201407270555(201407270555)
303,021
632,232
1,402,151
334,624
368,092

201407270556(201407270556)
303,021
632,232
1,402,151
334,624
368,092

201407270557(201407270557)
303,021
632,232
1,402,151
334,624
368,092

201407270600(201407270600)
303,021
632,232
1,402,151
334,624
368,115

201407270601(201407270601)
303,021
632,232
1,402,151
334,624
368,115

201407270602(201407270602)
303,021
632,232
1,402,151
334,761
368,115

201407270605(201407270605)
303,021
632,534
1,402,616
334,761
368,115

201407270606(201407270606)
303,168
632,534
1,402,616
334,761
368,115

201407270607(201407270607)
303,168
632,534
1,403,244
334,761
368,115

201407270610(201407270610)
303,692
632,534
1,403,244
334,761
368,980

201407270611(201407270611)
303,692
632,534
1,403,244
334,761
368,980

201407270612(201407270612)
303,692
632,534
1,403,244
334,761
368,980

201407270615(201407270615)
303,692
633,984
1,404,678
334,987
368,980

201407270616(201407270616)
303,692
634,162
1,404,678
334,987
368,980

201407270617(201407270617)
303,692
634,162
1,404,678
334,987
369,149

201407270620(201407270620)
303,692
634,162
1,404,678
335,181
369,149

201407270621(201407270621)
303,692
634,162
1,404,678
335,181
369,149

201407270622(201407270622)
303,692
634,162
1,404,678
335,181
369,149

201407270625(201407270625)
303,692
634,162
1,404,678
335,362
369,202

201407270626(201407270626)
303,692
634,162
1,404,678
335,362
369,202

201407270627(201407270627)
303,692
634,162
1,404,678
335,362
370,634

201407270630(201407270630)
303,692
634,162
1,404,678
335,362
370,634

201407270631(201407270631)
303,692
634,162
1,404,678
335,362
371,168

201407270632(201407270632)
303,692
634,779
1,405,675
335,362
371,570

201407270635(201407270635)
303,867
634,779
1,407,708
336,275
371,937

201407270636(201407270636)
303,867
634,779
1,407,914
336,275
372,794

201407270637(201407270637)
303,867
634,779
1,408,011
336,275
374,040

201407270640(201407270640)
304,072
634,779
1,408,011
337,455
375,443

201407270641(201407270641)
304,072
634,779
1,408,011
337,455
376,407

201407270642(201407270642)
304,072
634,779
1,408,011
337,455
376,407

201407270645(201407270645)
304,117
635,007
1,408,011
337,455
376,407

201407270646(201407270646)
304,117
638,044
1,408,011
337,474
376,407

201407270647(201407270647)
304,117
638,808
1,408,011
337,474
377,236

201407270650(201407270650)
304,587
638,878
1,409,874
337,474
377,236

201407270651(201407270651)
304,587
639,284
1,409,874
337,500
377,236

201407270652(201407270652)
304,587
639,284
1,410,288
337,931
377,236

201407270655(201407270655)
304,646
639,284
1,411,767
337,931
377,373

201407270656(201407270656)
304,646
639,284
1,411,767
337,931
378,130

201407270657(201407270657)
304,646
639,284
1,411,767
337,931
378,130

201407270700(201407270700)
304,646
639,542
1,411,767
337,931
378,130

201407270701(201407270701)
304,807
639,542
1,411,767
337,931
378,130

201407270702(201407270702)
304,839
639,542
1,411,767
337,931
378,130

201407270705(201407270705)
304,839
639,542
1,411,767
337,978
378,130

201407270706(201407270706)
304,842
639,542
1,411,767
337,978
378,130

201407270707(201407270707)
305,348
642,071
1,411,767
337,978
378,130

201407270710(201407270710)
305,668
642,071
1,411,767
338,125
378,130

201407270711(201407270711)
306,400
642,071
1,411,767
338,125
378,130

201407270712(201407270712)
306,400
642,582
1,411,767
338,125
378,130

201407270715(201407270715)
306,400
642,582
1,411,767
338,401
378,130

201407270716(201407270716)
306,861
642,582
1,411,767
338,471
378,300

201407270717(201407270717)
306,982
642,704
1,411,767
338,471
378,300

201407270720(201407270720)
307,190
642,895
1,411,767
338,859
378,300

201407270721(201407270721)
307,190
642,895
1,411,767
339,136
378,300

201407270722(201407270722)
307,190
642,895
1,411,767
339,272
378,300

201407270725(201407270725)
307,190
643,580
1,411,767
339,272
379,886

201407270726(201407270726)
307,190
643,580
1,411,767
339,272
379,886

201407270727(201407270727)
307,190
643,580
1,411,767
339,272
380,482

201407270730(201407270730)
307,190
643,784
1,411,767
339,272
380,655

201407270731(201407270731)
307,388
643,784
1,411,767
339,272
380,655

201407270732(201407270732)
307,388
643,784
1,411,767
339,272
380,655

201407270735(201407270735)
308,500
643,784
1,411,767
339,272
380,655

201407270736(201407270736)
308,500
643,784
1,411,767
339,272
380,655

201407270737(201407270737)
308,787
643,784
1,411,767
339,657
380,655

201407270740(201407270740)
308,869
643,784
1,420,637
339,670
380,655

201407270741(201407270741)
308,998
643,784
1,423,400
339,670
380,655

201407270742(201407270742)
308,998
646,053
1,425,929
339,670
380,858

201407270745(201407270745)
308,998
647,637
1,426,467
339,941
381,490

201407270746(201407270746)
308,998
649,438
1,426,653
340,072
381,490

201407270747(201407270747)
308,998
649,438
1,426,653
340,266
381,490

201407270750(201407270750)
309,570
650,503
1,426,653
340,706
381,490

201407270751(201407270751)
309,842
650,503
1,426,653
340,827
381,758

201407270752(201407270752)
309,842
650,503
1,426,653
341,607
381,758

201407270755(201407270755)
309,842
651,102
1,426,653
342,475
382,410

201407270756(201407270756)
309,842
651,102
1,426,653
342,475
382,411

201407270757(201407270757)
309,994
651,939
1,428,860
342,812
382,411

201407270800(201407270800)
311,716
653,597
1,429,277
342,872
382,666

201407270801(201407270801)
311,716
653,597
1,429,277
342,872
382,666

201407270802(201407270802)
311,850
653,597
1,429,522
342,872
382,666

201407270805(201407270805)
312,118
653,597
1,431,730
343,126
382,666

201407270806(201407270806)
312,119
653,597
1,431,730
343,126
382,666

201407270807(201407270807)
312,726
653,597
1,431,730
343,181
382,666

201407270810(201407270810)
312,726
654,309
1,434,449
343,384
382,666

201407270811(201407270811)
313,417
655,741
1,434,449
343,933
382,666

201407270812(201407270812)
313,417
655,752
1,434,449
344,106
382,707

201407270815(201407270815)
313,881
656,685
1,435,864
344,630
383,696

201407270816(201407270816)
313,881
656,685
1,435,864
344,630
384,073

201407270817(201407270817)
313,881
656,685
1,435,864
344,710
384,073

201407270820(201407270820)
313,984
656,685
1,435,864
344,710
384,446

201407270821(201407270821)
314,612
656,685
1,435,864
344,710
384,729

201407270822(201407270822)
314,758
656,685
1,435,864
344,710
384,729

201407270825(201407270825)
314,760
657,123
1,435,864
345,169
384,772

201407270826(201407270826)
314,760
657,123
1,435,864
345,169
384,772

201407270827(201407270827)
314,807
657,123
1,435,864
345,543
384,772

201407270830(201407270830)
314,808
660,408
1,435,864
347,211
384,772

201407270831(201407270831)
314,808
660,408
1,435,864
347,211
385,389

201407270832(201407270832)
314,808
660,862
1,435,864
347,211
385,716

201407270835(201407270835)
315,546
662,113
1,435,864
347,481
386,013

201407270836(201407270836)
315,722
662,113
1,435,864
347,481
387,585

201407270837(201407270837)
315,722
662,113
1,435,864
347,481
387,585

201407270840(201407270840)
316,346
662,113
1,435,864
347,632
387,762

201407270841(201407270841)
316,788
662,113
1,435,864
348,107
387,762

201407270842(201407270842)
316,788
662,113
1,435,864
349,490
387,762

201407270845(201407270845)
316,788
662,113
1,436,659
350,054
390,070

201407270846(201407270846)
318,281
662,113
1,447,425
350,226
390,535

201407270847(201407270847)
318,281
662,113
1,447,425
350,226
390,535

201407270850(201407270850)
318,451
662,580
1,447,425
350,332
391,435

201407270851(201407270851)
318,622
664,524
1,447,425
350,332
391,768

201407270852(201407270852)
318,627
664,524
1,447,425
351,077
391,768

201407270855(201407270855)
318,627
666,704
1,447,425
353,271
392,023

201407270856(201407270856)
318,834
666,704
1,447,425
353,335
392,023

201407270857(201407270857)
318,834
666,704
1,450,369
353,335
392,023

201407270900(201407270900)
319,254
666,704
1,455,190
353,458
394,610

201407270901(201407270901)
319,516
666,704
1,455,190
354,204
394,659

201407270902(201407270902)
319,516
666,704
1,455,190
354,204
394,659

201407270905(201407270905)
319,953
668,159
1,455,190
355,312
396,593

201407270906(201407270906)
320,065
668,650
1,455,190
356,395
396,593

201407270907(201407270907)
320,941
668,650
1,455,190
356,395
396,593

201407270910(201407270910)
321,207
669,839
1,455,190
357,505
396,843

201407270911(201407270911)
321,207
670,427
1,455,190
357,554
397,040

201407270912(201407270912)
321,817
670,776
1,455,190
357,554
397,178

201407270915(201407270915)
322,294
670,776
1,455,190
357,798
397,332

201407270916(201407270916)
322,990
671,097
1,455,190
357,931
397,332

201407270917(201407270917)
322,990
671,363
1,455,190
358,043
398,334

201407270920(201407270920)
324,296
671,363
1,458,754
358,814
399,633

201407270921(201407270921)
324,296
671,363
1,458,754
358,814
399,962

201407270922(201407270922)
325,039
671,363
1,458,754
358,814
400,264

201407270925(201407270925)
325,507
671,708
1,460,901
360,482
400,347

201407270926(201407270926)
325,804
671,708
1,460,901
360,482
400,671

201407270927(201407270927)
325,846
672,780
1,460,901
360,482
400,870

201407270930(201407270930)
326,654
674,522
1,461,549
360,690
401,386

201407270931(201407270931)
326,654
676,334
1,461,549
361,408
401,386

201407270932(201407270932)
326,654
676,334
1,461,549
361,971
402,113

201407270935(201407270935)
326,654
676,334
1,461,549
362,005
402,113

201407270936(201407270936)
326,654
676,334
1,461,549
362,038
402,113

201407270937(201407270937)
326,735
679,206
1,461,549
362,058
402,113

201407270940(201407270940)
327,537
680,943
1,461,549
363,251
403,475

201407270941(201407270941)
327,570
680,943
1,461,549
364,600
403,475

201407270942(201407270942)
327,830
680,943
1,461,549
364,612
403,532

201407270945(201407270945)
328,254
683,491
1,461,549
364,612
404,891

201407270946(201407270946)
328,951
683,491
1,461,549
364,735
404,891

201407270947(201407270947)
329,427
683,491
1,461,549
364,735
404,891

201407270950(201407270950)
329,427
683,619
1,465,561
365,002
407,373

201407270951(201407270951)
329,427
683,619
1,465,561
365,402
407,542

201407270952(201407270952)
329,427
683,619
1,465,561
365,402
407,542

201407270955(201407270955)
329,493
683,726
1,465,561
365,904
409,524

201407270956(201407270956)
329,493
683,726
1,465,561
365,904
409,524

201407270957(201407270957)
330,051
683,726
1,465,561
365,904
410,652

201407271000(201407271000)
330,310
683,726
1,465,561
366,165
410,652

201407271001(201407271001)
331,028
683,726
1,465,561
366,165
410,652

201407271002(201407271002)
331,028
683,726
1,465,561
366,165
410,652

201407271005(201407271005)
331,028
683,726
1,465,561
368,092
410,743

201407271006(201407271006)
331,028
683,726
1,465,561
368,115
412,284

201407271007(201407271007)
331,028
683,726
1,466,812
368,115
412,284

201407271010(201407271010)
331,309
684,164
1,470,092
368,115
412,284

201407271011(201407271011)
331,309
684,164
1,470,092
368,128
412,284

201407271012(201407271012)
331,790
684,855
1,470,092
368,980
412,284

201407271015(201407271015)
333,689
685,057
1,470,092
368,980
412,688

201407271016(201407271016)
334,761
685,795
1,470,092
368,980
412,688

201407271017(201407271017)
334,987
686,155
1,470,092
369,037
412,688

201407271020(201407271020)
336,469
686,654
1,470,092
369,149
412,688

201407271021(201407271021)
336,469
688,460
1,470,092
369,149
413,392

201407271022(201407271022)
336,469
688,897
1,470,092
369,149
413,799

201407271025(201407271025)
338,125
690,364
1,470,092
369,806
413,889

201407271026(201407271026)
338,125
690,364
1,470,092
369,806
413,889

201407271027(201407271027)
338,130
690,711
1,475,408
369,806
413,889

201407271030(201407271030)
338,217
690,711
1,499,391
371,168
414,178

201407271031(201407271031)
338,217
690,711
1,499,391
371,168
414,337

201407271032(201407271032)
338,217
690,711
1,501,296
371,168
414,337

201407271035(201407271035)
339,272
690,711
1,501,296
371,570
414,337

201407271036(201407271036)
339,333
690,801
1,501,296
371,850
414,337

201407271037(201407271037)
339,333
693,222
1,501,296
373,309
415,414

