
201407251720(201407251720)
10,932
25,928
71,197
12,137
14,197

201407251721(201407251721)
11,352
27,026
76,554
12,895
14,664

201407251725(201407251725)
14,763
31,167
94,090
16,579
17,722

201407251726(201407251726)
15,830
31,946
95,515
16,953
18,166

201407251727(201407251727)
16,263
32,840
99,077
17,375
18,716

201407251730(201407251730)
16,951
35,000
108,989
18,554
19,723

201407251731(201407251731)
17,665
35,497
111,844
18,927
20,408

201407251732(201407251732)
18,059
36,514
113,563
19,233
20,763

201407251735(201407251735)
18,716
38,112
118,746
20,260
22,060

201407251736(201407251736)
19,264
39,586
120,949
20,732
22,601

201407251737(201407251737)
19,445
40,175
123,233
21,096
23,098

201407251740(201407251740)
20,057
41,643
137,466
22,107
23,762

201407251741(201407251741)
20,858
41,951
138,324
22,777
24,706

201407251742(201407251742)
21,152
42,472
140,903
23,004
24,987

201407251745(201407251745)
21,717
43,295
148,800
23,958
26,073

201407251746(201407251746)
22,062
44,566
152,300
24,197
26,267

201407251747(201407251747)
22,401
44,950
155,662
24,443
26,468

201407251750(201407251750)
23,061
46,543
160,821
24,723
27,304

201407251751(201407251751)
23,779
47,229
161,607
25,488
27,568

201407251752(201407251752)
23,952
47,349
166,291
25,883
28,129

201407251755(201407251755)
24,679
49,413
175,475
26,273
28,887

201407251756(201407251756)
24,987
49,831
177,325
26,943
29,144

201407251757(201407251757)
24,987
49,831
177,325
26,943
29,144

201407251800(201407251800)
25,607
50,779
183,574
27,675
29,781

201407251801(201407251801)
26,130
51,901
189,670
28,256
30,059

201407251802(201407251802)
26,435
52,241
190,243
28,578
30,335

201407251805(201407251805)
27,177
53,846
199,710
29,327
31,146

201407251806(201407251806)
27,450
54,438
202,008
29,530
31,303

201407251807(201407251807)
27,875
55,094
202,008
29,804
31,513

201407251810(201407251810)
28,691
56,404
203,450
30,472
32,482

201407251811(201407251811)
29,050
57,192
208,909
30,684
32,789

201407251812(201407251812)
29,143
57,531
215,430
30,870
32,879

201407251815(201407251815)
29,712
58,977
219,079
31,260
33,426

201407251816(201407251816)
29,848
59,579
221,394
31,385
33,680

201407251817(201407251817)
29,989
60,155
224,151
31,618
33,842

201407251820(201407251820)
30,360
61,693
228,528
32,053
34,475

201407251821(201407251821)
30,399
62,029
232,915
32,230
34,682

201407251822(201407251822)
30,618
63,187
234,125
32,540
34,801

201407251825(201407251825)
31,134
64,610
246,824
33,192
35,566

201407251826(201407251826)
31,275
65,624
246,979
33,321
35,782

201407251827(201407251827)
31,444
65,672
252,159
33,476
36,068

201407251830(201407251830)
32,053
66,276
253,587
34,078
36,579

201407251831(201407251831)
32,283
66,644
253,811
34,277
36,983

201407251832(201407251832)
32,519
67,175
254,277
34,595
37,244

201407251835(201407251835)
32,879
68,674
263,046
35,205
38,087

201407251836(201407251836)
32,997
69,515
267,069
35,367
38,158

201407251837(201407251837)
33,308
69,822
267,069
35,557
38,721

201407251840(201407251840)
33,770
70,710
273,891
36,027
39,406

201407251841(201407251841)
33,873
70,986
273,922
36,362
39,630

201407251842(201407251842)
33,985
71,241
274,143
36,412
39,804

201407251845(201407251845)
34,494
71,845
276,598
37,035
40,437

201407251846(201407251846)
34,682
72,465
281,757
37,158
40,712

201407251847(201407251847)
34,847
72,662
289,688
37,552
40,848

201407251850(201407251850)
35,368
75,036
298,764
38,211
41,531

201407251851(201407251851)
35,582
75,230
299,665
38,601
41,900

201407251852(201407251852)
35,744
75,397
299,665
38,839
42,281

201407251855(201407251855)
36,412
76,640
302,849
39,534
42,649

201407251856(201407251856)
36,544
77,064
302,849
39,699
42,726

201407251857(201407251857)
36,581
77,472
303,526
39,791
42,855

201407251900(201407251900)
37,276
78,730
306,254
40,388
43,359

201407251901(201407251901)
37,439
79,207
306,254
40,578
43,465

201407251902(201407251902)
37,699
79,642
306,254
40,785
43,519

201407251905(201407251905)
38,245
81,150
306,254
41,361
44,254

201407251906(201407251906)
38,430
81,402
307,506
41,396
44,372

201407251907(201407251907)
38,721
81,815
308,227
41,482
44,379

201407251910(201407251910)
39,330
83,316
312,758
41,969
45,097

201407251911(201407251911)
39,466
84,005
314,123
42,088
45,128

201407251912(201407251912)
39,630
84,214
314,123
42,330
45,339

201407251915(201407251915)
40,001
85,757
314,792
42,743
45,964

201407251916(201407251916)
40,107
85,815
318,406
42,817
46,178

201407251917(201407251917)
40,276
86,381
319,141
42,884
46,334

201407251920(201407251920)
40,785
88,233
321,144
43,191
46,518

201407251921(201407251921)
40,848
88,518
321,144
43,330
46,664

201407251922(201407251922)
41,000
88,901
321,144
43,359
46,869

201407251925(201407251925)
41,482
90,998
331,885
43,826
47,384

201407251926(201407251926)
41,688
91,651
335,092
44,135
47,450

201407251927(201407251927)
41,900
91,651
340,716
44,308
47,581

201407251930(201407251930)
42,329
93,547
341,306
44,572
48,035

201407251931(201407251931)
42,572
93,932
347,330
44,927
48,226

201407251932(201407251932)
42,645
94,128
347,330
45,097
48,445

201407251935(201407251935)
42,892
95,051
350,211
45,488
49,247

201407251936(201407251936)
42,973
95,727
350,996
45,704
49,451

201407251937(201407251937)
43,099
95,758
350,996
45,814
49,927

201407251940(201407251940)
43,378
97,976
356,972
46,334
50,512

201407251941(201407251941)
43,606
98,199
358,054
46,445
50,698

201407251942(201407251942)
43,679
98,199
363,904
46,664
51,047

201407251945(201407251945)
44,254
99,304
363,904
47,253
52,098

201407251946(201407251946)
44,265
100,009
365,039
47,349
52,215

201407251947(201407251947)
44,314
100,378
365,846
47,384
52,226

201407251950(201407251950)
44,636
101,932
371,817
47,827
52,925

201407251951(201407251951)
44,913
101,988
374,957
48,035
53,187

201407251952(201407251952)
45,009
103,056
379,116
48,149
53,601

201407251955(201407251955)
45,339
103,308
379,116
48,563
53,801

201407251956(201407251956)
45,394
103,509
379,116
48,707
54,138

201407251957(201407251957)
45,488
103,965
379,116
48,925
54,245

201407252000(201407252000)
45,862
105,324
386,388
49,654
55,149

201407252001(201407252001)
46,178
105,740
386,388
50,311
55,268

201407252002(201407252002)
46,279
105,740
388,943
50,445
55,560

201407252005(201407252005)
46,519
106,029
388,943
50,637
55,936

201407252006(201407252006)
46,869
106,152
393,709
50,863
56,274

201407252007(201407252007)
46,881
106,160
402,388
50,965
56,404

201407252010(201407252010)
47,457
106,757
405,498
51,514
56,824

201407252011(201407252011)
47,602
106,794
405,585
51,738
57,068

201407252012(201407252012)
47,613
107,277
406,170
52,036
57,278

201407252015(201407252015)
47,903
108,451
409,922
52,283
57,976

201407252016(201407252016)
48,085
108,990
413,225
52,420
58,199

201407252017(201407252017)
48,149
109,437
413,225
52,897
58,329

201407252020(201407252020)
48,743
110,703
414,178
53,341
58,692

201407252021(201407252021)
49,106
111,176
414,178
53,612
59,208

201407252022(201407252022)
49,247
111,926
414,178
53,758
59,376

201407252025(201407252025)
50,119
112,654
419,611
54,830
60,214

201407252026(201407252026)
50,402
113,591
419,611
55,196
60,347

201407252027(201407252027)
50,687
113,934
424,586
55,346
60,886

201407252030(201407252030)
51,347
115,239
424,586
56,107
61,333

201407252031(201407252031)
51,552
115,606
428,591
56,404
61,514

201407252032(201407252032)
52,107
116,740
431,486
56,780
61,751

201407252035(201407252035)
52,528
118,078
432,948
57,278
62,215

201407252036(201407252036)
52,843
118,254
432,948
57,535
62,505

201407252037(201407252037)
52,859
119,749
437,974
57,767
62,530

201407252040(201407252040)
53,528
121,188
446,237
58,451
63,187

201407252041(201407252041)
53,687
121,730
450,740
58,692
63,530

201407252042(201407252042)
53,888
121,790
453,340
59,019
63,944

201407252045(201407252045)
54,835
121,949
453,340
59,727
64,695

201407252046(201407252046)
54,972
122,347
453,340
60,018
65,060

201407252047(201407252047)
55,157
122,347
453,601
60,155
65,104

201407252050(201407252050)
55,419
123,297
456,398
60,439
65,842

201407252051(201407252051)
55,706
123,590
456,398
60,842
66,071

201407252052(201407252052)
55,936
123,590
456,398
60,886
66,307

201407252055(201407252055)
56,461
125,042
466,205
61,529
67,015

201407252056(201407252056)
56,520
125,498
466,205
61,693
67,210

201407252057(201407252057)
56,770
125,963
466,205
61,769
67,344

201407252100(201407252100)
57,535
127,062
466,205
62,345
68,075

201407252101(201407252101)
58,145
127,069
466,205
62,727
68,488

201407252102(201407252102)
58,329
127,069
469,879
62,949
68,903

201407252105(201407252105)
59,009
128,186
469,879
63,506
69,616

201407252106(201407252106)
59,135
129,175
476,703
63,765
69,657

201407252107(201407252107)
59,472
129,299
481,500
63,944
70,269

201407252110(201407252110)
59,778
131,476
489,067
64,482
70,582

201407252111(201407252111)
60,015
131,778
489,067
64,610
70,650

201407252112(201407252112)
60,260
132,294
492,423
64,791
70,710

201407252115(201407252115)
60,700
132,491
492,423
65,379
71,279

201407252116(201407252116)
60,886
132,739
492,782
65,678
71,333

201407252117(201407252117)
60,966
133,020
492,782
65,789
71,467

201407252120(201407252120)
61,693
133,820
493,777
66,470
72,155

201407252121(201407252121)
61,897
134,065
495,671
66,795
72,606

201407252122(201407252122)
62,033
134,480
495,671
66,996
72,610

201407252125(201407252125)
62,345
135,914
497,163
67,944
74,058

201407252126(201407252126)
62,720
136,500
498,839
68,314
74,253

201407252127(201407252127)
63,087
136,890
501,061
68,597
74,560

201407252130(201407252130)
63,602
137,711
504,886
69,053
75,230

201407252131(201407252131)
63,944
137,831
505,644
69,290
75,482

201407252132(201407252132)
64,029
138,735
505,644
69,457
75,616

201407252135(201407252135)
64,834
141,028
505,644
70,343
76,614

201407252136(201407252136)
65,292
141,212
505,644
70,372
76,846

201407252137(201407252137)
65,379
142,871
505,644
70,582
76,923

201407252140(201407252140)
65,842
145,188
506,746
71,004
77,382

201407252141(201407252141)
66,217
145,433
506,746
71,189
77,413

201407252142(201407252142)
66,449
145,512
506,746
71,337
77,515

201407252145(201407252145)
66,996
149,082
506,746
71,947
78,644

201407252146(201407252146)
67,158
149,331
510,344
72,149
78,758

201407252147(201407252147)
67,254
149,850
511,010
72,606
78,910

201407252150(201407252150)
67,732
150,605
511,017
73,242
79,794

201407252151(201407252151)
67,799
150,753
511,017
73,730
79,911

201407252152(201407252152)
67,930
150,909
511,017
73,804
79,911

201407252155(201407252155)
69,053
151,254
512,670
74,334
80,633

201407252156(201407252156)
69,101
151,293
517,855
74,544
80,633

201407252157(201407252157)
69,457
151,594
521,726
74,641
80,758

201407252200(201407252200)
70,092
152,053
529,662
75,576
81,521

201407252201(201407252201)
70,324
152,062
529,662
75,616
82,213

201407252202(201407252202)
70,385
152,062
533,163
76,279
82,445

201407252205(201407252205)
70,698
152,645
533,163
76,885
82,984

201407252206(201407252206)
71,000
153,215
533,163
76,926
83,316

201407252207(201407252207)
71,098
153,288
533,163
77,209
83,651

201407252210(201407252210)
71,530
154,064
533,163
77,543
84,237

201407252211(201407252211)
71,603
154,890
533,163
77,935
85,161

201407252212(201407252212)
71,777
154,960
533,163
77,983
85,184

201407252215(201407252215)
72,235
156,365
535,490
78,667
85,918

201407252216(201407252216)
72,622
156,781
537,980
78,762
85,918

201407252217(201407252217)
72,681
157,413
537,980
78,762
86,091

201407252220(201407252220)
73,660
158,041
539,955
79,593
86,345

201407252221(201407252221)
73,730
159,517
539,955
79,678
86,963

201407252222(201407252222)
74,058
159,849
548,552
79,794
87,872

201407252225(201407252225)
74,667
161,526
550,782
80,703
88,730

201407252226(201407252226)
75,176
162,246
555,323
80,758
89,146

201407252227(201407252227)
75,482
162,918
555,323
81,208
89,436

201407252230(201407252230)
76,245
164,244
557,012
81,965
90,206

201407252231(201407252231)
76,425
164,244
557,012
82,031
90,832

201407252232(201407252232)
76,640
165,471
557,012
82,440
90,864

201407252235(201407252235)
76,926
168,331
557,012
83,024
91,288

201407252236(201407252236)
77,098
168,750
557,012
83,106
91,496

201407252237(201407252237)
77,248
168,750
557,012
83,316
91,743

201407252240(201407252240)
77,727
169,093
557,613
83,874
93,141

201407252241(201407252241)
77,935
169,494
557,613
84,257
93,232

201407252242(201407252242)
77,983
170,058
557,613
84,943
93,440

201407252245(201407252245)
79,227
175,280
557,613
85,647
94,225

201407252246(201407252246)
79,599
175,336
564,150
85,843
94,860

201407252247(201407252247)
79,669
175,336
566,001
86,339
94,972

201407252250(201407252250)
80,175
175,778
576,465
87,485
96,625

201407252251(201407252251)
80,470
175,778
577,048
87,872
97,342

201407252252(201407252252)
80,560
176,086
577,048
87,882
97,342

201407252255(201407252255)
80,836
177,067
579,777
88,534
98,099

201407252256(201407252256)
80,868
177,067
581,081
88,677
98,240

201407252257(201407252257)
80,921
178,216
584,021
88,933
98,505

201407252300(201407252300)
81,321
178,983
585,745
89,413
99,106

201407252301(201407252301)
81,476
179,097
591,005
89,415
99,106

201407252302(201407252302)
81,690
180,383
596,027
89,436
99,720

201407252305(201407252305)
82,673
181,834
598,759
90,123
100,949

201407252306(201407252306)
82,775
181,919
598,759
90,754
101,284

201407252307(201407252307)
83,026
182,422
599,555
91,124
101,784

201407252310(201407252310)
84,038
183,514
599,555
91,765
102,902

201407252311(201407252311)
84,284
183,926
601,123
92,085
103,208

201407252312(201407252312)
84,647
185,005
601,123
92,086
103,652

201407252315(201407252315)
86,060
186,369
601,535
93,779
104,096

201407252316(201407252316)
86,249
187,556
601,535
93,932
104,198

201407252317(201407252317)
86,335
187,631
601,535
94,067
104,471

201407252320(201407252320)
87,213
190,272
607,004
94,441
104,836

201407252321(201407252321)
87,338
191,270
609,682
94,972
104,928

201407252322(201407252322)
87,872
191,666
612,392
95,004
105,207

201407252325(201407252325)
88,326
193,012
615,137
95,758
105,676

201407252326(201407252326)
88,406
193,238
615,137
96,407
105,780

201407252327(201407252327)
88,463
193,238
617,855
96,637
105,780

201407252330(201407252330)
88,677
194,260
622,624
97,548
106,596

201407252331(201407252331)
89,080
194,260
622,624
97,798
106,794

201407252332(201407252332)
89,424
194,937
622,762
97,834
106,817

201407252335(201407252335)
89,592
196,124
627,361
98,505
107,207

201407252336(201407252336)
89,879
196,692
627,361
98,505
107,207

201407252337(201407252337)
89,915
198,193
627,361
98,919
107,363

201407252340(201407252340)
90,543
200,943
627,415
99,442
108,268

201407252341(201407252341)
90,605
201,050
629,086
99,720
108,451

201407252342(201407252342)
90,670
201,063
629,086
100,009
108,646

201407252345(201407252345)
91,229
201,855
634,547
100,887
109,182

201407252346(201407252346)
91,291
203,035
639,615
100,949
109,248

201407252347(201407252347)
91,695
203,036
647,933
100,949
109,695

201407252350(201407252350)
92,190
203,680
649,766
101,997
110,638

201407252351(201407252351)
92,606
203,680
649,766
102,477
111,090

201407252352(201407252352)
92,682
204,148
649,766
102,975
111,658

201407252355(201407252355)
93,355
205,723
655,755
103,207
112,314

201407252356(201407252356)
93,440
205,723
657,999
103,301
112,395

201407252357(201407252357)
93,802
206,186
659,577
103,830
112,620

201407260000(201407260000)
93,959
207,446
659,787
104,128
113,233

201407260001(201407260001)
94,225
209,152
662,256
104,198
113,246

201407260002(201407260002)
94,441
209,152
663,749
104,297
113,778

201407260005(201407260005)
95,372
210,022
672,174
104,743
114,887

201407260006(201407260006)
95,515
210,022
672,174
105,086
114,932

201407260007(201407260007)
96,241
210,100
672,174
105,207
115,137

201407260010(201407260010)
96,542
211,345
673,587
105,740
115,793

201407260011(201407260011)
96,923
211,345
673,587
105,743
116,153

201407260012(201407260012)
97,191
211,614
673,587
105,827
116,400

201407260015(201407260015)
97,822
213,368
673,587
106,160
116,935

201407260016(201407260016)
98,009
213,995
673,587
106,302
117,050

201407260017(201407260017)
98,206
215,008
673,587
106,596
117,161

201407260020(201407260020)
98,882
215,161
673,587
107,078
117,960

201407260021(201407260021)
98,882
215,161
674,306
107,143
117,960

201407260022(201407260022)
99,160
215,161
674,306
107,363
118,363

201407260025(201407260025)
100,139
215,488
674,306
108,043
119,246

201407260026(201407260026)
100,395
215,526
674,306
108,486
119,564

201407260027(201407260027)
100,545
215,526
674,306
108,646
119,791

201407260030(201407260030)
100,949
216,935
674,306
109,248
120,329

201407260031(201407260031)
101,107
217,112
674,337
109,692
120,329

201407260032(201407260032)
101,302
217,209
674,337
110,100
120,524

201407260035(201407260035)
101,994
219,310
676,518
111,173
121,295

201407260036(201407260036)
102,031
219,310
678,681
111,658
122,347

201407260037(201407260037)
102,031
219,776
680,236
111,660
122,610

201407260040(201407260040)
103,048
222,276
680,236
112,170
123,098

201407260041(201407260041)
103,212
222,276
680,236
112,318
123,297

201407260042(201407260042)
103,536
222,385
680,236
112,395
123,428

201407260045(201407260045)
104,073
223,892
680,934
112,754
124,060

201407260046(201407260046)
104,128
223,892
680,934
113,459
124,286

201407260047(201407260047)
104,134
225,000
681,524
113,961
124,579

201407260050(201407260050)
104,743
225,215
681,524
114,621
124,961

201407260051(201407260051)
104,781
225,215
681,524
114,830
125,015

201407260052(201407260052)
104,905
225,865
681,524
114,916
125,090

201407260055(201407260055)
105,603
225,934
681,524
116,047
125,727

201407260056(201407260056)
105,691
225,934
681,524
116,422
125,815

201407260057(201407260057)
105,700
226,178
686,157
116,422
126,228

201407260100(201407260100)
105,925
227,928
687,668
116,887
126,906

201407260101(201407260101)
106,302
228,103
698,535
117,161
127,134

201407260102(201407260102)
106,736
228,393
704,212
117,548
127,743

201407260105(201407260105)
107,078
228,495
704,212
118,348
128,062

201407260106(201407260106)
107,207
228,997
704,212
118,535
128,181

201407260107(201407260107)
107,207
228,997
706,995
118,650
128,434

201407260110(201407260110)
107,613
229,240
708,226
118,746
128,873

201407260111(201407260111)
107,633
229,240
708,226
118,910
129,392

201407260112(201407260112)
107,747
229,437
708,226
119,033
129,657

201407260115(201407260115)
108,451
230,557
708,226
119,704
130,062

201407260116(201407260116)
108,451
231,167
712,314
119,828
130,337

201407260117(201407260117)
108,486
232,030
713,567
120,083
130,337

201407260120(201407260120)
108,594
235,374
713,567
120,083
130,693

201407260121(201407260121)
108,716
236,600
714,196
120,092
130,719

201407260122(201407260122)
108,864
236,600
714,196
120,092
130,824

201407260125(201407260125)
110,027
236,971
714,196
120,451
132,294

201407260126(201407260126)
110,448
236,971
716,227
120,487
132,401

201407260127(201407260127)
110,448
236,971
717,131
120,823
132,401

201407260130(201407260130)
110,534
240,278
718,372
122,045
132,637

201407260131(201407260131)
110,815
240,575
718,642
122,088
132,637

201407260132(201407260132)
110,962
240,939
718,642
122,451
132,739

201407260135(201407260135)
111,597
243,817
720,209
123,098
133,020

201407260136(201407260136)
111,659
245,344
720,209
123,344
133,082

201407260137(201407260137)
111,864
245,344
720,456
123,713
133,374

201407260140(201407260140)
112,314
246,380
720,456
124,305
134,065

201407260141(201407260141)
112,314
246,447
720,456
124,421
134,261

201407260142(201407260142)
112,395
246,876
720,456
124,450
134,270

201407260145(201407260145)
112,754
247,743
720,456
124,907
134,608

201407260146(201407260146)
113,291
247,889
723,546
124,961
134,837

201407260147(201407260147)
113,291
247,889
739,546
125,056
135,393

201407260150(201407260150)
113,946
248,093
739,663
125,125
135,659

201407260151(201407260151)
114,621
248,093
739,663
125,125
135,726

201407260152(201407260152)
114,649
248,923
739,663
125,143
135,726

201407260155(201407260155)
115,605
249,075
745,020
125,688
135,963

201407260156(201407260156)
115,742
249,775
745,020
125,719
135,994

201407260157(201407260157)
115,742
249,903
745,020
125,909
136,257

201407260200(201407260200)
116,833
250,014
745,020
126,381
136,529

201407260201(201407260201)
116,887
250,307
745,020
126,528
136,738

201407260202(201407260202)
116,887
250,307
745,020
126,542
136,738

201407260205(201407260205)
117,102
250,627
746,130
127,067
137,569

201407260206(201407260206)
117,111
250,627
746,130
127,067
137,822

201407260207(201407260207)
117,111
250,886
746,130
127,067
138,080

201407260210(201407260210)
117,234
251,842
746,130
127,240
138,083

201407260211(201407260211)
117,547
251,842
746,130
127,653
138,083

201407260212(201407260212)
117,547
252,159
746,130
127,653
138,366

201407260215(201407260215)
117,846
252,884
746,130
127,864
138,505

201407260216(201407260216)
118,313
252,884
746,130
128,047
138,505

201407260217(201407260217)
118,348
252,884
746,130
128,176
139,470

201407260220(201407260220)
118,746
253,980
748,967
128,342
140,410

201407260221(201407260221)
118,746
253,980
748,967
128,721
140,591

201407260222(201407260222)
119,180
253,980
748,967
128,721
140,735

201407260225(201407260225)
119,564
254,124
748,967
129,392
140,977

201407260226(201407260226)
119,704
254,387
748,967
129,489
141,102

201407260227(201407260227)
119,791
254,387
748,967
129,586
141,890

201407260230(201407260230)
119,828
256,961
752,385
129,933
141,890

201407260231(201407260231)
119,829
256,961
752,727
129,933
142,090

201407260232(201407260232)
119,978
257,355
752,727
129,933
142,104

201407260235(201407260235)
120,092
258,170
764,318
129,933
142,181

201407260236(201407260236)
120,092
258,170
765,505
130,062
142,367

201407260237(201407260237)
120,360
258,170
765,505
130,129
142,536

201407260240(201407260240)
120,428
260,712
765,505
130,470
142,821

201407260241(201407260241)
120,428
260,712
765,505
130,599
142,821

201407260242(201407260242)
120,487
260,712
767,763
130,719
142,931

201407260245(201407260245)
120,524
260,712
776,072
130,896
143,017

201407260246(201407260246)
120,823
260,712
778,950
130,910
143,108

201407260247(201407260247)
120,868
260,712
781,813
131,187
143,298

201407260250(201407260250)
120,955
261,744
790,188
131,353
144,309

201407260251(201407260251)
120,955
261,744
792,984
131,384
144,309

201407260252(201407260252)
121,295
261,744
795,325
131,400
144,663

201407260255(201407260255)
121,780
263,667
795,325
131,871
145,011

201407260256(201407260256)
121,863
263,667
801,377
131,871
145,011

201407260257(201407260257)
121,863
263,667
801,377
131,871
145,011

201407260300(201407260300)
121,867
264,681
801,377
131,991
145,028

201407260301(201407260301)
121,867
264,681
801,377
132,155
145,401

201407260302(201407260302)
122,088
264,681
801,377
132,157
145,401

201407260305(201407260305)
122,347
264,845
807,863
132,294
145,462

201407260306(201407260306)
122,451
264,845
807,863
132,368
145,462

201407260307(201407260307)
122,451
265,218
807,863
132,491
146,009

201407260310(201407260310)
122,644
267,480
807,863
132,541
146,228

201407260311(201407260311)
122,765
268,467
810,788
132,720
146,336

201407260312(201407260312)
122,986
268,841
810,788
132,739
146,666

201407260315(201407260315)
123,344
269,465
810,788
133,046
146,971

201407260316(201407260316)
123,344
269,465
810,788
133,046
147,403

201407260317(201407260317)
123,713
269,465
810,788
133,082
147,423

201407260320(201407260320)
124,064
269,465
810,788
133,374
147,548

201407260321(201407260321)
124,300
269,465
810,788
133,385
147,548

201407260322(201407260322)
124,300
269,577
810,788
133,598
147,548

201407260325(201407260325)
124,421
270,822
810,788
133,766
147,964

201407260326(201407260326)
125,027
270,822
810,788
133,921
148,916

201407260327(201407260327)
125,125
270,822
810,788
134,172
148,916

201407260330(201407260330)
125,143
270,822
811,412
134,751
149,672

201407260331(201407260331)
125,143
271,009
819,398
134,751
149,672

201407260332(201407260332)
125,300
271,009
823,251
134,774
149,752

201407260335(201407260335)
125,509
271,234
823,251
135,456
149,977

201407260336(201407260336)
125,509
271,234
823,251
135,470
149,977

201407260337(201407260337)
125,688
271,234
823,251
135,488
150,066

201407260340(201407260340)
125,815
272,436
823,251
135,544
150,082

201407260341(201407260341)
125,815
272,436
823,251
135,726
150,082

201407260342(201407260342)
125,909
272,436
823,251
135,726
150,082

201407260345(201407260345)
126,228
272,447
824,940
135,869
150,312

201407260346(201407260346)
126,228
272,447
824,940
135,869
150,312

201407260347(201407260347)
126,228
272,447
824,940
135,919
150,312

201407260350(201407260350)
126,228
272,447
824,940
135,994
150,312

201407260351(201407260351)
126,281
272,447
824,940
136,164
150,312

201407260352(201407260352)
126,281
272,447
824,940
136,164
150,341

201407260355(201407260355)
126,281
272,447
824,940
136,164
150,451

201407260356(201407260356)
126,281
272,971
824,940
136,164
150,479

201407260357(201407260357)
126,281
272,971
824,940
136,285
150,530

201407260400(201407260400)
126,319
272,971
824,940
136,285
150,530

201407260401(201407260401)
126,319
272,971
824,940
136,285
150,530

201407260402(201407260402)
126,542
272,971
824,940
136,285
150,530

201407260405(201407260405)
126,701
273,654
826,732
136,529
150,605

201407260406(201407260406)
127,045
273,654
826,732
136,614
150,633

201407260407(201407260407)
127,045
273,654
826,732
136,738
150,633

201407260410(201407260410)
127,233
274,811
826,732
137,374
150,750

201407260411(201407260411)
127,297
274,811
826,732
137,374
150,750

201407260412(201407260412)
127,297
274,816
826,732
137,569
150,753

201407260415(201407260415)
127,330
275,603
826,732
137,569
150,773

201407260416(201407260416)
127,330
275,603
826,732
137,569
150,773

201407260417(201407260417)
127,580
275,603
826,732
137,569
150,773

201407260420(201407260420)
127,609
276,160
826,732
137,822
150,850

201407260421(201407260421)
127,609
276,925
826,732
137,822
150,850

201407260422(201407260422)
127,864
276,925
826,732
138,050
150,850

201407260425(201407260425)
128,047
276,925
826,732
138,136
150,947

201407260426(201407260426)
128,047
276,925
826,732
138,136
150,947

201407260427(201407260427)
128,062
277,085
826,732
138,136
150,947

201407260430(201407260430)
128,431
277,263
830,654
138,320
151,068

201407260431(201407260431)
128,438
277,492
830,654
138,498
151,068

201407260432(201407260432)
128,510
277,492
830,654
138,505
151,103

201407260435(201407260435)
128,815
277,492
833,568
139,101
151,149

201407260436(201407260436)
128,815
277,631
833,568
139,388
151,149

201407260437(201407260437)
128,815
277,631
836,496
139,388
151,254

201407260440(201407260440)
128,861
277,631
838,383
139,388
151,293

201407260441(201407260441)
128,861
277,631
838,383
139,388
151,293

201407260442(201407260442)
128,861
277,631
838,383
139,388
151,293

201407260445(201407260445)
129,004
277,648
838,383
139,490
151,293

201407260446(201407260446)
129,004
277,648
838,383
139,490
151,293

201407260447(201407260447)
129,004
278,034
838,383
139,490
151,293

201407260450(201407260450)
129,318
279,684
838,383
139,615
151,347

201407260451(201407260451)
129,318
279,684
838,383
139,615
151,444

201407260452(201407260452)
129,318
279,684
838,383
139,772
151,444

201407260455(201407260455)
129,318
279,684
838,383
139,772
151,444

201407260456(201407260456)
129,318
279,684
838,383
139,772
151,444

201407260457(201407260457)
129,392
279,684
838,383
139,772
151,464

201407260500(201407260500)
129,489
279,684
838,383
140,497
151,792

201407260501(201407260501)
129,489
279,684
838,383
140,497
151,792

201407260502(201407260502)
129,489
279,684
838,383
140,554
152,019

201407260505(201407260505)
129,933
279,684
838,383
140,735
152,019

201407260506(201407260506)
129,933
279,804
838,383
140,735
152,019

201407260507(201407260507)
129,933
279,804
838,383
140,735
152,053

201407260510(201407260510)
130,041
280,555
838,383
140,789
152,114

201407260511(201407260511)
130,041
280,555
838,383
140,789
152,318

201407260512(201407260512)
130,062
280,555
838,383
140,789
152,318

201407260515(201407260515)
130,381
280,555
838,383
141,102
152,326

201407260516(201407260516)
130,381
280,555
838,383
141,102
152,351

201407260517(201407260517)
130,381
280,555
838,383
141,102
152,485

201407260520(201407260520)
130,428
280,902
838,383
141,251
152,485

201407260521(201407260521)
130,428
280,902
838,383
141,251
152,485

201407260522(201407260522)
130,599
280,902
838,383
141,251
152,485

201407260525(201407260525)
130,896
280,960
838,383
141,581
152,636

201407260526(201407260526)
130,896
280,960
838,383
141,890
153,374

201407260527(201407260527)
130,910
280,960
838,383
141,890
153,374

201407260530(201407260530)
130,910
280,960
838,383
142,348
153,869

201407260531(201407260531)
130,910
280,960
838,383
142,787
153,959

201407260532(201407260532)
131,187
280,960
838,446
142,787
153,959

201407260535(201407260535)
131,259
281,273
841,470
142,931
154,013

201407260536(201407260536)
131,353
281,273
841,470
143,017
154,074

201407260537(201407260537)
131,804
281,273
841,470
143,017
154,074

201407260540(201407260540)
131,804
281,273
841,470
143,293
154,334

201407260541(201407260541)
131,804
281,273
841,470
143,293
154,334

201407260542(201407260542)
132,122
281,273
841,470
143,376
154,357

201407260545(201407260545)
132,294
281,789
841,470
144,309
154,586

201407260546(201407260546)
132,294
281,789
841,470
144,777
154,870

201407260547(201407260547)
132,338
282,416
841,470
144,777
154,870

201407260550(201407260550)
132,338
282,416
841,470
145,028
154,878

201407260551(201407260551)
132,368
282,416
841,470
145,028
155,000

201407260552(201407260552)
132,368
282,416
841,470
145,028
155,052

201407260555(201407260555)
132,368
282,726
841,470
145,401
155,052

201407260556(201407260556)
132,401
282,726
841,470
145,401
155,113

201407260557(201407260557)
132,541
282,726
841,470
145,426
155,113

201407260600(201407260600)
132,720
283,483
841,470
145,559
155,136

201407260601(201407260601)
132,720
283,483
841,470
145,559
155,288

201407260602(201407260602)
132,739
283,483
841,470
145,559
155,288

201407260605(201407260605)
133,354
284,509
850,383
146,009
155,497

201407260606(201407260606)
133,354
284,509
850,454
146,318
155,571

201407260607(201407260607)
133,374
284,592
850,454
146,318
155,571

201407260610(201407260610)
134,065
284,592
850,454
146,699
155,603

201407260611(201407260611)
134,172
284,592
850,454
147,585
155,664

201407260612(201407260612)
134,172
284,592
850,454
147,964
155,777

201407260615(201407260615)
134,314
285,004
851,001
149,418
156,157

201407260616(201407260616)
134,314
285,004
851,001
149,418
156,157

201407260617(201407260617)
134,553
285,110
851,001
149,418
156,371

201407260620(201407260620)
135,054
285,110
851,001
149,633
156,371

201407260621(201407260621)
135,222
285,319
851,001
149,633
156,551

201407260622(201407260622)
135,338
285,319
851,001
149,725
156,558

201407260625(201407260625)
135,470
286,895
851,001
149,977
156,676

201407260626(201407260626)
135,544
287,273
851,001
150,019
156,752

201407260627(201407260627)
135,544
287,722
851,001
150,019
156,752

201407260630(201407260630)
135,726
287,722
851,001
150,068
156,897

201407260631(201407260631)
135,726
287,722
851,187
150,082
156,897

201407260632(201407260632)
135,869
287,722
853,224
150,082
156,955

201407260635(201407260635)
135,919
288,077
857,021
150,095
157,619

201407260636(201407260636)
136,136
288,164
857,021
150,134
157,619

201407260637(201407260637)
136,136
288,164
857,021
150,312
157,619

201407260640(201407260640)
136,235
289,722
857,021
150,341
158,343

201407260641(201407260641)
136,285
290,557
857,021
150,341
158,343

201407260642(201407260642)
136,285
290,557
857,021
150,341
158,379

201407260645(201407260645)
136,500
290,557
857,021
150,451
158,379

201407260646(201407260646)
136,614
290,557
857,021
150,451
158,379

201407260647(201407260647)
136,614
291,100
857,021
150,479
158,745

201407260650(201407260650)
136,717
293,353
862,229
150,602
159,150

201407260651(201407260651)
136,717
293,353
862,229
150,602
159,150

201407260652(201407260652)
137,060
293,353
862,229
150,605
159,197

201407260655(201407260655)
137,980
293,488
862,229
150,694
159,426

201407260656(201407260656)
138,175
293,488
862,229
150,750
159,468

201407260657(201407260657)
138,175
293,488
862,229
150,753
159,473

201407260700(201407260700)
138,201
294,561
862,229
150,822
159,888

201407260701(201407260701)
138,320
295,180
862,229
150,822
159,888

201407260702(201407260702)
138,451
295,953
862,229
150,896
160,042

201407260705(201407260705)
139,101
297,124
862,229
151,103
160,889

201407260706(201407260706)
139,274
297,124
862,229
151,103
160,889

201407260707(201407260707)
139,274
297,124
862,229
151,103
160,889

201407260710(201407260710)
139,388
299,770
862,229
151,125
161,474

201407260711(201407260711)
139,388
299,770
863,215
151,149
161,817

201407260712(201407260712)
139,388
299,770
863,390
151,149
161,817

201407260715(201407260715)
139,444
300,509
869,828
151,149
161,817

201407260716(201407260716)
139,490
300,974
869,828
151,149
161,817

201407260717(201407260717)
139,490
300,974
869,828
151,149
161,817

201407260720(201407260720)
139,772
301,520
872,743
151,156
162,147

201407260721(201407260721)
139,772
301,520
874,254
151,250
162,152

201407260722(201407260722)
140,452
301,586
877,901
151,289
162,152

201407260725(201407260725)
140,554
301,913
877,901
151,347
162,713

201407260726(201407260726)
140,710
302,287
877,901
151,347
163,091

201407260727(201407260727)
140,710
302,393
877,901
151,444
163,091

201407260730(201407260730)
140,977
302,393
877,901
151,929
163,424

201407260731(201407260731)
140,977
302,393
877,901
151,971
163,424

201407260732(201407260732)
141,370
302,393
877,901
151,971
163,886

201407260735(201407260735)
141,676
302,446
877,901
152,092
164,064

201407260736(201407260736)
141,890
302,446
877,901
152,114
164,064

201407260737(201407260737)
141,890
302,446
877,901
152,114
164,064

201407260740(201407260740)
142,181
302,463
877,901
152,636
164,138

201407260741(201407260741)
142,238
302,955
883,796
152,636
164,138

201407260742(201407260742)
142,272
304,000
895,735
152,896
164,251

201407260745(201407260745)
143,050
304,483
903,954
153,374
164,596

201407260746(201407260746)
143,050
304,483
903,954
153,374
164,793

201407260747(201407260747)
143,050
304,751
904,526
153,374
165,274

201407260750(201407260750)
143,338
306,853
904,526
153,869
165,274

201407260751(201407260751)
143,338
306,886
904,526
153,959
165,274

201407260752(201407260752)
143,338
306,886
904,526
153,959
165,274

201407260755(201407260755)
143,645
306,886
904,526
153,959
165,457

201407260756(201407260756)
143,869
306,944
904,526
153,959
165,457

201407260757(201407260757)
144,148
306,944
904,526
154,257
165,457

201407260800(201407260800)
144,309
307,101
904,526
154,296
165,457

201407260801(201407260801)
144,309
307,101
904,526
154,296
165,554

201407260802(201407260802)
144,769
307,110
904,526
154,296
165,554

201407260805(201407260805)
145,244
307,110
904,526
154,562
165,684

201407260806(201407260806)
145,814
307,110
904,526
154,586
165,684

201407260807(201407260807)
146,009
307,110
904,526
154,858
165,684

201407260810(201407260810)
146,666
307,110
905,053
155,000
167,934

201407260811(201407260811)
146,971
307,110
905,053
155,052
167,934

201407260812(201407260812)
146,971
307,110
905,053
155,052
167,934

201407260815(201407260815)
147,964
307,866
910,147
155,113
168,139

201407260816(201407260816)
148,374
307,866
915,673
155,132
168,603

201407260817(201407260817)
148,454
307,866
915,865
155,263
168,721

201407260820(201407260820)
149,418
307,992
918,438
155,288
168,750

201407260821(201407260821)
149,418
307,992
918,438
155,537
168,750

201407260822(201407260822)
149,418
307,992
918,683
155,571
168,819

201407260825(201407260825)
149,725
308,734
918,683
155,777
169,365

201407260826(201407260826)
149,809
308,734
918,683
156,154
169,365

201407260827(201407260827)
149,977
308,734
918,683
156,157
169,383

201407260830(201407260830)
149,977
309,399
918,683
156,752
169,961

201407260831(201407260831)
149,977
309,399
918,683
156,752
170,310

201407260832(201407260832)
150,019
309,399
918,683
156,752
170,310

201407260835(201407260835)
150,082
310,200
918,683
157,024
170,317

201407260836(201407260836)
150,082
310,200
918,683
157,596
170,317

201407260837(201407260837)
150,082
310,356
918,683
157,596
170,413

201407260840(201407260840)
150,312
312,597
925,711
157,619
171,441

201407260841(201407260841)
150,312
312,597
925,711
157,745
171,441

201407260842(201407260842)
150,341
312,597
933,002
157,995
171,755

201407260845(201407260845)
150,544
312,822
934,418
158,700
172,275

201407260846(201407260846)
150,602
312,934
934,418
158,700
172,606

201407260847(201407260847)
150,694
312,934
934,418
158,700
173,170

201407260850(201407260850)
150,699
312,934
938,082
158,700
173,469

201407260851(201407260851)
150,699
312,934
946,578
158,700
173,469

201407260852(201407260852)
150,750
312,934
947,958
158,700
173,756

201407260855(201407260855)
150,822
313,325
947,958
159,104
173,948

201407260856(201407260856)
150,844
313,509
947,958
159,202
173,969

201407260857(201407260857)
150,850
313,803
951,631
159,327
174,025

201407260900(201407260900)
150,896
314,056
976,783
159,849
175,319

201407260901(201407260901)
150,896
314,056
976,783
159,849
175,319

201407260902(201407260902)
151,000
314,056
977,610
159,946
175,796

201407260905(201407260905)
151,068
314,676
977,610
159,946
176,086

201407260906(201407260906)
151,068
314,676
977,610
159,946
176,086

201407260907(201407260907)
151,125
315,901
977,610
160,410
176,158

201407260910(201407260910)
151,240
316,461
985,554
160,875
176,158

201407260911(201407260911)
151,240
316,461
990,499
160,934
176,211

201407260912(201407260912)
151,240
317,820
990,499
160,934
176,217

201407260915(201407260915)
151,293
318,117
990,499
161,013
176,351

201407260916(201407260916)
151,293
318,117
990,499
161,474
176,353

201407260917(201407260917)
151,293
318,441
990,499
161,474
176,353

201407260920(201407260920)
151,347
318,441
990,499
161,823
176,851

201407260921(201407260921)
151,347
318,441
990,499
161,823
176,851

201407260922(201407260922)
151,464
318,441
990,499
161,952
176,929

201407260925(201407260925)
151,807
318,581
990,499
162,859
177,065

201407260926(201407260926)
151,807
319,749
990,499
162,859
177,065

201407260927(201407260927)
152,018
319,749
995,853
163,034
177,302

201407260930(201407260930)
152,019
319,755
995,853
163,244
177,792

201407260931(201407260931)
152,019
319,755
995,853
163,259
177,941

201407260932(201407260932)
152,053
319,755
995,853
163,320
177,941

201407260935(201407260935)
152,211
319,755
995,853
163,373
178,259

201407260936(201407260936)
152,211
319,755
995,853
163,373
178,259

201407260937(201407260937)
152,341
320,479
995,853
163,452
178,329

201407260940(201407260940)
152,636
320,479
995,853
163,919
178,695

201407260941(201407260941)
152,636
320,479
995,853
163,919
178,695

201407260942(201407260942)
152,904
320,479
995,853
164,137
178,995

201407260945(201407260945)
153,359
325,896
995,853
164,595
180,148

201407260946(201407260946)
153,359
325,896
995,853
164,595
180,148

201407260947(201407260947)
153,632
326,435
995,853
165,274
180,589

201407260950(201407260950)
153,632
327,628
995,853
165,500
181,058

201407260951(201407260951)
153,632
327,628
995,853
165,500
181,058

201407260952(201407260952)
153,652
327,628
995,853
165,525
181,320

201407260955(201407260955)
153,959
328,594
995,853
165,622
181,320

201407260956(201407260956)
153,959
328,594
995,853
165,703
181,320

201407260957(201407260957)
154,635
328,903
995,853
166,299
181,408

201407261000(201407261000)
154,635
328,903
995,853
167,136
181,605

201407261001(201407261001)
154,635
328,903
995,853
167,136
181,605

201407261002(201407261002)
154,714
328,903
995,853
167,385
181,605

201407261005(201407261005)
155,113
331,712
995,853
168,189
182,769

201407261006(201407261006)
155,132
331,712
995,853
168,189
182,769

201407261007(201407261007)
155,132
332,319
995,853
168,619
183,699

201407261010(201407261010)
155,136
333,052
1,001,172
168,735
184,163

201407261011(201407261011)
155,136
333,052
1,001,172
168,735
184,261

201407261012(201407261012)
155,288
333,758
1,001,172
168,735
184,464

201407261015(201407261015)
155,777
333,758
1,001,172
168,961
184,464

201407261016(201407261016)
155,777
333,758
1,001,172
168,961
184,825

201407261017(201407261017)
156,059
334,232
1,001,172
169,365
184,825

201407261020(201407261020)
156,154
334,616
1,001,172
169,642
186,146

201407261021(201407261021)
156,173
334,616
1,001,172
169,642
186,146

201407261022(201407261022)
156,551
334,761
1,001,172
169,873
186,268

201407261025(201407261025)
156,625
334,761
1,001,172
169,981
186,768

201407261026(201407261026)
156,700
334,761
1,001,172
169,981
186,768

201407261027(201407261027)
156,752
335,594
1,001,172
170,280
186,768

201407261030(201407261030)
156,897
337,634
1,001,296
170,725
186,768

201407261031(201407261031)
156,897
337,634
1,001,296
170,725
186,768

201407261032(201407261032)
157,055
338,786
1,001,296
170,747
186,932

201407261035(201407261035)
157,338
343,126
1,001,522
170,747
187,128

201407261036(201407261036)
157,338
343,282
1,001,522
171,085
187,128

201407261037(201407261037)
158,135
344,256
1,001,522
171,441
187,417

201407261040(201407261040)
158,290
344,256
1,004,676
172,606
187,479

201407261041(201407261041)
158,290
344,256
1,004,676
172,606
187,479

201407261042(201407261042)
158,331
344,256
1,004,676
173,369
187,653

201407261045(201407261045)
158,440
344,604
1,004,676
173,469
187,671

201407261046(201407261046)
158,440
344,604
1,004,676
173,469
188,436

201407261047(201407261047)
158,440
346,569
1,005,370
173,719
188,491

201407261050(201407261050)
158,700
348,810
1,010,340
174,025
188,503

201407261051(201407261051)
158,700
348,810
1,010,340
174,025
188,503

201407261052(201407261052)
159,134
348,810
1,015,615
174,025
188,609

201407261055(201407261055)
159,202
348,956
1,015,615
174,393
189,088

201407261056(201407261056)
159,202
349,168
1,015,615
174,393
189,088

201407261057(201407261057)
159,202
349,168
1,015,615
174,393
189,088

201407261100(201407261100)
159,468
349,562
1,015,615
174,855
189,088

201407261101(201407261101)
159,468
349,562
1,015,615
174,855
189,088

201407261102(201407261102)
159,751
350,318
1,015,615
175,177
189,088

201407261105(201407261105)
159,881
350,318
1,015,615
176,086
189,088

201407261106(201407261106)
159,881
350,318
1,015,615
176,086
189,624

201407261107(201407261107)
160,286
351,000
1,015,615
176,088
189,724

201407261110(201407261110)
161,474
353,120
1,015,615
176,353
189,896

201407261111(201407261111)
161,474
353,120
1,015,615
176,353
189,896

201407261112(201407261112)
162,127
353,120
1,015,615
176,541
190,038

201407261115(201407261115)
162,127
353,837
1,015,615
176,619
190,179

201407261116(201407261116)
162,127
353,837
1,015,615
176,851
190,179

201407261117(201407261117)
162,208
353,998
1,015,615
176,929
190,488

201407261120(201407261120)
162,457
355,768
1,017,791
176,929
190,881

201407261121(201407261121)
162,610
355,885
1,017,791
176,929
190,881

201407261122(201407261122)
162,610
356,430
1,017,791
176,929
190,898

201407261125(201407261125)
162,797
356,430
1,017,791
177,518
191,415

201407261126(201407261126)
162,814
356,430
1,017,791
177,518
191,415

201407261127(201407261127)
162,859
356,430
1,017,791
177,553
191,488

201407261130(201407261130)
163,091
358,558
1,017,791
178,259
192,495

201407261131(201407261131)
163,194
358,558
1,017,791
178,259
192,495

201407261132(201407261132)
163,320
359,964
1,017,791
178,792
193,135

201407261135(201407261135)
163,709
361,695
1,017,791
178,995
193,804

201407261136(201407261136)
164,142
362,303
1,017,791
178,995
193,804

201407261137(201407261137)
164,161
362,512
1,017,791
179,003
194,339

201407261140(201407261140)
164,161
362,512
1,017,791
179,518
195,662

201407261141(201407261141)
164,161
363,189
1,017,791
179,518
195,662

201407261142(201407261142)
164,729
363,980
1,017,791
179,728
196,028

201407261145(201407261145)
165,274
363,980
1,017,791
179,728
196,919

201407261146(201407261146)
165,274
363,980
1,017,791
179,728
196,919

201407261147(201407261147)
165,500
363,980
1,017,791
179,905
196,919

201407261150(201407261150)
165,753
364,844
1,017,791
180,809
196,990

201407261151(201407261151)
165,914
364,844
1,017,791
180,809
196,990

201407261152(201407261152)
165,914
364,844
1,017,791
180,809
197,282

201407261155(201407261155)
167,136
364,844
1,017,791
181,202
198,192

201407261156(201407261156)
167,136
364,844
1,017,791
181,202
198,192

201407261157(201407261157)
167,136
364,844
1,017,791
181,202
198,356

201407261200(201407261200)
167,385
365,252
1,017,791
181,748
199,035

201407261201(201407261201)
167,385
365,252
1,017,791
181,748
199,035

201407261202(201407261202)
167,528
365,252
1,017,791
182,233
200,101

201407261205(201407261205)
167,670
365,866
1,017,791
182,367
200,126

201407261206(201407261206)
167,670
367,036
1,018,982
182,367
200,126

201407261207(201407261207)
167,727
367,036
1,018,982
182,575
200,427

201407261210(201407261210)
167,934
368,381
1,018,982
182,616
200,427

201407261211(201407261211)
168,229
369,583
1,018,982
182,616
200,427

201407261212(201407261212)
168,421
369,583
1,018,982
182,616
200,670

201407261215(201407261215)
168,513
370,188
1,019,760
183,088
201,034

201407261216(201407261216)
168,513
370,188
1,019,760
183,088
201,034

201407261217(201407261217)
168,620
370,188
1,019,760
183,631
201,034

201407261220(201407261220)
169,454
370,245
1,019,760
184,647
201,217

201407261221(201407261221)
169,503
370,245
1,019,760
184,647
201,217

201407261222(201407261222)
169,642
370,245
1,019,760
185,056
201,464

201407261225(201407261225)
169,976
370,612
1,020,934
185,207
201,536

201407261226(201407261226)
169,976
370,612
1,020,934
186,146
201,536

201407261227(201407261227)
170,133
370,612
1,020,934
186,211
201,567

201407261230(201407261230)
170,542
371,906
1,020,934
186,570
202,177

201407261231(201407261231)
170,542
371,906
1,020,934
186,570
202,177

201407261232(201407261232)
170,783
371,906
1,020,934
186,570
202,177

201407261235(201407261235)
171,102
372,959
1,022,501
186,684
202,177

201407261236(201407261236)
171,540
372,995
1,024,666
186,684
202,180

201407261237(201407261237)
172,076
372,995
1,024,666
186,773
202,217

201407261240(201407261240)
172,275
375,152
1,024,666
186,933
202,711

201407261241(201407261241)
172,275
375,356
1,024,666
187,064
202,711

201407261242(201407261242)
172,275
375,849
1,025,547
187,064
202,711

201407261245(201407261245)
172,606
377,102
1,027,325
187,225
202,767

201407261246(201407261246)
173,237
377,102
1,027,325
187,225
202,767

201407261247(201407261247)
173,237
377,395
1,027,325
187,225
202,824

201407261250(201407261250)
173,237
377,395
1,027,325
187,355
202,898

201407261251(201407261251)
173,479
377,395
1,027,383
187,355
202,898

201407261252(201407261252)
173,644
379,379
1,030,636
187,355
202,949

201407261255(201407261255)
173,696
379,884
1,030,771
187,417
204,034

201407261256(201407261256)
173,696
380,093
1,030,771
187,417
204,034

201407261257(201407261257)
173,921
380,704
1,034,281
187,417
204,231

201407261300(201407261300)
174,028
381,713
1,034,281
187,861
204,452

201407261301(201407261301)
174,636
382,024
1,034,281
188,436
204,452

201407261302(201407261302)
174,963
382,024
1,034,281
188,436
204,452

201407261305(201407261305)
175,319
382,024
1,034,281
188,756
205,311

201407261306(201407261306)
175,319
382,024
1,034,281
188,959
205,311

201407261307(201407261307)
175,325
382,625
1,034,281
188,959
205,443

201407261310(201407261310)
176,088
382,625
1,034,931
189,426
206,203

201407261311(201407261311)
176,088
382,625
1,034,931
189,774
206,203

201407261312(201407261312)
176,088
382,625
1,034,931
189,774
206,446

201407261315(201407261315)
176,088
383,288
1,034,931
189,865
207,446

201407261316(201407261316)
176,233
383,288
1,034,931
189,865
207,446

201407261317(201407261317)
176,233
383,288
1,034,931
190,135
207,518

201407261320(201407261320)
176,614
383,288
1,037,099
190,687
207,554

201407261321(201407261321)
176,616
383,288
1,037,099
191,710
207,554

201407261322(201407261322)
176,616
383,980
1,037,099
191,710
207,609

201407261325(201407261325)
177,302
383,980
1,037,099
192,495
208,522

201407261326(201407261326)
177,431
384,474
1,037,099
192,495
208,522

201407261327(201407261327)
177,507
384,474
1,037,293
192,718
208,974

201407261330(201407261330)
178,236
384,826
1,037,293
193,012
209,830

201407261331(201407261331)
178,259
385,481
1,037,293
193,135
209,900

201407261332(201407261332)
178,259
385,481
1,037,293
193,804
209,900

201407261335(201407261335)
178,269
386,292
1,037,293
193,980
210,795

201407261336(201407261336)
178,396
386,616
1,038,669
193,980
210,795

201407261337(201407261337)
179,003
386,616
1,038,669
194,476
210,795

201407261340(201407261340)
179,420
387,860
1,038,669
195,122
211,081

201407261341(201407261341)
179,440
388,516
1,038,669
195,122
211,345

201407261342(201407261342)
179,518
388,516
1,038,669
195,122
211,718

201407261345(201407261345)
179,978
389,039
1,038,669
196,173
212,777

201407261346(201407261346)
179,978
389,103
1,038,669
196,283
212,777

201407261347(201407261347)
180,116
389,517
1,041,013
196,336
212,777

201407261350(201407261350)
180,383
389,517
1,041,013
196,919
212,777

201407261351(201407261351)
180,383
389,517
1,041,013
196,919
212,777

201407261352(201407261352)
180,383
389,517
1,041,013
196,919
213,062

201407261355(201407261355)
180,509
390,372
1,041,013
197,614
214,386

201407261356(201407261356)
180,530
390,372
1,041,013
197,614
214,386

201407261357(201407261357)
180,530
390,950
1,041,013
197,614
214,592

201407261400(201407261400)
180,927
390,970
1,041,013
197,614
214,592

201407261401(201407261401)
180,927
390,970
1,041,013
197,614
214,964

201407261402(201407261402)
180,927
391,075
1,041,013
197,891
215,018

201407261405(201407261405)
181,474
391,405
1,041,013
198,313
215,644

201407261406(201407261406)
181,607
391,405
1,041,013
198,791
216,015

201407261407(201407261407)
182,029
392,155
1,041,013
198,791
216,422

201407261410(201407261410)
182,233
392,270
1,041,013
198,872
216,883

201407261411(201407261411)
182,233
392,270
1,041,013
198,944
216,883

201407261412(201407261412)
182,570
392,712
1,041,013
198,944
216,883

201407261415(201407261415)
182,601
394,610
1,048,089
198,988
217,257

201407261416(201407261416)
182,601
394,610
1,048,747
198,988
217,257

201407261417(201407261417)
182,614
395,562
1,049,531
199,017
217,445

201407261420(201407261420)
183,016
396,238
1,050,479
199,665
218,849

201407261421(201407261421)
183,016
396,238
1,050,636
199,853
218,849

201407261422(201407261422)
183,016
396,238
1,053,650
199,853
220,106

201407261425(201407261425)
183,016
397,034
1,056,094
200,263
220,106

201407261426(201407261426)
183,016
397,034
1,056,324
200,263
220,106

201407261427(201407261427)
183,016
397,637
1,056,418
200,263
220,434

201407261430(201407261430)
183,559
400,689
1,056,418
200,312
220,857

201407261431(201407261431)
183,559
400,870
1,056,418
200,388
220,857

201407261432(201407261432)
183,559
400,870
1,056,418
200,388
220,857

201407261435(201407261435)
184,127
401,435
1,056,418
200,596
220,857

201407261436(201407261436)
184,127
401,435
1,056,418
200,603
221,174

201407261437(201407261437)
184,127
401,435
1,056,418
200,869
221,174

201407261440(201407261440)
184,163
401,641
1,056,418
201,034
222,153

201407261441(201407261441)
184,163
401,652
1,056,418
201,034
222,153

201407261442(201407261442)
184,163
401,971
1,056,418
201,205
222,212

201407261445(201407261445)
184,217
401,971
1,056,418
201,464
222,682

201407261446(201407261446)
184,217
401,971
1,056,418
201,464
223,107

201407261447(201407261447)
184,327
401,971
1,056,418
201,840
223,431

201407261450(201407261450)
184,690
402,426
1,058,643
201,868
223,851

201407261451(201407261451)
185,411
402,426
1,058,643
202,154
223,851

201407261452(201407261452)
185,838
402,426
1,058,643
202,217
224,192

201407261455(201407261455)
186,146
402,567
1,058,643
202,414
224,913

201407261456(201407261456)
186,237
402,567
1,058,643
202,522
225,104

201407261457(201407261457)
186,268
402,567
1,058,643
202,563
225,381

201407261500(201407261500)
186,570
402,567
1,058,643
202,949
225,383

201407261501(201407261501)
186,657
402,567
1,059,570
203,103
226,971

201407261502(201407261502)
186,684
402,567
1,062,743
203,103
226,999

201407261505(201407261505)
186,768
402,567
1,066,676
203,103
227,356

201407261506(201407261506)
186,768
402,567
1,066,676
203,485
227,356

201407261507(201407261507)
186,853
402,752
1,066,676
204,034
227,356

201407261510(201407261510)
186,932
405,480
1,066,676
204,123
227,356

201407261511(201407261511)
186,932
405,693
1,066,676
204,282
227,903

201407261512(201407261512)
186,932
406,486
1,067,068
204,282
228,103

201407261515(201407261515)
187,064
407,457
1,071,220
204,282
228,103

201407261516(201407261516)
187,064
407,457
1,072,001
204,282
228,103

201407261517(201407261517)
187,220
407,457
1,072,904
204,282
228,252

201407261520(201407261520)
187,272
409,624
1,073,565
204,282
228,384

201407261521(201407261521)
187,417
409,970
1,073,565
204,350
228,384

201407261522(201407261522)
187,653
409,970
1,073,565
205,035
228,495

201407261525(201407261525)
188,045
410,518
1,073,565
205,495
228,867

201407261526(201407261526)
188,045
410,518
1,073,565
205,495
228,867

201407261527(201407261527)
188,045
410,518
1,073,565
205,495
228,867

201407261530(201407261530)
188,361
410,683
1,073,565
205,626
228,867

201407261531(201407261531)
188,455
410,683
1,073,565
205,685
228,867

201407261532(201407261532)
188,556
410,683
1,073,565
206,003
229,249

201407261535(201407261535)
188,742
410,683
1,073,565
206,678
230,395

201407261536(201407261536)
188,820
410,683
1,073,689
206,678
230,478

201407261537(201407261537)
189,028
410,683
1,073,693
206,678
230,478

201407261540(201407261540)
189,088
412,885
1,073,693
206,970
230,478

201407261541(201407261541)
189,319
412,885
1,073,693
206,970
230,707

201407261542(201407261542)
190,082
412,885
1,073,693
207,078
230,871

201407261545(201407261545)
190,488
414,178
1,074,798
207,518
231,441

201407261546(201407261546)
190,488
414,178
1,076,233
207,518
231,855

201407261547(201407261547)
190,541
414,178
1,077,973
207,536
231,996

201407261550(201407261550)
190,687
416,187
1,079,324
207,712
232,011

201407261551(201407261551)
190,687
418,565
1,079,324
207,712
232,011

201407261552(201407261552)
191,110
418,565
1,079,324
207,712
232,117

201407261555(201407261555)
191,114
418,565
1,079,324
208,974
232,500

201407261556(201407261556)
191,114
418,565
1,079,324
208,974
232,640

201407261557(201407261557)
191,114
418,565
1,079,324
209,069
232,735

201407261600(201407261600)
191,114
418,565
1,079,324
209,900
233,555

201407261601(201407261601)
191,583
418,565
1,079,324
210,181
233,667

201407261602(201407261602)
191,712
418,565
1,079,324
210,517
233,896

201407261605(201407261605)
191,891
419,973
1,079,324
210,861
234,444

201407261606(201407261606)
191,891
419,973
1,079,324
210,892
234,967

201407261607(201407261607)
191,891
419,973
1,079,324
210,892
234,967

201407261610(201407261610)
192,381
420,055
1,079,324
210,892
235,225

201407261611(201407261611)
192,495
421,232
1,079,324
211,071
235,225

201407261612(201407261612)
192,495
421,338
1,088,316
211,071
235,225

201407261615(201407261615)
192,514
421,668
1,088,316
211,081
235,738

201407261616(201407261616)
192,660
421,668
1,088,316
211,081
235,738

201407261617(201407261617)
192,660
421,668
1,088,316
211,081
235,815

201407261620(201407261620)
193,012
421,668
1,089,971
211,318
235,864

201407261621(201407261621)
193,043
421,668
1,092,830
211,318
236,218

201407261622(201407261622)
193,135
421,668
1,098,295
211,337
236,511

201407261625(201407261625)
193,712
421,668
1,098,295
211,769
236,971

201407261626(201407261626)
193,749
421,668
1,098,295
211,769
236,971

201407261627(201407261627)
193,804
422,338
1,098,295
211,769
237,101

201407261630(201407261630)
194,529
422,707
1,099,064
211,769
237,459

201407261631(201407261631)
194,529
423,111
1,099,253
211,769
237,632

201407261632(201407261632)
194,618
423,111
1,099,290
211,769
238,328

201407261635(201407261635)
195,236
427,420
1,100,850
212,333
238,328

201407261636(201407261636)
195,236
427,420
1,100,850
212,777
238,328

201407261637(201407261637)
195,236
427,420
1,100,850
212,802
238,864

201407261640(201407261640)
195,999
430,682
1,100,850
213,154
238,864

201407261641(201407261641)
196,028
432,382
1,100,850
213,154
238,864

201407261642(201407261642)
197,158
432,895
1,100,850
213,299
239,195

201407261645(201407261645)
197,456
433,224
1,100,850
214,906
239,568

201407261646(201407261646)
197,517
433,224
1,100,850
215,372
239,568

201407261647(201407261647)
197,517
433,974
1,102,829
215,372
239,878

201407261650(201407261650)
197,741
434,461
1,105,589
216,436
240,109

201407261651(201407261651)
197,741
434,461
1,105,765
216,436
240,109

201407261652(201407261652)
198,160
434,461
1,105,931
216,436
240,158

201407261655(201407261655)
198,539
436,501
1,122,041
216,996
240,418

201407261656(201407261656)
198,539
436,501
1,122,041
217,232
240,614

201407261657(201407261657)
198,539
436,501
1,122,041
217,232
241,010

201407261700(201407261700)
199,665
438,100
1,122,041
217,410
242,167

201407261701(201407261701)
199,665
438,100
1,122,041
217,442
242,167

201407261702(201407261702)
199,665
438,100
1,122,041
218,081
242,167

