201409011706(201409011706)
21,984,075
62,886,868
136,670,519
25,789,212
30,948,179

201409011707(201409011707)
21,984,075
62,886,868
136,670,519
25,789,212
30,948,179

201409011709(201409011709)
62,886,868
136,670,519
25,789,212
30,976,830

201409011710(201409011710)
21,984,075
62,886,868
136,670,519
25,789,212
31,107,420

201409011711(201409011711)
21,984,075
62,886,868
136,670,519
25,789,212
31,107,420

201409011712(201409011712)
21,984,075
62,886,868
136,670,519
25,789,212
31,107,420

201409011713(201409011713)
21,984,075
62,886,868
136,670,519
25,789,212
31,107,420

201409011714(201409011714)
21,984,075
62,886,868
136,670,519
25,789,212
31,107,420

201409011715(201409011715)
21,984,075
62,886,868
136,670,519
25,789,212
31,107,420

201409011716(201409011716)
21,984,075
62,886,868
136,670,519
25,789,212
31,107,420

201409011717(201409011717)
21,984,075
62,886,868
136,670,519
25,789,212
31,107,420

201409011719(201409011719)
21,984,075
62,893,132
136,670,519
25,849,670
25,849,670

201409011720(201409011720)
21,984,075
62,893,132
136,670,519
25,849,670
31,107,420

201409011721(201409011721)
21,984,075
62,893,132
136,670,519
25,849,670
31,107,420

201409011722(201409011722)
22,003,619
62,893,132
136,670,519
25,849,670
31,107,420

201409011723(201409011723)
22,003,619
62,893,132
136,670,519
25,849,670
31,107,420

201409011724(201409011724)
22,003,619
62,893,132
136,670,519
25,849,670
31,107,420

201409011725(201409011725)
22,020,901
62,893,132
136,670,519
25,849,670
31,107,420

201409011726(201409011726)
22,020,901
62,893,132
136,670,519
25,849,670
31,107,420

201409011727(201409011727)
22,020,901
62,970,819
136,670,519
25,849,670
31,107,420

201409011729(201409011729)
22,020,901
62,970,819
136,670,519
25,849,670
31,215,726

201409011730(201409011730)
22,020,901
62,970,819
136,670,519
25,849,670
31,215,726

201409011731(201409011731)
22,020,901
62,993,173
136,670,519
25,849,670
31,215,726

201409011732(201409011732)
22,020,901
62,993,173
136,670,519
25,849,670
31,215,726

201409011733(201409011733)
22,020,901
62,993,173
136,670,519
25,849,670
31,215,726

201409011734(201409011734)
22,020,901
62,993,173
136,670,519
25,849,670
31,215,726

201409011735(201409011735)
22,020,901
62,993,173
136,670,519
25,849,670
31,234,439

201409011736(201409011736)
22,020,901
62,993,173
136,670,519
25,849,670
31,234,439

201409011737(201409011737)
22,020,901
62,993,173
136,670,519
25,849,670
31,234,439

201409011739(201409011739)
22,020,901
62,993,173
136,670,519
25,911,627
31,234,439

201409011740(201409011740)
22,020,901
62,993,173
136,670,519
25,911,627
31,234,439

201409011741(201409011741)
22,020,901
62,993,173
136,670,519
25,911,627
31,234,439

201409011742(201409011742)
22,020,901
62,993,173
136,670,519
25,911,627
31,234,439

201409011743(201409011743)
22,020,901
63,004,640
136,670,519
25,911,627
31,234,439

201409011744(201409011744)
22,020,901
63,004,640
136,670,519
25,911,627
31,234,439

201409011745(201409011745)
22,020,901
63,004,640
136,670,519
25,911,627
31,234,439

201409011746(201409011746)
22,020,901
63,004,640
136,670,519
25,911,627
31,237,451

201409011747(201409011747)
22,020,901
63,004,640
136,670,519
25,936,402
31,237,451

201409011749(201409011749)
22,020,901
63,004,640
136,670,519
25,966,907
31,237,451

201409011750(201409011750)
22,020,901
63,004,640
136,670,519
25,983,050
31,237,451

201409011751(201409011751)
22,071,638
63,004,640
136,670,519
25,983,050
31,237,451

201409011752(201409011752)
22,071,638
63,004,640
136,670,519
25,991,590
31,237,451

201409011753(201409011753)
22,071,638
63,004,640
136,670,519
25,991,590
31,237,451

201409011754(201409011754)
22,110,161
63,004,640
136,670,519
25,991,590
31,237,451

201409011755(201409011755)
22,110,161
63,004,640
136,670,519
25,998,906
31,237,451

201409011756(201409011756)
22,110,161
63,004,640
136,670,519
26,019,290
31,237,451

201409011757(201409011757)
22,110,161
63,004,640
136,670,519
26,019,290
31,237,451

201409011759(201409011759)
22,110,161
63,004,640
136,670,519
26,019,290
31,237,451

201409011800(201409011800)
22,110,161
63,004,640
136,670,519
26,019,290
31,237,451

201409011801(201409011801)
22,134,837
63,004,640
136,670,519
26,019,290
31,237,451

201409011802(201409011802)
22,134,837
63,004,640
136,670,519
26,019,290
31,237,451

201409011803(201409011803)
22,134,837
63,004,640
136,670,519
26,019,290
31,237,451

201409011804(201409011804)
22,134,837
63,004,640
136,670,519
26,019,290
31,237,451

201409011805(201409011805)
22,141,206
63,004,640
136,670,519
26,077,467
31,237,451

201409011806(201409011806)
22,141,206
63,004,640
136,670,519
26,077,467
31,237,451

201409011807(201409011807)
22,141,206
63,004,640
136,670,519
26,109,907
31,237,451

201409011809(201409011809)
22,165,121
63,004,640
136,670,519
26,109,907
31,249,305

201409011810(201409011810)
22,171,245
63,004,640
136,670,519
26,109,907
31,249,305

201409011811(201409011811)
22,218,854
63,004,640
136,670,519
26,109,907
31,281,443

201409011812(201409011812)
22,218,854
63,004,640
136,670,519
26,109,907
31,281,443

201409011813(201409011813)
22,218,854
63,004,640
136,670,519
26,168,926
31,281,443

201409011814(201409011814)
22,302,517
63,004,640
136,670,519
26,168,926
31,281,443

201409011815(201409011815)
22,302,517
63,004,640
136,670,519
26,168,926
31,281,443

201409011816(201409011816)
22,303,077
63,063,157
136,670,519
26,168,926
31,281,443

201409011817(201409011817)
22,358,357
63,063,157
136,670,519
26,168,926
31,281,443

201409011819(201409011819)
22,374,720
63,068,436
136,670,519
26,168,926
31,281,443

201409011820(201409011820)
22,374,720
63,068,436
136,670,519
26,168,926
31,281,443

201409011821(201409011821)
22,374,720
63,068,436
136,670,519
26,301,320
31,281,443

201409011822(201409011822)
22,374,720
63,068,436
136,670,519
26,301,320
31,281,443

201409011823(201409011823)
22,374,720
63,068,436
136,670,519
26,301,320
31,281,443

201409011824(201409011824)
22,374,720
63,068,436
136,670,519
26,301,320
31,322,686

201409011825(201409011825)
22,374,720
63,130,579
136,670,519
26,301,320
31,425,976

201409011826(201409011826)
22,374,720
63,130,579
136,670,519
26,301,320
31,425,976

201409011827(201409011827)
22,374,720
63,130,579
136,670,519
26,301,320
31,425,976

201409011829(201409011829)
22,374,720
63,130,579
136,670,519
26,301,320
31,439,702

201409011830(201409011830)
22,374,720
63,130,579
136,670,519
26,301,320
31,439,702

201409011831(201409011831)
22,374,720
63,130,579
136,670,519
26,301,320
31,439,702

201409011832(201409011832)
22,374,720
63,141,234
136,670,519
26,301,320
31,439,702

201409011833(201409011833)
22,374,720
63,141,234
136,670,519
26,356,340
31,439,702

201409011834(201409011834)
22,374,720
63,141,234
136,670,519
26,356,340
31,439,702

201409011835(201409011835)
22,374,720
63,160,831
136,670,519
26,356,340
31,439,702

201409011836(201409011836)
22,374,720
63,160,831
136,670,519
26,356,340
31,439,702

201409011837(201409011837)
22,374,720
63,160,831
136,670,519
26,365,913
31,439,702

201409011839(201409011839)
22,387,152
63,160,831
136,670,519
26,460,791
31,481,256

201409011840(201409011840)
22,387,152
63,160,831
136,670,519
26,499,608
31,481,256

201409011841(201409011841)
22,387,152
63,203,061
136,670,519
26,527,315
31,491,861

201409011842(201409011842)
22,387,152
63,203,061
136,670,519
26,540,762
31,491,861

201409011843(201409011843)
22,387,152
63,203,061
136,670,519
26,540,762
31,491,861

201409011844(201409011844)
22,387,152
63,203,061
136,670,519
26,540,762
31,491,861

201409011845(201409011845)
22,387,152
63,203,061
136,670,519
26,540,762
31,491,861

201409011846(201409011846)
22,387,152
63,203,061
136,670,519
26,540,762
31,491,861

201409011847(201409011847)
22,387,152
63,203,061
136,670,519
26,540,762
31,491,861

201409011849(201409011849)
22,483,557
63,203,061
136,670,519
26,572,953
31,491,861

201409011850(201409011850)
22,483,557
63,204,193
136,670,519
26,572,953
31,491,861

201409011851(201409011851)
22,528,919
63,205,325
136,670,519
26,677,396
31,491,861

201409011852(201409011852)
22,528,919
63,205,597
136,670,519
26,677,761
31,491,861

201409011853(201409011853)
22,528,919
63,206,525
136,670,519
26,677,761
31,491,861

201409011854(201409011854)
22,528,919
63,207,453
136,670,519
26,677,761
31,491,861

201409011855(201409011855)
22,528,919
63,207,589
136,670,519
26,677,761
31,491,861

201409011856(201409011856)
22,528,919
63,207,589
136,670,519
26,677,761
31,540,752

201409011857(201409011857)
22,571,121
63,217,701
136,670,519
26,677,761
31,540,752

201409011859(201409011859)
22,571,121
63,475,022
136,670,519
26,677,761
31,592,608

201409011900(201409011900)
22,571,121
63,475,022
136,670,519
26,677,761
31,592,608

201409011901(201409011901)
22,571,121
63,475,022
136,670,519
26,677,761
31,592,608

201409011902(201409011902)
22,571,121
63,475,022
136,670,519
26,724,743
31,592,608

201409011903(201409011903)
22,571,121
63,475,022
136,670,519
26,729,855
31,592,608

201409011904(201409011904)
22,571,121
63,475,022
136,670,519
26,729,855
31,592,608

201409011905(201409011905)
22,608,310
63,475,022
138,606,568
26,729,855
31,592,608

201409011906(201409011906)
22,608,310
63,475,022
138,606,568
26,828,699
31,592,608

201409011907(201409011907)
22,608,310
63,578,264
138,606,568
26,829,259
31,646,410

201409011909(201409011909)
22,608,310
63,578,264
138,606,568
26,865,716
31,759,273

201409011910(201409011910)
22,608,310
63,578,264
138,606,568
26,918,388
31,759,273

201409011911(201409011911)
22,608,310
63,578,264
138,606,568
26,918,388
31,769,941

201409011912(201409011912)
22,620,974
63,624,287
138,606,568
27,021,796
31,808,638

201409011913(201409011913)
22,620,974
63,680,559
138,606,568
27,021,796
31,808,638

201409011914(201409011914)
22,620,974
63,680,559
138,606,568
27,021,796
31,808,638

201409011915(201409011915)
22,626,640
63,680,559
138,606,568
27,021,796
31,808,638

201409011916(201409011916)
22,626,640
63,680,559
138,606,568
27,021,796
31,808,638

201409011917(201409011917)
22,765,985
63,680,559
138,606,568
27,021,796
31,808,638

201409011919(201409011919)
22,765,985
63,834,115
138,606,568
27,022,000
31,808,638

201409011920(201409011920)
22,765,985
63,834,115
138,606,568
27,022,000
31,808,638

201409011921(201409011921)
22,765,985
63,834,115
138,606,568
27,022,000
31,808,638

201409011922(201409011922)
22,765,985
63,834,115
138,606,568
27,023,995
31,836,161

201409011923(201409011923)
22,765,985
63,846,785
138,606,568
27,023,995
31,836,161

201409011924(201409011924)
22,765,985
63,846,785
138,606,568
27,023,995
31,836,161

201409011925(201409011925)
22,765,985
63,846,785
138,606,568
27,023,995
31,836,161

201409011926(201409011926)
22,773,471
64,165,869
138,606,568
27,075,867
31,836,161

201409011927(201409011927)
22,805,234
64,165,869
138,606,568
27,075,867
31,836,161

201409011929(201409011929)
22,818,643
64,165,869
138,606,568
27,075,867
31,836,161

201409011930(201409011930)
22,818,643
64,165,869
138,606,568
27,075,867
31,852,136

201409011931(201409011931)
22,818,643
64,165,869
138,606,568
27,075,867
31,852,136

201409011932(201409011932)
22,818,643
64,165,869
138,606,568
27,075,867
31,852,136

201409011933(201409011933)
22,830,538
64,165,869
138,606,568
27,076,665
31,852,136

201409011934(201409011934)
22,830,538
64,190,193
138,606,568
27,076,665
31,852,136

201409011935(201409011935)
22,830,538
64,390,907
138,606,568
27,076,665
31,852,136

201409011936(201409011936)
22,830,538
64,390,907
138,606,568
27,076,665
31,864,467

201409011937(201409011937)
22,830,538
64,390,907
138,606,568
27,076,665
31,880,350

201409011939(201409011939)
22,888,026
64,390,907
138,606,568
27,076,665
31,880,350

201409011940(201409011940)
22,888,818
64,390,907
138,606,568
27,076,665
31,880,350

201409011941(201409011941)
22,888,818
64,390,907
138,606,568
27,076,665
31,880,350

201409011942(201409011942)
22,929,520
64,390,907
138,606,568
27,076,665
31,880,350

201409011943(201409011943)
22,929,520
64,390,907
138,606,568
27,076,665
31,880,350

201409011944(201409011944)
22,940,005
64,390,907
138,606,568
27,076,665
31,880,350

201409011945(201409011945)
22,940,005
64,390,907
138,606,568
27,076,665
31,880,350

201409011946(201409011946)
22,940,005
64,390,907
138,606,568
27,076,665
31,990,944

201409011947(201409011947)
22,940,005
64,390,907
138,606,568
27,076,665
31,990,944

201409011949(201409011949)
22,940,005
64,454,112
138,606,568
27,154,425
31,990,944

201409011950(201409011950)
22,940,005
64,454,112
138,606,568
27,154,425
31,990,944

201409011951(201409011951)
22,940,005
64,454,112
138,606,568
27,154,425
31,990,944

201409011952(201409011952)
23,023,646
64,454,112
138,606,568
27,154,425
31,990,944

201409011953(201409011953)
23,023,646
64,454,112
138,606,568
27,154,425
31,990,944

201409011954(201409011954)
23,023,646
64,454,112
138,606,568
27,204,538
31,990,944

201409011955(201409011955)
23,023,646
64,454,112
138,606,568
27,204,538
31,990,944

201409011956(201409011956)
23,023,646
64,454,112
138,606,568
27,204,538
31,990,944

201409011957(201409011957)
23,023,646
64,454,112
138,606,568
27,209,919
31,992,071

201409011959(201409011959)
23,023,646
64,675,766
138,606,568
27,209,919
31,992,071

201409012000(201409012000)
23,023,646
64,675,766
138,606,568
27,209,919
31,992,071

201409012001(201409012001)
23,023,646
64,675,766
138,606,568
27,209,919
31,992,071

201409012002(201409012002)
23,023,646
64,675,766
138,606,568
27,209,919
31,992,071

201409012003(201409012003)
23,035,459
64,706,754
138,606,568
27,247,834
32,034,223

201409012004(201409012004)
23,035,459
64,706,754
138,606,568
27,247,834
32,034,223

201409012005(201409012005)
23,035,459
64,706,754
138,606,568
27,247,970
32,034,223

201409012006(201409012006)
23,037,953
64,706,754
138,606,568
27,248,414
32,034,223

201409012007(201409012007)
23,037,953
64,706,754
138,606,568
27,248,414
32,034,223

201409012009(201409012009)
23,037,953
64,706,754
138,606,568
27,248,414
32,034,223

201409012010(201409012010)
23,037,953
64,706,754
138,606,568
27,248,414
32,034,223

201409012011(201409012011)
23,037,953
64,706,754
138,606,568
27,250,166
32,034,223

201409012012(201409012012)
23,041,286
64,706,754
138,606,568
27,250,166
32,034,223

201409012013(201409012013)
23,080,184
64,706,754
138,642,699
27,250,166
32,034,223

201409012014(201409012014)
23,080,184
64,706,754
138,642,699
27,250,166
32,034,223

201409012015(201409012015)
23,080,184
64,706,754
138,642,699
27,250,166
32,034,223

201409012016(201409012016)
23,080,184
64,706,754
138,642,699
27,315,872
32,098,336

201409012017(201409012017)
23,080,184
64,706,754
138,642,699
27,315,872
32,098,336

201409012019(201409012019)
23,098,862
64,706,754
138,642,699
27,315,872
32,098,336

201409012020(201409012020)
23,098,862
64,706,754
138,642,699
27,315,872
32,098,336

201409012021(201409012021)
23,098,862
64,706,754
138,642,699
27,315,872
32,098,336

201409012022(201409012022)
23,098,862
64,706,754
138,642,699
27,315,872
32,098,336

201409012023(201409012023)
23,098,862
64,706,754
138,642,699
27,315,872
32,098,336

201409012024(201409012024)
23,153,823
64,706,754
138,642,699
27,348,668
32,098,336

201409012025(201409012025)
23,153,823
64,706,754
138,642,699
27,348,668
32,098,336

201409012026(201409012026)
23,153,823
64,706,754
138,642,699
27,348,668
32,098,336

201409012027(201409012027)
23,182,474
64,706,754
138,642,699
27,348,668
32,098,336

201409012029(201409012029)
23,182,474
64,706,754
138,642,699
27,370,326
32,133,360

201409012030(201409012030)
23,182,474
64,706,754
138,642,699
27,370,326
32,133,360

201409012031(201409012031)
23,182,474
64,706,754
138,642,699
27,412,921
32,179,054

201409012032(201409012032)
23,182,474
64,706,754
138,642,699
27,412,921
32,301,658

201409012033(201409012033)
23,184,125
64,706,754
138,642,699
27,412,921
32,301,658

201409012034(201409012034)
23,193,626
64,706,754
138,642,699
27,412,921
32,301,658

201409012035(201409012035)
23,193,626
64,706,754
138,642,699
27,412,921
32,389,783

201409012036(201409012036)
23,193,626
64,706,754
138,642,699
27,412,921
32,426,666

201409012037(201409012037)
23,193,626
64,706,754
138,642,699
27,448,130
32,539,492

201409012039(201409012039)
23,193,626
64,706,754
138,642,699
27,448,130
32,539,492

201409012040(201409012040)
23,193,626
64,706,754
138,642,699
27,448,130
32,539,492

201409012041(201409012041)
23,193,626
64,706,754
138,642,699
27,448,130
32,539,492

201409012042(201409012042)
23,193,626
64,706,754
138,642,699
27,448,130
32,539,492

201409012043(201409012043)
23,222,024
64,706,754
138,642,699
27,528,045
32,539,492

201409012044(201409012044)
23,222,024
64,706,754
138,642,699
27,528,045
32,539,492

201409012045(201409012045)
23,222,024
64,706,754
138,642,699
27,528,045
32,539,492

201409012046(201409012046)
23,222,024
64,706,754
138,642,699
27,573,756
32,539,492

201409012047(201409012047)
23,260,501
64,706,754
138,642,699
27,584,361
32,539,492

201409012049(201409012049)
23,260,501
138,642,699
27,584,361
32,539,492

201409012050(201409012050)
23,260,501
65,091,513
138,642,699
27,584,361
32,539,492

201409012051(201409012051)
23,260,501
65,091,513
138,642,699
27,584,361
32,539,492

201409012052(201409012052)
23,260,501
65,091,513
138,642,699
27,584,361
32,563,002

201409012053(201409012053)
23,260,501
65,091,513
138,642,699
27,624,141
32,563,002

201409012054(201409012054)
23,260,501
65,091,513
138,642,699
27,624,141
32,620,394

201409012055(201409012055)
23,260,501
65,091,513
138,642,699
27,808,452
32,702,147

201409012056(201409012056)
23,294,957
65,091,513
138,642,699
27,808,452
32,702,147

201409012057(201409012057)
23,294,957
65,091,513
138,642,699
27,808,452
32,702,147

201409012059(201409012059)
23,294,957
65,091,513
138,642,699
27,808,452
32,702,147

201409012100(201409012100)
23,294,957
65,180,102
138,642,699
27,808,452
32,702,147

201409012101(201409012101)
23,294,957
65,192,597
138,642,699
27,808,452
32,702,147

201409012102(201409012102)
23,294,957
65,192,597
138,642,699
27,808,452
32,702,147

201409012103(201409012103)
23,294,957
65,192,597
139,015,656
27,808,452
32,702,147

201409012104(201409012104)
23,294,957
65,192,597
139,015,656
27,808,452
32,787,115

201409012105(201409012105)
23,294,957
65,192,597
139,418,585
27,896,173
32,787,115

201409012106(201409012106)
23,294,957
65,192,597
139,778,770
27,933,136
32,839,492

201409012107(201409012107)
23,294,957
65,192,597
139,952,407
27,933,136
32,839,492

201409012109(201409012109)
23,295,685
65,192,597
139,952,407
27,933,136
32,900,731

201409012110(201409012110)
23,295,685
65,192,597
139,952,407
27,933,136
32,900,731

201409012111(201409012111)
23,295,685
65,192,597
139,952,407
27,933,136
32,900,731

201409012112(201409012112)
23,388,594
65,192,597
139,952,407
27,976,255
32,926,050

201409012113(201409012113)
23,388,594
65,192,597
139,952,407
27,976,255
32,926,050

201409012114(201409012114)
23,388,594
65,192,597
139,952,407
27,976,255
32,930,572

201409012115(201409012115)
23,499,760
65,192,597
139,952,407
27,976,255
32,930,572

201409012116(201409012116)
23,499,760
65,192,597
139,952,407
27,976,255
32,930,572

201409012117(201409012117)
23,612,199
65,254,251
139,966,047
28,024,453
32,930,572

201409012119(201409012119)
23,653,040
65,254,251
139,966,047
28,100,362
32,930,572

201409012120(201409012120)
23,653,040
65,254,251
139,979,687
28,102,386
33,143,584

201409012121(201409012121)
23,653,040
65,254,251
139,979,687
28,102,386
33,143,584

201409012122(201409012122)
23,653,040
65,254,251
139,979,687
28,116,223
33,143,584

201409012123(201409012123)
23,653,040
65,254,251
139,979,687
28,116,223
33,143,584

201409012124(201409012124)
23,669,399
65,254,251
139,979,687
28,117,884
33,143,584

201409012125(201409012125)
23,669,399
65,254,251
139,979,687
28,127,891
33,143,584

201409012126(201409012126)
23,669,399
65,254,251
139,979,687
28,127,891
33,143,584

201409012127(201409012127)
23,669,399
65,254,251
139,979,687
28,138,170
33,143,584

201409012129(201409012129)
23,669,399
65,254,251
139,979,687
28,248,110
33,175,162

201409012130(201409012130)
23,669,399
65,254,251
139,979,687
28,248,110
33,175,162

201409012131(201409012131)
23,669,399
65,405,474
139,979,687
28,304,602
33,175,162

201409012132(201409012132)
23,808,900
65,405,474
139,979,687
28,304,602
33,175,162

201409012133(201409012133)
23,883,203
65,562,196
139,979,687
28,402,122
33,241,094

201409012134(201409012134)
23,926,265
65,562,196
139,979,687
28,402,122
33,241,368

201409012135(201409012135)
23,926,265
65,567,807
139,979,687
28,402,122
33,392,317

201409012136(201409012136)
23,926,265
65,567,807
139,979,727
28,427,424
33,392,317

201409012137(201409012137)
23,926,265
65,567,807
139,979,727
28,427,696
33,392,317

201409012139(201409012139)
23,971,930
65,567,807
139,979,727
28,436,415
33,392,317

201409012140(201409012140)
24,036,170
65,567,807
139,979,727
28,456,688
33,392,317

201409012141(201409012141)
24,036,170
65,695,519
139,979,727
28,464,079
33,392,317

201409012142(201409012142)
24,036,170
65,952,146
139,979,727
28,466,731
33,458,360

201409012143(201409012143)
24,036,170
65,952,146
139,979,727
28,466,731
33,474,319

201409012144(201409012144)
24,036,170
65,952,146
139,979,727
28,501,268
33,474,319

201409012145(201409012145)
24,036,170
65,952,146
139,979,727
28,501,268
33,474,319

201409012146(201409012146)
24,042,545
65,952,146
139,979,727
28,507,305
33,474,319

201409012147(201409012147)
24,052,245
65,952,146
139,979,727
28,507,305
33,474,319

201409012149(201409012149)
24,052,245
65,952,146
139,979,727
28,533,471
33,474,319

201409012150(201409012150)
24,052,245
65,952,146
140,035,007
28,534,807
33,475,247

201409012151(201409012151)
24,052,245
65,952,146
140,035,007
28,534,807
33,489,390

201409012152(201409012152)
24,052,245
65,952,146
140,035,007
28,591,837
33,489,390

201409012153(201409012153)
24,053,037
65,952,146
140,035,007
28,591,837
33,489,390

201409012154(201409012154)
24,053,037
65,995,892
140,035,007
28,591,837
33,489,390

201409012155(201409012155)
24,053,037
66,052,083
140,035,007
28,655,274
33,489,390

201409012156(201409012156)
24,053,037
66,052,083
140,117,492
28,655,274
33,489,390

201409012157(201409012157)
24,133,605
66,052,083
140,117,492
28,655,274
33,489,390

201409012159(201409012159)
24,133,605
66,052,083
140,117,492
28,655,274
33,489,390

201409012200(201409012200)
24,133,605
66,052,083
140,117,492
28,658,599
33,489,390

201409012201(201409012201)
24,133,605
66,052,083
140,117,492
28,658,599
33,489,390

201409012202(201409012202)
24,140,649
66,052,083
140,117,492
28,658,599
33,607,878

201409012203(201409012203)
24,140,649
66,052,083
140,117,492
28,658,599
33,607,878

201409012204(201409012204)
24,140,649
66,052,083
140,117,492
28,658,599
33,630,243

201409012205(201409012205)
24,140,649
66,052,083
140,117,492
28,658,599
33,630,243

201409012206(201409012206)
24,140,649
66,052,083
140,117,492
28,774,675
33,630,243

201409012207(201409012207)
24,153,734
66,299,270
140,117,492
28,774,675
33,630,243

201409012209(201409012209)
24,153,734
66,299,270
140,117,492
28,777,100
33,630,243

201409012210(201409012210)
24,153,734
66,299,270
140,117,492
28,792,250
33,630,243

201409012211(201409012211)
24,153,734
66,336,551
140,117,492
28,792,250
33,630,243

201409012212(201409012212)
24,153,734
66,353,357
140,117,492
28,792,250
33,630,243

201409012213(201409012213)
24,153,734
66,353,357
140,117,492
28,792,250
33,630,243

201409012214(201409012214)
24,153,734
66,353,357
140,117,492
28,792,250
33,774,558

201409012215(201409012215)
24,154,219
66,353,357
140,117,492
28,792,250
33,811,127

201409012216(201409012216)
24,169,537
66,413,213
140,117,492
28,838,807
33,827,774

201409012217(201409012217)
24,169,537
66,413,213
140,117,492
28,854,423
33,827,774

201409012219(201409012219)
24,169,537
66,413,213
140,117,492
28,854,423
33,871,668

201409012220(201409012220)
24,189,193
66,413,213
140,117,492
28,858,884
33,871,668

201409012221(201409012221)
24,189,193
66,413,213
140,117,492
28,860,834
33,871,668

201409012222(201409012222)
24,189,193
66,413,213
140,117,492
29,040,698
33,969,578

201409012223(201409012223)
24,262,083
66,530,093
140,117,492
29,040,698
33,969,578

201409012224(201409012224)
24,262,083
66,530,093
140,117,492
29,040,698
33,969,578

201409012225(201409012225)
24,262,083
66,530,093
140,117,492
29,040,698
34,010,892

201409012226(201409012226)
24,262,083
66,780,115
140,117,492
29,040,698
34,010,892

201409012227(201409012227)
24,298,369
66,780,115
140,117,492
29,040,698
34,010,892

201409012229(201409012229)
24,373,410
66,780,115
140,117,492
29,040,698
34,010,892

201409012230(201409012230)
24,386,559
66,803,953
141,686,971
29,073,047
34,060,420

201409012231(201409012231)
24,386,559
66,803,953
141,686,971
29,073,047
34,170,038

201409012232(201409012232)
24,386,559
66,997,528
143,075,471
29,073,047
34,240,550

201409012233(201409012233)
24,519,300
66,997,528
143,300,930
29,145,787
34,240,550

201409012234(201409012234)
24,519,436
67,103,559
143,631,962
29,183,630
34,240,550

201409012235(201409012235)
24,520,228
67,103,559
143,631,962
29,191,583
34,258,264

201409012236(201409012236)
24,520,228
67,103,559
143,631,962
29,191,583
34,303,946

201409012237(201409012237)
24,520,228
67,103,559
143,631,962
29,191,583
34,351,847

201409012239(201409012239)
24,520,598
67,164,384
143,631,962
29,191,583
34,380,203

201409012240(201409012240)
24,520,598
67,164,384
143,631,962
29,355,935
34,591,423

201409012241(201409012241)
24,520,598
67,164,384
143,631,962
29,355,935
34,591,423

201409012242(201409012242)
24,614,324
67,164,384
143,631,962
29,457,554
34,608,900

201409012243(201409012243)
24,614,324
67,164,384
143,631,962
29,457,554
34,675,201

201409012244(201409012244)
24,614,324
67,186,284
143,631,962
29,457,554
34,707,181

201409012245(201409012245)
24,614,324
67,186,284
143,631,962
29,457,554
34,707,181

201409012246(201409012246)
24,614,324
67,186,284
143,631,962
29,457,554
34,707,181

201409012247(201409012247)
24,953,322
67,186,284
143,631,962
29,457,554
34,781,197

201409012249(201409012249)
24,953,322
67,186,284
143,631,962
29,457,554
34,781,197

201409012250(201409012250)
24,953,322
67,186,284
143,631,962
29,457,554
34,973,892

201409012251(201409012251)
24,953,322
67,198,012
143,631,962
29,457,554
34,973,892

201409012252(201409012252)
24,953,322
67,198,012
143,631,962
29,813,169
34,973,892

201409012253(201409012253)
24,953,322
67,219,664
143,631,962
29,813,169
34,978,516

201409012254(201409012254)
24,953,322
67,294,958
143,631,962
29,893,696
34,982,997

201409012255(201409012255)
24,973,324
67,296,158
143,631,962
29,952,066
34,992,328

201409012256(201409012256)
25,013,876
67,411,748
143,631,962
29,989,980
34,992,328

201409012257(201409012257)
25,013,876
67,411,748
143,631,962
29,989,980
34,992,328

201409012259(201409012259)
25,013,876
67,427,561
143,631,962
29,989,980
34,992,328

201409012300(201409012300)
25,020,380
67,581,778
143,631,962
29,989,980
35,071,652

201409012301(201409012301)
25,101,795
67,647,117
143,631,962
29,989,980
35,071,652

201409012302(201409012302)
25,101,795
67,842,845
143,631,962
29,989,980
35,078,296

201409012303(201409012303)
25,101,795
67,842,845
143,631,962
29,989,980
35,078,296

201409012304(201409012304)
25,134,003
67,917,680
143,631,962
30,100,071
35,078,296

201409012305(201409012305)
25,166,759
67,917,680
143,631,962
30,100,071
35,078,296

201409012306(201409012306)
25,328,723
68,077,349
143,631,962
30,100,071
35,078,296

201409012307(201409012307)
25,328,723
68,137,998
143,631,962
30,100,071
35,169,311

201409012309(201409012309)
25,328,723
68,137,998
143,631,962
30,104,567
35,169,311

201409012310(201409012310)
25,398,987
68,137,998
143,631,962
30,117,036
35,169,311

201409012311(201409012311)
25,441,755
68,153,218
143,631,962
30,117,036
35,169,311

201409012312(201409012312)
25,441,755
68,525,471
143,631,962
30,117,036
35,193,224

201409012313(201409012313)
25,441,755
68,544,910
143,631,962
30,117,036
35,193,224

201409012314(201409012314)
25,441,755
68,544,910
143,631,962
30,117,036
35,193,224

201409012315(201409012315)
25,441,755
68,549,051
143,631,962
30,117,036
35,193,224

201409012316(201409012316)
25,441,755
68,818,503
143,631,962
30,117,036
35,193,224

201409012317(201409012317)
25,470,717
68,957,244
143,631,962
30,117,036
35,193,224

201409012319(201409012319)
25,470,717
68,957,244
143,631,962
30,132,848
35,193,224

201409012320(201409012320)
25,470,717
68,960,275
143,631,962
30,194,681
35,201,487

201409012321(201409012321)
25,551,718
68,969,982
143,631,962
30,215,127
35,201,487

201409012322(201409012322)
25,554,754
68,969,982
143,631,962
30,215,127
35,309,332

201409012323(201409012323)
25,566,294
68,969,982
143,631,962
30,215,127
35,316,358

201409012324(201409012324)
25,566,294
68,969,982
143,631,962
30,215,127
35,316,358

201409012325(201409012325)
25,632,494
68,969,982
143,631,962
30,215,127
35,316,358

201409012326(201409012326)
25,632,494
68,969,982
143,631,962
30,215,127
35,316,358

201409012327(201409012327)
25,640,922
68,969,982
143,631,962
30,215,127
35,316,358

201409012329(201409012329)
25,640,922
68,987,736
143,631,962
30,276,255
35,316,358

201409012330(201409012330)
25,669,975
68,987,736
143,631,962
30,314,645
35,476,007

201409012331(201409012331)
25,718,873
68,987,736
143,631,962
30,314,645
35,528,062

201409012332(201409012332)
25,718,873
68,987,736
143,631,962
30,314,645
35,528,062

201409012333(201409012333)
25,718,873
68,987,736
143,631,962
30,314,645
35,528,062

201409012334(201409012334)
25,749,711
68,987,736
143,631,962
30,314,645
35,528,062

201409012335(201409012335)
25,753,704
68,987,736
143,631,962
30,314,645
35,528,062

201409012336(201409012336)
25,753,704
68,987,736
143,631,962
30,358,687
35,528,062

201409012337(201409012337)
25,753,704
68,987,736
143,631,962
30,358,687
35,562,523

201409012339(201409012339)
25,753,704
68,987,736
143,631,962
30,358,687
35,562,523

201409012340(201409012340)
25,789,096
68,987,736
143,631,962
30,553,585
35,940,939

201409012341(201409012341)
25,794,547
69,026,746
143,631,962
30,553,585
35,940,939

201409012342(201409012342)
25,794,547
69,026,746
143,631,962
30,553,585
36,009,306

201409012343(201409012343)
25,832,681
69,026,746
143,795,971
30,692,871
36,009,306

201409012344(201409012344)
25,832,681
69,026,746
143,795,971
30,692,871
36,009,306

201409012345(201409012345)
25,865,561
69,026,746
143,795,971
30,762,487
36,019,586

201409012346(201409012346)
25,872,099
69,026,746
143,795,971
30,762,487
36,019,586

201409012347(201409012347)
25,893,042
69,026,746
143,795,971
30,762,487
36,040,363

201409012349(201409012349)
25,905,493
69,026,746
143,795,971
30,762,487
36,070,888

201409012350(201409012350)
25,936,376
69,026,746
143,795,971
30,762,487
36,119,916

201409012351(201409012351)
25,983,050
69,190,221
143,795,971
30,762,487
36,146,886

201409012352(201409012352)
25,983,050
69,190,221
143,795,971
30,762,487
36,212,367

201409012353(201409012353)
25,983,050
69,190,221
143,795,971
30,762,487
36,212,367

201409012354(201409012354)
25,983,050
69,190,221
143,795,971
30,762,487
36,230,079

201409012355(201409012355)
25,983,050
69,250,073
143,795,971
30,762,487
36,230,079

201409012356(201409012356)
25,983,050
69,250,073
143,795,971
30,762,487
36,230,079

201409012357(201409012357)
26,016,053
69,250,073
143,795,971
30,893,539
36,271,542

201409012359(201409012359)
26,036,808
69,250,073
143,795,971
30,893,539
36,276,497

201409020000(201409020000)
26,082,694
69,250,073
145,010,207
30,893,539
36,276,497

201409020001(201409020001)
26,088,959
69,250,073
145,010,207
30,948,179
36,276,497

201409020002(201409020002)
26,182,183
69,250,073
145,010,207
30,948,819
36,276,497

201409020003(201409020003)
26,182,183
69,250,073
145,010,207
31,004,099
36,276,497

201409020004(201409020004)
26,182,183
69,250,073
145,010,207
31,004,099
36,276,497

201409020005(201409020005)
26,182,183
69,250,073
145,010,207
31,004,099
36,276,497

201409020006(201409020006)
26,182,183
69,250,073
145,010,207
31,004,099
36,276,497

201409020007(201409020007)
26,182,183
69,250,073
145,010,207
31,051,218
36,276,497

201409020009(201409020009)
26,182,183
69,250,073
145,010,207
31,051,218
36,339,883

201409020010(201409020010)
26,363,973
69,250,073
145,010,207
31,051,218
36,428,043

201409020011(201409020011)
26,363,973
69,250,073
145,010,207
31,051,218
36,428,043

201409020012(201409020012)
26,363,973
69,250,073
145,010,207
31,051,218
36,428,043

201409020013(201409020013)
26,404,334
69,410,021
145,010,207
31,051,218
36,428,043

201409020014(201409020014)
26,454,384
69,410,021
145,326,400
31,051,218
36,428,043

201409020015(201409020015)
26,587,324
69,410,021
145,474,873
31,051,218
36,428,043

201409020016(201409020016)
26,614,431
69,410,021
145,474,873
31,064,907
36,428,043

201409020017(201409020017)
26,683,716
69,410,021
145,474,873
31,064,907
36,601,953

201409020019(201409020019)
26,683,716
69,410,021
145,474,873
31,064,907
36,601,953

201409020020(201409020020)
26,683,716
69,410,021
145,474,873
31,121,246
36,601,953

201409020021(201409020021)
26,683,716
69,410,021
145,474,873
31,121,246
36,682,659

201409020022(201409020022)
26,683,716
69,540,033
145,474,873
31,121,246
36,682,659

201409020023(201409020023)
26,714,388
69,540,033
145,474,873
31,174,843
36,682,659

201409020024(201409020024)
26,714,388
69,540,033
145,474,873
31,174,843
36,682,659

201409020025(201409020025)
26,714,388
69,540,033
145,474,873
31,174,843
36,682,659

201409020026(201409020026)
26,714,388
69,540,033
145,474,873
31,174,843
36,682,659

201409020027(201409020027)
26,714,388
69,540,033
145,474,873
31,201,456
36,682,659

201409020029(201409020029)
26,714,388
69,540,033
145,474,873
31,201,456
36,682,659

201409020030(201409020030)
26,714,388
69,540,033
145,474,873
31,227,431
36,682,659

201409020031(201409020031)
26,714,388
69,540,033
145,474,873
31,241,388
36,682,659

201409020032(201409020032)
26,714,388
69,540,033
145,474,873
31,241,388
36,682,659

201409020033(201409020033)
26,714,388
69,540,033
145,474,873
31,241,388
36,682,659

201409020034(201409020034)
26,714,388
69,540,033
145,474,873
31,241,388
36,682,659

201409020035(201409020035)
26,747,297
69,540,033
145,771,369
31,241,388
36,682,659

201409020036(201409020036)
26,747,297
69,540,033
146,735,163
31,241,388
36,682,659

201409020037(201409020037)
26,747,297
69,540,033
146,735,163
31,257,431
36,757,884

201409020039(201409020039)
26,747,297
69,540,033
146,735,163
31,257,431
36,761,048

201409020040(201409020040)
26,747,297
69,540,033
146,735,163
31,257,431
36,761,048

201409020041(201409020041)
26,747,297
69,540,033
146,735,163
31,257,431
36,773,197

201409020042(201409020042)
26,747,297
69,540,033
146,735,163
31,268,189
36,783,145

201409020043(201409020043)
26,747,297
69,540,033
146,735,163
31,274,132
36,783,145

201409020044(201409020044)
26,806,056
69,540,033
146,735,163
31,274,132
36,783,145

201409020045(201409020045)
26,806,056
69,540,033
146,800,269
31,274,132
36,783,145

201409020046(201409020046)
26,806,056
69,540,033
146,800,269
31,274,132
36,814,618

201409020047(201409020047)
26,821,534
69,540,033
146,800,269
31,274,132
36,814,618

201409020049(201409020049)
26,821,534
69,540,033
146,800,269
31,459,055
36,814,618

201409020050(201409020050)
26,835,486
69,540,033
146,819,043
31,518,833
36,826,361

201409020051(201409020051)
26,835,486
69,547,496
146,819,043
31,518,833
36,963,314

201409020052(201409020052)
26,932,739
69,547,496
146,819,043
31,518,833
36,963,314

201409020053(201409020053)
26,932,739
69,547,496
146,819,043
31,518,833
36,995,479

201409020054(201409020054)
26,932,739
69,547,496
146,819,043
31,518,833
36,995,479

201409020055(201409020055)
26,932,739
69,547,496
146,819,043
31,518,833
37,050,897

201409020056(201409020056)
26,932,739
69,547,496
146,819,043
31,518,833
37,050,897

201409020057(201409020057)
26,932,739
69,697,652
146,819,043
31,518,833
37,050,897

201409020059(201409020059)
26,932,739
69,697,652
146,819,043
31,518,833
37,050,897

201409020100(201409020100)
26,932,739
69,697,652
146,819,043
31,544,896
37,050,897

201409020101(201409020101)
26,932,739
69,697,652
146,819,043
31,544,896
37,050,897

201409020102(201409020102)
26,968,812
69,697,652
146,819,043
31,544,896
37,050,897

201409020103(201409020103)
26,968,812
69,697,652
146,819,043
31,544,896
37,050,897

201409020104(201409020104)
26,968,812
69,697,652
146,819,043
31,544,896
37,069,673

201409020105(201409020105)
26,968,812
69,697,652
146,819,043
31,544,896
37,069,673

201409020106(201409020106)
27,066,108
69,697,652
146,819,043
31,544,896
37,241,008

201409020107(201409020107)
27,066,108
69,697,652
146,819,043
31,552,200
37,255,210

201409020109(201409020109)
27,066,108
69,697,652
146,819,043
31,552,200
37,255,210

201409020110(201409020110)
27,066,108
69,697,652
146,819,043
31,567,070
37,255,210

201409020111(201409020111)
27,066,108
69,697,652
146,819,043
31,629,779
37,255,210

201409020112(201409020112)
27,066,108
69,697,652
146,819,043
31,664,446
37,255,210

201409020113(201409020113)
27,066,108
69,697,652
146,819,043
31,664,446
37,255,210

201409020114(201409020114)
27,066,108
69,697,652
146,819,043
31,664,446
37,255,210

