201408271739(201408271739)
10,140
26,066
208,653
11,310
12,406

201408271740(201408271740)
10,715
27,215
213,243
11,568
12,769

201408271741(201408271741)
10,998
28,859
226,206
11,948
13,186

201408271742(201408271742)
11,311
30,408
229,815
12,499
13,667

201408271743(201408271743)
11,590
32,044
250,010
12,917
14,332

201408271744(201408271744)
11,954
32,866
252,056
13,166
14,832

201408271745(201408271745)
12,360
34,694
259,957
13,436
15,094

201408271746(201408271746)
12,672
35,586
267,599
13,902
15,453

201408271747(201408271747)
12,973
37,802
275,644
14,298
15,980

201408271749(201408271749)
13,824
41,668
280,474
15,379
17,438

201408271750(201408271750)
14,092
43,957
289,651
15,906
18,050

201408271751(201408271751)
14,726
45,542
297,457
16,398
18,492

201408271752(201408271752)
15,428
49,235
315,534
17,438
19,472

201408271753(201408271753)
16,499
53,025
330,306
18,416
20,726

201408271754(201408271754)
17,378
55,964
353,844
19,183
21,896

201408271755(201408271755)
18,119
58,088
377,172
20,218
22,864

201408271756(201408271756)
18,696
59,850
398,377
21,222
24,224

201408271757(201408271757)
19,409
61,450
418,149
21,996
25,144

201408271759(201408271759)
21,368
71,412
453,401
24,071
27,806

201408271800(201408271800)
22,247
76,392
460,062
25,252
29,556

201408271801(201408271801)
23,082
82,217
475,939
26,440
31,004

201408271802(201408271802)
24,320
84,413
547,974
27,672
32,105

201408271803(201408271803)
25,230
86,516
553,968
29,150
34,322

201408271804(201408271804)
25,998
88,493
563,084
30,293
35,010

201408271805(201408271805)
25,998
90,704
587,813
31,221
36,184

201408271806(201408271806)
27,966
92,989
601,028
32,602
37,774

201408271807(201408271807)
29,340
95,603
604,529
34,398
39,180

201408271809(201408271809)
31,292
98,345
629,159
36,222
42,314

201408271810(201408271810)
32,789
103,805
659,087
37,527
43,289

201408271811(201408271811)
33,847
107,145
681,594
38,428
44,890

201408271812(201408271812)
35,376
111,728
765,001
40,113
47,046

201408271813(201408271813)
35,939
113,992
772,512
40,826
48,068

201408271814(201408271814)
37,079
115,031
772,512
41,643
48,732

201408271815(201408271815)
38,186
116,470
790,691
43,460
49,960

201408271816(201408271816)
38,949
119,096
814,055
44,799
51,619

201408271817(201408271817)
40,113
120,922
830,834
46,285
52,846

201408271819(201408271819)
41,780
126,485
832,540
48,303
55,947

201408271820(201408271820)
43,460
131,474
841,807
49,594
57,964

201408271821(201408271821)
44,935
135,820
842,367
50,960
59,666

201408271822(201408271822)
46,136
138,415
935,926
52,386
60,942

201408271823(201408271823)
48,292
143,268
937,821
54,356
62,563

201408271824(201408271824)
49,505
148,094
958,515
56,426
63,992

201408271825(201408271825)
51,311
148,094
1,041,618
58,649
63,992

201408271826(201408271826)
52,726
157,886
1,067,706
61,112
69,967

201408271827(201408271827)
54,181
169,937
1,127,926
62,636
73,761

201408271829(201408271829)
57,021
175,744
1,141,715
66,091
78,654

201408271830(201408271830)
57,021
179,377
1,141,715
69,934
82,851

201408271831(201408271831)
62,122
185,391
1,205,660
74,084
84,904

201408271832(201408271832)
62,716
186,731
1,284,194
75,643
85,977

201408271833(201408271833)
63,794
189,739
1,315,141
77,591
86,700

201408271834(201408271834)
64,895
192,345
1,315,141
78,739
87,268

201408271835(201408271835)
67,612
198,625
1,325,705
78,739
88,579

201408271836(201408271836)
68,697
201,760
1,343,198
82,667
89,733

201408271837(201408271837)
71,400
207,670
1,409,916
84,085
91,520

201408271839(201408271839)
77,510
217,836
1,416,244
86,276
94,053

201408271840(201408271840)
77,510
222,793
1,416,244
86,276
95,347

201408271841(201408271841)
80,670
226,582
1,416,244
87,453
96,789

201408271842(201408271842)
82,621
233,623
1,454,064
88,741
97,950

201408271843(201408271843)
83,027
237,293
1,536,275
89,776
98,950

201408271844(201408271844)
84,027
244,465
1,536,275
91,092
99,943

201408271845(201408271845)
84,027
247,696
1,593,320
92,004
101,339

201408271846(201408271846)
84,957
250,725
1,614,253
92,715
102,709

201408271847(201408271847)
85,903
256,304
1,614,253
93,915
104,008

201408271849(201408271849)
87,223
270,500
1,673,514
96,705
107,435

201408271850(201408271850)
87,223
270,500
1,704,422
96,705
109,309

201408271851(201408271851)
89,974
282,780
1,723,818
99,471
110,590

201408271852(201408271852)
90,914
283,172
1,724,256
100,764
112,250

201408271853(201408271853)
91,962
285,045
1,743,967
101,339
113,829

201408271854(201408271854)
93,492
286,679
1,795,431
103,511
115,592

201408271855(201408271855)
93,492
289,181
1,795,431
105,990
117,603

201408271856(201408271856)
97,056
291,885
1,885,662
106,591
118,562

201408271857(201408271857)
97,895
299,830
1,930,634
108,525
120,479

201408271859(201408271859)
100,229
304,293
2,012,105
111,306
122,500

201408271900(201408271900)
100,229
304,293
2,012,105
111,306
122,500

201408271901(201408271901)
102,118
315,888
2,094,423
113,466
126,269

201408271902(201408271902)
102,980
325,574
2,125,076
114,181
126,841

201408271903(201408271903)
103,953
330,819
2,217,831
115,263
128,643

201408271904(201408271904)
104,909
334,686
2,217,831
116,394
129,427

201408271905(201408271905)
104,909
334,686
2,217,831
116,394
131,032

201408271906(201408271906)
106,321
339,524
2,217,831
118,846
132,057

201408271907(201408271907)
106,718
345,396
2,236,302
119,478
133,362

201408271909(201408271909)
109,556
348,430
2,270,722
120,984
136,566

201408271910(201408271910)
109,556
353,490
2,378,219
122,500
136,566

201408271911(201408271911)
113,081
357,596
2,442,961
124,912
141,548

201408271912(201408271912)
114,027
360,193
2,542,677
126,848
143,713

201408271913(201408271913)
115,050
367,456
2,542,677
128,342
146,170

201408271914(201408271914)
116,463
368,152
2,542,677
129,267
147,154

201408271915(201408271915)
116,463
371,387
2,542,677
130,512
148,666

201408271916(201408271916)
119,190
377,953
2,670,163
131,190
151,536

201408271917(201408271917)
120,463
382,112
2,716,051
133,100
155,083

201408271919(201408271919)
122,427
388,755
2,792,712
136,027
158,345

201408271920(201408271920)
122,427
388,755
2,792,712
136,027
158,345

201408271921(201408271921)
124,912
393,615
2,923,309
139,185
161,095

201408271922(201408271922)
126,684
400,154
2,924,790
140,573
162,250

201408271923(201408271923)
128,078
402,821
3,029,228
143,091
163,742

201408271924(201408271924)
129,765
414,461
3,056,518
145,513
166,043

201408271925(201408271925)
129,765
414,461
3,056,518
145,513
166,043

201408271926(201408271926)
132,212
419,605
3,068,331
148,675
170,374

201408271927(201408271927)
133,445
422,946
3,115,209
150,610
172,082

201408271929(201408271929)
138,651
440,183
3,287,045
156,231
177,380

201408271930(201408271930)
138,651
445,189
3,287,045
158,333
177,380

201408271931(201408271931)
141,290
450,862
3,315,053
159,336
181,264

201408271932(201408271932)
142,681
456,766
3,315,053
161,689
183,393

201408271933(201408271933)
143,785
461,778
3,315,053
163,052
185,502

201408271934(201408271934)
145,513
465,337
3,315,053
164,276
186,980

201408271935(201408271935)
146,764
465,337
3,315,053
164,276
186,980

201408271936(201408271936)
147,964
472,820
3,373,247
170,247
192,271

201408271937(201408271937)
148,804
474,964
3,373,247
170,616
196,054

201408271939(201408271939)
153,302
485,463
3,583,087
173,854
199,537

201408271940(201408271940)
153,302
485,463
3,583,087
173,854
199,537

201408271941(201408271941)
154,302
491,360
3,588,756
176,635
203,352

201408271942(201408271942)
158,486
497,697
3,609,956
179,374
205,260

201408271943(201408271943)
158,486
498,201
3,609,956
179,374
207,881

201408271944(201408271944)
161,033
501,238
3,629,500
181,307
209,417

201408271945(201408271945)
161,033
501,238
3,629,500
181,307
209,417

201408271946(201408271946)
164,686
505,134
3,629,500
183,610
213,600

201408271947(201408271947)
165,639
512,896
3,657,043
186,152
214,792

201408271949(201408271949)
170,552
522,627
3,908,563
191,914
219,480

201408271950(201408271950)
170,552
531,118
3,910,379
191,914
219,480

201408271951(201408271951)
174,781
532,601
3,910,379
197,987
223,849

201408271952(201408271952)
177,016
536,458
3,910,379
200,059
228,070

201408271953(201408271953)
179,387
544,462
3,910,379
202,225
230,216

201408271954(201408271954)
180,941
551,268
4,084,461
204,717
232,690

201408271955(201408271955)
182,384
551,268
4,169,005
204,717
232,690

201408271956(201408271956)
184,757
560,677
4,208,531
210,794
239,786

201408271957(201408271957)
188,489
564,438
4,244,873
213,600
244,068

201408271959(201408271959)
192,993
570,322
4,247,393
218,715
250,859

201408272000(201408272000)
192,993
573,200
4,247,393
218,715
250,859

201408272001(201408272001)
198,018
586,875
4,296,277
224,473
255,441

201408272002(201408272002)
199,469
589,318
4,355,120
226,403
257,723

201408272003(201408272003)
200,541
593,412
4,361,156
227,554
257,723

201408272004(201408272004)
202,549
593,412
4,361,156
229,108
263,247

201408272005(201408272005)
202,549
594,263
4,361,156
229,108
263,247

201408272006(201408272006)
207,670
597,595
4,361,156
234,618
266,519

201408272007(201408272007)
209,459
604,529
4,369,798
237,937
268,739

201408272009(201408272009)
214,414
621,278
4,457,077
245,478
275,590

201408272010(201408272010)
214,414
621,278
4,461,134
245,478
276,992

201408272011(201408272011)
217,787
628,883
4,461,134
249,748
278,472

201408272012(201408272012)
217,787
655,590
4,677,607
252,883
284,690

201408272013(201408272013)
220,524
655,590
4,685,151
256,766
285,217

201408272014(201408272014)
225,917
658,254
4,764,093
258,164
286,860

201408272015(201408272015)
225,917
658,254
4,764,093
258,164
286,860

201408272016(201408272016)
229,114
674,946
4,764,093
261,228
289,742

201408272017(201408272017)
231,105
688,583
4,844,613
262,149
290,736

201408272019(201408272019)
237,885
698,620
4,929,063
266,978
294,700

201408272020(201408272020)
237,885
698,620
4,929,063
266,978
294,700

201408272021(201408272021)
240,798
720,328
5,044,853
270,766
296,565

201408272022(201408272022)
242,938
720,328
5,093,360
272,274
300,615

201408272023(201408272023)
242,938
722,412
5,098,400
272,944
305,832

201408272024(201408272024)
245,246
727,866
5,101,524
272,944
309,669

201408272025(201408272025)
250,434
727,866
5,101,524
277,889
309,669

201408272026(201408272026)
252,652
731,820
5,106,564
279,831
313,975

201408272027(201408272027)
252,652
745,666
5,161,022
283,244
317,034

201408272029(201408272029)
258,164
756,717
5,582,323
288,094
322,843

201408272030(201408272030)
258,164
756,717
5,582,323
288,094
322,843

201408272031(201408272031)
261,900
775,343
5,878,939
290,705
330,229

201408272032(201408272032)
261,900
785,452
5,879,243
291,416
330,499

201408272033(201408272033)
265,963
803,883
6,102,355
293,728
333,244

201408272034(201408272034)
268,967
825,370
6,102,355
296,853
336,469

201408272035(201408272035)
268,967
825,370
6,102,355
296,853
336,469

201408272036(201408272036)
275,694
837,360
6,102,355
302,287
341,171

201408272037(201408272037)
275,694
837,360
6,222,262
305,832
343,306

201408272039(201408272039)
278,351
860,094
6,350,821
308,606
346,780

201408272040(201408272040)
279,831
860,094
6,350,821
308,606
346,780

201408272041(201408272041)
283,244
883,308
6,742,149
312,487
354,716

201408272042(201408272042)
285,045
901,517
6,742,149
316,129
357,881

201408272043(201408272043)
288,094
905,680
6,742,149
318,682
357,881

201408272044(201408272044)
289,685
905,680
6,742,149
318,682
364,680

201408272045(201408272045)
289,685
905,680
6,788,910
319,746
364,680

201408272046(201408272046)
291,531
908,097
7,003,371
325,797
372,088

201408272047(201408272047)
297,196
908,097
7,084,690
331,908
374,801

201408272049(201408272049)
300,275
921,712
7,234,387
335,434
377,412

201408272050(201408272050)
300,275
930,761
7,455,154
335,434
377,412

201408272051(201408272051)
305,337
952,031
7,455,154
343,306
388,626

201408272052(201408272052)
305,337
954,452
7,455,154
345,585
390,416

201408272053(201408272053)
308,632
973,120
7,459,887
345,957
391,587

201408272054(201408272054)
308,632
983,059
7,554,088
348,530
395,125

201408272055(201408272055)
313,074
983,059
7,554,088
348,530
395,125

201408272056(201408272056)
314,330
986,163
7,554,088
352,936
397,108

201408272057(201408272057)
316,234
992,039
7,663,414
354,716
402,196

201408272059(201408272059)
323,803
996,062
7,663,618
366,382
408,945

201408272100(201408272100)
323,803
1,011,587
7,663,618
366,382
408,945

201408272101(201408272101)
330,074
1,027,225
7,663,866
370,606
414,461

201408272102(201408272102)
330,283
1,030,417
7,664,482
371,820
414,582

201408272103(201408272103)
330,283
1,037,584
7,664,482
374,861
418,106

201408272104(201408272104)
335,778
1,048,579
8,061,302
374,861
418,106

201408272105(201408272105)
335,778
1,048,579
8,061,302
376,696
420,450

201408272106(201408272106)
343,306
1,052,846
8,325,697
387,164
427,276

201408272107(201408272107)
346,210
1,074,111
8,325,697
388,738
431,162

201408272109(201408272109)
349,943
1,076,792
8,357,663
392,471
438,070

201408272110(201408272110)
351,541
1,106,480
8,702,891
392,471
438,070

201408272111(201408272111)
356,804
1,113,095
8,910,186
394,995
443,969

201408272112(201408272112)
356,804
1,116,095
8,910,186
397,108
452,924

201408272113(201408272113)
362,567
1,119,593
9,055,016
402,058
452,924

201408272114(201408272114)
367,997
1,133,777
9,058,300
405,272
467,305

201408272115(201408272115)
371,983
1,133,777
9,058,300
409,112
467,305

201408272116(201408272116)
377,412
1,145,374
9,191,223
417,574
478,262

201408272117(201408272117)
382,769
1,185,427
9,419,984
417,574
478,262

201408272119(201408272119)
387,840
1,199,674
9,576,195
430,145
491,742

201408272120(201408272120)
388,927
1,206,941
9,576,195
430,145
491,742

201408272121(201408272121)
391,120
1,220,117
9,732,520
435,961
498,683

201408272122(201408272122)
394,072
1,229,625
9,732,520
435,961
501,021

201408272123(201408272123)
395,125
1,229,625
9,732,520
440,216
502,576

201408272124(201408272124)
395,125
1,260,459
9,757,232
441,301
505,824

201408272125(201408272125)
398,339
1,260,459
9,757,232
441,301
505,824

201408272126(201408272126)
400,686
1,260,645
9,840,305
447,555
507,612

201408272127(201408272127)
402,108
1,260,645
9,887,044
447,555
515,916

201408272129(201408272129)
409,112
1,274,192
10,002,526
463,672
517,884

201408272130(201408272130)
409,112
1,274,192
10,050,845
463,672
522,085

201408272131(201408272131)
414,724
1,277,601
10,050,845
475,951
533,625

201408272132(201408272132)
414,724
1,288,244
10,167,496
475,951
538,075

201408272133(201408272133)
421,300
1,311,436
10,167,496
481,857
539,966

201408272134(201408272134)
425,125
1,311,436
10,268,551
481,857
539,966

201408272135(201408272135)
425,125
1,343,948
10,268,551
485,087
549,330

201408272136(201408272136)
427,495
1,344,547
10,268,551
490,058
553,266

201408272137(201408272137)
434,362
1,369,391
10,268,551
490,058
553,266

201408272139(201408272139)
443,742
1,370,199
10,494,754
493,542
563,188

201408272140(201408272140)
443,742
1,372,311
10,494,754
497,562
563,188

201408272141(201408272141)
448,530
1,383,139
10,572,116
507,281
570,548

201408272142(201408272142)
452,924
1,389,784
10,572,116
507,281
570,548

201408272143(201408272143)
456,576
1,389,784
10,572,116
511,289
571,681

201408272144(201408272144)
456,576
1,416,795
10,572,116
514,658
572,807

201408272145(201408272145)
461,514
1,416,795
10,729,622
514,658
576,686

201408272146(201408272146)
466,943
1,435,190
10,729,622
520,352
581,322

201408272147(201408272147)
466,943
1,439,643
10,956,506
526,956
584,075

201408272149(201408272149)
475,484
1,447,148
11,019,589
530,128
588,164

201408272150(201408272150)
477,672
1,447,148
11,019,589
532,856
588,164

201408272151(201408272151)
480,994
1,467,180
11,338,380
540,352
591,719

201408272152(201408272152)
485,087
1,468,205
11,391,449
543,046
595,539

201408272153(201408272153)
485,087
1,468,205
11,430,745
546,983
598,655

201408272154(201408272154)
490,058
1,481,215
11,430,745
550,695
602,296

201408272155(201408272155)
491,481
1,481,215
11,433,265
550,695
602,296

201408272156(201408272156)
493,122
1,489,418
11,439,069
555,692
608,546

201408272157(201408272157)
494,658
1,507,200
11,439,069
555,692
619,274

201408272159(201408272159)
499,917
1,509,360
11,439,069
565,962
634,213

201408272200(201408272200)
504,266
1,515,892
11,617,811
565,962
634,213

201408272201(201408272201)
507,612
1,515,892
11,618,015
571,099
635,466

201408272202(201408272202)
514,491
1,551,468
11,632,337
571,099
646,363

201408272203(201408272203)
514,491
1,576,735
11,874,760
574,522
649,554

201408272204(201408272204)
522,789
1,598,224
12,101,214
574,522
653,289

201408272205(201408272205)
522,789
1,598,224
12,219,012
577,647
653,289

201408272206(201408272206)
526,556
1,608,994
12,496,952
581,821
663,162

201408272207(201408272207)
527,998
1,614,253
12,496,952
582,131
663,676

201408272209(201408272209)
531,769
1,637,290
12,835,626
587,355
669,824

201408272210(201408272210)
534,464
1,637,290
12,835,626
590,338
672,010

201408272211(201408272211)
538,352
1,697,698
12,835,626
597,004
674,133

201408272212(201408272212)
549,478
1,697,698
12,835,626
602,296
684,722

201408272213(201408272213)
550,695
1,703,266
12,835,626
605,488
690,545

201408272214(201408272214)
550,695
1,728,285
12,835,626
607,153
694,679

201408272215(201408272215)
552,550
1,736,584
12,835,626
607,153
695,263

201408272216(201408272216)
553,492
1,740,471
12,835,626
609,518
698,870

201408272217(201408272217)
553,598
1,747,954
12,835,626
616,802
698,870

201408272219(201408272219)
562,737
1,777,830
12,835,626
624,088
707,978

201408272220(201408272220)
562,737
1,786,388
12,835,626
624,088
707,978

201408272221(201408272221)
565,143
1,788,530
12,835,626
629,997
715,607

201408272222(201408272222)
569,494
1,801,181
12,835,626
635,466
720,842

201408272223(201408272223)
575,643
1,820,413
13,025,958
638,856
720,842

201408272224(201408272224)
581,701
1,833,838
13,085,661
643,172
723,391

201408272225(201408272225)
581,701
1,833,838
13,085,661
643,172
724,669

201408272226(201408272226)
582,131
1,844,997
13,265,150
645,497
725,956

201408272227(201408272227)
585,454
1,844,997
13,265,150
648,084
732,141

201408272229(201408272229)
588,037
1,873,079
13,818,164
656,018
737,233

201408272230(201408272230)
589,888
1,895,717
13,818,164
663,128
737,233

201408272231(201408272231)
596,560
1,902,533
13,862,670
663,162
740,660

201408272232(201408272232)
596,560
1,902,533
13,944,211
667,381
748,799

201408272233(201408272233)
602,976
1,914,879
13,944,211
672,010
752,974

201408272234(201408272234)
605,488
1,918,802
13,951,933
672,010
752,974

201408272235(201408272235)
605,488
1,918,802
14,048,309
679,672
754,805

201408272236(201408272236)
605,963
1,948,312
14,048,309
691,010
759,258

201408272237(201408272237)
615,208
1,948,312
14,107,982
691,010
773,389

201408272239(201408272239)
616,657
1,968,614
14,126,860
699,984
784,828

201408272240(201408272240)
617,802
1,992,522
14,126,860
703,847
787,420

201408272241(201408272241)
619,744
2,015,123
14,126,860
705,146
789,649

201408272242(201408272242)
621,789
2,015,123
14,142,652
707,978
796,317

201408272243(201408272243)
629,902
2,026,337
14,142,652
711,614
797,371

201408272244(201408272244)
638,625
2,048,013
14,201,666
711,614
797,371

201408272245(201408272245)
638,625
2,087,243
14,201,666
720,533
801,985

201408272246(201408272246)
643,088
2,115,984
14,284,426
723,063
814,436

201408272247(201408272247)
645,320
2,115,984
14,544,112
725,207
814,436

201408272249(201408272249)
653,889
2,178,127
15,101,112
732,644
829,441

201408272250(201408272250)
653,889
2,178,127
15,101,112
732,644
839,923

201408272251(201408272251)
655,352
2,194,540
15,246,836
735,811
841,859

201408272252(201408272252)
659,129
2,194,540
15,246,836
740,378
843,188

201408272253(201408272253)
659,129
2,222,516
15,246,836
740,859
852,496

201408272254(201408272254)
666,721
2,222,516
15,286,633
744,593
852,496

201408272255(201408272255)
666,721
2,250,738
15,705,441
744,593
854,542

201408272256(201408272256)
668,593
2,263,374
15,728,835
748,179
860,119

201408272257(201408272257)
672,010
2,263,374
15,732,455
754,805
864,997

201408272259(201408272259)
678,253
2,276,839
15,736,075
758,683
872,484

201408272300(201408272300)
678,253
2,298,794
15,743,315
759,258
877,028

201408272301(201408272301)
686,182
2,298,998
15,796,175
764,321
880,952

201408272302(201408272302)
687,484
2,308,696
15,796,175
765,336
883,661

201408272303(201408272303)
690,210
2,308,696
15,796,175
772,227
892,966

201408272304(201408272304)
693,596
2,308,696
15,796,175
772,227
895,312

201408272305(201408272305)
693,596
2,308,696
15,811,671
772,227
895,312

201408272306(201408272306)
697,209
2,321,577
16,472,419
782,391
898,694

201408272307(201408272307)
700,018
2,400,030
16,612,624
786,394
900,892

201408272309(201408272309)
705,627
2,400,030
16,725,402
788,816
912,816

201408272310(201408272310)
707,978
2,409,256
16,725,402
789,951
912,816

201408272311(201408272311)
715,951
2,488,540
16,891,536
796,179
923,556

201408272312(201408272312)
717,786
2,502,800
16,891,536
802,199
923,556

201408272313(201408272313)
720,533
2,513,961
16,891,876
816,435
925,329

201408272314(201408272314)
722,892
2,547,642
16,927,811
816,435
934,718

201408272315(201408272315)
725,207
2,552,333
16,927,811
822,382
939,564

201408272316(201408272316)
726,048
2,570,214
17,007,995
825,900
943,255

201408272317(201408272317)
729,297
2,570,214
17,167,018
832,579
949,231

201408272319(201408272319)
735,710
2,616,477
17,333,571
837,657
966,880

201408272320(201408272320)
740,756
2,616,477
17,333,571
842,442
973,456

201408272321(201408272321)
741,980
2,623,942
17,401,674
850,838
974,335

201408272322(201408272322)
742,923
2,629,562
17,401,847
852,496
989,138

201408272323(201408272323)
745,113
2,629,562
17,413,189
853,425
993,997

201408272324(201408272324)
747,884
2,633,649
17,416,879
856,010
993,997

201408272325(201408272325)
748,799
2,633,649
17,417,083
858,096
995,076

201408272326(201408272326)
756,191
2,638,526
17,555,651
859,844
1,008,858

201408272327(201408272327)
756,191
2,643,859
17,555,651
865,719
1,008,858

201408272329(201408272329)
763,598
2,655,019
17,571,683
873,010
1,013,948

201408272330(201408272330)
767,505
2,658,734
17,704,055
873,010
1,013,948

201408272331(201408272331)
769,078
2,666,378
17,719,921
894,151
1,022,993

201408272332(201408272332)
778,555
2,670,793
17,719,921
894,151
1,029,864

201408272333(201408272333)
783,608
2,686,563
17,752,728
894,593
1,036,944

201408272334(201408272334)
787,420
2,720,314
17,875,394
896,634
1,038,824

201408272335(201408272335)
789,815
2,720,314
18,220,330
900,897
1,043,365

201408272336(201408272336)
795,063
2,720,314
18,315,965
910,608
1,047,569

201408272337(201408272337)
795,063
2,729,204
18,315,965
920,755
1,049,492

201408272339(201408272339)
809,836
2,740,774
18,315,965
925,645
1,058,091

201408272340(201408272340)
809,836
2,759,975
18,333,265
929,014
1,058,091

201408272341(201408272341)
813,990
2,761,114
18,333,265
931,101
1,058,697

201408272342(201408272342)
814,442
2,761,114
18,333,265
934,174
1,062,109

201408272343(201408272343)
817,874
2,776,712
18,333,265
938,330
1,065,309

201408272344(201408272344)
829,441
2,776,712
18,333,265
946,279
1,069,099

201408272345(201408272345)
829,441
2,791,694
18,333,265
946,279
1,071,503

201408272346(201408272346)
834,872
2,815,831
18,333,265
950,917
1,074,104

201408272347(201408272347)
834,872
2,829,405
18,333,265
957,645
1,083,759

201408272349(201408272349)
842,442
2,850,851
18,333,265
965,162
1,087,691

201408272350(201408272350)
843,368
2,850,851
18,333,265
969,505
1,091,806

201408272351(201408272351)
852,496
2,872,522
18,333,265
976,170
1,095,374

201408272352(201408272352)
855,111
2,907,775
18,333,265
976,170
1,100,758

201408272353(201408272353)
855,869
2,980,793
18,333,265
976,170
1,106,548

201408272354(201408272354)
858,096
3,004,086
18,447,021
979,993
1,106,548

201408272355(201408272355)
861,592
3,004,086
18,664,232
982,153
1,111,447

201408272356(201408272356)
868,083
3,004,086
18,849,065
992,066
1,115,760

201408272357(201408272357)
872,107
3,025,816
18,849,065
996,062
1,115,760

201408272359(201408272359)
884,676
3,037,627
20,242,939
1,010,935
1,137,998

201408280000(201408280000)
892,034
3,060,045
20,601,577
1,016,693
1,137,998

201408280001(201408280001)
892,034
3,060,045
20,601,577
1,016,693
1,143,365

201408280002(201408280002)
893,637
3,073,129
20,601,577
1,017,029
1,143,365

201408280003(201408280003)
894,443
3,109,490
20,601,577
1,022,993
1,148,089

201408280004(201408280004)
900,371
3,109,490
20,601,577
1,026,958
1,153,867

201408280005(201408280005)
900,892
3,109,490
20,601,577
1,034,075
1,153,867

201408280006(201408280006)
906,537
3,109,490
20,601,577
1,034,075
1,157,199

201408280007(201408280007)
906,537
3,118,347
20,601,577
1,034,635
1,157,799

201408280009(201408280009)
912,873
3,132,779
20,964,511
1,035,868
1,159,303

201408280010(201408280010)
913,664
3,132,779
20,964,511
1,038,824
1,174,745

201408280011(201408280011)
914,434
3,135,631
21,138,284
1,042,807
1,182,352

201408280012(201408280012)
920,755
3,154,634
21,453,401
1,050,692
1,182,352

201408280013(201408280013)
921,060
3,161,662
21,453,401
1,053,495
1,183,513

201408280014(201408280014)
921,084
3,166,530
21,453,401
1,054,310
1,183,513

201408280015(201408280015)
924,759
3,185,735
21,453,401
1,054,310
1,183,513

201408280016(201408280016)
930,187
3,186,295
21,453,401
1,058,766
1,188,677

201408280017(201408280017)
930,187
3,209,008
21,453,401
1,058,766
1,192,941

201408280019(201408280019)
943,255
3,237,070
21,453,401
1,065,024
1,196,091

201408280020(201408280020)
943,255
3,257,962
21,453,401
1,066,670
1,199,674

201408280021(201408280021)
945,860
3,278,297
21,515,376
1,066,799
1,202,784

201408280022(201408280022)
946,699
3,278,297
21,515,512
1,069,099
1,203,080

201408280023(201408280023)
946,699
3,280,704
21,571,352
1,072,145
1,203,959

201408280024(201408280024)
949,416
3,291,651
21,986,246
1,075,855
1,209,323

201408280025(201408280025)
958,261
3,340,811
21,986,246
1,086,589
1,214,652

201408280026(201408280026)
962,902
3,340,811
21,986,246
1,087,429
1,221,385

201408280027(201408280027)
965,426
3,407,608
22,014,769
1,087,429
1,221,385

201408280029(201408280029)
971,977
3,452,760
22,014,769
1,101,660
1,240,769

201408280030(201408280030)
974,506
3,463,140
22,014,769
1,102,248
1,242,615

201408280031(201408280031)
976,042
3,475,533
22,014,769
1,104,202
1,245,500

201408280032(201408280032)
976,042
3,480,476
22,184,434
1,104,202
1,245,500

201408280033(201408280033)
976,170
3,503,152
22,184,434
1,104,556
1,251,460

201408280034(201408280034)
980,527
3,506,233
22,547,511
1,107,090
1,265,268

201408280035(201408280035)
980,527
3,508,582
22,547,511
1,107,090
1,272,993

201408280036(201408280036)
980,833
3,533,265
22,547,511
1,113,168
1,275,990

201408280037(201408280037)
981,960
3,535,992
22,547,511
1,116,391
1,282,474

201408280039(201408280039)
991,086
3,560,520
22,547,511
1,125,560
1,290,191

201408280040(201408280040)
992,092
3,576,894
22,547,511
1,125,560
1,295,391

201408280041(201408280041)
996,062
3,576,894
22,721,505
1,127,216
1,296,081

201408280042(201408280042)
1,005,619
3,576,894
22,721,505
1,131,587
1,296,641

201408280043(201408280043)
1,008,858
3,612,439
22,876,480
1,135,735
1,300,938

201408280044(201408280044)
1,011,902
3,620,280
22,876,480
1,135,831
1,306,111

201408280045(201408280045)
1,013,036
3,620,280
22,971,710
1,143,157
1,309,822

201408280046(201408280046)
1,017,019
3,620,280
22,987,554
1,145,749
1,311,872

201408280047(201408280047)
1,017,019
3,620,280
22,987,554
1,149,875
1,315,155

201408280049(201408280049)
1,025,287
3,630,152
23,693,995
1,157,799
1,320,740

201408280050(201408280050)
1,025,287
3,630,152
23,693,995
1,158,257
1,324,141

201408280051(201408280051)
1,034,421
3,648,191
24,114,881
1,162,029
1,341,074

201408280052(201408280052)
1,038,824
3,669,169
24,114,881
1,171,926
1,343,948

201408280053(201408280053)
1,039,837
3,669,169
24,121,230
1,176,585
1,346,568

201408280054(201408280054)
1,039,837
3,669,169
24,121,230
1,176,762
1,352,398

201408280055(201408280055)
1,046,360
3,682,462
24,121,230
1,176,762
1,352,398

201408280056(201408280056)
1,047,569
3,682,462
24,245,928
1,176,762
1,356,548

201408280057(201408280057)
1,051,560
3,690,076
24,550,772
1,185,427
1,356,548

201408280059(201408280059)
1,058,938
3,753,276
24,591,823
1,191,114
1,362,886

201408280100(201408280100)
1,065,627
3,765,922
24,591,823
1,196,266
1,375,971

201408280101(201408280101)
1,067,059
3,766,248
24,591,823
1,199,674
1,379,618

201408280102(201408280102)
1,071,453
3,766,248
24,925,978
1,204,254
1,389,037

201408280103(201408280103)
1,075,855
3,781,988
24,925,978
1,208,215
1,389,409

201408280104(201408280104)
1,078,777
3,799,455
24,925,978
1,208,215
1,389,409

201408280105(201408280105)
1,087,691
3,817,580
24,925,978
1,215,849
1,390,586

201408280106(201408280106)
1,088,279
3,817,580
24,925,978
1,219,353
1,393,109

201408280107(201408280107)
1,092,908
3,817,580
24,925,978
1,220,770
1,394,873

201408280109(201408280109)
1,095,673
3,817,580
24,925,978
1,222,161
1,403,016

201408280110(201408280110)
1,098,659
3,817,580
24,925,978
1,228,850
1,410,230

201408280111(201408280111)
1,101,660
3,817,580
24,925,978
1,231,330
1,416,180

201408280112(201408280112)
1,103,035
3,834,316
24,925,978
1,231,612
1,416,990

201408280113(201408280113)
1,103,463
3,858,615
24,934,545
1,236,055
1,420,072

201408280114(201408280114)
1,105,747
3,919,271
25,045,105
1,241,087
1,420,127

201408280115(201408280115)
1,113,168
3,923,367
25,457,717
1,245,806
1,423,550

201408280116(201408280116)
1,117,499
3,961,830
25,578,611
1,258,768
1,427,107

201408280117(201408280117)
1,120,938
3,965,027
25,578,611
1,264,474
1,442,051

201408280119(201408280119)
1,125,560
3,975,548
25,578,611
1,266,722
1,442,051

201408280120(201408280120)
1,130,283
3,975,548
25,578,611
1,266,722
1,445,967

201408280121(201408280121)
1,131,587
3,987,545
25,578,611
1,271,990
1,455,654

201408280122(201408280122)
1,131,587
3,987,545
25,578,611
1,275,990
1,457,156

201408280123(201408280123)
1,135,831
3,987,545
25,578,611
1,282,910
1,460,817

201408280124(201408280124)
1,135,831
3,993,972
25,578,611
1,283,713
1,460,817

201408280125(201408280125)
1,135,831
3,993,972
25,578,611
1,286,853
1,464,907

201408280126(201408280126)
1,137,780
3,993,972
25,578,611
1,287,727
1,465,634

201408280127(201408280127)
1,143,779
3,993,972
25,578,611
1,289,165
1,469,023

201408280129(201408280129)
1,144,192
4,009,694
25,578,611
1,294,018
1,481,775

201408280130(201408280130)
1,145,749
4,042,939
25,578,611
1,304,306
1,482,675

201408280131(201408280131)
1,145,749
4,044,380
25,578,611
1,306,111
1,484,379

201408280132(201408280132)
1,150,068
4,055,306
25,578,611
1,308,486
1,485,060

201408280133(201408280133)
1,150,068
4,055,306
25,578,611
1,309,556
1,485,060

201408280134(201408280134)
1,151,577
4,137,931
25,578,611
1,311,204
1,487,217

201408280135(201408280135)
1,156,370
4,140,156
25,578,611
1,315,514
1,488,236

201408280136(201408280136)
1,156,370
4,150,692
25,636,174
1,315,514
1,488,236

201408280137(201408280137)
1,157,526
4,173,341
25,636,174
1,315,514
1,488,236

201408280139(201408280139)
1,157,907
4,173,341
25,636,174
1,315,514
1,488,881

201408280140(201408280140)
1,160,216
4,180,727
25,636,174
1,320,740
1,492,894

201408280141(201408280141)
1,161,462
4,183,513
25,815,332
1,322,246
1,493,448

201408280142(201408280142)
1,161,462
4,208,962
25,815,332
1,322,246
1,494,657

201408280143(201408280143)
1,170,591
4,226,027
25,815,332
1,328,355
1,497,294

201408280144(201408280144)
1,170,591
4,232,119
25,815,332
1,328,355
1,497,294

201408280145(201408280145)
1,171,926
4,232,119
25,815,332
1,328,355
1,497,294

201408280146(201408280146)
1,177,333
4,241,012
25,919,704
1,328,642
1,497,294

201408280147(201408280147)
1,184,894
4,241,012
25,919,704
1,328,642
1,497,294

201408280149(201408280149)
1,185,427
4,260,967
25,920,800
1,333,681
1,503,076

201408280150(201408280150)
1,185,690
4,260,967
25,921,914
1,336,868
1,506,474

201408280151(201408280151)
1,193,234
4,275,873
25,921,914
1,341,074
1,510,844

201408280152(201408280152)
1,193,497
4,277,664
25,921,914
1,343,679
1,514,818

201408280153(201408280153)
1,196,266
4,330,412
25,963,566
1,347,520
1,520,511

201408280154(201408280154)
1,199,674
4,342,476
25,963,566
1,347,520
1,520,511

201408280155(201408280155)
1,199,740
4,342,476
25,990,846
1,347,520
1,520,511

201408280156(201408280156)
1,200,378
4,342,476
26,503,790
1,348,953
1,521,472

201408280157(201408280157)
1,202,339
4,342,476
26,707,298
1,350,247
1,521,866

201408280159(201408280159)
1,205,718
4,349,365
26,707,298
1,352,398
1,524,274

201408280200(201408280200)
1,211,255
4,361,471
26,707,298
1,357,994
1,525,780

201408280201(201408280201)
1,214,055
4,380,196
26,866,827
1,362,886
1,530,869

201408280202(201408280202)
1,214,610
4,399,189
26,866,827
1,362,886
1,535,656

201408280203(201408280203)
1,215,849
4,420,981
26,866,827
1,364,332
1,535,656

201408280204(201408280204)
1,215,849
4,420,981
27,160,195
1,364,507
1,541,316

201408280205(201408280205)
1,215,849
4,420,981
27,202,122
1,364,507
1,541,316

201408280206(201408280206)
1,215,988
4,420,981
27,202,122
1,364,507
1,541,316

201408280207(201408280207)
1,217,811
4,423,281
27,202,122
1,364,507
1,541,776

201408280209(201408280209)
1,218,991
4,424,538
27,202,122
1,364,507
1,549,286

201408280210(201408280210)
1,218,991
4,424,538
27,202,122
1,364,507
1,553,856

201408280211(201408280211)
1,219,353
4,430,870
27,202,122
1,367,551
1,553,856

201408280212(201408280212)
1,225,720
4,430,870
27,202,122
1,375,971
1,561,667

201408280213(201408280213)
1,226,664
4,430,870
27,202,122
1,377,434
1,561,667

201408280214(201408280214)
1,228,543
4,430,870
27,202,122
1,378,999
1,562,693

201408280215(201408280215)
1,231,330
4,435,659
27,202,122
1,382,547
1,567,815

201408280216(201408280216)
1,236,395
4,435,659
27,202,122
1,382,547
1,570,613

201408280217(201408280217)
1,236,395
4,435,659
27,202,122
1,383,502
1,572,563

201408280219(201408280219)
1,238,968
4,443,388
27,202,122
1,389,053
1,573,813

201408280220(201408280220)
1,241,087
4,456,752
27,202,122
1,389,053
1,575,767

201408280221(201408280221)
1,242,615
4,456,752
27,448,660
1,390,586
1,576,704

201408280222(201408280222)
1,243,957
4,456,752
27,448,660
1,390,586
1,579,479

201408280223(201408280223)
1,245,806
4,468,281
27,448,660
1,393,109
1,584,279

201408280224(201408280224)
1,246,406
4,468,281
27,448,660
1,393,109
1,584,749

201408280225(201408280225)
1,246,406
4,478,014
27,448,660
1,393,361
1,586,761

201408280226(201408280226)
1,249,605
4,512,292
27,448,660
1,397,006
1,593,856

201408280227(201408280227)
1,249,605
4,512,292
27,448,660
1,397,006
1,599,934

201408280229(201408280229)
1,251,181
4,549,864
27,448,660
1,402,172
1,600,682

201408280230(201408280230)
1,251,181
4,549,864
27,448,660
1,402,172
1,602,030

201408280231(201408280231)
1,251,181
4,549,864
27,539,773
1,403,016
1,610,413

201408280232(201408280232)
1,251,181
4,549,864
27,539,773
1,409,798
1,610,413

201408280233(201408280233)
1,251,181
4,564,597
27,539,773
1,409,798
1,611,668

201408280234(201408280234)
1,252,135
4,564,597
27,539,773
1,414,146
1,612,745

201408280235(201408280235)
1,255,027
4,564,597
27,539,773
1,416,155
1,614,253

201408280236(201408280236)
1,258,768
4,567,490
27,539,773
1,416,180
1,618,336

201408280237(201408280237)
1,260,805
4,568,050
27,539,773
1,416,990
1,623,240

201408280239(201408280239)
1,266,405
4,588,554
27,539,773
1,423,434
1,624,874

201408280240(201408280240)
1,266,405
4,599,251
27,539,773
1,423,434
1,625,357

201408280241(201408280241)
1,266,722
4,616,427
27,539,773
1,427,107
1,626,716

201408280242(201408280242)
1,272,462
4,616,427
27,539,773
1,441,222
1,635,451

201408280243(201408280243)
1,272,462
4,616,427
27,539,773
1,445,967
1,636,368

201408280244(201408280244)
1,272,462
4,617,575
27,539,773
1,445,967
1,636,368

201408280245(201408280245)
1,275,990
4,617,575
27,539,773
1,445,967
1,636,368

201408280246(201408280246)
1,278,388
4,617,575
27,539,773
1,445,967
1,638,981

201408280247(201408280247)
1,278,388
4,617,575
27,539,773
1,447,888
1,641,543

201408280249(201408280249)
1,279,476
4,617,575
27,539,773
1,450,414
1,648,563

201408280250(201408280250)
1,279,476
4,649,735
27,539,773
1,450,414
1,648,563

201408280251(201408280251)
1,283,542
4,649,735
27,539,773
1,450,414
1,649,720

201408280252(201408280252)
1,283,713
4,649,735
27,539,773
1,450,414
1,649,840

201408280253(201408280253)
1,288,915
4,650,558
27,539,773
1,451,174
1,652,488

201408280254(201408280254)
1,288,915
4,650,558
27,539,773
1,453,832
1,652,488

201408280255(201408280255)
1,289,560
4,665,063
27,539,773
1,453,925
1,654,846

201408280256(201408280256)
1,290,131
4,665,063
27,539,773
1,454,645
1,667,582

201408280257(201408280257)
1,290,191
4,665,063
27,539,773
1,455,654
1,667,582

201408280259(201408280259)
1,300,938
4,694,818
27,539,773
1,464,365
1,678,828

201408280300(201408280300)
1,304,882
4,736,457
27,965,607
1,465,141
1,684,485

201408280301(201408280301)
1,304,882
4,736,457
27,965,607
1,465,141
1,685,605

201408280302(201408280302)
1,307,823
4,736,457
27,965,607
1,469,018
1,697,698

201408280303(201408280303)
1,308,486
4,792,665
27,965,607
1,469,023
1,701,091

201408280304(201408280304)
1,309,556
4,820,287
27,965,607
1,477,866
1,711,354

201408280305(201408280305)
1,309,556
4,820,287
27,965,607
1,477,866
1,712,583

201408280306(201408280306)
1,310,384
4,830,104
27,965,607
1,481,454
1,713,100

201408280307(201408280307)
1,310,943
4,830,104
27,965,607
1,481,454
1,713,100

201408280309(201408280309)
1,311,204
4,831,384
27,965,607
1,481,775
1,713,100

201408280310(201408280310)
1,313,547
4,836,556
28,101,157
1,482,675
1,713,100

201408280311(201408280311)
1,314,624
4,836,556
28,101,157
1,482,701
1,719,111

201408280312(201408280312)
1,314,624
4,855,511
28,234,517
1,482,701
1,719,219

201408280313(201408280313)
1,315,514
4,855,511
28,234,517
1,484,379
1,724,119

201408280314(201408280314)
1,315,514
4,855,511
28,234,517
1,484,379
1,724,119

201408280315(201408280315)
1,315,514
4,855,511
28,234,517
1,484,379
1,724,119

201408280316(201408280316)
1,317,152
4,855,511
28,234,517
1,485,649
1,724,119

201408280317(201408280317)
1,317,152
4,855,511
28,234,517
1,485,649
1,724,119

201408280319(201408280319)
1,317,152
4,855,511
28,234,517
1,485,746
1,724,119

201408280320(201408280320)
1,322,278
4,882,266
28,234,517
1,492,894
1,729,549

201408280321(201408280321)
1,322,461
4,882,266
28,234,517
1,494,657
1,732,494

201408280322(201408280322)
1,322,461
4,882,266
28,234,517
1,494,657
1,732,494

201408280323(201408280323)
1,322,461
4,892,382
28,234,517
1,494,901
1,739,104

201408280324(201408280324)
1,325,860
4,892,382
28,234,517
1,494,901
1,747,674

201408280325(201408280325)
1,328,355
4,892,382
28,234,517
1,494,901
1,747,674

201408280326(201408280326)
1,328,642
4,892,382
28,234,517
1,496,559
1,748,450

201408280327(201408280327)
1,331,171
4,908,173
28,234,517
1,498,544
1,749,643

201408280329(201408280329)
1,331,171
4,908,173
28,234,517
1,504,043
1,753,544

201408280330(201408280330)
1,331,171
4,908,173
28,234,517
1,504,043
1,753,544

201408280331(201408280331)
1,331,171
4,911,670
28,302,095
1,504,338
1,753,544

201408280332(201408280332)
1,336,878
4,948,940
28,302,095
1,507,644
1,763,461

201408280333(201408280333)
1,349,200
4,958,448
28,302,095
1,515,149
1,778,044

201408280334(201408280334)
1,349,200
4,958,448
28,302,095
1,515,149
1,778,044

201408280335(201408280335)
1,349,200
4,961,171
28,302,095
1,515,149
1,778,044

201408280336(201408280336)
1,349,200
4,961,171
28,302,095
1,515,149
1,778,044

201408280337(201408280337)
1,352,398
4,961,171
28,302,095
1,515,149
1,779,372

201408280339(201408280339)
1,357,994
4,961,171
28,302,095
1,521,472
1,785,755

201408280340(201408280340)
1,357,994
4,961,171
28,302,095
1,521,472
1,785,755

201408280341(201408280341)
1,359,897
4,969,459
28,302,095
1,522,585
1,786,006

201408280342(201408280342)
1,359,897
4,969,459
28,302,095
1,522,585
1,786,006

201408280343(201408280343)
1,359,897
4,989,972
28,302,095
1,522,585
1,786,006

201408280344(201408280344)
1,359,897
4,989,972
28,302,095
1,522,585
1,786,794

201408280345(201408280345)
1,360,728
4,989,972
28,302,095
1,523,010
1,786,794

201408280346(201408280346)
1,362,886
4,989,972
28,302,095
1,524,274
1,792,331

201408280347(201408280347)
1,364,085
4,989,972
28,302,095
1,524,274
1,792,331

201408280349(201408280349)
1,364,507
4,989,972
28,302,095
1,524,274
1,792,331

201408280350(201408280350)
1,364,844
5,018,665
28,302,095
1,525,780
1,792,331

201408280351(201408280351)
1,364,844
5,018,665
28,302,095
1,525,780
1,792,331

201408280352(201408280352)
1,364,844
5,064,507
28,302,095
1,525,780
1,792,331

201408280353(201408280353)
1,366,939
5,064,507
28,302,095
1,525,780
1,792,331

201408280354(201408280354)
1,367,471
5,064,507
28,302,095
1,526,760
1,792,331

201408280355(201408280355)
1,368,225
5,064,507
28,302,095
1,526,760
1,792,331

201408280356(201408280356)
1,368,497
5,064,507
28,302,095
1,527,318
1,792,331

201408280357(201408280357)
1,370,240
5,064,507
28,345,344
1,527,953
1,792,331

201408280359(201408280359)
1,375,971
5,068,024
28,345,344
1,530,793
1,795,939

201408280400(201408280400)
1,375,971
5,068,024
28,345,344
1,530,793
1,795,939

201408280401(201408280401)
1,376,542
5,068,024
28,345,344
1,530,793
1,795,939

201408280402(201408280402)
1,377,434
5,068,024
28,345,344
1,530,793
1,795,939

201408280403(201408280403)
1,379,200
5,068,024
28,345,344
1,530,793
1,796,506

201408280404(201408280404)
1,382,921
5,100,107
28,345,344
1,535,656
1,797,055

201408280405(201408280405)
1,383,502
5,100,107
28,345,344
1,535,656
1,800,072

201408280406(201408280406)
1,383,502
5,100,107
28,345,344
1,535,656
1,800,072

201408280407(201408280407)
1,385,420
5,100,107
28,345,344
1,535,656
1,800,072

201408280409(201408280409)
1,387,105
5,100,107
28,345,344
1,535,656
1,800,072

201408280410(201408280410)
1,387,105
5,100,107
28,345,344
1,535,656
1,800,072

201408280411(201408280411)
1,389,037
5,100,107
28,345,344
1,541,316
1,800,072

201408280412(201408280412)
1,390,347
5,100,107
28,345,988
1,541,776
1,800,483

201408280413(201408280413)
1,390,347
5,100,107
28,345,988
1,548,852
1,800,483

201408280414(201408280414)
1,390,347
5,100,107
28,345,988
1,548,852
1,808,404

201408280415(201408280415)
1,390,586
5,100,107
28,345,988
1,549,286
1,808,404

201408280416(201408280416)
1,391,347
5,100,107
28,345,988
1,549,335
1,808,404

201408280417(201408280417)
1,392,708
5,100,107
28,345,988
1,549,335
1,808,404

201408280419(201408280419)
1,393,109
5,100,107
28,345,988
1,552,707
1,813,314

201408280420(201408280420)
1,393,109
5,100,107
28,345,988
1,554,902
1,813,974

201408280421(201408280421)
1,393,109
5,100,107
28,345,988
1,565,279
1,813,974

201408280422(201408280422)
1,393,361
5,100,107
28,345,988
1,565,279
1,813,974

201408280423(201408280423)
1,393,361
5,100,107
28,345,988
1,565,279
1,813,974

201408280424(201408280424)
1,393,361
5,100,107
28,345,988
1,565,279
1,815,246

201408280425(201408280425)
1,393,361
5,100,107
28,345,988
1,565,279
1,815,246

201408280426(201408280426)
1,397,006
5,100,107
28,345,988
1,565,543
1,815,246

201408280427(201408280427)
1,397,434
5,100,107
28,345,988
1,567,815
1,815,246

201408280429(201408280429)
1,409,798
5,100,988
28,345,988
1,573,054
1,824,890

201408280430(201408280430)
1,413,231
5,100,988
28,345,988
1,573,813
1,826,383

201408280431(201408280431)
1,413,231
5,100,988
28,618,700
1,573,813
1,827,582

201408280432(201408280432)
1,413,231
5,100,988
28,618,700
1,573,813
1,827,582

201408280433(201408280433)
1,413,231
5,100,988
28,618,700
1,573,813
1,829,412

201408280434(201408280434)
1,413,231
5,100,988
28,618,700
1,576,704
1,829,412

201408280435(201408280435)
1,413,231
5,114,638
28,618,700
1,586,761
1,829,412

201408280436(201408280436)
1,414,146
5,129,400
29,137,469
1,586,761
1,829,412

201408280437(201408280437)
1,414,509
5,129,400
29,137,469
1,586,761
1,829,412

201408280439(201408280439)
1,416,236
5,129,400
29,137,469
1,586,761
1,829,412

201408280440(201408280440)
1,416,759
5,129,400
29,137,469
1,588,167
1,829,838

201408280441(201408280441)
1,416,759
5,129,400
29,137,469
1,588,167
1,829,838

201408280442(201408280442)
1,417,540
5,129,400
29,137,469
1,590,546
1,835,429

201408280443(201408280443)
1,417,540
5,140,795
29,137,469
1,590,546
1,835,429

201408280444(201408280444)
1,421,605
5,140,795
29,137,469
1,601,416
1,836,124

201408280445(201408280445)
1,421,605
5,140,795
29,137,469
1,601,416
1,836,124

201408280446(201408280446)
1,421,605
5,140,795
29,137,469
1,601,416
1,836,124

201408280447(201408280447)
1,421,605
5,140,795
29,137,469
1,602,030
1,836,124

201408280449(201408280449)
1,422,428
5,140,795
29,137,469
1,602,030
1,836,124

201408280450(201408280450)
1,422,428
5,140,795
29,452,839
1,602,030
1,836,124

201408280451(201408280451)
1,422,428
5,140,795
29,452,839
1,602,030
1,836,124

201408280452(201408280452)
1,422,428
5,142,850
29,452,839
1,604,471
1,836,124

201408280453(201408280453)
1,422,428
5,142,850
29,452,839
1,610,413
1,836,124

201408280454(201408280454)
1,422,428
5,142,850
29,452,839
1,612,280
1,836,124

201408280455(201408280455)
1,422,428
5,142,850
29,465,340
1,612,280
1,836,124

201408280456(201408280456)
1,424,220
5,154,601
29,465,340
1,612,745
1,836,487

201408280457(201408280457)
1,424,220
5,154,601
29,465,340
1,612,745
1,836,487

201408280459(201408280459)
1,425,440
5,154,601
29,465,340
1,612,745
1,836,487

201408280500(201408280500)
1,425,440
5,154,601
29,465,340
1,612,745
1,836,487

201408280501(201408280501)
1,425,440
5,154,601
29,465,340
1,612,745
1,837,877

201408280502(201408280502)
1,425,440
5,154,601
29,465,340
1,612,745
1,837,877

201408280503(201408280503)
1,425,703
5,154,601
29,465,340
1,614,063
1,839,157

201408280504(201408280504)
1,432,902
5,201,413
29,465,340
1,615,617
1,851,452

201408280505(201408280505)
1,436,853
5,201,413
29,465,340
1,616,486
1,855,267

201408280506(201408280506)
1,437,303
5,202,187
29,465,340
1,616,486
1,855,267

201408280507(201408280507)
1,437,315
5,202,187
29,465,340
1,616,486
1,855,761

201408280509(201408280509)
1,438,827
5,202,187
29,465,340
1,616,486
1,855,761

201408280510(201408280510)
1,438,827
5,202,187
29,465,340
1,616,486
1,855,761

201408280511(201408280511)
1,438,827
5,202,187
29,465,340
1,616,486
1,855,783

201408280512(201408280512)
1,439,599
5,202,187
29,465,340
1,617,472
1,855,783

201408280513(201408280513)
1,441,222
5,202,187
29,465,340
1,617,472
1,855,783

201408280514(201408280514)
1,445,967
5,202,187
29,465,340
1,618,336
1,855,783

201408280515(201408280515)
1,446,021
5,202,187
29,465,340
1,625,357
1,857,933

201408280516(201408280516)
1,446,021
5,202,187
29,465,340
1,625,357
1,870,195

201408280517(201408280517)
1,450,800
5,218,117
29,465,340
1,632,356
1,874,180

201408280519(201408280519)
1,450,800
5,218,117
29,465,340
1,632,356
1,874,180

201408280520(201408280520)
1,451,050
5,218,117
29,465,340
1,635,434
1,874,180

201408280521(201408280521)
1,451,050
5,218,117
29,465,340
1,635,434
1,878,527

201408280522(201408280522)
1,451,050
5,218,117
29,465,340
1,635,434
1,878,527

201408280523(201408280523)
1,451,050
5,218,117
29,465,340
1,635,718
1,878,527

201408280524(201408280524)
1,451,174
5,218,117
29,465,340
1,636,636
1,878,527

201408280525(201408280525)
1,451,174
5,218,117
29,465,340
1,637,652
1,878,527

201408280526(201408280526)
1,451,174
5,218,117
29,465,340
1,638,676
1,878,527

201408280527(201408280527)
1,451,174
5,218,117
29,465,340
1,638,676
1,878,527

201408280529(201408280529)
1,455,654
5,218,117
29,465,340
1,640,291
1,880,575

201408280530(201408280530)
1,455,654
5,218,117
29,477,385
1,642,587
1,880,959

201408280531(201408280531)
1,457,744
5,218,351
29,480,283
1,648,563
1,887,291

201408280532(201408280532)
1,467,933
5,281,619
29,480,283
1,652,488
1,902,193

201408280533(201408280533)
1,469,023
5,281,619
29,484,265
1,654,846
1,904,756

201408280534(201408280534)
1,469,023
5,281,619
29,484,265
1,654,846
1,904,756

201408280535(201408280535)
1,469,023
5,281,619
29,484,265
1,654,846
1,904,756

201408280536(201408280536)
1,471,634
5,290,377
29,484,265
1,654,846
1,904,756

201408280537(201408280537)
1,471,634
5,290,377
29,484,265
1,654,846
1,904,756

201408280539(201408280539)
1,471,634
5,290,377
29,484,265
1,654,846
1,904,756

201408280540(201408280540)
1,471,634
5,290,377
29,484,265
1,654,846
1,904,756

201408280541(201408280541)
1,471,634
5,290,377
29,484,265
1,654,846
1,904,756

201408280542(201408280542)
1,471,634
5,290,377
29,484,265
1,654,846
1,904,756

201408280543(201408280543)
1,474,191
5,290,377
29,484,265
1,654,846
1,904,756

201408280544(201408280544)
1,474,877
5,308,619
29,484,265
1,654,846
1,904,756

201408280545(201408280545)
1,474,877
5,308,619
29,484,265
1,657,416
1,904,756

201408280546(201408280546)
1,477,866
5,308,619
29,484,265
1,657,416
1,904,756

201408280547(201408280547)
1,477,866
5,308,619
29,484,499
1,657,416
1,904,756

201408280549(201408280549)
1,477,866
5,308,619
29,498,083
1,664,806
1,904,993

201408280550(201408280550)
1,482,473
5,308,619
29,498,083
1,665,630
1,905,540

201408280551(201408280551)
1,482,675
5,308,619
29,498,083
1,665,630
1,905,540

201408280552(201408280552)
1,482,701
5,308,619
29,734,604
1,668,928
1,909,637

201408280553(201408280553)
1,487,217
5,337,558
29,734,604
1,678,447
1,913,779

201408280554(201408280554)
1,487,217
5,337,558
29,734,604
1,683,502
1,914,163

201408280555(201408280555)
1,487,217
5,337,558
29,734,604
1,683,502
1,914,707

201408280556(201408280556)
1,490,581
5,382,530
29,734,604
1,689,274
1,916,298

201408280557(201408280557)
1,490,581
5,382,530
29,734,604
1,689,274
1,923,163

201408280559(201408280559)
1,490,954
5,382,530
29,844,573
1,698,096
1,923,335

201408280600(201408280600)
1,490,954
5,382,530
29,844,573
1,698,096
1,923,465

201408280601(201408280601)
1,490,954
5,382,530
29,944,457
1,698,096
1,923,465

201408280602(201408280602)
1,490,954
5,386,456
29,944,457
1,698,096
1,930,975

201408280603(201408280603)
1,490,954
5,386,456
30,029,080
1,698,096
1,930,975

201408280604(201408280604)
1,490,954
5,437,586
30,084,360
1,698,096
1,930,975

201408280605(201408280605)
1,490,954
5,462,826
30,084,360
1,698,096
1,930,975

201408280606(201408280606)
1,492,894
5,462,826
30,487,450
1,700,033
1,930,975

201408280607(201408280607)
1,496,559
5,482,624
30,841,124
1,700,033
1,930,975

201408280609(201408280609)
1,496,559
5,518,223
30,841,124
1,700,033
1,930,975

201408280610(201408280610)
1,496,559
5,518,223
30,841,124
1,700,033
1,937,825

201408280611(201408280611)
1,498,544
5,538,929
30,841,124
1,713,100
1,943,137

201408280612(201408280612)
1,498,544
5,538,929
30,841,124
1,713,100
1,943,137

201408280613(201408280613)
1,498,544
5,538,929
30,841,124
1,713,100
1,945,121

201408280614(201408280614)
1,498,544
5,538,929
30,841,124
1,713,100
1,946,069

201408280615(201408280615)
1,498,544
5,538,929
30,841,124
1,713,100
1,946,069

201408280616(201408280616)
1,498,544
5,538,929
30,841,124
1,713,100
1,946,069

201408280617(201408280617)
1,498,544
5,538,929
30,841,124
1,713,100
1,946,069

201408280619(201408280619)
1,504,338
5,538,929
30,841,124
1,713,100
1,947,645

201408280620(201408280620)
1,504,338
5,538,929
30,841,124
1,713,100
1,947,645

201408280621(201408280621)
1,504,338
5,538,929
30,841,124
1,713,131
1,947,645

201408280622(201408280622)
1,504,338
5,538,929
30,841,124
1,713,131
1,947,645

201408280623(201408280623)
1,504,338
5,538,929
30,841,124
1,716,644
1,947,645

201408280624(201408280624)
1,504,338
5,538,929
30,841,124
1,716,644
1,947,916

201408280625(201408280625)
1,506,924
5,538,929
30,841,124
1,729,272
1,949,871

201408280626(201408280626)
1,506,924
5,538,929
30,980,554
1,729,272
1,950,069

201408280627(201408280627)
1,506,924
5,538,929
30,980,554
1,729,272
1,950,069

201408280629(201408280629)
1,506,924
5,555,588
30,980,554
1,729,272
1,950,069

201408280630(201408280630)
1,507,644
5,555,588
30,980,554
1,729,272
1,950,069

201408280631(201408280631)
1,510,611
5,555,588
30,980,554
1,729,272
1,950,069

201408280632(201408280632)
1,513,611
5,555,588
30,980,554
1,729,549
1,950,069

201408280633(201408280633)
1,514,658
5,571,102
30,980,554
1,729,549
1,950,069

201408280634(201408280634)
1,514,658
5,577,168
30,980,554
1,729,549
1,951,955

201408280635(201408280635)
1,514,658
5,577,618
30,980,554
1,729,549
1,951,955

201408280636(201408280636)
1,514,818
5,577,618
30,980,554
1,729,549
1,951,955

201408280637(201408280637)
1,514,818
5,605,990
30,980,554
1,729,549
1,960,101

201408280639(201408280639)
1,517,407
5,605,990
30,986,197
1,729,549
1,963,072

201408280640(201408280640)
1,518,289
5,605,990
30,986,197
1,730,061
1,963,072

201408280641(201408280641)
1,519,165
5,605,990
30,986,197
1,730,683
1,963,072

201408280642(201408280642)
1,519,165
5,605,990
31,178,662
1,730,683
1,968,998

201408280643(201408280643)
1,522,585
5,605,990
31,178,662
1,736,659
1,968,998

201408280644(201408280644)
1,523,010
5,605,990
31,178,662
1,736,659
1,968,998

201408280645(201408280645)
1,524,274
5,605,990
31,178,662
1,736,659
1,968,998

201408280646(201408280646)
1,524,274
5,605,990
31,178,662
1,738,040
1,968,998

201408280647(201408280647)
1,524,274
5,619,670
31,178,662
1,738,040
1,968,998

201408280649(201408280649)
1,526,760
5,619,670
31,178,662
1,742,981
1,969,931

201408280650(201408280650)
1,526,760
5,619,670
31,178,662
1,742,981
1,969,931

201408280651(201408280651)
1,527,318
5,619,670
31,178,662
1,743,404
1,969,931

201408280652(201408280652)
1,541,234
5,653,587
31,231,766
1,744,245
1,972,455

201408280653(201408280653)
1,541,378
5,653,587
31,231,766
1,744,687
1,972,455

201408280654(201408280654)
1,541,776
5,653,587
31,231,766
1,744,687
1,972,455

201408280655(201408280655)
1,541,776
5,653,587
31,231,766
1,744,881
1,972,455

201408280656(201408280656)
1,541,930
5,653,587
31,231,766
1,749,570
1,973,162

201408280657(201408280657)
1,543,468
5,691,116
31,231,766
1,749,570
1,973,162

201408280659(201408280659)
1,548,852
5,726,410
31,231,766
1,755,948
1,974,931

201408280700(201408280700)
1,548,852
5,726,410
31,231,766
1,755,948
1,974,931

201408280701(201408280701)
1,549,286
5,748,967
31,231,766
1,758,959
1,975,316

201408280702(201408280702)
1,552,601
5,763,295
31,782,195
1,762,421
1,980,559

201408280703(201408280703)
1,561,372
5,763,295
31,782,195
1,770,819
1,989,461

201408280704(201408280704)
1,564,385
5,765,618
31,782,195
1,773,011
1,989,461

201408280705(201408280705)
1,564,385
5,765,618
31,782,195
1,773,011
1,992,381

201408280706(201408280706)
1,564,385
5,765,618
31,782,195
1,773,011
1,992,381

201408280707(201408280707)
1,564,949
5,765,618
31,804,707
1,776,643
1,993,087

201408280709(201408280709)
1,569,955
5,765,618
31,804,707
1,784,723
1,999,832

201408280710(201408280710)
1,570,613
5,765,618
31,804,707
1,784,723
2,000,865

201408280711(201408280711)
1,570,613
5,797,016
31,804,707
1,784,723
2,000,865

201408280712(201408280712)
1,571,835
5,797,016
31,804,707
1,784,723
2,000,865

201408280713(201408280713)
1,576,167
5,797,016
31,804,707
1,786,006
2,000,865

201408280714(201408280714)
1,576,704
5,827,991
31,841,901
1,786,794
2,003,752

201408280715(201408280715)
1,576,704
5,827,991
31,841,901
1,788,434
2,003,752

201408280716(201408280716)
1,584,466
5,896,904
31,841,901
1,792,331
2,005,090

201408280717(201408280717)
1,588,167
5,918,995
31,841,901
1,792,331
2,007,860

201408280719(201408280719)
1,588,167
5,922,323
31,841,901
1,796,506
2,010,787

201408280720(201408280720)
1,588,167
5,922,323
31,842,897
1,796,506
2,010,787

201408280721(201408280721)
1,588,167
5,922,323
31,842,897
1,796,506
2,010,787

201408280722(201408280722)
1,588,167
5,934,046
31,842,897
1,796,506
2,015,123

201408280723(201408280723)
1,588,167
5,934,046
31,842,897
1,796,506
2,021,258

201408280724(201408280724)
1,588,167
5,934,046
31,843,033
1,796,506
2,021,258

201408280725(201408280725)
1,588,167
5,942,840
31,843,033
1,796,506
2,021,258

201408280726(201408280726)
1,588,167
5,942,840
31,843,033
1,796,506
2,021,258

201408280727(201408280727)
1,590,546
5,942,840
31,843,033
1,796,506
2,021,258

201408280729(201408280729)
1,599,934
5,942,840
31,843,033
1,798,475
2,022,485

201408280730(201408280730)
1,604,471
5,983,238
31,843,033
1,808,656
2,030,702

201408280731(201408280731)
1,604,471
5,983,238
31,843,033
1,808,656
2,030,702

201408280732(201408280732)
1,604,471
5,983,238
31,843,033
1,808,656
2,030,702

201408280733(201408280733)
1,604,471
5,983,238
31,898,273
1,810,042
2,031,763

201408280734(201408280734)
1,604,471
6,003,543
31,898,273
1,810,042
2,031,763

201408280735(201408280735)
1,604,471
6,003,543
31,898,273
1,810,042
2,031,763

201408280736(201408280736)
1,610,413
6,003,543
31,898,273
1,810,042
2,031,763

201408280737(201408280737)
1,612,745
6,026,259
31,898,273
1,813,974
2,047,126

201408280739(201408280739)
1,615,617
6,041,788
31,898,273
1,819,503
2,048,614

201408280740(201408280740)
1,615,743
6,041,788
31,898,273
1,819,503
2,048,614

201408280741(201408280741)
1,617,014
6,077,269
31,898,273
1,823,566
2,055,291

201408280742(201408280742)
1,625,101
6,080,239
31,898,273
1,824,912
2,067,045

201408280743(201408280743)
1,631,416
6,080,239
32,045,656
1,829,838
2,067,045

201408280744(201408280744)
1,635,486
6,152,505
32,045,656
1,829,838
2,067,045

201408280745(201408280745)
1,635,486
6,152,505
32,045,656
1,829,838
2,067,045

201408280746(201408280746)
1,635,922
6,152,505
32,045,656
1,829,838
2,067,045

201408280747(201408280747)
1,635,922
6,152,505
32,045,656
1,829,838
2,073,421

201408280749(201408280749)
1,635,922
6,152,505
32,045,656
1,829,838
2,076,563

201408280750(201408280750)
1,635,922
6,152,505
32,045,656
1,829,838
2,076,563

201408280751(201408280751)
1,642,587
6,152,505
32,192,777
1,832,432
2,092,068

201408280752(201408280752)
1,643,382
6,214,176
32,192,777
1,832,844
2,095,310

201408280753(201408280753)
1,653,460
6,215,722
32,192,777
1,835,714
2,100,127

201408280754(201408280754)
1,653,460
6,215,722
32,192,777
1,837,377
2,100,127

201408280755(201408280755)
1,657,416
6,229,502
32,192,777
1,837,377
2,103,110

201408280756(201408280756)
1,658,484
6,229,502
32,192,777
1,837,377
2,103,110

201408280757(201408280757)
1,661,914
6,232,286
32,192,777
1,838,146
2,103,874

201408280759(201408280759)
1,665,630
6,285,503
32,373,107
1,845,976
2,109,182

201408280800(201408280800)
1,665,984
6,285,503
32,686,550
1,846,421
2,109,182

201408280801(201408280801)
1,668,434
6,285,503
32,686,550
1,853,387
2,109,182

201408280802(201408280802)
1,668,745
6,306,382
32,742,390
1,857,107
2,113,682

201408280803(201408280803)
1,670,042
6,306,382
33,194,095
1,868,410
2,116,996

201408280804(201408280804)
1,671,927
6,318,931
33,194,095
1,868,410
2,116,996

201408280805(201408280805)
1,678,447
6,318,931
33,285,090
1,869,627
2,117,394

201408280806(201408280806)
1,683,502
6,318,931
33,285,090
1,874,180
2,117,756

201408280807(201408280807)
1,683,774
6,318,931
33,285,090
1,878,527
2,120,401

201408280809(201408280809)
1,685,908
6,330,449
33,285,090
1,879,437
2,125,917

201408280810(201408280810)
1,688,986
6,359,598
33,285,090
1,879,437
2,125,917

201408280811(201408280811)
1,688,986
6,360,036
33,285,090
1,880,575
2,126,857

201408280812(201408280812)
1,688,986
6,360,036
33,285,090
1,880,575
2,126,857

201408280813(201408280813)
1,688,986
6,360,214
33,285,090
1,883,025
2,130,972

201408280814(201408280814)
1,689,195
6,397,460
33,285,090
1,883,025
2,134,061

201408280815(201408280815)
1,690,083
6,397,460
33,285,090
1,886,115
2,136,385

201408280816(201408280816)
1,690,083
6,410,186
33,285,090
1,886,115
2,149,496

201408280817(201408280817)
1,690,083
6,432,756
33,285,090
1,886,115
2,149,496

201408280819(201408280819)
1,695,157
6,432,756
33,357,514
1,887,291
2,155,281

201408280820(201408280820)
1,695,157
6,456,634
33,824,487
1,887,291
2,157,106

201408280821(201408280821)
1,695,410
6,456,634
33,824,487
1,887,291
2,157,106

201408280822(201408280822)
1,698,708
6,474,106
33,824,487
1,894,668
2,158,045

201408280823(201408280823)
1,698,708
6,474,106
33,824,487
1,894,668
2,158,045

201408280824(201408280824)
1,698,708
6,474,106
33,824,487
1,894,668
2,158,045

201408280825(201408280825)
1,698,708
6,474,106
33,979,486
1,894,668
2,160,842

201408280826(201408280826)
1,698,708
6,510,035
33,979,486
1,902,193
2,162,042

201408280827(201408280827)
1,705,208
6,510,035
34,254,436
1,908,080
2,172,665

201408280829(201408280829)
1,707,437
6,510,035
34,469,716
1,910,539
2,172,665

201408280830(201408280830)
1,713,131
6,510,035
34,469,716
1,914,163
2,181,415

201408280831(201408280831)
1,713,131
6,510,035
34,469,716
1,914,163
2,181,634

201408280832(201408280832)
1,713,131
6,510,035
34,469,716
1,914,266
2,190,605

201408280833(201408280833)
1,716,862
6,510,035
34,469,716
1,916,472
2,191,747

201408280834(201408280834)
1,725,221
6,510,035
34,469,716
1,916,472
2,191,747

201408280835(201408280835)
1,725,221
6,510,035
34,469,716
1,916,472
2,192,369

201408280836(201408280836)
1,725,221
6,510,035
34,469,716
1,916,472
2,192,369

201408280837(201408280837)
1,725,221
6,510,035
34,469,716
1,916,472
2,192,369

201408280839(201408280839)
1,730,061
6,516,344
34,694,892
1,922,937
2,201,836

201408280840(201408280840)
1,730,061
6,516,344
34,694,892
1,923,335
2,201,836

201408280841(201408280841)
1,733,876
6,516,344
34,694,892
1,934,292
2,216,701

201408280842(201408280842)
1,733,876
6,516,344
35,120,422
1,934,930
2,217,271

201408280843(201408280843)
1,734,404
6,516,344
35,120,422
1,935,231
2,217,271

201408280844(201408280844)
1,734,404
6,516,344
35,120,422
1,935,950
2,217,271

201408280845(201408280845)
1,734,404
6,516,344
35,120,422
1,935,950
2,217,613

201408280846(201408280846)
1,734,404
6,516,344
35,120,422
1,936,726
2,217,613

201408280847(201408280847)
1,744,245
6,560,432
35,120,422
1,948,914
2,247,424

201408280849(201408280849)
1,744,245
6,560,432
35,120,422
1,948,914
2,247,424

201408280850(201408280850)
1,745,561
6,584,319
35,120,422
1,951,955
2,257,807

201408280851(201408280851)
1,745,561
6,584,319
35,120,422
1,951,955
2,257,807

201408280852(201408280852)
1,745,561
6,597,540
35,120,422
1,951,955
2,257,807

201408280853(201408280853)
1,749,570
6,597,540
35,124,598
1,954,396
2,275,106

201408280854(201408280854)
1,753,544
6,597,540
35,124,598
1,957,212
2,289,466

201408280855(201408280855)
1,755,039
6,635,538
35,124,598
1,963,072
2,294,492

201408280856(201408280856)
1,755,039
6,635,538
35,124,598
1,963,663
2,294,492

201408280857(201408280857)
1,755,039
6,635,538
35,124,598
1,963,663
2,294,492

201408280859(201408280859)
1,759,254
6,635,538
35,124,598
1,963,663
2,300,924

201408280900(201408280900)
1,759,814
6,647,493
35,124,598
1,963,663
2,300,924

201408280901(201408280901)
1,760,374
6,650,401
35,124,598
1,963,663
2,300,924

201408280902(201408280902)
1,772,400
6,650,401
35,124,598
1,969,083
2,318,888

201408280903(201408280903)
1,773,147
6,650,401
35,124,598
1,969,083
2,318,888

201408280904(201408280904)
1,779,372
6,650,401
35,124,598
1,972,455
2,319,839

201408280905(201408280905)
1,784,723
6,660,529
35,124,598
1,974,931
2,319,839

201408280906(201408280906)
1,784,723
6,661,713
35,124,598
1,974,931
2,319,839

201408280907(201408280907)
1,784,723
6,661,713
35,124,598
1,974,931
2,319,839

201408280909(201408280909)
1,789,893
6,661,713
35,124,598
1,981,426
2,330,709

201408280910(201408280910)
1,789,893
6,672,606
35,124,598
1,982,632
2,330,709

201408280911(201408280911)
1,794,628
6,672,606
35,124,598
1,984,624
2,330,709

201408280912(201408280912)
1,796,105
6,672,606
35,181,621
1,985,268
2,330,709

201408280913(201408280913)
1,796,324
6,672,606
35,181,621
1,987,924
2,330,709

201408280914(201408280914)
1,797,360
6,672,606
35,181,621
1,989,461
2,341,047

201408280915(201408280915)
1,798,113
6,672,606
35,191,777
1,989,461
2,341,047

201408280916(201408280916)
1,801,721
6,685,220
35,191,777
1,998,238
2,350,879

201408280917(201408280917)
1,803,083
6,685,220
35,191,777
1,998,451
2,351,059

201408280919(201408280919)
1,817,334
6,696,194
35,259,538
2,009,738
2,357,635

201408280920(201408280920)
1,817,334
6,698,213
35,259,538
2,009,738
2,357,635

201408280921(201408280921)
1,817,334
6,698,213
35,259,538
2,010,787
2,361,727

201408280922(201408280922)
1,818,544
6,713,843
35,259,538
2,015,123
2,364,153

201408280923(201408280923)
1,819,503
6,713,843
35,259,538
2,015,123
2,370,956

201408280924(201408280924)
1,819,503
6,713,843
35,259,538
2,015,123
2,370,956

201408280925(201408280925)
1,819,503
6,713,843
35,259,538
2,015,123
2,377,834

201408280926(201408280926)
1,819,503
6,713,843
35,259,538
2,015,123
2,377,834

201408280927(201408280927)
1,819,503
6,729,836
35,259,538
2,017,748
2,389,055

201408280929(201408280929)
1,822,621
6,732,620
35,259,538
2,021,258
2,389,055

201408280930(201408280930)
1,823,190
6,732,620
35,259,538
2,026,337
2,389,055

201408280931(201408280931)
1,823,190
6,732,620
35,259,538
2,026,337
2,389,055

201408280932(201408280932)
1,823,190
6,788,645
36,101,361
2,039,347
2,389,055

201408280933(201408280933)
1,823,190
6,788,645
36,101,361
2,039,347
2,389,055

201408280934(201408280934)
1,824,890
6,788,645
36,101,361
2,039,347
2,389,055

201408280935(201408280935)
1,824,890
6,788,645
36,101,361
2,039,347
2,390,510

201408280936(201408280936)
1,824,912
6,788,645
36,101,361
2,039,347
2,390,510

201408280937(201408280937)
1,825,715
6,788,645
36,101,361
2,043,120
2,398,947

201408280939(201408280939)
1,825,715
6,796,098
36,101,361
2,043,120
2,398,947

201408280940(201408280940)
1,825,715
6,798,782
36,101,361
2,044,743
2,403,697

201408280941(201408280941)
1,825,715
6,798,782
36,101,361
2,044,743
2,404,037

201408280942(201408280942)
1,825,715
6,798,782
36,101,361
2,044,743
2,404,037

201408280943(201408280943)
1,828,323
6,839,325
36,101,361
2,046,823
2,406,333

201408280944(201408280944)
1,828,323
6,839,325
36,101,361
2,046,823
2,406,769

201408280945(201408280945)
1,828,323
6,839,325
36,101,361
2,046,823
2,407,519

201408280946(201408280946)
1,828,909
6,839,325
36,101,361
2,046,823
2,421,143

201408280947(201408280947)
1,828,909
6,839,325
36,101,361
2,048,614
2,449,295

201408280949(201408280949)
1,835,094
6,858,161
36,232,589
2,056,527
2,451,115

201408280950(201408280950)
1,835,429
6,858,161
36,232,589
2,061,231
2,451,115

201408280951(201408280951)
1,835,429
6,858,161
36,232,589
2,061,231
2,451,115

201408280952(201408280952)
1,835,714
6,858,161
36,232,589
2,071,068
2,451,115

201408280953(201408280953)
1,838,525
6,858,161
36,232,589
2,071,653
2,452,241

201408280954(201408280954)
1,838,525
6,858,161
36,418,556
2,071,653
2,452,241

201408280955(201408280955)
1,838,735
6,858,161
36,418,556
2,071,653
2,452,241

201408280956(201408280956)
1,838,735
6,899,799
36,418,556
2,080,807
2,452,241

201408280957(201408280957)
1,838,971
6,899,799
36,418,556
2,081,948
2,453,434

201408280959(201408280959)
1,839,157
6,899,799
36,418,556
2,081,948
2,453,434

201408281000(201408281000)
1,844,181
6,899,799
36,418,556
2,087,763
2,453,434

201408281001(201408281001)
1,844,645
6,908,150
36,418,556
2,087,763
2,466,739

201408281002(201408281002)
1,853,387
6,922,260
36,752,399
2,095,310
2,472,584

201408281003(201408281003)
1,873,408
6,970,340
36,752,399
2,096,399
2,472,584

201408281004(201408281004)
1,873,408
6,970,340
36,752,399
2,096,399
2,472,584

201408281005(201408281005)
1,878,365
6,970,340
36,752,399
2,100,127
2,486,268

201408281006(201408281006)
1,878,527
6,970,340
36,752,399
2,100,127
2,486,268

201408281007(201408281007)
1,878,527
6,972,433
36,752,399
2,100,127
2,486,268

201408281009(201408281009)
1,879,240
6,972,433
36,752,399
2,106,061
2,488,355

201408281010(201408281010)
1,882,374
6,972,433
36,752,399
2,111,723
2,491,228

201408281011(201408281011)
1,882,891
6,972,433
36,752,399
2,112,290
2,491,228

201408281012(201408281012)
1,882,891
7,000,051
36,752,399
2,112,290
2,491,228

201408281013(201408281013)
1,886,115
7,045,111
36,752,399
2,112,290
2,491,228

201408281014(201408281014)
1,887,299
7,052,930
36,752,399
2,116,996
2,495,778

201408281015(201408281015)
1,891,726
7,052,930
36,752,399
2,117,394
2,496,168

201408281016(201408281016)
1,891,726
7,052,930
37,551,203
2,117,394
2,496,168

201408281017(201408281017)
1,894,588
7,052,930
37,551,203
2,120,401
2,496,557

201408281019(201408281019)
1,894,588
7,084,996
37,551,203
2,127,614
2,496,557

201408281020(201408281020)
1,894,588
7,106,985
37,551,203
2,130,402
2,496,557

201408281021(201408281021)
1,894,588
7,106,985
37,551,203
2,130,972
2,499,156

201408281022(201408281022)
1,894,668
7,107,545
37,551,203
2,133,674
2,499,924

201408281023(201408281023)
1,895,345
7,107,545
37,551,203
2,134,061
2,499,924

201408281024(201408281024)
1,895,345
7,131,839
37,551,203
2,134,061
2,499,924

201408281025(201408281025)
1,895,345
7,136,662
37,551,203
2,134,061
2,499,924

201408281026(201408281026)
1,895,345
7,136,662
37,551,203
2,134,539
2,499,924

201408281027(201408281027)
1,895,345
7,136,662
37,551,203
2,134,539
2,499,924

201408281029(201408281029)
1,896,741
7,152,783
37,551,203
2,138,056
2,499,924

201408281030(201408281030)
1,904,510
7,152,783
37,551,203
2,139,977
2,499,924

201408281031(201408281031)
1,912,471
7,152,783
37,551,203
2,157,106
2,518,386

201408281032(201408281032)
1,914,051
7,165,651
37,551,203
2,158,045
2,522,496

201408281033(201408281033)
1,914,163
7,165,651
37,551,203
2,158,045
2,522,811

201408281034(201408281034)
1,917,222
7,197,210
37,551,203
2,160,341
2,524,444

201408281035(201408281035)
1,917,222
7,197,210
37,551,203
2,160,341
2,528,519

201408281036(201408281036)
1,917,222
7,197,210
37,551,203
2,160,341
2,529,062

201408281037(201408281037)
1,917,222
7,197,210
37,551,203
2,160,341
2,530,629

201408281039(201408281039)
1,920,012
7,302,324
37,551,203
2,160,341
2,530,629

201408281040(201408281040)
1,920,012
7,304,009
37,551,203
2,160,341
2,530,629

201408281041(201408281041)
1,925,477
7,304,009
37,551,203
2,160,341
2,530,629

201408281042(201408281042)
1,932,054
7,304,009
37,551,203
2,160,842
2,536,920

201408281043(201408281043)
1,934,292
7,304,009
37,767,653
2,160,842
2,536,920

201408281044(201408281044)
1,935,761
7,319,848
37,767,653
2,166,793
2,537,928

201408281045(201408281045)
1,935,761
7,352,042
37,767,653
2,166,793
2,537,928

201408281046(201408281046)
1,935,761
7,352,042
37,767,653
2,166,793
2,537,928

201408281047(201408281047)
1,936,441
7,352,042
37,767,653
2,183,343
2,543,269

201408281049(201408281049)
1,946,069
7,352,042
37,767,653
2,196,614
2,558,204

201408281050(201408281050)
1,946,069
7,352,042
38,059,971
2,196,750
2,558,204

201408281051(201408281051)
1,951,017
7,365,728
38,059,971
2,197,350
2,558,204

201408281052(201408281052)
1,952,037
7,367,002
38,059,971
2,197,730
2,558,204

201408281053(201408281053)
1,952,037
7,370,706
38,059,971
2,197,730
2,558,204

201408281054(201408281054)
1,956,375
7,370,706
38,059,971
2,208,207
2,558,204

201408281055(201408281055)
1,957,824
7,370,706
38,059,971
2,208,207
2,558,204

201408281056(201408281056)
1,957,824
7,380,507
38,059,971
2,208,207
2,558,204

201408281057(201408281057)
1,957,824
7,380,507
38,059,971
2,214,314
2,558,204

201408281059(201408281059)
1,960,289
7,380,507
38,059,971
2,217,613
2,558,204

201408281100(201408281100)
1,960,289
7,380,507
38,059,971
2,218,917
2,558,204

201408281101(201408281101)
1,960,289
7,380,507
38,059,971
2,218,917
2,558,204

201408281102(201408281102)
1,963,072
7,380,507
38,059,971
2,218,917
2,558,204

201408281103(201408281103)
1,968,998
7,400,344
38,059,971
2,221,544
2,558,204

201408281104(201408281104)
1,971,529
7,400,344
38,059,971
2,224,467
2,570,214

201408281105(201408281105)
1,971,529
7,414,766
38,059,971
2,224,467
2,570,214

201408281106(201408281106)
1,974,672
7,418,807
38,059,971
2,224,467
2,582,326

201408281107(201408281107)
1,974,672
7,418,807
38,059,971
2,226,758
2,588,826

201408281109(201408281109)
1,974,672
7,418,807
38,059,971
2,229,385
2,588,826

201408281110(201408281110)
1,980,250
7,431,968
38,059,971
2,241,581
2,600,421

201408281111(201408281111)
1,980,250
7,437,423
38,059,971
2,242,138
2,600,421

201408281112(201408281112)
1,980,250
7,455,154
38,059,971
2,242,138
2,602,854

201408281113(201408281113)
1,980,250
7,464,170
38,106,603
2,255,359
2,605,414

201408281114(201408281114)
1,981,426
7,495,521
38,106,603
2,259,869
2,617,609

201408281115(201408281115)
1,986,259
7,495,521
38,106,603
2,267,397
2,624,050

201408281116(201408281116)
1,986,259
7,511,017
38,106,603
2,267,731
2,624,050

201408281117(201408281117)
1,987,924
7,542,287
38,106,603
2,286,715
2,624,894

201408281119(201408281119)
1,992,453
7,545,108
38,106,603
2,291,748
2,631,514

201408281120(201408281120)
1,992,453
7,545,108
38,106,603
2,291,748
2,631,514

201408281121(201408281121)
1,993,283
7,567,606
38,156,425
2,291,748
2,634,300

201408281122(201408281122)
1,996,001
7,567,606
38,156,425
2,291,748
2,634,300

201408281123(201408281123)
1,996,001
7,567,606
38,156,425
2,291,748
2,635,855

201408281124(201408281124)
1,996,001
7,567,606
38,156,425
2,291,748
2,635,855

201408281125(201408281125)
2,007,335
7,568,050
38,156,425
2,291,748
2,641,374

201408281126(201408281126)
2,007,335
7,568,050
38,156,425
2,291,832
2,641,374

201408281127(201408281127)
2,009,408
7,568,050
38,156,425
2,291,832
2,641,374

201408281129(201408281129)
2,016,192
7,670,317
38,156,425
2,300,924
2,664,841

201408281130(201408281130)
2,016,192
7,670,317
38,156,425
2,300,924
2,666,781

201408281131(201408281131)
2,016,192
7,670,317
38,156,425
2,300,924
2,668,994

201408281132(201408281132)
2,016,579
7,701,448
38,156,425
2,302,799
2,688,520

201408281133(201408281133)
2,016,579
7,703,165
38,172,693
2,302,799
2,688,520

201408281134(201408281134)
2,016,579
7,703,165
38,219,435
2,307,332
2,688,520

201408281135(201408281135)
2,025,144
7,703,165
38,219,435
2,329,906
2,696,517

201408281136(201408281136)
2,026,337
7,703,165
38,219,435
2,330,709
2,704,396

201408281137(201408281137)
2,026,337
7,703,165
38,368,696
2,330,709
2,704,396

201408281139(201408281139)
2,029,615
7,703,165
38,745,957
2,331,723
2,704,956

201408281140(201408281140)
2,037,304
7,703,165
38,745,957
2,331,723
2,706,212

201408281141(201408281141)
2,037,304
7,703,165
38,794,745
2,331,723
2,710,389

201408281142(201408281142)
2,040,457
7,703,165
38,989,960
2,331,723
2,710,389

201408281143(201408281143)
2,046,823
7,804,190
38,989,960
2,337,207
2,714,401

201408281144(201408281144)
2,046,823
7,804,190
38,989,960
2,337,207
2,714,401

201408281145(201408281145)
2,046,823
7,804,190
38,989,960
2,341,047
2,714,401

201408281146(201408281146)
2,046,823
7,851,246
38,989,960
2,341,047
2,736,475

201408281147(201408281147)
2,047,776
7,851,246
38,989,960
2,341,047
2,736,475

201408281149(201408281149)
2,050,598
7,895,624
38,989,960
2,341,047
2,740,457

201408281150(201408281150)
2,054,304
7,895,624
38,989,960
2,341,047
2,740,457

201408281151(201408281151)
2,057,990
7,895,624
38,989,960
2,346,018
2,740,457

201408281152(201408281152)
2,057,990
7,895,624
38,989,960
2,346,018
2,740,457

201408281153(201408281153)
2,057,990
7,895,624
38,989,960
2,346,018
2,745,224

201408281154(201408281154)
2,057,990
7,895,624
38,989,960
2,346,018
2,752,894

201408281155(201408281155)
2,058,038
7,895,624
38,989,960
2,346,018
2,752,894

201408281156(201408281156)
2,060,582
7,895,624
38,989,960
2,346,018
2,752,894

201408281157(201408281157)
2,060,800
7,895,624
38,989,960
2,349,163
2,752,894

201408281159(201408281159)
2,060,800
7,895,624
38,989,960
2,355,589
2,759,216

201408281200(201408281200)
2,060,800
7,895,624
38,989,960
2,355,589
2,759,216

201408281201(201408281201)
2,064,688
7,895,624
38,989,960
2,357,113
2,762,476

201408281202(201408281202)
2,064,688
7,895,624
39,005,325
2,357,113
2,762,476

201408281203(201408281203)
2,064,688
7,895,624
39,005,325
2,358,483
2,764,424

201408281204(201408281204)
2,064,799
7,895,624
39,135,822
2,361,670
2,764,424

201408281205(201408281205)
2,068,050
7,907,237
39,135,822
2,366,122
2,767,001

201408281206(201408281206)
2,076,606
7,907,237
39,284,382
2,367,994
2,770,706

201408281207(201408281207)
2,076,606
7,907,237
39,284,382
2,371,608
2,770,706

201408281209(201408281209)
2,076,606
7,908,742
39,307,654
2,372,168
2,783,688

201408281210(201408281210)
2,080,807
7,908,742
39,307,654
2,372,752
2,785,920

201408281211(201408281211)
2,080,997
7,908,742
39,307,654
2,373,288
2,785,920

201408281212(201408281212)
2,080,997
7,927,554
39,323,093
2,373,288
2,789,579

201408281213(201408281213)
2,081,948
7,931,650
39,323,093
2,377,834
2,789,579

201408281214(201408281214)
2,085,072
7,932,100
39,323,093
2,377,834
2,789,579

201408281215(201408281215)
2,085,325
7,932,100
39,323,093
2,377,834
2,789,579

201408281216(201408281216)
2,085,325
7,951,478
39,323,093
2,394,306
2,789,579

201408281217(201408281217)
2,085,592
7,951,478
39,323,093
2,394,306
2,789,579

201408281219(201408281219)
2,094,883
7,951,478
39,323,093
2,396,498
2,789,579

201408281220(201408281220)
2,095,281
7,961,058
39,323,093
2,396,498
2,789,579

201408281221(201408281221)
2,095,281
7,961,058
39,323,093
2,406,769
2,791,529

201408281222(201408281222)
2,099,485
7,963,433
39,323,093
2,410,465
2,791,529

201408281223(201408281223)
2,102,849
7,966,037
39,381,360
2,411,639
2,805,332

201408281224(201408281224)
2,107,459
7,968,557
39,381,360
2,419,802
2,814,445

201408281225(201408281225)
2,108,314
8,055,623
39,461,930
2,434,277
2,840,395

201408281226(201408281226)
2,110,033
8,077,950
39,461,930
2,449,973
2,860,367

201408281227(201408281227)
2,111,802
8,087,492
39,461,930
2,449,973
2,860,367

201408281229(201408281229)
2,114,383
8,087,492
39,461,930
2,449,973
2,864,503

201408281230(201408281230)
2,116,012
8,110,563
39,461,930
2,451,855
2,866,666

201408281231(201408281231)
2,123,888
8,110,563
39,461,930
2,467,748
2,871,467

201408281232(201408281232)
2,124,594
8,126,196
39,461,930
2,467,748
2,871,467

201408281233(201408281233)
2,130,402
8,141,939
39,461,930
2,467,748
2,876,599

201408281234(201408281234)
2,130,402
8,175,810
39,694,090
2,475,334
2,876,599

201408281235(201408281235)
2,130,402
8,178,351
39,694,090
2,478,702
2,882,369

201408281236(201408281236)
2,130,415
8,178,351
39,820,567
2,478,702
2,882,369

201408281237(201408281237)
2,130,415
8,178,351
39,839,363
2,478,702
2,882,810

201408281239(201408281239)
2,144,347
8,251,040
39,839,363
2,495,945
2,915,694

201408281240(201408281240)
2,148,093
8,251,516
39,839,363
2,496,557
2,915,694

201408281241(201408281241)
2,148,093
8,251,516
39,881,929
2,496,557
2,915,694

201408281242(201408281242)
2,148,093
8,265,515
39,937,209
2,501,413
2,915,694

201408281243(201408281243)
2,151,958
8,289,285
40,225,382
2,512,465
2,917,030

201408281244(201408281244)
2,151,958
8,289,489
40,281,222
2,512,465
2,922,250

201408281245(201408281245)
2,156,188
8,346,395
40,281,222
2,517,063
2,922,810

201408281246(201408281246)
2,158,838
8,359,852
40,532,149
2,519,455
2,925,330

201408281247(201408281247)
2,158,838
8,398,469
40,532,149
2,519,455
2,940,255

201408281249(201408281249)
2,161,716
8,421,448
40,760,799
2,522,496
2,940,255

201408281250(201408281250)
2,161,716
8,447,148
40,760,799
2,522,496
2,940,255

201408281251(201408281251)
2,161,716
8,447,148
40,760,799
2,522,811
2,941,434

201408281252(201408281252)
2,161,920
8,447,148
40,760,799
2,522,811
2,942,298

201408281253(201408281253)
2,162,056
8,447,148
40,760,799
2,524,444
2,943,071

201408281254(201408281254)
2,165,828
8,447,148
40,760,799
2,525,514
2,943,071

201408281255(201408281255)
2,169,772
8,447,148
40,760,799
2,531,199
2,944,942

201408281256(201408281256)
2,172,187
8,447,148
40,760,799
2,531,199
2,948,226

201408281257(201408281257)
2,178,293
8,447,148
41,491,687
2,538,767
2,948,226

201408281259(201408281259)
2,179,737
8,447,148
41,491,687
2,542,889
2,959,084

201408281300(201408281300)
2,179,737
8,447,148
41,491,687
2,542,889
2,959,467

201408281301(201408281301)
2,179,737
8,447,148
41,491,687
2,545,213
2,972,955

201408281302(201408281302)
2,179,737
8,447,148
41,491,687
2,545,213
2,973,715

201408281303(201408281303)
2,179,737
8,447,148
41,491,687
2,545,213
2,979,912

201408281304(201408281304)
2,184,830
8,447,148
41,491,687
2,567,188
2,979,912

201408281305(201408281305)
2,184,830
8,447,148
41,491,687
2,567,188
2,980,599

201408281306(201408281306)
2,184,830
8,447,148
41,491,687
2,567,188
2,980,599

201408281307(201408281307)
2,184,974
8,447,148
41,491,687
2,567,603
2,981,220

201408281309(201408281309)
2,189,503
8,488,131
41,491,687
2,570,214
3,003,991

201408281310(201408281310)
2,189,503
8,488,131
41,491,687
2,570,214
3,003,991

201408281311(201408281311)
2,206,038
8,491,087
42,154,494
2,585,741
3,028,119

201408281312(201408281312)
2,206,038
8,491,087
42,154,494
2,585,741
3,028,119

201408281313(201408281313)
2,229,385
8,491,087
42,168,816
2,594,809
3,042,502

201408281314(201408281314)
2,254,743
8,538,116
42,168,816
2,617,609
3,049,204

201408281315(201408281315)
2,257,848
8,538,116
42,168,816
2,622,331
3,074,324

201408281316(201408281316)
2,259,487
8,538,116
42,168,816
2,622,331
3,074,324

201408281317(201408281317)
2,259,487
8,538,116
42,168,816
2,622,331
3,074,324

201408281319(201408281319)
2,261,547
8,578,844
42,168,816
2,624,050
3,079,822

201408281320(201408281320)
2,261,547
8,578,844
42,168,816
2,624,894
3,079,822

201408281321(201408281321)
2,263,584
8,578,844
42,168,816
2,632,561
3,085,787

201408281322(201408281322)
2,263,584
8,578,844
42,168,816
2,633,897
3,087,910

201408281323(201408281323)
2,263,584
8,578,844
42,168,816
2,633,897
3,087,910

201408281324(201408281324)
2,269,385
8,584,292
42,168,816
2,635,855
3,087,910

201408281325(201408281325)
2,270,314
8,584,292
42,168,816
2,636,240
3,097,923

201408281326(201408281326)
2,274,446
8,585,398
42,168,816
2,636,240
3,097,923

201408281327(201408281327)
2,279,388
8,585,398
42,168,816
2,641,399
3,107,835

201408281329(201408281329)
2,280,891
8,587,560
42,168,816
2,650,377
3,109,981

201408281330(201408281330)
2,286,715
8,587,560
42,168,816
2,650,377
3,122,643

201408281331(201408281331)
2,286,715
8,587,560
42,168,816
2,651,750
3,134,322

201408281332(201408281332)
2,288,531
8,587,560
42,168,816
2,660,797
3,134,322

201408281333(201408281333)
2,288,531
8,587,560
42,168,816
2,660,797
3,134,362

201408281334(201408281334)
2,291,832
8,587,560
42,168,816
2,660,797
3,134,362

201408281335(201408281335)
2,300,195
8,587,560
42,168,816
2,660,797
3,134,362

201408281336(201408281336)
2,302,990
8,587,560
42,168,816
2,671,812
3,134,362

201408281337(201408281337)
2,302,990
8,587,560
42,168,816
2,671,812
3,134,362

201408281339(201408281339)
2,302,990
8,605,080
42,168,816
2,674,263
3,134,362

201408281340(201408281340)
2,307,332
8,605,080
42,168,816
2,682,580
3,137,283

201408281341(201408281341)
2,315,318
8,605,080
42,168,816
2,682,580
3,137,283

201408281342(201408281342)
2,315,318
8,606,678
42,168,816
2,682,580
3,140,914

201408281343(201408281343)
2,315,318
8,606,678
42,192,274
2,682,580
3,149,009

201408281344(201408281344)
2,315,318
8,714,740
42,192,274
2,683,922
3,151,446

201408281345(201408281345)
2,321,421
8,714,740
42,192,274
2,683,922
3,151,446

201408281346(201408281346)
2,321,421
8,714,740
42,192,274
2,683,922
3,152,682

201408281347(201408281347)
2,321,421
8,714,740
42,192,274
2,683,922
3,153,823

201408281349(201408281349)
2,321,503
8,771,986
42,225,995
2,688,520
3,153,823

201408281350(201408281350)
2,329,906
8,771,986
42,226,555
2,694,158
3,154,912

201408281351(201408281351)
2,329,906
8,771,986
42,226,555
2,694,158
3,154,912

201408281352(201408281352)
2,342,279
8,771,986
42,226,555
2,694,158
3,154,912

201408281353(201408281353)
2,342,279
8,771,986
42,226,555
2,694,158
3,154,912

201408281354(201408281354)
2,350,053
8,771,986
42,226,555
2,694,158
3,154,912

201408281355(201408281355)
2,350,053
8,771,986
42,226,555
2,694,158
3,154,912

201408281356(201408281356)
2,350,053
8,771,986
42,226,555
2,696,270
3,154,912

201408281357(201408281357)
2,360,225
8,771,986
42,226,555
2,701,161
3,158,681

201408281359(201408281359)
2,364,488
8,772,462
42,226,555
2,703,865
3,158,681

201408281400(201408281400)
2,364,488
8,772,462
42,226,555
2,706,201
3,158,681

201408281401(201408281401)
2,364,488
8,772,462
42,226,555
2,709,041
3,168,439

201408281402(201408281402)
2,366,122
8,772,462
42,226,555
2,723,900
3,168,439

201408281403(201408281403)
2,367,994
8,772,462
42,226,555
2,723,900
3,168,439

201408281404(201408281404)
2,367,994
8,772,462
42,226,555
2,728,364
3,168,439

201408281405(201408281405)
2,367,994
8,772,462
42,226,555
2,729,381
3,168,439

201408281406(201408281406)
2,367,994
8,772,462
42,226,555
2,729,381
3,168,439

201408281407(201408281407)
2,367,994
8,772,462
42,226,555
2,734,275
3,179,848

201408281409(201408281409)
2,371,660
8,772,462
42,226,555
2,734,275
3,179,848

201408281410(201408281410)
2,371,660
8,772,462
42,226,555
2,734,275
3,179,848

201408281411(201408281411)
2,371,660
8,772,462
42,260,276
2,734,275
3,179,848

201408281412(201408281412)
2,371,660
8,772,462
42,260,276
2,734,275
3,180,117

201408281413(201408281413)
2,375,067
8,785,422
42,321,008
2,744,505
3,203,297

201408281414(201408281414)
2,376,539
8,785,422
42,321,008
2,744,505
3,203,297

201408281415(201408281415)
2,378,450
8,785,422
42,321,008
2,751,742
3,203,297

201408281416(201408281416)
2,378,450
8,785,422
42,321,008
2,751,742
3,203,297

201408281417(201408281417)
2,390,921
8,785,422
42,321,008
2,753,341
3,204,655

201408281419(201408281419)
2,392,068
8,785,422
42,321,008
2,759,216
3,217,468

201408281420(201408281420)
2,406,905
8,827,183
42,321,008
2,765,488
3,220,808

201408281421(201408281421)
2,406,905
8,827,183
42,321,008
2,765,488
3,222,936

201408281422(201408281422)
2,415,849
8,827,183
42,321,008
2,765,488
3,222,936

201408281423(201408281423)
2,417,743
8,827,183
42,321,008
2,766,152
3,226,885

201408281424(201408281424)
2,417,867
8,827,183
42,321,008
2,769,607
3,230,369

201408281425(201408281425)
2,420,242
8,827,183
42,321,008
2,772,563
3,230,369

201408281426(201408281426)
2,420,580
8,827,183
42,321,144
2,772,563
3,230,369

201408281427(201408281427)
2,420,580
8,827,183
42,321,144
2,772,563
3,230,369

201408281429(201408281429)
2,426,723
8,827,183
42,321,144
2,783,465
3,234,034

201408281430(201408281430)
2,434,277
8,863,813
42,321,144
2,783,465
3,234,034

201408281431(201408281431)
2,437,436
8,863,813
42,321,144
2,785,920
3,237,419

201408281432(201408281432)
2,444,298
8,863,813
42,321,144
2,785,920
3,237,419

201408281433(201408281433)
2,448,661
8,863,813
42,321,144
2,786,452
3,237,419

201408281434(201408281434)
2,448,661
8,863,813
43,018,954
2,786,452
3,237,419

201408281435(201408281435)
2,450,760
8,863,813
43,018,954
2,791,665
3,237,419

201408281436(201408281436)
2,461,117
8,863,813
43,018,954
2,794,132
3,237,419

201408281437(201408281437)
2,461,117
8,891,888
43,018,954
2,794,132
3,237,419

201408281439(201408281439)
2,461,117
8,891,888
43,018,954
2,803,397
3,237,419

201408281440(201408281440)
2,461,117
8,891,888
43,018,954
2,809,694
3,244,114

201408281441(201408281441)
2,463,678
8,891,888
43,079,210
2,810,147
3,244,114

201408281442(201408281442)
2,463,678
8,905,740
43,079,210
2,814,186
3,244,114

201408281443(201408281443)
2,463,678
8,905,740
43,079,210
2,814,186
3,245,666

201408281444(201408281444)
2,465,508
8,905,740
43,421,225
2,817,415
3,248,973

201408281445(201408281445)
2,465,508
8,905,740
43,421,225
2,817,415
3,252,247

201408281446(201408281446)
2,465,508
8,905,740
43,421,225
2,818,022
3,252,247

201408281447(201408281447)
2,469,410
9,044,408
43,421,225
2,825,388
3,255,185

201408281449(201408281449)
2,469,410
9,064,444
43,723,671
2,827,004
3,255,185

201408281450(201408281450)
2,469,787
9,079,607
43,723,671
2,829,660
3,257,705

201408281451(201408281451)
2,469,787
9,110,824
43,736,048
2,830,139
3,262,745

201408281452(201408281452)
2,469,787
9,110,824
43,736,048
2,830,139
3,266,282

201408281453(201408281453)
2,469,787
9,110,824
43,736,048
2,833,294
3,268,345

201408281454(201408281454)
2,474,870
9,110,824
43,736,048
2,834,097
3,270,709

201408281455(201408281455)
2,474,870
9,110,824
43,736,048
2,834,097
3,270,709

201408281456(201408281456)
2,474,870
9,110,824
43,736,048
2,834,097
3,270,709

201408281457(201408281457)
2,475,493
9,110,824
43,736,048
2,834,097
3,270,709

201408281459(201408281459)
2,495,653
9,110,824
43,736,048
2,855,424
3,287,249

201408281500(201408281500)
2,495,653
9,110,824
43,736,048
2,855,424
3,291,279

201408281501(201408281501)
2,499,336
9,173,773
43,736,048
2,857,383
3,312,015

201408281502(201408281502)
2,499,336
9,173,773
43,736,048
2,857,383
3,312,015

201408281503(201408281503)
2,499,907
9,191,842
43,887,271
2,872,565
3,319,702

201408281504(201408281504)
2,499,907
9,191,842
43,887,271
2,872,565
3,320,038

201408281505(201408281505)
2,499,907
9,191,842
43,887,271
2,872,565
3,320,038

201408281506(201408281506)
2,499,978
9,191,842
43,887,271
2,876,287
3,320,038

201408281507(201408281507)
2,501,963
9,191,842
43,887,271
2,878,255
3,320,038

201408281509(201408281509)
2,502,560
9,191,842
43,887,271
2,883,983
3,321,108

201408281510(201408281510)
2,502,560
9,191,842
43,887,271
2,886,817
3,326,979

201408281511(201408281511)
2,502,560
9,191,842
43,887,271
2,889,583
3,326,979

201408281512(201408281512)
2,502,560
9,220,735
43,887,271
2,892,103
3,326,979

201408281513(201408281513)
2,502,560
9,220,735
43,887,271
2,894,623
3,326,979

201408281514(201408281514)
2,509,082
9,220,735
43,887,271
2,904,332
3,336,144

201408281515(201408281515)
2,509,082
9,220,735
43,887,271
2,904,332
3,336,144

201408281516(201408281516)
2,511,290
9,227,567
44,071,296
2,904,357
3,336,144

201408281517(201408281517)
2,512,937
9,227,567
44,071,296
2,908,500
3,362,116

201408281519(201408281519)
2,512,937
9,227,567
44,168,227
2,911,522
3,362,116

201408281520(201408281520)
2,519,455
9,255,192
44,168,227
2,911,522
3,362,116

201408281521(201408281521)
2,520,979
9,255,192
44,198,887
2,911,522
3,362,116

201408281522(201408281522)
2,522,496
9,269,513
44,523,462
2,911,959
3,366,771

201408281523(201408281523)
2,522,496
9,269,513
44,523,462
2,911,959
3,366,771

201408281524(201408281524)
2,522,496
9,269,513
44,523,462
2,911,959
3,366,771

201408281525(201408281525)
2,522,496
9,269,513
44,523,462
2,911,959
3,366,771

201408281526(201408281526)
2,524,117
9,269,513
44,523,462
2,916,438
3,366,771

201408281527(201408281527)
2,525,718
9,269,513
44,523,462
2,941,611
3,380,980

201408281529(201408281529)
2,525,718
9,269,513
44,523,462
2,942,298
3,392,056

201408281530(201408281530)
2,534,031
9,276,677
44,523,462
2,942,298
3,392,633

201408281531(201408281531)
2,540,909
9,276,677
44,523,462
2,947,815
3,393,244

201408281532(201408281532)
2,540,909
9,289,945
44,523,462
2,948,698
3,393,244

201408281533(201408281533)
2,540,909
9,289,945
44,523,462
2,948,698
3,393,244

201408281534(201408281534)
2,540,909
9,289,945
44,523,462
2,952,008
3,393,244

201408281535(201408281535)
2,540,909
9,333,315
44,523,462
2,952,008
3,403,731

201408281536(201408281536)
2,540,909
9,333,315
44,523,462
2,952,008
3,403,731

201408281537(201408281537)
2,540,909
9,333,315
44,523,462
2,952,008
3,403,731

201408281539(201408281539)
2,579,479
9,341,465
44,523,462
2,957,710
3,411,452

201408281540(201408281540)
2,580,334
9,341,465
44,523,462
2,957,710
3,411,452

201408281541(201408281541)
2,580,334
9,341,465
44,523,462
2,957,710
3,412,936

201408281542(201408281542)
2,580,334
9,341,465
44,523,462
2,957,710
3,419,585

201408281543(201408281543)
2,582,080
9,341,465
44,523,462
2,959,102
3,431,815

201408281544(201408281544)
2,582,121
9,341,465
44,728,201
2,959,102
3,431,815

201408281545(201408281545)
2,583,557
9,369,985
44,728,201
2,959,102
3,435,780

201408281546(201408281546)
2,583,557
9,369,985
44,728,201
2,959,102
3,435,780

201408281547(201408281547)
2,583,557
9,380,549
44,728,201
2,968,475
3,435,780

201408281549(201408281549)
2,590,786
9,440,186
44,728,201
2,971,738
3,451,009

201408281550(201408281550)
2,590,786
9,461,984
44,728,201
2,972,955
3,458,661

201408281551(201408281551)
2,590,786
9,549,240
45,023,521
2,972,955
3,458,661

201408281552(201408281552)
2,596,371
9,549,240
45,023,521
2,972,955
3,458,661

201408281553(201408281553)
2,596,371
9,564,156
45,023,521
2,972,955
3,458,661

201408281554(201408281554)
2,596,371
9,564,156
45,023,521
2,977,826
3,458,661

201408281555(201408281555)
2,596,371
9,564,156
45,119,049
2,977,826
3,458,661

201408281556(201408281556)
2,606,338
9,564,156
45,481,983
2,987,847
3,461,536

201408281557(201408281557)
2,606,338
9,564,156
45,481,983
3,011,787
3,474,468

201408281559(201408281559)
2,633,897
9,601,630
46,019,773
3,024,027
3,476,448

201408281600(201408281600)
2,633,897
9,601,630
46,030,182
3,024,027
3,476,448

201408281601(201408281601)
2,633,897
9,601,630
46,030,182
3,029,141
3,476,448

201408281602(201408281602)
2,633,897
9,601,630
46,030,182
3,029,141
3,476,448

201408281603(201408281603)
2,633,897
9,629,319
46,030,182
3,029,141
3,476,448

201408281604(201408281604)
2,638,379
9,629,319
46,030,182
3,032,536
3,481,479

201408281605(201408281605)
2,641,399
9,629,319
46,030,182
3,035,032
3,489,734

201408281606(201408281606)
2,645,913
9,649,527
46,030,182
3,037,306
3,489,734

201408281607(201408281607)
2,645,913
9,649,527
46,030,182
3,037,306
3,495,806

201408281609(201408281609)
2,648,748
9,716,042
46,030,182
3,039,820
3,502,546

201408281610(201408281610)
2,648,748
9,716,042
46,030,182
3,039,820
3,505,390

201408281611(201408281611)
2,648,748
9,722,585
46,030,182
3,039,820
3,505,390

201408281612(201408281612)
2,651,636
9,739,089
46,030,182
3,043,614
3,513,288

201408281613(201408281613)
2,661,585
9,746,838
46,030,182
3,059,538
3,520,605

201408281614(201408281614)
2,661,585
9,749,969
46,030,182
3,062,241
3,520,605

201408281615(201408281615)
2,661,585
9,749,969
46,030,182
3,062,241
3,520,605

201408281616(201408281616)
2,661,585
9,749,969
46,030,182
3,062,241
3,520,605

201408281617(201408281617)
2,666,761
9,909,501
46,030,182
3,062,950
3,531,135

201408281619(201408281619)
2,673,161
9,909,933
46,030,182
3,062,950
3,531,135

201408281620(201408281620)
2,673,161
9,910,069
46,030,182
3,062,950
3,531,135

201408281621(201408281621)
2,673,161
9,910,069
46,030,182
3,062,950
3,531,135

201408281622(201408281622)
2,673,161
9,910,069
46,030,182
3,072,807
3,533,744

201408281623(201408281623)
2,680,570
9,910,205
46,030,182
3,072,807
3,533,744

201408281624(201408281624)
2,680,570
9,910,205
46,030,182
3,072,807
3,533,744

201408281625(201408281625)
2,680,570
9,910,655
46,257,522
3,073,074
3,551,646

201408281626(201408281626)
2,680,570
9,910,655
46,257,522
3,073,074
3,551,646

201408281627(201408281627)
2,682,580
9,911,215
46,257,522
3,073,074
3,551,646

201408281629(201408281629)
2,682,580
9,938,922
46,257,522
3,073,074
3,551,646

201408281630(201408281630)
2,682,580
9,938,922
46,416,684
3,075,272
3,551,646

201408281631(201408281631)
2,683,922
9,938,922
46,416,684
3,075,272
3,551,646

201408281632(201408281632)
2,683,922
9,938,922
47,136,546
3,095,952
3,570,760

201408281633(201408281633)
2,683,922
9,956,306
47,136,546
3,096,202
3,584,400

201408281634(201408281634)
2,683,922
9,994,814
47,136,750
3,096,202
3,585,413

201408281635(201408281635)
2,685,251
9,994,814
47,136,750
3,096,604
3,597,776

201408281636(201408281636)
2,685,251
9,997,859
47,136,750
3,096,604
3,599,590

201408281637(201408281637)
2,685,251
10,006,712
47,136,750
3,096,604
3,600,357

201408281639(201408281639)
2,687,724
10,016,622
47,136,750
3,118,228
3,615,306

201408281640(201408281640)
2,687,724
10,016,622
47,136,750
3,118,228
3,615,306

201408281641(201408281641)
2,687,724
10,016,622
47,256,780
3,121,889
3,615,306

201408281642(201408281642)
2,688,520
10,016,622
47,256,780
3,125,680
3,622,962

201408281643(201408281643)
2,688,520
10,016,622
47,256,780
3,126,491
3,622,962

201408281644(201408281644)
2,698,271
10,029,774
47,256,780
3,126,491
3,622,962

201408281645(201408281645)
2,698,271
10,029,774
47,256,780
3,126,491
3,622,962

201408281646(201408281646)
2,698,271
10,029,774
47,256,780
3,126,491
3,623,807

201408281647(201408281647)
2,703,469
10,029,774
47,256,780
3,126,491
3,623,807

201408281649(201408281649)
2,709,041
10,042,065
47,256,780
3,140,914
3,645,170

201408281650(201408281650)
2,709,041
10,042,065
47,256,780
3,140,914
3,647,281

201408281651(201408281651)
2,716,911
10,042,065
47,256,780
3,140,914
3,647,281

201408281652(201408281652)
2,725,291
10,048,211
47,256,780
3,149,009
3,648,581

201408281653(201408281653)
2,727,138
10,092,996
47,256,780
3,153,084
3,648,923

201408281654(201408281654)
2,727,138
10,092,996
47,256,780
3,153,084
3,648,923

201408281655(201408281655)
2,738,602
10,092,996
47,256,780
3,159,583
3,651,114

201408281656(201408281656)
2,738,602
10,092,996
47,256,780
3,159,583
3,651,114

201408281657(201408281657)
2,738,602
10,092,996
47,256,780
3,159,583
3,651,114

201408281659(201408281659)
2,740,344
10,092,996
47,256,780
3,159,583
3,657,107

201408281700(201408281700)
2,740,344
10,092,996
47,256,780
3,159,583
3,657,107

201408281701(201408281701)
2,746,465
10,112,769
47,256,780
3,159,583
3,657,107

201408281702(201408281702)
2,757,747
10,159,750
47,256,780
3,159,997
3,664,340

201408281703(201408281703)
2,761,429
10,159,750
47,256,780
3,167,063
3,664,340

201408281704(201408281704)
2,763,090
10,159,750
47,256,780
3,168,050
3,664,621

201408281705(201408281705)
2,763,090
10,159,750
47,256,780
3,168,050
3,664,621

201408281706(201408281706)
2,763,090
10,228,193
47,256,780
3,180,117
3,665,785

201408281707(201408281707)
2,766,152
10,228,193
47,256,780
3,180,117
3,665,785

